# Baseline angle
0.4175591765368658
# Boxes: x1 y1 x2 y2 x3 y3 x4 y4
726 433 678.7840107616225 539.4266592097248 777 583 824.2159892383775 476.57334079027515
848 483 799.0141267343839 593.4160460095372 895 636 943.9858732656161 525.5839539904628
946 528 900.0631863332474 631.5433481782987 989 671 1034.9368136667526 567.4566518217013
1057 577 1009.3768581349631 684.344396919827 1092 721 1139.623141865037 613.655603080173
1160 623 1114.1520554212582 726.3430338293554 1181 756 1226.8479445787418 652.6569661706446
1264 667 1212.8503732281265 782.2932297928038 1246 797 1297.1496267718735 681.7067702071962
687 608 640.9325393307593 711.837831556384 754 762 800.0674606692407 658.162168443616
818 669 770.5154750260355 776.0319491057528 802 790 849.4845249739645 682.9680508942472
914 691 863.0433230233436 805.8583135190711 940 840 990.9566769766564 725.1416864809289
995 751 956.2289349006846 838.3914747754355 1041 876 1079.7710650993154 788.6085252245645
1104 792 1056.0088267932524 900.1739537461167 1130 933 1177.9911732067476 824.8260462538833
1207 831 1156.9882752791505 943.7283547207815 1241 981 1291.0117247208495 868.2716452792185
580 741 526.913377542979 860.6592927091843 566 878 619.086622457021 758.3407072908157
640 774 593.1600119919176 879.5791379474463 673 915 719.8399880080824 809.4208620525537
756 825 713.209084908706 921.4523715621282 746 936 788.790915091294 839.5476284378718
828 865 784.5717896734351 962.8888595805773 884 1007 927.4282103265649 909.1111404194227
966 916 920.1235606544217 1019.4072621318494 944 1030 989.8764393455783 926.5927378681505
1036 949 991.2196847909686 1049.9365560889692 1068 1084 1112.7803152090314 983.0634439110308
1143 988 1098.5459382182019 1088.2011682918214 1186 1127 1230.4540617817981 1026.7988317081783
1241 1045 1197.3708699896333 1143.3417402902987 1280 1180 1323.6291300103667 1081.6582597097013
658 969 611.3635883052473 1074.1202690923953 699 1113 745.6364116947527 1007.8797309076048
770 1016 725.8854747930758 1115.435839768026 779 1139 823.1145252069242 1039.564160231974
838 1051 798.8609035589742 1139.2210316017251 875 1173 914.1390964410258 1084.7789683982749
925 1087 883.098976102395 1181.4465225196284 970 1220 1011.901023897605 1125.5534774803716
1036 1119 990.5565514183894 1221.4312842645827 1082 1262 1127.4434485816105 1159.568715735417
1151 1179 1109.307865674781 1272.9756773739182 1186 1307 1227.692134325219 1213.0243226260818
1224 1226 1186.0067754985828 1311.638192093714 1286 1356 1323.9932245014172 1270.361807906286
674 1173 631.7700660456335 1268.1878984621057 717 1306 759.2299339543665 1210.8121015378943
779 1211 731.9929003340087 1316.9558140640145 820 1356 867.0070996659913 1250.0441859359855
874 1269 828.4729955894351 1371.619622322867 924 1414 969.5270044105649 1311.380377677133
1018 1316 973.3005839903949 1416.7542061760146 1055 1453 1099.699416009605 1352.2457938239854
1137 1350 1088.1971781694617 1460.0034410209914 1122 1475 1170.8028218305383 1364.9965589790086
1195 1384 1152.892743159537 1478.9113795200094 1241 1518 1283.107256840463 1423.0886204799906
624 1330 580.9869121886791 1426.9531574344862 669 1466 712.0130878113209 1369.0468425655138
738 1383 692.5174301334404 1485.5194651483953 777 1523 822.4825698665596 1420.4805348516047
824 1431 782.138097387344 1525.358341635816 876 1567 917.861902612656 1472.641658364184
945 1472 897.6639902772473 1578.6971900064918 984 1617 1031.3360097227528 1510.3028099935082
1042 1520 992.1945082220086 1632.2634977204007 1075 1669 1124.8054917779914 1556.7365022795993
1152 1545 1099.1196104858368 1664.1944357088037 1137 1681 1189.8803895141632 1561.8055642911963
1235 1595 1187.0479480782017 1703.085772862304 1268 1739 1315.9520519217983 1630.914227137696
1338 1645 1295.234923046014 1741.3941314049637 1380 1779 1422.765076953986 1682.6058685950363
572 1496 527.7521711610598 1595.7363112914409 614 1634 658.2478288389402 1534.2636887085591
668 1536 615.9836635422176 1653.2468268234684 656 1671 708.0163364577824 1553.7531731765316
756 1555 702.8556598513327 1674.789390610304 798 1717 851.1443401486673 1597.210609389696
886 1636 840.6374506178157 1738.2489343516283 937 1781 982.3625493821843 1678.7510656483717
1066 1717 1014.0957141380086 1833.9942604626904 1093 1869 1144.9042858619914 1752.0057395373096
1162 1764 1114.9093445050544 1870.1441521222987 1207 1911 1254.0906554949456 1804.8558478777013
1270 1804 1219.2833639920943 1918.317251925537 1320 1963 1370.7166360079057 1848.682748074463
1369 1863 1320.546613104475 1972.2158012120087 1426 2019 1474.453386895525 1909.7841987879913
574 1695 532.0963194728668 1789.452510664958 628 1832 669.9036805271332 1737.547489335042
678 1748 636.7541395863896 1840.9697587800038 736 1885 777.2458604136104 1792.0302412199962
790 1799 745.5015036741964 1899.301325466293 844 1943 888.4984963258036 1842.698674533707
892 1838 844.2933023060086 1945.5327349781112 931 1984 978.7066976939914 1876.4672650218888
988 1882 942.1858634471507 1985.2668292362023 1034 2026 1079.8141365528493 1922.7331707637977
1112 1929 1065.2568509685127 2034.360859162514 1096 2048 1142.7431490314873 1942.639140837486
1212 1973 1166.890774734207 2074.6779320314463 1242 2108 1287.109225265793 2006.3220679685537
1316 2023 1269.324467020298 2128.2084499762077 1350 2164 1396.675532979702 2058.7915500237923
516 1867 472.53266838848606 1964.9770404643898 565 2006 608.4673316115139 1908.0229595356102
617 1919 570.9013879343947 2022.9080480042078 650 2058 696.0986120656053 1954.0919519957922
723 1947 678.2143715319122 2047.9485323796284 773 2090 817.7856284680878 1989.0514676203716
823 2003 776.6089425330542 2107.5672312082024 870 2149 916.3910574669458 2044.4327687917978
940 2025 888.5081800237243 2141.064546461929 965 2175 1016.4918199762757 2058.935453538071
1010 2076 972.2885943818108 2161.002961471038 1094 2215 1131.7114056181892 2129.997038528962
1136 2122 1086.7740857656331 2232.957107603071 1159 2265 1208.2259142343669 2154.042892396929
1234 2172 1186.0061701637244 2280.179941891446 1269 2317 1316.9938298362756 2208.820058108554
1359 2212 1309.8523283355314 2322.7807458354464 1396 2361 1445.1476716644686 2250.2192541645536
550 2066 505.2979273608667 2166.760194321344 596 2207 640.7020726391333 2106.239805678656
674 2127 632.6918367936605 2220.110191675651 664 2234 705.3081632063395 2140.889808324349
736 2149 696.6520139865881 2237.6918767474353 783 2276 822.3479860134119 2187.3081232525647
842 2191 791.372233080105 2305.116937576594 870 2340 920.627766919895 2225.883062423406
944 2240 901.9345210740144 2334.8172104908667 988 2373 1030.0654789259856 2278.1827895091333
1052 2283 1007.5015036741963 2383.3013254662933 1106 2427 1150.4984963258037 2326.6986745337067
1174 2339 1127.9849437633493 2442.7197099459236 1203 2476 1249.0150562366507 2372.2802900540764
1282 2377 1233.5128050785822 2486.2920058051623 1314 2522 1362.4871949214178 2412.7079941948377
666 2307 622.4882338444806 2405.0771976388614 726 2451 769.5117661555194 2352.9228023611386
782 2356 737.0267349957514 2457.3714723627018 770 2472 814.9732650042486 2370.6285276372982
872 2385 820.5837659640944 2500.8941728396335 920 2545 971.4162340359056 2429.1058271603665
1000 2434 949.4140109945822 2548.022768547452 1026 2582 1076.5859890054178 2467.977231452548
1094 2489 1049.0472598740034 2590.3252084961964 1152 2636 1196.9527401259966 2534.6747915038036
1218 2533 1164.3231734812416 2653.9896354078323 1250 2692 1303.6768265187584 2571.0103645921677
688 2495 645.3317620226095 2591.1758526200315 681 2607 723.6682379773905 2510.8241473799685
720 2529 680.4457810437302 2618.156733747816 768 2657 807.5542189562698 2567.843266252184
828 2571 785.454439136513 2666.899333677935 824 2684 866.545560863487 2588.100666322065
891 2602 851.2289215827598 2691.645543329515 976 2747 1015.7710784172402 2657.354456670485
1030 2645 984.8854614751508 2746.689908322106 1078 2788 1123.1145385248492 2686.3100916778944
1143 2699 1095.7031115621965 2805.6090091226793 1189 2847 1236.2968884378035 2740.3909908773207
836 2741 789.7707409319069 2845.202531382293 893 2891 939.2292590680931 2786.797468617707
956 2773 902.6494269084749 2893.2542476106846 999 2936 1052.3505730915253 2815.7457523893154
# Transcript
STOKAI
*DIKOSE*
IHIDIKHT
OSENNEA*
AYTOID*
NEANTISA
SIASEANT*
ODONAIEA*
NPOLEWSAP
NIOSAQHN
*AIPROS*
ILIONM
*AF*