# Baseline angle
0.38721020223511493
# Boxes: x1 y1 x2 y2 x3 y3 x4 y4
710 434 662.3969293636442 548.1018158391781 782 598 829.6030706363558 483.8981841608219
830 478 781.803926730657 593.523208961864 898 642 946.196073269343 526.476791038136
932 526 884.6323172203558 639.5376047175373 996 686 1043.3676827796444 572.4623952824628
1038 556 985.1210191265416 682.7478685036498 1084 724 1136.8789808734584 597.2521314963503
1128 624 1085.489499221401 725.8952194938129 1196 772 1238.510500778599 670.1047805061871
1266 650 1206.0615679992693 793.6689658547632 1250 812 1309.9384320007307 668.3310341452368
676 602 628.4580428234262 715.955330399476 758 770 805.5419571765738 656.044669600524
812 658 760.1191510219619 782.355403895968 812 804 863.8808489780381 679.644596104032
896 696 846.2603066884071 815.2231772082811 944 856 993.7396933115929 736.7768227917189
988 740 942.9386813013144 848.0093829850792 1034 886 1079.0613186986857 777.9906170149208
1080 784 1032.7500111487116 897.2554991567168 1140 942 1187.2499888512884 828.7445008432832
1190 826 1138.0716365358044 950.4692933799187 1252 998 1303.9283634641956 873.5307066200813
622 762 572.4391140765449 880.7945862077586 676 924 725.5608859234551 805.2054137922414
572 744 517.0975573884521 875.5979896305162 566 896 620.9024426115479 764.4020103694838
756 812 703.7615362456863 937.212585897013 744 954 796.2384637543137 828.787414102987
822 858 774.8677050770675 970.9733935958964 878 1014 925.1322949229325 901.0266064041036
950 910 899.2440428281543 1031.659103090298 948 1052 998.7559571718457 930.3408969097019
1026 932 971.8173199322114 1061.872760309842 1068 1102 1122.1826800677886 972.1272396901579
1142 980 1089.9494096162405 1104.762264259323 1184 1144 1236.0505903837595 1019.2377357406771
1228 1036 1184.8964965884138 1139.3166126164988 1292 1184 1335.1035034115862 1080.6833873835012
634 974 589.0609082208783 1081.716412105675 700 1128 744.9390917791217 1020.2835878943249
748 1006 699.2063911064616 1122.9554674031338 788 1160 836.7936088935384 1043.0445325968662
834 1036 782.1847974729519 1160.198053137682 868 1196 919.8152025270481 1071.801946862318
894 1072 846.9899319966314 1184.680422716492 970 1236 1017.0100680033686 1123.319577283508
1020 1110 969.6718370466281 1230.6337050123832 1088 1280 1138.328162953372 1159.3662949876166
1136 1162 1086.6179214646827 1280.365995207236 1196 1326 1245.3820785353173 1207.634004792764
1236 1218 1188.1570085157246 1332.6768922794026 1292 1376 1339.8429914842754 1261.3231077205974
666 1178 622.9358215122668 1283.6018793302408 722 1324 765.0641784877332 1218.3981206697592
766 1206 721.4355268348353 1315.2808984837359 836 1362 880.5644731651647 1252.7191015162641
864 1264 817.3103572839541 1378.4922343631001 924 1422 970.6896427160459 1307.5077656368999
1000 1310 953.4665760023165 1424.1091551816328 1066 1470 1112.5334239976833 1355.8908448183672
1120 1344 1070.6620037718462 1464.986520747527 1132 1490 1181.3379962281538 1369.013479252473
1186 1376 1138.1423992462626 1493.3562983738464 1228 1530 1275.8576007537374 1412.6437016261536
614 1332 572.3344252774746 1434.1722263975516 670 1474 711.6655747225254 1371.8277736024484
724 1382 680.4671653571792 1488.7511168746425 762 1522 805.5328346428208 1415.2488831253575
808 1428 766.2054704621814 1530.4884490986883 868 1572 909.7945295378186 1469.5115509013117
930 1464 881.2397155392118 1583.5698572818033 1000 1632 1048.7602844607884 1512.4301427181967
1026 1524 981.3809990286964 1633.414611444397 1076 1672 1120.6190009713039 1562.585388555603
1138 1552 1086.095441968947 1679.2802376909624 1132 1698 1183.904558031053 1570.7197623090376
1218 1592 1166.5169350179501 1718.2466534067055 1264 1758 1315.4830649820499 1631.7533465932945
1330 1636 1281.0562329177799 1756.0197929436008 1384 1798 1432.9437670822201 1677.9802070563992
560 1488 512.4548366829877 1604.590140010912 614 1646 661.5451633170123 1529.409859989088
662 1532 608.8257930190322 1662.3936679225146 652 1680 705.1742069809678 1549.6063320774854
738 1570 689.3414064514353 1689.320491060997 794 1732 842.6585935485647 1612.679508939003
872 1618 821.1145459883305 1742.7811931611673 932 1788 982.8854540116695 1663.2188068388327
1050 1710 1002.2986179646251 1826.9732191923792 1098 1866 1145.701382035375 1749.0267808076208
1154 1760 1109.7951273776448 1868.3990868606566 1202 1906 1246.2048726223552 1797.6009131393434
1254 1806 1211.2482589489916 1910.835720967306 1322 1956 1364.7517410510084 1851.164279032694
1364 1864 1313.9428026862274 1986.750143993686 1420 2030 1470.0571973137726 1907.249856006314
546 1696 504.0765156468886 1798.804671799825 610 1842 651.9234843531115 1739.195328200175
664 1740 623.0882549662174 1840.323686970546 740 1888 780.9117450337826 1787.676313029454
778 1790 734.5489570663877 1896.5505474336508 846 1942 889.4510429336123 1835.4494525663492
876 1826 825.5286743372791 1949.7656685774266 934 1994 984.4713256627209 1870.2343314225734
974 1874 930.1075648143697 1981.6329284977219 1034 2024 1077.8924351856301 1916.367071502278
1100 1928 1057.627758694816 2031.9051125644125 1102 2050 1144.372241305184 1946.0948874355875
1190 1964 1146.5216931633183 2070.6174039139814 1248 2112 1291.4783068366817 2005.3825960860186
1288 2024 1243.9786099990768 2131.949151198859 1352 2176 1396.0213900009232 2068.0508488011415
510 1864 465.6661725623518 1972.7153095617932 562 2012 606.3338274376482 1903.2846904382068
610 1910 561.5993160820212 2028.6880456587237 658 2068 706.4006839179788 1949.3119543412763
710 1946 667.5061685795777 2050.2032755650325 770 2092 812.4938314204223 1987.796724434967
810 1996 761.7827987034533 2114.2381099969257 874 2160 922.2172012965468 2041.761890003074
912 2016 861.1145459883305 2140.7811931611673 972 2186 1022.8854540116695 2061.2188068388327
1016 2066 969.5955308176096 2179.792932480496 1078 2224 1124.4044691823906 2110.207067519504
1118 2130 1075.4789046765081 2234.2701320453634 1168 2272 1210.5210953234919 2167.7298679546366
1210 2168 1164.2948327002134 2280.078106014151 1272 2324 1317.7051672997866 2211.921893985849
1338 2218 1292.2948327002134 2330.078106014151 1400 2374 1445.7051672997866 2261.921893985849
536 2058 487.0562329177798 2178.019792943601 590 2220 638.9437670822201 2099.980207056399
664 2112 617.1467738655369 2226.8933732450837 664 2246 710.8532261344631 2131.1066267549163
724 2146 680.9358215122668 2251.6018793302405 780 2292 823.0641784877332 2186.3981206697595
820 2188 772.7127463135736 2303.9576946086386 866 2342 913.2872536864264 2226.0423053913614
926 2234 882.6779118816805 2340.2343247325143 990 2384 1033.3220881183195 2277.7656752674857
1040 2280 994.7362249522314 2390.9957249500803 1110 2438 1155.2637750477688 2327.0042750499197
1156 2328 1110.1113500787815 2440.5280416759497 1202 2478 1247.8886499212185 2365.4719583240503
1258 2368 1213.2793081164727 2477.663977665203 1322 2522 1366.7206918835273 2412.336022334797
654 2306 613.7875568488214 2404.6088605042014 730 2452 770.2124431511786 2353.3911394957986
764 2352 718.5453776307448 2463.4637203123943 764 2482 809.4546223692552 2370.5362796876057
858 2378 811.4665760023165 2492.109155181633 924 2538 970.5334239976835 2423.890844818367
986 2436 942.2092557265931 2543.383562276916 1032 2580 1075.7907442734067 2472.616437723084
1082 2492 1040.6468627141994 2593.4060680346174 1150 2638 1191.3531372858006 2536.5939319653826
1206 2534 1155.087282085261 2658.8480496414977 1256 2700 1306.912717914739 2575.1519503585023
672 2486 629.6550225978856 2589.838256084082 684 2612 726.3449774021144 2508.161743915918
716 2518 672.3654744449558 2625.0004830954485 768 2664 811.6345255550442 2556.9995169045515
828 2568 783.0884607949863 2678.131973027517 822 2694 866.9115392050137 2583.868026972483
892 2586 845.0797115564376 2701.057823285043 970 2752 1016.9202884435624 2636.942176714957
1016 2638 968.1696631493322 2755.2894418935157 1068 2796 1115.830336850668 2678.7105581064843
1128 2694 1081.2359302748 2808.6747441035754 1212 2862 1258.7640697252 2747.3252558964246
818 2722 764.7587307099327 2852.558117962474 886 2902 939.2412692900673 2771.441882037526
943 2771 890.817633135346 2898.9614798730504 989 2939 1041.1823668646539 2811.0385201269496
# Transcript
STOKAI
*DIKOSE*
IHIDIKHT
OSENNEA*
AYTOID*
NEANTISA
SIASEANT*
ODONAIEA*
NPOLEWSAP
NIOSAQHN
*AIPROS*
ILIONM
*AF*





# Lines: x1 y1 x2 y2 x3 y3 x4 y4
