# Baseline angle
-0.015225017924162643
# Boxes: x1 y1 x2 y2 x3 y3 x4 y4
1578 854 1580.1266875295084 993.6729524178577 1690 992 1687.8733124704916 852.3270475821423
1772 862 1773.9205237138508 988.1328773409656 1914 986 1912.0794762861492 859.8671226590344
1992 858 1994.039060070189 991.9179057613995 2120 990 2117.960939929811 856.0820942386005
2198 850 2200.010469005778 982.0401506499097 2334 980 2331.989530994222 847.9598493500903
2400 844 2402.099950731183 981.9169786283564 2528 980 2525.900049268817 842.0830213716436
2586 854 2587.7978152588194 972.0738409460573 2724 970 2722.2021847411806 851.9261590539427
2806 830 2808.1299324951588 969.8860697313378 2932 968 2929.8700675048412 828.1139302686622
1580 1002 1581.6063355119275 1107.49816106574 1680 1106 1678.3936644880725 1000.5018389342598
1718 1002 1719.5080460226136 1101.0428718078474 1788 1100 1786.4919539773864 1000.9571281921528
1804 1004 1805.6649083403142 1113.3450072802113 1894 1112 1892.3350916596858 1002.6549927197885
1934 1002 1935.5749630483874 1105.4377339712673 2030 1104 2028.4250369516126 1000.5622660287327
2062 1000 2063.4218092628585 1093.3791611428805 2154 1092 2152.5781907371415 998.6208388571195
2196 1000 2197.4204185632943 1093.287825151389 2282 1092 2280.5795814367057 998.712174848611
2324 1000 2325.289829477397 1084.711218138029 2372 1084 2370.710170522603 999.2887818619711
2410 988 2411.4836270568962 1085.439124670832 2506 1084 2504.5163729431038 986.5608753291682
2542 992 2543.270509743416 1075.4423696364822 2638 1074 2636.729490256584 990.5576303635177
2670 984 2671.4854813229817 1081.5609059928204 2774 1080 2772.5145186770183 982.4390940071794
2792 990 2793.39090036584 1081.349179378905 2882 1080 2880.60909963416 988.6508206210951
2922 978 2923.6363172759034 1085.4672521687216 3020 1084 3018.3636827240966 976.5327478312785
864 1150 865.4522545933557 1245.3786975763592 956 1244 954.5477454066443 1148.6213024236408
1350 1128 1351.4808456577668 1225.2564526878489 1434 1224 1432.5191543422332 1126.7435473121511
1452 1014 1453.5131452543503 1113.377770443316 1544 1112 1542.4868547456497 1012.6222295566839
1462 1132 1463.2059105502494 1211.199734125548 1542 1210 1540.7940894497506 1130.800265874452
1576 1126 1577.393681764969 1217.531851361888 1678 1216 1676.606318235031 1124.468148638112
1706 1122 1707.3548922370849 1210.9842989794604 1772 1210 1770.6451077629151 1121.0157010205396
1808 1126 1809.2137911811149 1205.7173047439999 1922 1204 1920.7862088188851 1124.2826952560001
1956 1112 1957.3276918722381 1199.197879859462 2036 1198 2034.6723081277619 1110.802120140538
2068 1114 2069.3304732713673 1201.3805518424451 2160 1200 2158.6695267286327 1112.6194481575549
2206 1114 2207.356282936649 1203.075634970952 2278 1202 2276.643717063351 1112.924365029048
2316 1110 2317.2686554773295 1193.3205883144938 2404 1192 2402.7313445226705 1108.6794116855062
2430 1104 2431.2382101468324 1185.3210518810151 2518 1184 2516.7617898531676 1102.6789481189849
2542 1088 2543.5154630869574 1187.529997095802 2644 1186 2642.4845369130426 1086.470002904198
2666 1092 2667.330009704846 1179.3501065119478 2756 1178 2754.669990295154 1090.6498934880522
2792 1096 2793.3932181984474 1187.5014060313906 2892 1186 2890.6067818015526 1094.4985939686094
2914 1092 2915.395536031055 1183.6536326838766 3024 1182 3022.604463968945 1090.3463673161234
3044 1090 3045.3599914688216 1179.3191976149294 3132 1178 3130.6400085311784 1088.6808023850706
614 1276 615.208228382857 1355.351960778034 704 1354 702.791771617143 1274.648039221966
728 1262 729.4550359924848 1357.561369559342 832 1356 830.5449640075152 1260.438630440658
856 1268 857.4536452929203 1363.4700335678506 954 1362 952.5463547070797 1266.5299664321494
976 1272 977.391827498883 1363.4100700398992 1070 1362 1068.6081725011172 1270.5899299601008
1110 1254 1111.4508638937912 1349.2873615848675 1196 1348 1194.5491361062088 1252.7126384151325
1238 1258 1239.2335744816176 1339.0165985760436 1306 1338 1304.7664255183824 1256.9834014239564
1330 1240 1331.488262722111 1337.7435779758036 1446 1336 1444.511737277889 1238.2564220241964
1452 1230 1453.6999893360266 1341.6489970186617 1562 1340 1560.3000106639734 1228.3510029813383
1584 1230 1585.5768173144734 1333.559515293256 1688 1332 1686.4231826855266 1228.440484706744
1708 1230 1709.696744370376 1341.4358797051814 1804 1340 1802.303255629624 1228.5641202948186
1830 1242 1831.2644833786362 1325.046580340019 1900 1324 1898.7355166213638 1240.953419659981
1948 1234 1949.5154630869577 1333.529997095802 2050 1332 2048.4845369130426 1232.470002904198
2076 1234 2077.423199962423 1327.4704971343722 2174 1326 2172.576800037577 1232.5295028656278
2196 1230 2197.482699923853 1327.3782340098376 2288 1326 2286.517300076147 1228.6217659901624
2312 1232 2313.4287627606814 1325.835841100338 2434 1324 2432.5712372393186 1230.164158899662
2440 1224 2441.5749630483874 1327.4377339712673 2536 1326 2534.4250369516126 1222.5622660287327
2554 1228 2555.4541088594415 1323.5004788983479 2654 1322 2652.5458911405585 1226.4995211016521
2672 1228 2673.3609186018643 1317.3800882759235 2764 1316 2762.6390813981357 1226.6199117240765
2804 1220 2805.419491430251 1313.2269344903948 2886 1312 2884.580508569749 1218.7730655096052
2930 1202 2931.971215911372 1331.462152936985 3028 1330 3026.028784088628 1200.537847063015
3054 1216 3055.3834833014957 1306.86205409095 3112 1306 3110.6165166985043 1215.13794590905
526 1404 527.383483301496 1494.86205409095 584 1494 582.616516698504 1403.13794590905
616 1384 617.6395622415538 1491.6803694822017 728 1490 726.3604377584462 1382.3196305177983
740 1378 741.7239447352227 1491.2222988251797 822 1490 820.2760552647773 1376.7777011748203
866 1388 867.2714368764588 1471.5032602974768 966 1470 964.7285631235412 1386.4967397025232
998 1390 999.2949287091335 1475.046116773498 1068 1474 1066.7050712908665 1388.953883226502
1108 1380 1109.6653719068358 1489.3754526107086 1200 1488 1198.3346280931642 1378.6245473892914
1216 1368 1217.514999520436 1467.4995517653047 1316 1466 1314.485000479564 1366.5004482346953
1352 1370 1353.6344630098174 1477.345470846733 1442 1476 1440.3655369901826 1368.654529153267
1488 1378 1489.07763929696 1448.7753537646738 1540 1448 1538.92236070304 1377.2246462353262
1576 1374 1577.4877991555895 1471.7131326453064 1690 1470 1688.5122008444105 1372.2868673546936
1718 1360 1719.484554189939 1457.5000153318263 1818 1456 1816.515445810061 1358.4999846681737
1830 1350 1831.7876167953461 1467.4040436751197 1924 1466 1922.2123832046539 1348.5959563248803
1956 1358 1957.75439006572 1473.221835258658 2038 1472 2036.24560993428 1356.778164741342
2076 1354 2077.5758901814306 1457.4986246322617 2176 1456 2174.4241098185694 1352.5013753677383
2204 1358 2205.3595279022998 1447.2887522844321 2290 1446 2288.6404720977002 1356.7112477155679
2320 1348 2321.3913639323614 1439.379624709402 2412 1438 2410.6086360676386 1346.620375290598
2438 1346 2439.5721816492583 1449.2550619882843 2522 1448 2520.4278183507417 1344.7449380117157
2558 1350 2559.360455035343 1439.3496429454262 2648 1438 2646.639544964657 1348.6503570545738
2676 1340 2677.8485074563405 1461.4031165420768 2770 1460 2768.1514925436595 1338.5968834579232
2806 1340 2807.697671503419 1451.4967703661757 2906 1450 2904.302328496581 1338.5032296338243
2934 1360 2935.5163902200006 1459.590887756796 3040 1458 3038.4836097799994 1358.409112243204
3054 1334 3055.6888637395105 1444.9183090867296 3116 1444 3114.3111362604895 1333.0816909132704
506 1528 507.66166337466393 1637.1318899667313 582 1636 580.3383366253361 1526.8681100332687
628 1530 629.2986372413054 1615.289679417475 714 1614 712.7013627586946 1528.710320582525
736 1508 737.4545724259633 1603.5309242288447 838 1602 836.5454275740367 1506.4690757711553
864 1512 865.4250542285091 1605.5922784563609 970 1604 968.5749457714909 1510.4077215436391
1000 1504 1001.2686554773298 1587.3205883144938 1088 1586 1086.73134452267 1502.6794116855062
1120 1510 1121.1113295931075 1582.9880075116323 1186 1582 1184.8886704068925 1509.0119924883677
1222 1510 1223.3922910654044 1601.4405153703965 1318 1600 1316.6077089345956 1508.5594846296035
1350 1502 1351.2096190824216 1581.4432967695254 1446 1580 1444.7903809175784 1500.5567032304746
1486 1502 1487.1731473871448 1579.0479710395837 1556 1578 1554.8268526128552 1500.9520289604163
1592 1492 1593.2414551124832 1573.5341691944952 1694 1572 1692.7585448875168 1490.4658308055048
1718 1498 1719.1824187175748 1575.656877649527 1828 1574 1826.8175812824252 1496.343122350473
1850 1494 1851.2649469451578 1577.0770256705164 1922 1576 1920.7350530548422 1492.9229743294836
1958 1486 1959.4536452929203 1581.4700335678506 2056 1580 2054.5463547070794 1484.5299664321494
2080 1486 2081.3613821683857 1575.4105336064208 2174 1574 2172.6386178316143 1484.5894663935792
2208 1488 2209.1454834557767 1563.231106589088 2290 1562 2288.8545165442233 1486.768893410912
2332 1470 2333.6081897780136 1575.6199423877288 2440 1574 2438.3918102219864 1468.3800576122712
2456 1466 2457.39090036584 1557.349179378905 2546 1556 2544.60909963416 1464.650820621095
2578 1476 2579.206374116771 1555.2301794560453 2660 1554 2658.793625883229 1474.7698205439547
2700 1474 2701.2354287477033 1555.1383798980323 2776 1554 2774.7645712522967 1472.8616201019677
2824 1480 2825.172683820623 1557.0175257090866 2892 1556 2890.827316179377 1478.9824742909134
500 1648 501.21054621546443 1727.5041874305196 600 1726 598.7894537845355 1646.4958125694804
634 1636 635.4213456963372 1729.3487158123835 724 1728 722.5786543036628 1634.6512841876165
760 1640 761.2700461768943 1723.4119243059852 854 1722 852.7299538231057 1638.5880756940148
872 1632 873.2382101468327 1713.3210518810151 960 1712 958.7617898531673 1630.6789481189849
1006 1626 1007.4850177564605 1723.5304606623235 1108 1722 1106.5149822435396 1624.4695393376765
1350 1614 1351.4264449280736 1707.6836144478523 1462 1706 1460.5735550719264 1612.3163855521477
1490 1612 1491.4199549967727 1705.2573798208919 1574 1704 1572.5800450032273 1610.7426201791081
1610 1610 1611.514072387393 1709.4386611043103 1706 1708 1704.485927612607 1608.5613388956897
1734 1614 1735.3290825718025 1701.2892158509537 1820 1700 1818.6709174281975 1612.7107841490463
1854 1614 1855.2921473100046 1698.8634447905147 1912 1698 1910.7078526899954 1613.1365552094853
1954 1606 1955.3946088980122 1697.5927420228822 2060 1696 2058.605391101988 1604.4072579771178
2086 1604 2087.5426634518044 1705.3164162158002 2174 1704 2172.4573365481956 1602.6835837841998
2222 1600 2223.3876554001895 1691.1360620654248 2298 1690 2296.6123445998105 1598.8639379345752
2338 1596 2339.210082648943 1675.4737421000227 2436 1674 2434.789917351057 1594.5262578999773
2460 1594 2461.5103638552214 1693.195098460333 2540 1692 2538.4896361447786 1592.804901539667
2576 1594 2577.4204185632943 1687.287825151389 2662 1686 2660.5795814367057 1592.712174848611
2696 1596 2697.4508638937914 1691.2873615848675 2782 1690 2780.5491361062086 1594.7126384151325
2820 1580 2821.449473194227 1675.1960255933761 2900 1674 2898.550526805773 1578.8039744066239
2938 1592 2939.3586007692566 1681.2278616234375 3020 1680 3018.6413992307434 1590.7721383765625
3060 1602 3061.354892237085 1690.9842989794604 3126 1690 3124.645107762915 1601.0157010205396
396 1750 397.6030905462771 1855.28504375226 482 1854 480.3969094537229 1748.71495624774
518 1764 519.2995643743485 1849.3505700784694 608 1848 606.7004356256515 1762.6494299215306
652 1756 653.5089731556567 1855.1037624688415 726 1854 724.4910268443433 1754.8962375311585
748 1748 749.5112909882641 1847.2559891213275 832 1846 830.4887090117359 1746.7440108786725
890 1756 891.1754652197523 1833.2001976920697 970 1832 968.8245347802477 1754.7998023079303
1006 1752 1007.2719004429804 1835.533705627974 1108 1834 1106.7280995570197 1750.466294372026
1132 1746 1133.4808456577668 1843.2564526878489 1216 1842 1214.5191543422332 1744.7435473121511
1248 1742 1249.4199549967727 1835.2573798208919 1332 1834 1330.5800450032273 1740.7426201791081
1374 1744 1375.3595279022998 1833.2887522844321 1460 1832 1458.6404720977002 1742.7112477155679
1494 1742 1495.259847713421 1824.7421270350476 1544 1824 1542.740152286579 1741.2578729649524
1592 1728 1593.4541088594417 1823.5004788983479 1692 1822 1690.5458911405583 1726.4995211016521
1736 1722 1737.574499481866 1825.4072886407703 1830 1824 1828.425500518134 1720.5927113592297
1846 1722 1847.453181726399 1817.4395882373533 1942 1816 1940.546818273601 1720.5604117626467
1970 1718 1971.4508638937912 1813.2873615848675 2056 1812 2054.5491361062086 1716.7126384151325
2088 1726 2089.384410434539 1816.9229447519447 2150 1816 2148.615589565461 1725.0770552480553
2198 1716 2199.272364009502 1799.564150958471 2302 1798 2300.727635990498 1714.435849041529
2346 1700 2347.5731087823015 1803.3159526492789 2434 1802 2432.4268912176985 1698.6840473507211
2466 1716 2467.3244469065876 1802.984762545982 2532 1802 2530.6755530934124 1715.015237454018
2576 1702 2577.5435905848476 1803.3773068767946 2668 1802 2666.4564094151524 1700.6226931232054
2716 1716 2717.2303295159672 1796.8034812625633 2770 1796 2768.7696704840328 1715.1965187374367
2822 1714 2823.1759287862737 1791.230643022567 2904 1790 2902.8240712137263 1712.769356977433
2936 1714 2937.1454834557767 1789.231106589088 3018 1788 3016.8545165442233 1712.768893410912
3034 1716 3035.2382101468324 1797.3210518810151 3122 1796 3120.7617898531676 1714.6789481189849
384 1884 385.3650907005578 1973.654096250398 494 1972 492.6349092994422 1882.345903749602
520 1880 521.5163902200006 1979.590887756796 626 1978 624.4836097799994 1878.409112243204
650 1882 651.4859448895035 1979.5913513233177 756 1978 754.5140551104965 1880.4086486766823
776 1872 777.7234811687013 1985.1918534946824 856 1984 854.2765188312987 1870.8081465053176
876 1872 877.5721816492584 1975.2550619882843 960 1974 958.4278183507416 1870.7449380117157
996 1874 997.5085095891351 1973.0733171383442 1068 1972 1066.4914904108648 1872.9266828616558
1108 1874 1109.5159266534793 1973.560442426299 1212 1972 1210.4840733465207 1872.439557573701
1242 1878 1243.5117545547855 1977.2864344518246 1328 1976 1326.4882454452145 1876.7135655481754
1364 1868 1365.4859448895036 1965.5913513233177 1470 1964 1468.5140551104964 1866.4086486766823
1510 1868 1511.414855765036 1960.922481185423 1572 1960 1570.585144234964 1867.077518814577
1606 1872 1607.361845734907 1961.4409789369179 1702 1960 1700.638154265093 1870.5590210630821
1734 1856 1735.2705097434157 1939.4423696364822 1830 1938 1828.7294902565843 1854.5576303635178
1866 1862 1867.2640198121148 1945.0161350095223 1934 1944 1932.7359801878852 1860.9838649904777
1962 1860 1963.2073012498138 1939.2910701170395 2048 1938 2046.7926987501862 1858.7089298829605
2100 1840 2101.51314525435 1939.377770443316 2192 1938 2190.48685474565 1838.622229556684
2228 1834 2229.6307544776455 1941.1019082027556 2302 1940 2300.3692455223545 1832.8980917972444
2340 1832 2341.6363172759034 1939.4672521687216 2438 1938 2436.3636827240966 1830.5327478312784
2458 1826 2459.3904367993186 1917.3187340484078 2546 1916 2544.6095632006814 1824.6812659515922
380 1998 381.6095804775781 2103.7112783792204 494 2102 492.3904195224219 1996.2887216207796
516 2002 517.3286190052811 2089.258770520456 600 2088 598.6713809947189 2000.7412294795436
630 2002 631.3959995975764 2093.684078014374 742 2092 740.6040004024236 2000.3159219856263
762 2008 763.4199549967726 2101.257379820892 846 2100 844.5800450032274 2006.7426201791081
878 1998 879.576353747952 2101.5290699627585 980 2100 978.423646252048 1996.470930037241
1006 1998 1007.6049448123631 2103.406825074249 1100 2102 1098.395055187637 1996.5931749257513
1130 1994 1131.5749630483874 2097.4377339712673 1226 2096 1224.4250369516126 1992.5622660287327
1252 1996 1253.5108274217425 2095.22554379083 1334 2094 1332.4891725782575 1994.7744562091698
1366 1988 1367.6653719068358 2097.3754526107086 1458 2096 1456.3346280931642 1986.6245473892914
1616 1986 1617.392754631926 2077.4709607008936 1714 2076 1712.607245368074 1984.5290392991064
1744 1974 1745.3890460997538 2065.227398056916 1826 2064 1824.6109539002462 1972.7726019430836
1856 1978 1857.3290825718025 2065.2892158509535 1942 2064 1940.6709174281975 1976.7107841490463
1970 1974 1971.3623093014287 2063.4714242674154 2068 2062 2066.637690698571 1972.528575732585
2088 1962 2089.6981350699407 2073.527215696673 2190 2072 2188.3018649300593 1960.472784303327
2220 1968 2221.5735723488233 2071.3463979797757 2310 2070 2308.4264276511767 1966.6536020202243
2340 1962 2341.4531817263987 2057.4395882373533 2436 2056 2434.5468182736013 1960.5604117626467
2456 1950 2457.3014186404343 2035.472351400458 2554 2034 2552.6985813595657 1948.527648599542
2590 1936 2591.819452825408 2055.49491610009 2690 2054 2688.180547174592 1934.5050838999105
2706 1962 2707.2691190438513 2045.3510336449908 2796 2044 2794.7308809561487 1960.6489663550092
2812 1956 2813.2124004815505 2035.6259687525085 2920 2034 2918.7875995184495 1954.3740312474915
2946 1950 2947.272364009502 2033.564150958471 3050 2032 3048.727635990498 1948.435849041529
386 2122 387.3627728679503 2211.501869597912 486 2210 484.6372271320497 2120.498130402088
518 2112 519.4831634903744 2209.4086793403344 612 2208 610.5168365096256 2110.5913206596656
638 2130 639.2409915459616 2211.5037238639984 738 2210 736.7590084540384 2128.4962761360016
760 2124 761.4255177950306 2217.622723786858 868 2216 866.5744822049694 2122.377276213142
886 2118 887.2719004429804 2201.533705627974 988 2200 986.7280995570196 2116.466294372026
1004 2116 1005.2128640480719 2195.6564140830055 1114 2194 1112.787135951928 2114.3435859169945
1138 2116 1139.361845734907 2205.440978936918 1234 2204 1232.638154265093 2114.559021063082
1252 2114 1253.2096190824216 2193.443296769525 1348 2192 1346.7903809175784 2112.556703230475
1368 2112 1369.2700461768943 2195.411924305985 1462 2194 1460.7299538231057 2110.588075694015
1480 2110 1481.2114733485075 2189.565078091514 1584 2188 1582.7885266514925 2108.434921908486
1610 2100 1611.4241270954662 2193.5313877953668 1712 2192 1710.5758729045338 2098.4686122046332
1742 2086 1743.3604550353427 2175.3496429454262 1832 2174 1830.6395449646573 2084.6503570545738
1856 2098 1857.3904367993184 2189.3187340484074 1944 2188 1942.6095632006816 2096.6812659515926
1972 2096 1973.6063355119275 2201.4981610657405 2072 2200 2070.3936644880723 2094.5018389342595
2100 2094 2101.353965104042 2182.923408318466 2162 2182 2160.646034895958 2093.076591681534
2214 2088 2215.4227363959017 2181.4400518038747 2310 2180 2308.5772636040983 2086.5599481961253
2342 2084 2343.2372830137897 2165.260161220021 2426 2164 2424.7627169862103 2082.739838779979
2448 2076 2449.45040032727 2171.2569162543705 2532 2170 2530.54959967273 2074.7430837456295
2578 2082 2579.1814915845316 2159.595986988533 2684 2158 2682.8185084154684 2080.404013011467
2720 2066 2721.724871868266 2179.283189486174 2806 2178 2804.275128131734 2064.716810513826
2820 2068 2821.4545724259633 2163.530924228845 2922 2162 2920.5454275740367 2066.469075771155
2956 2074 2957.270509743416 2157.4423696364825 3052 2156 3050.729490256584 2072.5576303635175
268 2234 269.57357234882295 2337.3463979797757 358 2336 356.42642765117705 2232.6536020202243
394 2242 395.33557250310366 2329.7154504779137 508 2328 506.66442749689634 2240.2845495220863
530 2246 531.6344630098172 2353.3454708467325 620 2352 618.3655369901828 2244.6545291532675
650 2248 651.665371906836 2357.3754526107086 742 2356 740.334628093164 2246.6245473892914
768 2244 769.4799185247239 2341.1955620268545 848 2340 846.5200814752761 2242.8044379731455
884 2232 885.6363172759033 2339.4672521687216 982 2338 980.3636827240967 2230.5327478312784
1012 2230 1013.6672261729219 2339.4972339326973 1112 2338 1110.332773827078 2228.5027660673027
1142 2232 1143.5136088208715 2331.4082157738135 1236 2330 1234.4863911791285 2230.5917842261865
1252 2216 1253.759025730935 2331.52628856363 1354 2330 1352.240974269065 2214.47371143637
1364 2222 1365.7267261343518 2335.404970808163 1458 2334 1456.2732738656482 2220.595029191837
1476 2228 1477.514072387393 2327.43866110431 1572 2326 1570.485927612607 2226.56133889569
1612 2228 1613.4245906619876 2321.5618331258634 1716 2320 1714.5754093380124 2226.4381668741366
1738 2220 1739.4568902585709 2315.6831508813307 1850 2314 1848.5431097414291 2218.3168491186693
1872 2212 1873.4476189281406 2307.0742442713877 1944 2306 1942.5523810718594 2210.9257557286123
1974 2220 1975.5126816878287 2319.347325112819 2064 2318 2062.4873183121713 2218.652674887181
2092 2218 2093.514999520436 2317.4995517653047 2192 2316 2190.485000479564 2216.5004482346953
2224 2210 2225.329546138324 2297.3196611814506 2312 2296 2310.670453861676 2208.6803388185494
2328 2196 2329.4531817263987 2291.4395882373533 2424 2290 2422.5468182736013 2194.5604117626467
2450 2212 2451.60077271367 2317.132817099774 2526 2316 2524.39922728633 2210.867182900226
2566 2200 2567.546835550498 2301.590424190275 2672 2300 2670.453164449502 2198.409575809725
2694 2206 2695.2686554773295 2289.3205883144938 2782 2288 2780.7313445226705 2204.6794116855062
2806 2186 2807.670007572051 2295.67990591568 2918 2294 2916.329992427949 2184.32009408432
2942 2176 2943.634926576339 2283.37591617723 3034 2282 3032.365073423661 2174.62408382277
3066 2198 3067.2649469451576 2281.0770256705164 3138 2280 3136.7350530548424 2196.9229743294836
148 2388 149.55008051614828 2489.803541503755 268 2488 266.4499194838517 2386.196458496245
274 2370 275.7032343016771 2481.8621143321416 398 2480 396.2967656983229 2368.1378856678584
424 2374 425.3511837049128 2462.7407363354832 474 2462 472.6488162950872 2373.2592636645168
530 2364 531.7276532673948 2477.465861469157 628 2476 626.2723467326052 2362.534138530843
648 2376 649.1454834557766 2451.2311065890885 730 2450 728.8545165442234 2374.7688934109115
768 2364 769.2672647777653 2447.229252323002 850 2446 848.7327352222347 2362.770747676998
880 2370 881.5440541513688 2471.4077522072917 974 2470 972.4559458486312 2368.5922477927083
1018 2364 1019.2635562455933 2446.9856896790247 1084 2446 1082.7364437544068 2363.0143103209753
1134 2354 1135.546371983976 2455.5599788597774 1238 2454 1236.453628016024 2352.4400211402226
1264 2360 1265.4185642972081 2453.1660438294 1342 2452 1340.5814357027919 2358.8339561706
1364 2354 1365.396463164098 2445.714523344871 1478 2444 1476.603536835902 2352.285476655129
1492 2346 1493.5163902200006 2445.5908877567963 1598 2444 1596.4836097799994 2344.4091122432037
1616 2348 1617.4550359924847 2443.5613695593424 1720 2442 1718.5449640075153 2346.4386304406576
1744 2344 1745.4850177564604 2441.5304606623235 1846 2440 1844.5149822435396 2342.4695393376765
1868 2350 1869.2995643743484 2435.3505700784694 1958 2434 1956.7004356256516 2348.6494299215306
1978 2342 1979.4850177564604 2439.5304606623235 2080 2438 2078.5149822435396 2340.4695393376765
2100 2342 2101.4485460611836 2437.135134932382 2176 2436 2174.5514539388164 2340.864865067618
2332 2328 2333.546835550498 2429.590424190275 2438 2428 2436.453164449502 2326.409575809725
2458 2334 2459.4199549967725 2427.257379820892 2542 2426 2540.5800450032275 2332.742620179108
2572 2320 2573.4204185632943 2413.2878251513894 2658 2412 2656.5795814367057 2318.7121748486106
2692 2314 2693.5772808809947 2417.589960623753 2798 2416 2796.4227191190053 2312.410039376247
2824 2318 2825.2728275760232 2401.594596288968 2930 2400 2928.7271724239768 2316.405403711032
2960 2314 2961.423199962423 2407.470497134372 3058 2406 3056.576800037577 2312.529502865628
3066 2300 3067.6367808424247 2407.4976974992187 3166 2406 3164.3632191575753 2298.5023025007813
158 2518 159.30373647304197 2603.6245780529434 266 2602 264.69626352695803 2516.3754219470566
282 2498 283.5463719839763 2599.5599788597774 386 2598 384.4536280160237 2496.4400211402226
408 2494 409.389973232797 2585.2882887179107 494 2584 492.610026767203 2492.7117112820893
526 2502 527.2377465803111 2583.290606550518 612 2582 610.7622534196889 2500.709393449482
662 2496 663.4199549967726 2589.257379820892 746 2588 744.5800450032274 2494.742620179108
764 2492 765.4522545933557 2587.3786975763587 856 2586 854.5477454066443 2490.6213024236413
904 2482 905.6972079368976 2593.4663250356784 1002 2592 1000.3027920631024 2480.5336749643216
1026 2484 1027.4134650654717 2576.8311451939317 1082 2576 1080.5865349345283 2483.1688548060683
1124 2484 1125.427835627638 2577.7749504393437 1242 2576 1240.572164372362 2482.2250495606563
1272 2484 1273.4194914302511 2577.226934490395 1354 2576 1352.5805085697489 2482.773065509605
1376 2480 1377.392754631926 2571.4709607008936 1474 2570 1472.607245368074 2478.5290392991064
1500 2482 1501.5749630483874 2585.4377339712673 1596 2584 1594.4250369516126 2480.5622660287327
1618 2472 1619.6063355119275 2577.4981610657405 1718 2576 1716.3936644880725 2470.5018389342595
1740 2474 1741.4850177564604 2571.5304606623235 1842 2570 1840.5149822435396 2472.4695393376765
1874 2484 1875.2414551124832 2565.5341691944955 1976 2564 1974.7585448875168 2482.4658308055045
1992 2478 1993.5468355504977 2579.590424190275 2098 2578 2096.453164449502 2476.409575809725
2116 2458 2117.5108274217428 2557.22554379083 2198 2556 2196.4891725782572 2456.77445620917
2220 2460 2221.6958172373334 2571.3749890441873 2312 2570 2310.3041827626666 2458.6250109558127
2334 2460 2335.4218092628585 2553.3791611428805 2426 2552 2424.5781907371415 2458.6208388571195
2454 2458 2455.3913639323614 2549.379624709402 2546 2548 2544.6086360676386 2456.620375290598
2588 2446 2589.293538009569 2530.9547807820063 2652 2530 2650.706461990431 2445.0452192179937
2690 2438 2691.2700461768945 2521.411924305985 2784 2520 2782.7299538231055 2436.588075694015
2830 2432 2831.4836270568962 2529.439124670832 2926 2528 2924.5163729431038 2430.560875329168
2974 2426 2975.449936760748 2521.226470923873 3056 2520 3054.550063239252 2424.773529076127
160 2614 161.51499952043613 2713.4995517653047 260 2712 258.4850004795639 2612.5004482346953
288 2624 289.2672647777653 2707.229252323002 370 2706 368.7327352222347 2622.770747676998
410 2624 411.29724654174095 2709.1983434259837 490 2708 488.70275345825905 2622.8016565740163
554 2618 555.3595279022998 2707.2887522844317 640 2706 638.6404720977002 2616.7112477155683
662 2606 663.5468355504978 2707.590424190275 768 2706 766.4531644495022 2604.409575809725
788 2608 789.5731087823015 2711.3159526492786 876 2710 874.4268912176985 2606.6840473507214
902 2616 903.3323275374531 2703.502333164434 1002 2702 1000.6676724625469 2614.497666835566
1034 2600 1035.8175985593218 2719.373134778101 1126 2718 1124.1824014406782 2598.626865221899
1150 2600 1151.4541088594417 2695.500478898348 1250 2694 1248.5458911405583 2598.499521101652
1272 2610 1273.3290825718025 2697.2892158509535 1358 2696 1356.6709174281975 2608.7107841490465
1384 2600 1385.5122181213071 2699.316879782322 1472 2698 1470.4877818786929 2598.683120217678
1530 2602 1531.3235197735446 2688.9238718849874 1592 2688 1590.6764802264554 2601.0761281150126
1620 2602 1621.361845734907 2691.440978936918 1716 2690 1714.638154265093 2600.559021063082
1756 2594 1757.4536452929203 2689.4700335678504 1854 2688 1852.5463547070797 2592.5299664321496
1886 2594 1887.389973232797 2685.2882887179107 1972 2684 1970.610026767203 2592.7117112820893
2004 2600 2005.3225926405016 2686.8629812239933 2062 2686 2060.6774073594984 2599.1370187760067
2110 2582 2111.513608820872 2681.4082157738135 2204 2680 2202.486391179128 2580.5917842261865
2232 2584 2233.423663528945 2677.5009424648692 2332 2676 2330.576336471055 2582.4990575351308
2362 2582 2363.117819524409 2655.4142421385927 2456 2654 2454.882180475591 2580.5857578614073
2464 2574 2465.423199962423 2667.470497134372 2562 2666 2560.576800037577 2572.529502865628
2582 2564 2583.4227363959017 2657.4400518038747 2678 2656 2676.5772636040983 2562.5599481961253
2842 2560 2843.2995643743484 2645.3505700784694 2932 2644 2930.7004356256516 2558.6494299215306
2962 2542 2963.268191910808 2625.2901429839967 3048 2624 3046.731808089192 2540.7098570160033
162 2744 163.57681731447343 2847.559515293256 266 2846 264.4231826855265 2742.440484706744
298 2742 299.4222728293801 2835.4096064733776 392 2834 390.5777271706199 2740.5903935266224
426 2738 427.45503599248474 2833.5613695593424 530 2832 528.5449640075152 2736.4386304406576
556 2734 557.3272283057166 2821.167434528965 634 2820 632.6727716942834 2732.832565471035
674 2734 675.4817727908099 2831.317343348843 762 2830 760.5182272091901 2732.682656651157
780 2730 781.578208014038 2833.6508512847477 890 2832 888.421791985962 2728.3491487152523
910 2728 911.6353901428603 2835.406361507727 1004 2834 1002.3646098571397 2726.593638492273
1030 2728 1031.574499481866 2831.4072886407703 1124 2830 1122.425500518134 2726.5927113592297
1150 2720 1151.4517910268341 2815.348252245862 1240 2814 1238.5482089731659 2718.651747754138
1268 2726 1269.3664814001222 2815.7454322418894 1384 2814 1382.6335185998778 2724.2545677581106
1402 2720 1403.3599914688214 2809.319197614929 1490 2808 1488.6400085311786 2718.680802385071
1514 2716 1515.4508638937912 2811.2873615848675 1600 2810 1598.5491361062088 2714.7126384151325
1624 2708 1625.4259813615522 2801.653169117355 1734 2800 1732.5740186384478 2706.346830882645
1756 2712 1757.3014186404346 2797.472351400458 1854 2796 1852.6985813595654 2710.527648599542
1874 2702 1875.4194914302511 2795.226934490395 1956 2794 1954.5805085697489 2700.773065509605
1990 2706 1991.30002794087 2791.3810154089665 2082 2790 2080.69997205913 2704.6189845910335
2106 2692 2107.3323275374532 2779.502333164434 2206 2778 2204.6676724625468 2690.497666835566
2240 2694 2241.0518296316777 2763.080270636167 2312 2762 2310.9481703683223 2692.919729363833
2348 2692 2349.3959995975765 2783.684078014374 2460 2782 2458.6040004024235 2690.315921985626
2478 2678 2479.360455035343 2767.3496429454262 2568 2766 2566.639544964657 2676.6503570545738
192 2860 193.6944265377686 2971.2836530526956 278 2970 276.3055734622314 2858.7163469473044
300 2854 301.3304732713671 2941.380551842445 392 2940 390.6695267286329 2852.619448157555
420 2848 421.4826999238529 2945.378234009838 512 2944 510.5173000761471 2846.621765990162
538 2846 539.6012362801912 2951.1632624302715 616 2950 614.3987637198088 2844.8367375697285
648 2846 649.5468355504978 2947.590424190275 754 2946 752.4531644495022 2844.409575809725
778 2848 779.3950724645335 2939.6231873533793 886 2938 884.6049275354665 2846.3768126466207
902 2842 903.4255177950306 2935.622723786858 1010 2934 1008.5744822049694 2840.377276213142
1042 2848 1043.1408477905618 2922.9266532841166 1104 2922 1102.8591522094382 2847.0733467158834
1154 2840 1155.4218092628585 2933.3791611428805 1246 2932 1244.5781907371415 2838.6208388571195
1264 2834 1265.4813092242885 2931.286898018346 1350 2930 1348.5186907757115 2832.713101981654
1390 2828 1391.5154630869577 2927.5299970958017 1492 2926 1490.4845369130423 2826.4700029041983
1504 2820 1505.393681764969 2911.5318513618877 1606 2910 1604.606318235031 2818.4681486381123
1626 2832 1627.337890335711 2919.8676771303994 1750 2918 1748.662109664289 2830.1323228696006
1770 2816 1771.387191833668 2907.1056167349275 1844 2906 1842.612808166332 2814.8943832650725
1876 2818 1877.2677283442868 2901.259697653499 1960 2900 1958.7322716557132 2816.740302346501
1994 2810 1995.300955073913 2895.4419060699606 2090 2894 2088.6990449260875 2808.5580939300394
2108 2792 2109.6054083788845 2897.437270404746 2204 2896 2202.3945916211155 2790.562729595254
2228 2802 2229.303736473042 2887.6245780529434 2336 2886 2334.696263526958 2800.3754219470566
2356 2810 2357.148728421427 2885.4442239025684 2452 2884 2450.851271578573 2808.5557760974316
302 2976 303.63353587677426 3083.284580185739 388 3082 386.36646412322574 2974.715419814261
420 2986 421.54822625006227 3087.681760181766 532 3086 530.4517737499377 2984.318239818234
548 2976 549.5749630483875 3079.4377339712673 644 3078 642.4250369516125 2974.5622660287327
668 2970 669.6404893745968 3077.741260143196 784 3076 782.3595106254032 2968.258739856804
808 2968 809.3202748078941 3054.7107545715076 856 3054 854.6797251921059 2967.2892454284924
894 2970 895.5168537865221 3069.6213330872934 1002 3068 1000.4831462134779 2968.3786669127066
1040 2960 1041.6072626449707 3065.559051726734 1144 3064 1142.3927373550293 2958.440948273266
1168 2950 1169.5094367221782 3049.1342077993386 1244 3048 1242.4905632778218 2948.8657922006614
1274 2952 1275.4259813615522 3045.653169117355 1384 3044 1382.5740186384478 2950.346830882645
1400 2936 1401.5417363187612 3037.2555255548054 1484 3036 1482.4582636812388 2934.7444744451946
1510 2942 1511.3346453700608 3029.6545598169196 1620 3028 1618.6653546299392 2940.3454401830804
1652 2940 1653.44437396249 3034.8611269579073 1710 3034 1708.55562603751 2939.1388730420927
1758 2942 1759.4227363959017 3035.4400518038747 1854 3034 1852.5772636040983 2940.5599481961253
1868 2928 1869.4831634903746 3025.4086793403344 1962 3024 1960.5168365096254 2926.5913206596656
1984 2916 1985.759025730935 3031.52628856363 2086 3030 2084.240974269065 2914.47371143637
2104 2918 2105.726726134352 3031.404970808163 2198 3030 2196.273273865648 2916.595029191837
2256 2932 2257.478064258638 3029.073780704866 2328 3028 2326.521935741362 2930.926219295134
320 3102 321.1431656231691 3177.0788799366023 392 3176 390.8568343768309 3100.9211200633977
434 3098 435.2686554773298 3181.3205883144938 522 3180 520.7313445226702 3096.6794116855062
544 3100 545.2091555159 3179.412851439028 638 3178 636.7908444841 3098.587148560972
666 3096 667.2091555159 3175.412851439028 760 3174 758.7908444841 3094.587148560972
784 3088 785.3604550353429 3177.3496429454262 874 3176 872.6395449646571 3086.6503570545738
896 3088 897.2423822455261 3169.5950598554896 1002 3168 1000.7576177544739 3086.4049401445104
1028 3074 1029.605871945406 3179.467715735243 1126 3178 1124.394128054594 3072.532284264757
1162 3082 1163.2700461768943 3165.411924305985 1256 3164 1254.7299538231057 3080.588075694015
1266 3050 1267.884052018574 3173.737551611024 1382 3172 1380.115947981426 3048.262448388976
1396 3066 1397.4513274603128 3161.317806915365 1484 3160 1482.5486725396872 3064.682193084635
1504 3054 1505.4522545933557 3149.3786975763587 1596 3148 1594.5477454066443 3052.6213024236413
1636 3054 1637.7290439669594 3167.5571974606487 1740 3166 1738.2709560330406 3052.4428025393513
1784 3058 1785.507582456092 3157.0124264773503 1852 3156 1850.492417543908 3056.9875735226497
1862 3040 1863.8798799198805 3163.4635436365493 1960 3162 1958.1201200801195 3038.5364563634507
1990 3052 1991.4859448895036 3149.591351323318 2096 3148 2094.5140551104964 3050.408648676682
2122 3054 2123.4541088594415 3149.500478898348 2222 3148 2220.5458911405585 3052.499521101652
316 3214 317.38950966627544 3305.2578433874137 400 3304 398.61049033372456 3212.7421566125863
436 3208 437.6377079754678 3315.558588160213 540 3314 538.3622920245323 3206.441411839787
562 3208 563.6353901428603 3315.406361507727 656 3314 654.3646098571397 3206.593638492273
674 3206 675.5140723873931 3305.43866110431 770 3304 768.4859276126069 3204.56133889569
804 3206 805.474355726466 3302.8302180608885 860 3302 858.525644273534 3205.1697819391115
904 3196 905.4582809581352 3291.7744868728223 1022 3290 1020.5417190418648 3194.2255131271777
1052 3198 1053.3932181984476 3289.501406031391 1152 3288 1150.6067818015524 3196.498593968609
1170 3184 1171.3544286705633 3272.953853648963 1234 3272 1232.6455713294367 3183.046146351037
1274 3190 1275.302809339999 3275.5636873919498 1378 3274 1376.697190660001 3188.4363126080502
1394 3184 1395.547762683541 3285.651314851269 1504 3284 1502.452237316459 3182.348685148731
1526 3196 1527.4208821298157 3289.3182704818864 1614 3288 1612.5791178701843 3194.6817295181136
1642 3186 1643.3004915073914 3271.411460739464 1736 3270 1734.6995084926086 3184.588539260536
1774 3190 1775.2091555159 3269.412851439028 1868 3268 1866.7908444841 3188.587148560972
1872 3158 1873.8203799584508 3277.5558067610837 1976 3276 1974.1796200415492 3156.4441932389163
2002 3162 2003.6335358767742 3269.284580185739 2088 3268 2086.366464123226 3160.715419814261
2116 3168 2117.3327911039746 3255.532778494931 2218 3254 2216.6672088960254 3166.467221505069
2244 3164 2245.1773194858383 3241.321979014058 2332 3240 2330.8226805141617 3162.678020985942
318 3332 319.48826272211096 3429.7435779758034 434 3428 432.51173727788904 3330.2564220241966
454 3340 455.3553558036063 3429.0147443099577 522 3428 520.6446441963938 3338.9852556900423
540 3326 541.4306170267671 3419.9576224223265 670 3418 668.5693829732329 3324.0423775776735
700 3350 701.0804206960888 3420.958025747657 764 3420 762.9195793039112 3349.041974252343
808 3322 809.485481322982 3419.5609059928206 912 3418 910.514518677018 3320.4390940071794
938 3314 939.3904367993185 3405.3187340484074 1026 3404 1024.6095632006816 3312.6812659515926
1056 3316 1057.4522545933557 3411.3786975763587 1148 3410 1146.5477454066443 3314.6213024236413
1164 3308 1165.4504003272698 3403.2569162543705 1248 3402 1246.5495996727302 3306.7430837456295
1276 3310 1277.5449812844117 3411.4686428682858 1374 3410 1372.4550187155883 3308.5313571317142
1406 3312 1407.3932181984476 3403.501406031391 1506 3402 1504.6067818015524 3310.498593968609
1528 3306 1529.6353901428602 3413.406361507727 1622 3412 1620.3646098571398 3304.593638492273
1676 3302 1677.575426614909 3405.468179301765 1774 3404 1772.424573385091 3300.531820698235
1780 3302 1781.4517910268341 3397.348252245862 1870 3396 1868.5482089731659 3300.651747754138
424 3450 425.3641635675148 3539.5932055894036 530 3538 528.6358364324851 3448.4067944105964
568 3444 569.300955073913 3529.4419060699606 664 3528 662.699044926087 3442.5580939300394
682 3436 683.4868720225464 3533.652241984312 792 3532 790.5131279774536 3434.347758015688
806 3428 807.5731087823015 3531.3159526492786 894 3530 892.4268912176985 3426.6840473507214
920 3424 921.6667626064004 3533.4667886022 1018 3532 1016.3332373935996 3422.5332113978
1058 3430 1059.5122181213071 3529.316879782322 1146 3528 1144.4877818786929 3428.683120217678
1182 3434 1183.5126816878287 3533.347325112819 1272 3532 1270.4873183121713 3432.652674887181
1292 3432 1293.4245906619876 3525.5618331258634 1396 3524 1394.5754093380124 3430.4381668741366
1424 3428 1425.5061917565276 3526.9210904858587 1486 3526 1484.4938082434724 3427.0789095141413
1516 3434 1517.3876554001895 3525.1360620654245 1592 3524 1590.6123445998105 3432.8639379345755
1642 3416 1643.392754631926 3507.4709607008936 1740 3506 1738.607245368074 3414.5290392991064
452 3570 453.4499367607483 3665.226470923873 534 3664 532.5500632392518 3568.773529076127
568 3562 569.787616795346 3679.4040436751197 662 3678 660.212383204654 3560.5959563248803
684 3564 685.7543900657199 3679.2218352586583 766 3678 764.2456099342801 3562.7781647413417
800 3556 801.7543900657199 3671.2218352586583 882 3670 880.2456099342801 3554.7781647413417
914 3556 915.6353901428603 3663.406361507727 1008 3662 1006.3646098571397 3554.593638492273
1058 3550 1059.8185256923648 3669.4340254390954 1154 3668 1152.1814743076352 3548.5659745609046
1174 3556 1175.6999893360266 3667.6489970186612 1284 3666 1282.3000106639734 3554.3510029813388
1308 3552 1309.7253354347872 3665.3136348166713 1396 3664 1394.2746645652128 3550.6863651833287
3084 2436 3085.5408091857184 2537.194634893812 3164 2536 3162.4591908142816 2434.805365106188
338 3456 339.5721816492584 3559.2550619882845 422 3558 420.4278183507416 3454.7449380117155
# Transcript
RCONTOS
*RISTONIKOS ARI
*N***HI AGAQHI TOY DHMO*
AQHNAI H QYSIA WS KALLIST
IKROIS KAI PROSODOS WS PLE*
*S DEDOCQAI TOIS NOMOQET
*AN DEK* *MERAIS PROTERON N
A ETH KATA DIKLHRIAN TWI TO P
OTERWI ETEI H WI AN H DA
SQWTAI* EGGYHTAS LAMBANO*
* *ENTHKOSTHN PWLEIN THN EN T*
* TOYS DE PRYTANEIS PROGRAFEI
N MISQWSIN THS NEAS D*ARRHDHN
THN PRASIN THS EN THI NEAI CWRI
SODOS GENHTAI DYOIN TALA*TO
WN KTHMATWN TWN EN THI NE*
PXEIN THI AQHNAI TOYTO
*QHNAIWN TWN MIKRWN T
*IZONTWN AYTO EIS TA*
ON D EINAI KAI TOM PRO
AI MISQOYN KAQO
I TON DE TAMIAN
ONTASTHS
# Lines: x1 y1 x2 y2 x3 y3 x4 y4
