# Baseline angle
0
# Boxes: x1 y1 x2 y2 x3 y3 x4 y4
2062 246 2062 368 2170 368 2170 246
2164 244 2164 362 2266 362 2266 244
2274 240 2274 356 2404 356 2404 240
2400 240 2400 358 2522 358 2522 240
2518 238 2518 352 2608 352 2608 238
2602 244 2602 354 2722 354 2722 244
2714 238 2714 360 2814 360 2814 238
2822 234 2822 358 2918 358 2918 234
2898 232 2898 358 2998 358 2998 232
2982 240 2982 346 3096 346 3096 240
3086 236 3086 350 3200 350 3200 236
3194 232 3194 356 3308 356 3308 232
3298 238 3298 350 3352 350 3352 238
3352 236 3352 342 3450 342 3450 236
3452 268 3452 348 3592 348 3592 268
3576 234 3576 356 3686 356 3686 234
3676 232 3676 354 3790 354 3790 232
3802 226 3802 344 3920 344 3920 226
424 434 424 552 536 552 536 434
538 432 538 548 640 548 640 432
632 432 632 540 730 540 730 432
710 422 710 548 818 548 818 422
812 420 812 554 934 554 934 420
920 420 920 552 1040 552 1040 420
1032 420 1032 544 1162 544 1162 420
1166 420 1166 546 1290 546 1290 420
1322 442 1322 530 1454 530 1454 442
1452 428 1452 536 1572 536 1572 428
1570 422 1570 538 1684 538 1684 422
1680 432 1680 542 1772 542 1772 432
2302 414 2302 530 2386 530 2386 414
2382 408 2382 518 2486 518 2486 408
2474 418 2474 528 2566 528 2566 418
2558 412 2558 522 2682 522 2682 412
2680 410 2680 520 2792 520 2792 410
2780 396 2780 528 2884 528 2884 396
2878 396 2878 512 3006 512 3006 396
2998 400 2998 514 3084 514 3084 400
3078 416 3078 520 3172 520 3172 416
3154 392 3154 528 3242 528 3242 392
3258 396 3258 520 3362 520 3362 396
3382 394 3382 530 3490 530 3490 394
3478 386 3478 522 3592 522 3592 386
3594 396 3594 516 3712 516 3712 396
3736 394 3736 522 3848 522 3848 394
3862 398 3862 526 3976 526 3976 398
602 586 602 712 706 712 706 586
688 586 688 710 806 710 806 586
806 582 806 702 916 702 916 582
910 582 910 700 1026 700 1026 582
1010 594 1010 712 1114 712 1114 594
1116 592 1116 714 1228 714 1228 592
1220 576 1220 700 1338 700 1338 576
1332 594 1332 708 1442 708 1442 594
1428 588 1428 708 1532 708 1532 588
1522 584 1522 708 1624 708 1624 584
1616 594 1616 704 1722 704 1722 594
1688 580 1688 706 1784 706 1784 580
1774 598 1774 698 1876 698 1876 598
2348 576 2348 698 2458 698 2458 576
2436 572 2436 694 2546 694 2546 572
2536 578 2536 688 2624 688 2624 578
2608 576 2608 694 2716 694 2716 576
2706 588 2706 698 2794 698 2794 588
2790 558 2790 684 2904 684 2904 558
2898 560 2898 692 2948 692 2948 560
2944 558 2944 686 3062 686 3062 558
3056 574 3056 666 3148 666 3148 574
3140 558 3140 682 3236 682 3236 558
3228 558 3228 676 3318 676 3318 558
3310 562 3310 682 3414 682 3414 562
3424 554 3424 678 3524 678 3524 554
3516 556 3516 676 3620 676 3620 556
3626 554 3626 668 3748 668 3748 554
3744 548 3744 670 3856 670 3856 548
3840 548 3840 672 3946 672 3946 548
3936 568 3936 666 4032 666 4032 568
650 760 650 882 752 882 752 760
740 744 740 878 842 878 842 744
840 762 840 874 926 874 926 762
912 742 912 876 1026 876 1026 742
1020 740 1020 870 1120 870 1120 740
1116 754 1116 874 1216 874 1216 754
1218 742 1218 868 1304 868 1304 742
1300 746 1300 866 1364 866 1364 746
1374 746 1374 862 1478 862 1478 746
1482 750 1482 870 1576 870 1576 750
1564 732 1564 874 1682 874 1682 732
2390 730 2390 864 2488 864 2488 730
2480 730 2480 848 2598 848 2598 730
2584 738 2584 844 2666 844 2666 738
2662 724 2662 854 2758 854 2758 724
2760 722 2760 842 2864 842 2864 722
2860 734 2860 832 2986 832 2986 734
2968 718 2968 842 3088 842 3088 718
3084 716 3084 840 3216 840 3216 716
3202 714 3202 844 3296 844 3296 714
3272 712 3272 834 3354 834 3354 712
3358 706 3358 836 3434 836 3434 706
3422 708 3422 838 3476 838 3476 708
3480 712 3480 824 3570 824 3570 712
3558 720 3558 818 3646 818 3646 720
3644 722 3644 814 3720 814 3720 722
3706 708 3706 832 3816 832 3816 708
3810 718 3810 854 3914 854 3914 718
3900 714 3900 834 4004 834 4004 714
552 904 552 1030 652 1030 652 904
644 918 644 1034 754 1034 754 918
764 890 764 1046 874 1046 874 890
862 902 862 1034 976 1034 976 902
962 894 962 1024 1064 1024 1064 894
1070 904 1070 1022 1172 1022 1172 904
1164 908 1164 1024 1214 1024 1214 908
1214 900 1214 1026 1332 1026 1332 900
1334 898 1334 1020 1422 1020 1422 898
1396 916 1396 1028 1544 1028 1544 916
1500 904 1500 1026 1622 1026 1622 904
1598 926 1598 1024 1724 1024 1724 926
1720 906 1720 1020 1768 1020 1768 906
1760 898 1760 1024 1864 1024 1864 898
1856 892 1856 1026 1948 1026 1948 892
2356 890 2356 1030 2460 1030 2460 890
2448 890 2448 1020 2550 1020 2550 890
2552 898 2552 1020 2676 1020 2676 898
2656 886 2656 1010 2722 1010 2722 886
2714 892 2714 1016 2840 1016 2840 892
2840 884 2840 1008 2942 1008 2942 884
2928 878 2928 1008 3034 1008 3034 878
3028 890 3028 1000 3124 1000 3124 890
3116 882 3116 1026 3224 1026 3224 882
3226 880 3226 1000 3282 1000 3282 880
3278 870 3278 1002 3390 1002 3390 870
3382 898 3382 996 3472 996 3472 898
3480 872 3480 1006 3608 1006 3608 872
3596 872 3596 988 3706 988 3706 872
3700 892 3700 992 3804 992 3804 892
534 1082 534 1210 658 1210 658 1082
654 1082 654 1214 700 1214 700 1082
698 1092 698 1190 780 1190 780 1092
766 1068 766 1196 876 1196 876 1068
874 1068 874 1194 986 1194 986 1068
976 1062 976 1192 1080 1192 1080 1062
1072 1058 1072 1188 1182 1188 1182 1058
1160 1064 1160 1196 1276 1196 1276 1064
1272 1086 1272 1196 1366 1196 1366 1086
1342 1058 1342 1192 1466 1192 1466 1058
1460 1070 1460 1190 1564 1190 1564 1070
1554 1066 1554 1196 1674 1196 1674 1066
1656 1062 1656 1186 1770 1186 1770 1062
1748 1050 1748 1194 1862 1194 1862 1050
1854 1058 1854 1180 1964 1180 1964 1058
2390 1058 2390 1184 2482 1184 2482 1058
2486 1074 2486 1180 2582 1180 2582 1074
2574 1058 2574 1178 2628 1178 2628 1058
2628 1048 2628 1180 2730 1180 2730 1048
2724 1048 2724 1180 2824 1180 2824 1048
2832 1048 2832 1172 2936 1172 2936 1048
2930 1048 2930 1170 3034 1170 3034 1048
3024 1044 3024 1176 3120 1176 3120 1044
3112 1054 3112 1164 3210 1164 3210 1054
3190 1052 3190 1166 3300 1166 3300 1052
3294 1050 3294 1164 3390 1164 3390 1050
3370 1040 3370 1166 3468 1166 3468 1040
3452 1052 3452 1174 3538 1174 3538 1052
3520 1042 3520 1158 3616 1158 3616 1042
3598 1044 3598 1160 3708 1160 3708 1044
3694 1046 3694 1158 3772 1158 3772 1046
3758 1062 3758 1158 3838 1158 3838 1062
3824 1050 3824 1162 3874 1162 3874 1050
3856 1062 3856 1156 3938 1156 3938 1062
642 1248 642 1350 744 1350 744 1248
740 1250 740 1358 842 1358 842 1250
842 1246 842 1348 950 1348 950 1246
956 1256 956 1350 1046 1350 1046 1256
1050 1244 1050 1352 1156 1352 1156 1244
1150 1244 1150 1342 1248 1342 1248 1244
1234 1230 1234 1358 1340 1358 1340 1230
1316 1238 1316 1378 1438 1378 1438 1238
1420 1246 1420 1364 1536 1364 1536 1246
1528 1230 1528 1366 1646 1366 1646 1230
1628 1230 1628 1356 1690 1356 1690 1230
1686 1218 1686 1352 1798 1352 1798 1218
1794 1236 1794 1344 1882 1344 1882 1236
1858 1220 1858 1344 1972 1344 1972 1220
1944 1222 1944 1354 2052 1354 2052 1222
2046 1230 2046 1348 2144 1348 2144 1230
2140 1236 2140 1362 2240 1362 2240 1236
2226 1234 2226 1350 2328 1350 2328 1234
2304 1232 2304 1358 2402 1358 2402 1232
2396 1242 2396 1338 2482 1338 2482 1242
2476 1228 2476 1340 2588 1340 2588 1228
2576 1220 2576 1354 2682 1354 2682 1220
2668 1222 2668 1346 2774 1346 2774 1222
2768 1222 2768 1334 2866 1334 2866 1222
2858 1226 2858 1342 2942 1342 2942 1226
2940 1222 2940 1338 3034 1338 3034 1222
3020 1228 3020 1336 3102 1336 3102 1228
3078 1212 3078 1334 3168 1334 3168 1212
3176 1218 3176 1348 3276 1348 3276 1218
3264 1216 3264 1330 3372 1330 3372 1216
3364 1210 3364 1330 3460 1330 3460 1210
3448 1206 3448 1334 3556 1334 3556 1206
3538 1210 3538 1328 3664 1328 3664 1210
1074 1396 1074 1522 1172 1522 1172 1396
1174 1412 1174 1512 1262 1512 1262 1412
1252 1384 1252 1524 1362 1524 1362 1384
1354 1400 1354 1516 1456 1516 1456 1400
1460 1414 1460 1518 1568 1518 1568 1414
1540 1384 1540 1516 1652 1516 1652 1384
1646 1394 1646 1504 1736 1504 1736 1394
1740 1402 1740 1504 1832 1504 1832 1402
1824 1380 1824 1526 1946 1526 1946 1380
1926 1388 1926 1502 2020 1502 2020 1388
2008 1380 2008 1514 2126 1514 2126 1380
2092 1396 2092 1504 2194 1504 2194 1396
2188 1392 2188 1492 2278 1492 2278 1392
2264 1382 2264 1502 2358 1502 2358 1382
2362 1390 2362 1502 2414 1502 2414 1390
2414 1396 2414 1506 2524 1506 2524 1396
2504 1376 2504 1494 2612 1494 2612 1376
2602 1386 2602 1494 2738 1494 2738 1386
2720 1382 2720 1480 2810 1480 2810 1382
2804 1372 2804 1484 2846 1484 2846 1372
2840 1368 2840 1494 2936 1494 2936 1368
2926 1378 2926 1492 3058 1492 3058 1378
3054 1366 3054 1492 3160 1492 3160 1366
3144 1366 3144 1496 3254 1496 3254 1366
3238 1368 3238 1488 3344 1488 3344 1368
3332 1352 3332 1488 3434 1488 3434 1352
3430 1362 3430 1484 3536 1484 3536 1362
3536 1368 3536 1484 3644 1484 3644 1368
3634 1354 3634 1480 3744 1480 3744 1354
3748 1364 3748 1484 3796 1484 3796 1364
3794 1380 3794 1468 3912 1468 3912 1380
3902 1354 3902 1482 4014 1482 4014 1354
946 1566 946 1688 1026 1688 1026 1566
1030 1574 1030 1676 1128 1676 1128 1574
1126 1558 1126 1678 1230 1678 1230 1558
1210 1568 1210 1682 1328 1682 1328 1568
1324 1572 1324 1688 1376 1688 1376 1572
1384 1564 1384 1680 1502 1680 1502 1564
1494 1564 1494 1670 1618 1670 1618 1564
1618 1550 1618 1682 1732 1682 1732 1550
1716 1546 1716 1676 1800 1676 1800 1546
1800 1560 1800 1678 1862 1678 1862 1560
1858 1562 1858 1682 1976 1682 1976 1562
1964 1552 1964 1686 2088 1686 2088 1552
2078 1558 2078 1672 2192 1672 2192 1558
2178 1564 2178 1666 2324 1666 2324 1564
2318 1548 2318 1664 2420 1664 2420 1548
2416 1546 2416 1662 2520 1662 2520 1546
2512 1538 2512 1662 2648 1662 2648 1538
2636 1548 2636 1658 2744 1658 2744 1548
2736 1540 2736 1654 2844 1654 2844 1540
2838 1536 2838 1650 2946 1650 2946 1536
2934 1532 2934 1658 3038 1658 3038 1532
3030 1536 3030 1650 3154 1650 3154 1536
3150 1548 3150 1658 3254 1658 3254 1548
3260 1534 3260 1650 3382 1650 3382 1534
3378 1548 3378 1646 3482 1646 3482 1548
3482 1534 3482 1656 3600 1656 3600 1534
3586 1540 3586 1654 3692 1654 3692 1540
3696 1534 3696 1650 3808 1650 3808 1534
3804 1520 3804 1654 3916 1654 3916 1520
868 1724 868 1840 926 1840 926 1724
928 1732 928 1828 1034 1828 1034 1732
1038 1726 1038 1828 1150 1828 1150 1726
1146 1716 1146 1830 1290 1830 1290 1716
1282 1714 1282 1830 1388 1830 1388 1714
1382 1724 1382 1834 1498 1834 1498 1724
1486 1720 1486 1836 1592 1836 1592 1720
1572 1714 1572 1836 1670 1836 1670 1714
1672 1712 1672 1846 1726 1846 1726 1712
1714 1720 1714 1832 1804 1832 1804 1720
1794 1716 1794 1828 1892 1828 1892 1716
1888 1702 1888 1818 2002 1818 2002 1702
1990 1692 1990 1818 2096 1818 2096 1692
2084 1690 2084 1834 2200 1834 2200 1690
2180 1694 2180 1818 2298 1818 2298 1694
2290 1690 2290 1820 2394 1820 2394 1690
2372 1690 2372 1810 2498 1810 2498 1690
2490 1690 2490 1810 2622 1810 2622 1690
2608 1686 2608 1808 2726 1808 2726 1686
2710 1696 2710 1820 2812 1820 2812 1696
2818 1692 2818 1816 2926 1816 2926 1692
2924 1688 2924 1808 3018 1808 3018 1688
3016 1678 3016 1812 3062 1812 3062 1678
3052 1690 3052 1806 3152 1806 3152 1690
3142 1690 3142 1820 3254 1820 3254 1690
3260 1684 3260 1814 3350 1814 3350 1684
3350 1694 3350 1804 3456 1804 3456 1694
3444 1686 3444 1800 3548 1800 3548 1686
3536 1686 3536 1796 3634 1796 3634 1686
3630 1686 3630 1802 3742 1802 3742 1686
3744 1696 3744 1790 3900 1790 3900 1696
3890 1676 3890 1818 4006 1818 4006 1676
610 1878 610 2010 716 2010 716 1878
700 1882 700 2000 828 2000 828 1882
824 1876 824 2002 920 2002 920 1876
908 1866 908 1992 1006 1992 1006 1866
1002 1872 1002 1998 1106 1998 1106 1872
1094 1864 1094 1988 1196 1988 1196 1864
1170 1874 1170 1982 1272 1982 1272 1874
1256 1870 1256 1986 1340 1986 1340 1870
1334 1852 1334 1980 1458 1980 1458 1852
3146 1856 3146 1982 3256 1982 3256 1856
3264 1848 3264 1988 3358 1988 3358 1848
3356 1838 3356 1976 3464 1976 3464 1838
3476 1852 3476 1980 3560 1980 3560 1852
3670 1846 3670 1980 3796 1980 3796 1846
3780 1852 3780 1980 3902 1980 3902 1852
2566 2058 2566 2166 2668 2166 2668 2058
2664 2044 2664 2152 2768 2152 2768 2044
2766 2048 2766 2158 2902 2158 2902 2048
2890 2038 2890 2146 3008 2146 3008 2038
2994 2038 2994 2148 3088 2148 3088 2038
3078 2038 3078 2162 3206 2162 3206 2038
3204 2030 3204 2162 3316 2162 3316 2030
3322 2038 3322 2150 3416 2150 3416 2038
3412 2032 3412 2164 3512 2164 3512 2032
3508 2028 3508 2170 3624 2170 3624 2028
3634 2036 3634 2148 3740 2148 3740 2036
2468 2208 2468 2316 2598 2316 2598 2208
2588 2210 2588 2334 2676 2334 2676 2210
2670 2218 2670 2324 2758 2324 2758 2218
2762 2212 2762 2320 2842 2320 2842 2212
3048 2200 3048 2320 3158 2320 3158 2200
3154 2220 3154 2314 3238 2314 3238 2220
3240 2196 3240 2318 3350 2318 3350 2196
3352 2218 3352 2302 3434 2302 3434 2218
3432 2194 3432 2300 3564 2300 3564 2194
3560 2192 3560 2306 3650 2306 3650 2192
3630 2198 3630 2320 3756 2320 3756 2198
3754 2192 3754 2306 3854 2306 3854 2192
3856 2190 3856 2314 3986 2314 3986 2190
2422 2390 2422 2498 2524 2498 2524 2390
2502 2384 2502 2494 2550 2494 2550 2384
2548 2380 2548 2500 2664 2500 2664 2380
2640 2372 2640 2490 2748 2490 2748 2372
2738 2390 2738 2492 2844 2492 2844 2390
2860 2398 2860 2502 2958 2502 2958 2398
2936 2366 2936 2496 3044 2496 3044 2366
3034 2370 3034 2498 3144 2498 3144 2370
3142 2372 3142 2508 3256 2508 3256 2372
3248 2364 3248 2502 3336 2502 3336 2364
3318 2376 3318 2500 3424 2500 3424 2376
3392 2362 3392 2502 3496 2502 3496 2362
3492 2370 3492 2504 3596 2504 3596 2370
3586 2354 3586 2492 3640 2492 3640 2354
3640 2356 3640 2476 3762 2476 3762 2356
3756 2344 3756 2478 3852 2478 3852 2344
3836 2360 3836 2502 3942 2502 3942 2360
2412 2584 2412 2698 2506 2698 2506 2584
2504 2588 2504 2672 2590 2672 2590 2588
2576 2560 2576 2690 2680 2690 2680 2560
2670 2564 2670 2682 2776 2682 2776 2564
2766 2558 2766 2694 2874 2694 2874 2558
2868 2556 2868 2684 2974 2684 2974 2556
2962 2552 2962 2682 3064 2682 3064 2552
3060 2554 3060 2692 3178 2692 3178 2554
3162 2550 3162 2680 3268 2680 3268 2550
3258 2572 3258 2676 3348 2676 3348 2572
3332 2556 3332 2682 3386 2682 3386 2556
3368 2560 3368 2682 3472 2682 3472 2560
3468 2568 3468 2692 3582 2692 3582 2568
3584 2566 3584 2676 3680 2676 3680 2566
3656 2556 3656 2676 3754 2676 3754 2556
3746 2562 3746 2682 3854 2682 3854 2562
3866 2568 3866 2668 3950 2668 3950 2568
3958 2548 3958 2664 4074 2664 4074 2548
2366 2748 2366 2858 2484 2858 2484 2748
2484 2744 2484 2852 2588 2852 2588 2744
2890 2756 2890 2866 3024 2866 3024 2756
3018 2762 3018 2858 3142 2858 3142 2762
3132 2740 3132 2874 3228 2874 3228 2740
3222 2756 3222 2852 3300 2852 3300 2756
3300 2740 3300 2884 3410 2884 3410 2740
3410 2758 3410 2856 3504 2856 3504 2758
3486 2724 3486 2862 3572 2862 3572 2724
3572 2752 3572 2844 3652 2844 3652 2752
3640 2708 3640 2866 3752 2866 3752 2708
3742 2716 3742 2838 3842 2838 3842 2716
3830 2714 3830 2840 3916 2840 3916 2714
3908 2718 3908 2844 4020 2844 4020 2718
2496 2936 2496 3018 2560 3018 2560 2936
2656 2928 2656 3038 2770 3038 2770 2928
2782 2924 2782 3028 2876 3028 2876 2924
2876 2914 2876 3022 2966 3022 2966 2914
2964 2912 2964 3024 3074 3024 3074 2912
3060 2898 3060 3026 3172 3026 3172 2898
3180 2910 3180 3038 3222 3038 3222 2910
3230 2908 3230 3012 3312 3012 3312 2908
3308 2910 3308 3030 3438 3030 3438 2910
3452 2908 3452 3026 3542 3026 3542 2908
3554 2910 3554 3016 3648 3016 3648 2910
3632 2912 3632 3024 3718 3024 3718 2912
3696 2918 3696 3024 3796 3024 3796 2918
3758 2904 3758 3026 3878 3026 3878 2904
3854 2908 3854 3028 3966 3028 3966 2908
# Transcript
******EAMMANTEYMASIDWKEN
EYCHSEXAWNKO******EKOMASPROSETAXEN
**SMHNAENDEKATO*****THRGONIMOSGEGENHTO
*KHQHSTRICAS*******HSOSSWMMECRIECOYSA
NDEETEIPRWTWIST****SEPIMHKOSIKONTO
AIOYTEKYOYSAGYN****SOISECETOWSTOPAROIQ
*DEPONOYSDEINOYSTEKNOGENNHTOYSYPEM***
*******KOYROTROFOYLOCIASMOIRWNTETELEIWN
****BOYDIAMHTINEPWNOMASANDEGONHES
****IDAMANTEIASENEKENMNHMEIATEDELFWN
SDETETART*******TEKNSA*
***QHMARECOYSA
*MECR**NONOMAXAN
OIPYQOYSERATEINHS
LOYNTESPYQIAPOLLON
NQ***DWROFOROYNTE*
**O*MNHMEIANEGRAUA*
# Lines: x1 y1 x2 y2 x3 y3 x4 y4
