# Baseline angle
0
# Boxes: x1 y1 x2 y2 x3 y3 x4 y4
2122 212 2122 328 2220 328 2220 212
2224 210 2224 322 2326 322 2326 210
2332 210 2332 324 2452 324 2452 210
2452 206 2452 338 2576 338 2576 206
2572 220 2572 328 2664 328 2664 220
2656 206 2656 334 2776 334 2776 206
2770 216 2770 320 2870 320 2870 216
2872 216 2872 328 2968 328 2968 216
2950 206 2950 332 3044 332 3044 206
3042 220 3042 346 3160 346 3160 220
3150 228 3150 340 3254 340 3254 228
3256 222 3256 354 3358 354 3358 222
3358 222 3358 338 3408 338 3408 222
3406 222 3406 336 3496 336 3496 222
3502 238 3502 348 3640 348 3640 238
3634 236 3634 354 3736 354 3736 236
3736 236 3736 344 3840 344 3840 236
3856 244 3856 358 3974 358 3974 244
470 366 470 488 582 488 582 366
588 360 588 476 676 476 676 360
684 368 684 468 774 468 774 368
772 364 772 476 868 476 868 364
864 352 864 482 986 482 986 352
976 368 976 488 1084 488 1084 368
1082 356 1082 480 1214 480 1214 356
1222 360 1222 476 1324 476 1324 360
1380 388 1380 476 1494 476 1494 388
1502 366 1502 490 1614 490 1614 366
1622 374 1622 496 1730 496 1730 374
1734 394 1734 492 1822 492 1822 394
2356 382 2356 506 2456 506 2456 382
2438 382 2438 500 2540 500 2540 382
2536 392 2536 490 2620 490 2620 392
2612 390 2612 494 2730 494 2730 390
2734 378 2734 496 2842 496 2842 378
2828 382 2828 504 2928 504 2928 382
2928 394 2928 510 3054 510 3054 394
3050 372 3050 516 3140 516 3140 372
3138 402 3138 504 3220 504 3220 402
3204 388 3204 510 3308 510 3308 388
3306 366 3306 518 3416 518 3416 366
3426 390 3426 516 3552 516 3552 390
3528 392 3528 520 3650 520 3650 392
3650 396 3650 512 3760 512 3760 396
3782 378 3782 524 3904 524 3904 378
3916 396 3916 544 4038 544 4038 396
632 512 632 648 740 648 740 512
732 506 732 634 860 634 860 506
846 504 846 634 954 634 954 504
956 518 956 630 1066 630 1066 518
1060 540 1060 644 1164 644 1164 540
1160 540 1160 644 1274 644 1274 540
1266 530 1266 650 1398 650 1398 530
1374 540 1374 656 1484 656 1484 540
1472 534 1472 652 1568 652 1568 534
1570 536 1570 654 1668 654 1668 536
1660 536 1660 676 1778 676 1778 536
1734 526 1734 656 1840 656 1840 526
1824 556 1824 656 1924 656 1924 556
2384 548 2384 664 2504 664 2504 548
2486 542 2486 660 2588 660 2588 542
2582 540 2582 668 2674 668 2674 540
2656 538 2656 670 2766 670 2766 538
2754 572 2754 660 2844 660 2844 572
2842 548 2842 662 2960 662 2960 548
2942 528 2942 656 2990 656 2990 528
2992 532 2992 664 3110 664 3110 532
3108 548 3108 656 3198 656 3198 548
3176 540 3176 670 3290 670 3290 540
3278 548 3278 656 3372 656 3372 548
3360 546 3360 670 3470 670 3470 546
3468 552 3468 666 3574 666 3574 552
3572 538 3572 672 3666 672 3666 538
3662 546 3662 676 3804 676 3804 546
3798 546 3798 672 3890 672 3890 546
3892 552 3892 668 4002 668 4002 552
3990 574 3990 670 4078 670 4078 574
688 686 688 808 784 808 784 686
788 674 788 816 888 816 888 674
886 706 886 806 964 806 964 706
964 676 964 806 1068 806 1068 676
1054 676 1054 806 1154 806 1154 676
1146 692 1146 810 1266 810 1266 692
1250 678 1250 814 1344 814 1344 678
1342 686 1342 812 1414 812 1414 686
1416 688 1416 812 1522 812 1522 688
1518 696 1518 808 1620 808 1620 696
1608 682 1608 826 1724 826 1724 682
2432 698 2432 828 2538 828 2538 698
2524 698 2524 818 2624 818 2624 698
2622 708 2622 814 2718 814 2718 708
2706 690 2706 822 2810 822 2810 690
2804 682 2804 818 2912 818 2912 682
2900 702 2900 828 3034 828 3034 702
3018 688 3018 818 3130 818 3130 688
3122 694 3122 820 3244 820 3244 694
3232 690 3232 824 3326 824 3326 690
3316 700 3316 820 3416 820 3416 700
3402 696 3402 818 3474 818 3474 696
3470 702 3470 826 3530 826 3530 702
3518 700 3518 818 3618 818 3618 700
3616 712 3616 810 3696 810 3696 712
3682 716 3682 814 3774 814 3774 716
3762 694 3762 824 3864 824 3864 694
3858 696 3858 840 3950 840 3950 696
3946 708 3946 832 4042 832 4042 708
580 826 580 950 692 950 692 826
688 850 688 966 796 966 796 850
796 842 796 966 906 966 906 842
908 842 908 966 1012 966 1012 842
1010 836 1010 952 1114 952 1114 836
1106 840 1106 962 1212 962 1212 840
1202 848 1202 952 1248 952 1248 848
1246 842 1246 966 1370 966 1370 842
1364 838 1364 964 1460 964 1460 838
1448 866 1448 972 1574 972 1574 866
1570 848 1570 964 1658 964 1658 848
1636 878 1636 966 1770 966 1770 878
1768 850 1768 976 1810 976 1810 850
1802 852 1802 974 1902 974 1902 852
1910 846 1910 976 1994 976 1994 846
2382 856 2382 988 2490 988 2490 856
2482 854 2482 990 2588 990 2588 854
2586 864 2586 980 2702 980 2702 864
2700 862 2700 976 2768 976 2768 862
2762 868 2762 980 2878 980 2878 868
2878 858 2878 968 2968 968 2968 858
2970 866 2970 978 3074 978 3074 866
3076 872 3076 976 3160 976 3160 872
3166 870 3166 998 3262 998 3262 870
3268 870 3268 986 3326 986 3326 870
3320 866 3320 976 3434 976 3434 866
3420 888 3420 984 3516 984 3516 888
3504 858 3504 990 3638 990 3638 858
3644 862 3644 984 3750 984 3750 862
3752 884 3752 986 3848 986 3848 884
582 998 582 1118 670 1118 670 998
670 994 670 1120 726 1120 726 994
724 1020 724 1122 814 1122 814 1020
790 988 790 1130 910 1130 910 988
908 1000 908 1122 1016 1122 1016 1000
1006 998 1006 1124 1114 1124 1114 998
1104 998 1104 1128 1208 1128 1208 998
1192 990 1192 1132 1300 1132 1300 990
1294 1028 1294 1136 1398 1136 1398 1028
1376 1004 1376 1132 1496 1132 1496 1004
1484 1010 1484 1144 1596 1144 1596 1010
1600 1022 1600 1130 1710 1130 1710 1022
1700 1006 1700 1120 1814 1120 1814 1006
1790 996 1790 1136 1892 1136 1892 996
1896 1018 1896 1130 2000 1130 2000 1018
2410 1028 2410 1150 2516 1150 2516 1028
2514 1042 2514 1154 2616 1154 2616 1042
2608 1026 2608 1152 2656 1152 2656 1026
2660 1026 2660 1154 2760 1154 2760 1026
2746 1016 2746 1146 2864 1146 2864 1016
2860 1026 2860 1150 2964 1150 2964 1026
2964 1026 2964 1156 3068 1156 3068 1026
3068 1028 3068 1148 3156 1148 3156 1028
3146 1038 3146 1144 3234 1144 3234 1038
3230 1038 3230 1134 3326 1134 3326 1038
3312 1022 3312 1140 3416 1140 3416 1022
3412 1036 3412 1158 3506 1158 3506 1036
3482 1054 3482 1162 3564 1162 3564 1054
3558 1034 3558 1160 3668 1160 3668 1034
3646 1044 3646 1160 3742 1160 3742 1044
3728 1040 3728 1160 3806 1160 3806 1040
3796 1054 3796 1156 3878 1156 3878 1054
3862 1048 3862 1170 3904 1170 3904 1048
3908 1058 3908 1146 3986 1146 3986 1058
668 1172 668 1288 764 1288 764 1172
762 1174 762 1290 860 1290 860 1174
862 1164 862 1280 972 1280 972 1164
976 1172 976 1280 1070 1280 1070 1172
1072 1176 1072 1292 1188 1292 1188 1176
1186 1172 1186 1282 1272 1282 1272 1172
1252 1162 1252 1298 1366 1298 1366 1162
1354 1174 1354 1312 1462 1312 1462 1174
1446 1194 1446 1308 1566 1308 1566 1194
1578 1184 1578 1312 1670 1312 1670 1184
1664 1170 1664 1328 1714 1328 1714 1170
1722 1162 1722 1308 1834 1308 1834 1162
1828 1186 1828 1296 1914 1296 1914 1186
1896 1168 1896 1296 1998 1296 1998 1168
1982 1176 1982 1310 2086 1310 2086 1176
2090 1182 2090 1306 2188 1306 2188 1182
2174 1186 2174 1320 2262 1320 2262 1186
2248 1190 2248 1306 2344 1306 2344 1190
2326 1190 2326 1316 2424 1316 2424 1190
2416 1206 2416 1308 2504 1308 2504 1206
2496 1186 2496 1316 2606 1316 2606 1186
2598 1172 2598 1322 2706 1322 2706 1172
2694 1190 2694 1314 2802 1314 2802 1190
2802 1184 2802 1322 2892 1322 2892 1184
2880 1190 2880 1310 2982 1310 2982 1190
2972 1200 2972 1304 3066 1304 3066 1200
3056 1216 3056 1312 3146 1312 3146 1216
3120 1200 3120 1310 3194 1310 3194 1200
3212 1196 3212 1328 3308 1328 3308 1196
3300 1200 3300 1314 3402 1314 3402 1200
3386 1186 3386 1314 3508 1314 3508 1186
3492 1190 3492 1324 3582 1324 3582 1190
3578 1202 3578 1324 3696 1324 3696 1202
1094 1334 1094 1446 1198 1446 1198 1334
1204 1350 1204 1454 1290 1454 1290 1350
1274 1330 1274 1456 1386 1456 1386 1330
1384 1334 1384 1466 1474 1466 1474 1334
1490 1354 1490 1462 1594 1462 1594 1354
1568 1336 1568 1454 1688 1454 1688 1336
1676 1338 1676 1458 1776 1458 1776 1338
1768 1354 1768 1458 1866 1458 1866 1354
1858 1334 1858 1468 1972 1468 1972 1334
1966 1350 1966 1454 2062 1454 2062 1350
2048 1334 2048 1466 2158 1466 2158 1334
2130 1354 2130 1472 2230 1472 2230 1354
2220 1354 2220 1452 2310 1452 2310 1354
2296 1342 2296 1470 2386 1470 2386 1342
2380 1352 2380 1474 2440 1474 2440 1352
2430 1346 2430 1474 2530 1474 2530 1346
2528 1344 2528 1468 2636 1468 2636 1344
2620 1344 2620 1460 2750 1460 2750 1344
2742 1354 2742 1452 2846 1452 2846 1354
2830 1340 2830 1464 2876 1464 2876 1340
2876 1352 2876 1454 2956 1454 2956 1352
2948 1358 2948 1474 3076 1474 3076 1358
3076 1348 3076 1470 3188 1470 3188 1348
3172 1354 3172 1472 3274 1472 3274 1354
3266 1350 3266 1474 3364 1474 3364 1350
3358 1338 3358 1474 3474 1474 3474 1338
3466 1348 3466 1464 3568 1464 3568 1348
3560 1352 3560 1474 3678 1474 3678 1352
3662 1346 3662 1474 3778 1474 3778 1346
3772 1364 3772 1486 3830 1486 3830 1364
3818 1376 3818 1480 3930 1480 3930 1376
3936 1364 3936 1470 4042 1470 4042 1364
976 1498 976 1622 1052 1622 1052 1498
1050 1502 1050 1624 1146 1624 1146 1502
1142 1496 1142 1616 1248 1616 1248 1496
1238 1496 1238 1622 1346 1622 1346 1496
1352 1508 1352 1634 1408 1634 1408 1508
1400 1500 1400 1618 1514 1618 1514 1500
1512 1500 1512 1630 1644 1630 1644 1500
1646 1496 1646 1616 1746 1616 1746 1496
1738 1500 1738 1634 1834 1634 1834 1500
1832 1504 1832 1632 1880 1632 1880 1504
1880 1510 1880 1636 1990 1636 1990 1510
2002 1506 2002 1630 2108 1630 2108 1506
2098 1500 2098 1630 2222 1630 2222 1500
2216 1520 2216 1630 2342 1630 2342 1520
2330 1512 2330 1632 2444 1632 2444 1512
2440 1514 2440 1630 2550 1630 2550 1514
2532 1512 2532 1624 2668 1624 2668 1512
2664 1510 2664 1628 2766 1628 2766 1510
2758 1504 2758 1630 2876 1630 2876 1504
2846 1496 2846 1622 2964 1622 2964 1496
2950 1512 2950 1622 3064 1622 3064 1512
3056 1516 3056 1626 3170 1626 3170 1516
3172 1512 3172 1640 3274 1640 3274 1512
3276 1514 3276 1638 3404 1638 3404 1514
3398 1532 3398 1640 3504 1640 3504 1532
3502 1506 3502 1650 3628 1650 3628 1506
3610 1518 3610 1648 3718 1648 3718 1518
3714 1510 3714 1654 3838 1654 3838 1510
3828 1512 3828 1654 3946 1654 3946 1512
880 1648 880 1764 944 1764 944 1648
944 1656 944 1774 1060 1774 1060 1656
1056 1654 1056 1774 1160 1774 1160 1654
1168 1646 1168 1774 1290 1774 1290 1646
1298 1650 1298 1784 1396 1784 1396 1650
1398 1666 1398 1778 1518 1778 1518 1666
1504 1658 1504 1778 1604 1778 1604 1658
1606 1664 1606 1792 1698 1792 1698 1664
1684 1668 1684 1784 1728 1784 1728 1668
1724 1670 1724 1782 1828 1782 1828 1670
1824 1666 1824 1784 1926 1784 1926 1666
1920 1648 1920 1786 2012 1786 2012 1648
2008 1658 2008 1760 2120 1760 2120 1658
2116 1658 2116 1782 2220 1782 2220 1658
2212 1662 2212 1788 2312 1788 2312 1662
2308 1656 2308 1788 2400 1788 2400 1656
2394 1662 2394 1780 2516 1780 2516 1662
2510 1660 2510 1790 2646 1790 2646 1660
2626 1654 2626 1774 2738 1774 2738 1654
2742 1668 2742 1802 2838 1802 2838 1668
2826 1664 2826 1790 2948 1790 2948 1664
2938 1660 2938 1794 3038 1794 3038 1660
3032 1666 3032 1794 3080 1794 3080 1666
3068 1670 3068 1798 3178 1798 3178 1670
3164 1670 3164 1808 3258 1808 3258 1670
3272 1674 3272 1790 3380 1790 3380 1674
3368 1672 3368 1792 3474 1792 3474 1672
3458 1672 3458 1802 3568 1802 3568 1672
3556 1670 3556 1788 3656 1788 3656 1670
3640 1668 3640 1788 3752 1788 3752 1668
3800 1688 3800 1804 3926 1804 3926 1688
3906 1670 3906 1800 4014 1800 4014 1670
616 1796 616 1922 722 1922 722 1796
718 1806 718 1920 830 1920 830 1806
834 1798 834 1934 928 1934 928 1798
936 1792 936 1928 1022 1928 1022 1792
1016 1812 1016 1934 1124 1934 1124 1812
1104 1806 1104 1930 1208 1930 1208 1806
1182 1822 1182 1930 1284 1930 1284 1822
1276 1808 1276 1926 1368 1926 1368 1808
1352 1808 1352 1928 1460 1928 1460 1808
3176 1830 3176 1960 3282 1960 3282 1830
3278 1830 3278 1956 3380 1956 3380 1830
3372 1832 3372 1944 3470 1944 3470 1832
3474 1836 3474 1940 3582 1940 3582 1836
3686 1828 3686 1972 3804 1972 3804 1828
3804 1836 3804 1954 3906 1954 3906 1836
2562 2030 2562 2132 2684 2132 2684 2030
2682 1998 2682 2146 2778 2146 2778 1998
2778 2014 2778 2140 2904 2140 2904 2014
2904 2010 2904 2134 3010 2134 3010 2010
3014 1996 3014 2136 3092 2136 3092 1996
3092 2008 3092 2138 3220 2138 3220 2008
3224 2022 3224 2134 3328 2134 3328 2022
3332 2028 3332 2128 3444 2128 3444 2028
3422 2014 3422 2146 3536 2146 3536 2014
3520 2006 3520 2144 3634 2144 3634 2006
3642 2018 3642 2142 3756 2142 3756 2018
2472 2170 2472 2284 2604 2284 2604 2170
2596 2178 2596 2296 2682 2296 2682 2178
2676 2180 2676 2292 2760 2292 2760 2180
2758 2170 2758 2290 2842 2290 2842 2170
3058 2170 3058 2288 3156 2288 3156 2170
3162 2196 3162 2294 3250 2294 3250 2196
3240 2170 3240 2300 3356 2300 3356 2170
3350 2188 3350 2296 3444 2296 3444 2188
3442 2176 3442 2292 3574 2292 3574 2176
3560 2182 3560 2294 3660 2294 3660 2182
3640 2186 3640 2304 3768 2304 3768 2186
3752 2184 3752 2302 3870 2302 3870 2184
3872 2174 3872 2306 4002 2306 4002 2174
2422 2344 2422 2466 2528 2466 2528 2344
2510 2342 2510 2458 2564 2458 2564 2342
2550 2344 2550 2470 2664 2470 2664 2344
2644 2326 2644 2472 2762 2472 2762 2326
2750 2360 2750 2478 2846 2478 2846 2360
2866 2368 2866 2478 2966 2478 2966 2368
2944 2336 2944 2466 3052 2466 3052 2336
3026 2332 3026 2484 3134 2484 3134 2332
3118 2324 3118 2486 3250 2486 3250 2324
3242 2336 3242 2478 3344 2478 3344 2336
3320 2352 3320 2480 3428 2480 3428 2352
3402 2358 3402 2472 3512 2472 3512 2358
3496 2346 3496 2498 3602 2498 3602 2346
3590 2352 3590 2474 3660 2474 3660 2352
3648 2334 3648 2474 3782 2474 3782 2334
3762 2340 3762 2470 3866 2470 3866 2340
3848 2354 3848 2494 3956 2494 3956 2354
2408 2542 2408 2656 2502 2656 2502 2542
2502 2530 2502 2642 2594 2642 2594 2530
2570 2522 2570 2650 2672 2650 2672 2522
2658 2532 2658 2654 2780 2654 2780 2532
2772 2534 2772 2648 2878 2648 2878 2534
2876 2538 2876 2656 2972 2656 2972 2538
2968 2516 2968 2672 3072 2672 3072 2516
3060 2528 3060 2658 3178 2658 3178 2528
3158 2536 3158 2652 3282 2652 3282 2536
3254 2552 3254 2662 3342 2662 3342 2552
3332 2536 3332 2668 3374 2668 3374 2536
3370 2546 3370 2662 3472 2662 3472 2546
3464 2544 3464 2668 3584 2668 3584 2544
3586 2542 3586 2662 3678 2662 3678 2542
3662 2542 3662 2672 3760 2672 3760 2542
3750 2550 3750 2672 3844 2672 3844 2550
3868 2552 3868 2644 3960 2644 3960 2552
3958 2544 3958 2654 4074 2654 4074 2544
2360 2714 2360 2834 2484 2834 2484 2714
2490 2700 2490 2830 2606 2830 2606 2700
2884 2730 2884 2850 3016 2850 3016 2730
3014 2734 3014 2846 3132 2846 3132 2734
3128 2720 3128 2856 3226 2856 3226 2720
3216 2734 3216 2846 3298 2846 3298 2734
3310 2718 3310 2874 3414 2874 3414 2718
3414 2706 3414 2848 3498 2848 3498 2706
3486 2710 3486 2842 3576 2842 3576 2710
3568 2750 3568 2832 3654 2832 3654 2750
3648 2704 3648 2840 3756 2840 3756 2704
3742 2710 3742 2832 3840 2832 3840 2710
3832 2720 3832 2830 3926 2830 3926 2720
3914 2718 3914 2846 4024 2846 4024 2718
2464 2908 2464 2996 2556 2996 2556 2908
2650 2904 2650 3016 2766 3016 2766 2904
2762 2876 2762 3018 2862 3018 2862 2876
2866 2898 2866 3016 2950 3016 2950 2898
2948 2882 2948 3002 3070 3002 3070 2882
3068 2894 3068 3008 3162 3008 3162 2894
3162 2914 3162 3010 3216 3010 3216 2914
3210 2896 3210 3006 3310 3006 3310 2896
3304 2900 3304 3020 3440 3020 3440 2900
3438 2888 3438 3040 3540 3040 3540 2888
3542 2894 3542 3006 3632 3006 3632 2894
3636 2896 3636 3018 3714 3018 3714 2896
3690 2908 3690 3016 3790 3016 3790 2908
3754 2900 3754 3018 3874 3018 3874 2900
3844 2896 3844 3022 3948 3022 3948 2896
# Transcript
******EAMMANTEYMASIDWKEN
EYCHSEXAWNKO******EKOMASPROSETAXEN
**SMHNAENDEKATO*****THRGONIMOSGEGENHTO
*KHQHSTRICAS*******HSOSSWMMECRIECOYSA
NDEETEIPRWTWIST****SEPIMHKOSIKONTO
AIOYTEKYOYSAGYN****SOISECETOWSTOPAROIQ
*DEPONOYSDEINOYSTEKNOGENNHTOYSYPEM***
*******KOYROTROFOYLOCIASMOIRWNTETELEIWN
****BOYDIAMHTINEPWNOMASANDEGONHES
****IDAMANTEIASENEKENMNHMEIATEDELFWN
SDETETART*******TEKNSA*
***QHMARECOYSA
*MECR**NONOMAXAN
OIPYQOYSERATEINHS
LOYNTESPYQIAPOLLON
NQ***DWROFOROYNTE*
**O*MNHMEIANEGRAUA*
# Lines: x1 y1 x2 y2 x3 y3 x4 y4
