# Baseline angle
0.036043093439340534
# Boxes: x1 y1 x2 y2 x3 y3 x4 y4
38 709 6.804209723667384 1574.138845365239 724 1600 755.1957902763327 734.8611546347611
851 741 818.2271307111005 1649.8752695396558 1515 1675 1547.7728692888995 766.1247304603442
1539 775 1506.8589769280143 1666.352562093971 2024 1685 2056.1410230719857 793.6474379060289
2193 999 2173.463484222702 1540.7974204953612 2706 1560 2725.536515777298 1018.202579504639
1953 775 1920.1978834348743 1684.6863711197218 2955 1722 2987.8021165651257 812.3136288802782
2938 810 2905.6068183330935 1708.3455631920726 3728 1738 3760.3931816669065 839.6544368079274
3774 836 3740.7924816312043 1756.9291973225202 4547 1786 4580.207518368796 865.0708026774798
212 1825 186.8208671175423 2523.2815872356296 595 2538 620.1791328824577 1839.7184127643704
589 1838 564.4059810560263 2520.054885085652 1173 2542 1197.5940189439737 1859.945114914348
1058 1870 1043.929227700057 2260.218410661817 1232 2267 1246.070772299943 1876.781589338183
1216 1848 1190.0071496082912 2568.8480495746544 1943 2596 1968.9928503917088 1875.1519504253456
1440 2025 1427.8009851419376 2363.309801912737 1752 2375 1764.1990148580624 2036.690198087263
1995 1873 1969.4766026647355 2580.8289187365567 2723 2608 2748.5233973352642 1900.1710812634437
2759 1900 2733.2637323892677 2613.7323545110544 3434 2639 3459.7362676107323 1925.2676454889456
3390 1935 3365.0681940757886 2626.422579748096 3908 2646 3932.9318059242114 1954.5774202519042
3925 1949 3899.170660044973 2665.313488047501 4251 2678 4276.829339955027 1961.6865119524991
4223 1945 4196.08095701778 2691.533732842906 4625 2707 4651.91904298222 1960.466267157094
256 2637 235.0120165024452 3219.050323097436 816 3240 836.9879834975549 2657.949676902564
842 2650 819.2450030459258 3281.054113928719 1206 3295 1228.7549969540742 2663.945886071281
1225 2680 1204.4904687208054 3248.7816225423944 1682 3266 1702.5095312791946 2697.2183774576056
1664 2689 1643.040493796229 3270.2605750947387 2135 3288 2155.959506203771 2706.7394249052613
1791 2551 1764.4292229679702 3287.8754296116513 2378 3310 2404.57077703203 2573.1245703883487
2139 2748 2118.744892344259 3309.7258064249554 2681 3330 2701.255107655741 2768.2741935750446
2660 2760 2639.1534669610637 3338.1275410373682 3218 3359 3238.8465330389363 2780.8724589626318
3008 2791 2987.5612845830706 3357.817718029286 3575 3379 3595.4387154169294 2812.182281970714
3566 2712 3541.68463905312 3386.326987964864 4115 3407 4139.31536094688 2732.673012035136
4061 2790 4039.3018198313334 3391.745888511408 4601 3412 4622.698180168667 2810.254111488592
346 3332 326.0370490842257 3885.623554728753 697 3899 716.9629509157743 3345.376445271247
622 3319 601.1212600687645 3898.0207203211676 1072 3915 1092.8787399312357 3335.9792796788324
1062 3391 1043.726316041131 3897.775872664436 1355 3909 1373.273683958869 3402.224127335564
1346 3388 1326.0927203677224 3940.079648018974 1934 3962 1953.9072796322776 3409.920351981026
1918 3409 1898.6727155326107 3944.994902518891 2398 3963 2417.3272844673893 3427.005097481109
2398 3423 2378.8067220322523 3955.278560430926 2898 3974 2917.1932779677477 3441.721439569074
2803 3475 2784.634738742927 3984.315544758914 3386 4006 3404.365261257073 3496.684455241086
3332 3425 3310.286146692883 4027.1805446230856 3749 4043 3770.713853307117 3440.8194553769144
3764 3532 3744.806118077668 4064.295309632247 4319 4085 4338.193881922332 3552.704690367753
4349 3556 4327.864586654832 4142.138928867842 4740 4157 4761.135413345168 3570.8610711321576
178 4005 160.81100616573798 4481.6946484457485 613 4498 630.1889938342621 4021.3053515542515
513 4030 503.272819835159 4299.7595201765 815 4311 824.727180164841 4041.240479823501
760 4021 741.9506165349057 4521.555447777609 1198 4538 1216.0493834650943 4037.4445522223914
1166 3982 1145.4297845347223 4552.464549828891 1604 4569 1624.5702154652777 3998.5354501711086
1412 4191 1398.7816600502838 4557.578287020307 1771 4571 1784.2183399497162 4204.421712979693
1690 4025 1669.7434125362222 4586.766845276822 2009 4599 2029.2565874637778 4037.2331547231774
1988 4012 1967.2127619720663 4588.483139119663 2453 4606 2473.7872380279337 4029.516860880337
2403 4088 2384.3864605363265 4604.200932789966 2878 4622 2896.6135394636735 4105.799067210034
2866 4136 2849.3894461276877 4596.653032690505 3275 4612 3291.6105538723123 4151.346967309495
3266 4166 3250.115829258878 4606.50857544661 3652 4621 3667.884170741122 4180.49142455339
3591 4202 3580.644687978707 4489.179218931183 3853 4499 3863.355312021293 4211.820781068817
3856 4196 3839.6912212222082 4648.284039485937 4331 4666 4347.308778777791 4213.715960514063
4326 4238 4310.600864820816 4665.0573019799085 4725 4680 4740.399135179184 4252.9426980200915
115 4568 96.89642505944533 5070.0583156355215 539 5086 557.1035749405547 4583.9416843644785
531 4592 512.4501644953307 5106.434259496864 750 5115 768.5498355046693 4600.565740503136
732 4626 714.161146386939 5120.716917915422 1138 5136 1155.838853613061 4641.283082084578
1099 4633 1081.2336834800012 5125.705279281425 1339 5135 1356.7663165199988 4642.294720718575
1291 4652 1273.570353184026 5135.3685695385475 1818 5155 1835.429646815974 4671.6314304614525
1774 4694 1756.726691560599 5173.032907534272 2255 5191 2272.273308439401 4711.967092465728
2213 4752 2203.6276538908737 5011.919066623687 2400 5019 2409.3723461091263 4759.080933376313
2309 4579 2285.897703582144 5219.6856140263535 2877 5241 2900.102296417856 4600.3143859736465
2710 4837 2696.6698947946174 5206.677822675035 2872 5213 2885.3301052053826 4843.322177324965
2857 4795 2846.5272152329144 5085.437037847025 3084 5094 3094.4727847670856 4803.562962152975
3037 4703 3017.414909604412 5246.1445185752345 3263 5255 3282.585090395588 4711.8554814247655
3235 4733 3216.6407935268235 5242.147630155602 3684 5259 3702.3592064731765 4749.852369844398
3628 4764 3609.910709022815 5265.662184892635 4063 5282 4081.089290977185 4780.337815107365
3893 4914 3879.7397594085282 5281.740298705445 4192 5293 4205.260240591471 4925.259701294555
4170 4758 4151.794353553235 5262.889018888911 4349 5270 4367.205646446765 4765.110981111089
4360 4815 4343.208782744518 5280.663289181204 4824 5298 4840.791217255482 4832.336710818796
4447 4934 4437.797415615418 5189.21114093697 4737 5200 4746.202584384582 4944.78885906303
91 5398 77.2431276004248 5779.513165660523 479 5794 492.7568723995752 5412.486834339477
355 5234 334.54336165414117 5801.314766570199 825 5819 845.4566383458589 5251.685233429801
723 5403 708.4017781747345 5807.845931531903 990 5818 1004.5982218252655 5413.154068468097
991 5247 970.0638675544707 5827.612361151834 1480 5846 1500.9361324455292 5265.387638848166
1296 5468 1282.9205134246533 5830.727528731672 1651 5844 1664.0794865753467 5481.272471268328
1529 5277 1508.7100883677103 5839.691009480189 1961 5856 1981.2899116322897 5293.308990519811
1887 5333 1868.5904976777367 5843.542462356364 2325 5860 2343.4095023222635 5349.457537643636
2323 5330 2303.2826395736215 5876.81270395221 2669 5890 2688.7173604263785 5343.18729604779
2621 5338 2601.0148078402503 5892.240361161988 3149 5912 3168.9851921597497 5357.759638838012
3051 5353 3034.6643745262654 5806.02856685082 3228 5813 3244.3356254737346 5359.97143314918
3224 5375 3203.0537358782885 5955.893338378446 3622 5971 3642.9462641217115 5390.106661621554
3615 5404 3595.687512817609 5939.584536057759 3940 5952 3959.312487182391 5416.415463942241
3855 5665 3842.868418699458 6001.439697338533 4108 6011 4120.131581300543 5674.560302661467
4309 5542 4296.755188873809 5881.579849255027 4558 5891 4570.244811126191 5551.420150744973
4099 5404 4078.2788215925593 5978.651137324148 4809 6005 4829.72117840744 5430.348862675852
123 5819 101.90752917789791 6403.948023156109 658 6424 679.0924708221021 5839.051976843891
509 5869 489.08372120580674 6421.329217735917 1201 6447 1220.9162787941932 5894.670782264083
730 5998 718.545547862872 6315.661178268804 1033 6327 1044.454452137128 6009.338821731196
1204 5927 1185.3652459356074 6443.789267786709 1524 6456 1542.6347540643926 5939.210732213291
1440 6033 1428.026146251111 6365.065509965466 1759 6377 1770.973853748889 6044.934490034534
1684 5936 1664.4837323370127 6477.235888632238 1963 6488 1982.5162676629873 5946.764111367762
1942 5988 1924.1290301275956 6483.607583716146 2351 6499 2368.870969872404 6003.392416283854
2355 5972 2335.9815872923386 6499.429100684417 2851 6518 2870.0184127076614 5990.570899315583
2551 6181 2538.950574147074 6515.161317196169 2895 6528 2907.049425852926 6193.838682803831
2854 6016 2835.6917839634507 6523.733535270445 3370 6543 3388.3082160365493 6035.266464729555
3290 6072 3271.5493822564777 6583.682697874032 3835 6604 3853.4506177435223 6092.317302125968
3853 6111 3834.608420606666 6621.04541381545 4388 6641 4406.391579393334 6130.95458618455
4385 6055 4364.906334256374 6612.248610360888 4774 6627 4794.093665743626 6069.751389639112
426 6522 407.463331182488 7036.069113673546 877 7053 895.536668817512 6538.930886326454
977 6709 966.7014765384165 6994.604327301837 1255 7005 1265.2985234615835 6719.395672698163
875 6568 856.5707628850544 7079.08975850124 1381 7098 1399.4292371149456 6586.91024149876
1359 6593 1339.407737544303 7136.343418098113 1940 7158 1959.592262455697 6614.656581901887
1850 6657 1834.132619673541 7097.0429344153645 2138 7108 2153.867380326459 6667.9570655846355
2159 6669 2142.6249049409007 7123.123159140574 2472 7135 2488.3750950590993 6680.876840859426
2471 6667 2453.4998846155313 7152.322842709458 2916 7169 2933.5001153844687 6683.677157290542
2836 6696 2824.9105135947693 7003.53974748938 3115 7014 3126.0894864052307 6706.46025251062
3094 6675 3075.6459876953218 7184.003582612734 3547 7201 3565.3540123046782 6691.996417387266
3490 6734 3472.238892886553 7226.5608091484555 4150 7251 4167.761107113447 6758.4391908515445
4105 6738 4086.1217392088324 7261.542330510066 4598 7280 4616.878260791167 6756.457669489934
# Transcript
NEROYAN
)AIWNPOLIS
HSANTAAYTH
HTROPOLEOS
DONTOSTHNDAPA
NIDION&TI&IOYLIOY
OYSTOYARXIEREWS
TWNKATAGWNOQE
*NOYMKEDONWN
# Lines: x1 y1 x2 y2 x3 y3 x4 y4
