# Baseline angle
0
# Boxes: x1 y1 x2 y2 x3 y3 x4 y4
394 148 394 503 638 503 638 148
596 184 596 484 901 484 901 184
883 167 883 496 1209 496 1209 167
1192 182 1192 500 1459 500 1459 182
1450 168 1450 531 1745 531 1745 168
1733 159 1733 507 2062 507 2062 159
2036 164 2036 492 2451 492 2451 164
2428 142 2428 537 2697 537 2697 142
2709 167 2709 520 2966 520 2966 167
2966 147 2966 531 3226 531 3226 147
3188 188 3188 501 3393 501 3393 188
3361 175 3361 490 3670 490 3670 175
341 556 341 888 720 888 720 556
726 565 726 857 1042 857 1042 565
1007 556 1007 870 1338 870 1338 556
1328 551 1328 871 1716 871 1716 551
1726 519 1726 867 2069 867 2069 519
2046 550 2046 873 2377 873 2377 550
2353 550 2353 877 2687 877 2687 550
2669 526 2669 858 2966 858 2966 526
2943 556 2943 870 3222 870 3222 556
3216 552 3216 883 3514 883 3514 552
3481 561 3481 874 3779 874 3779 561
3759 563 3759 866 3929 866 3929 563
324 921 324 1281 651 1281 651 921
613 943 613 1272 936 1272 936 943
977 939 977 1266 1374 1266 1374 939
1366 937 1366 1258 1707 1258 1707 937
1682 931 1682 1264 1981 1264 1981 931
1984 934 1984 1258 2371 1258 2371 934
2350 933 2350 1260 2672 1260 2672 933
2658 903 2658 1305 2899 1305 2899 903
2891 934 2891 1259 3197 1259 3197 934
3179 935 3179 1256 3482 1256 3482 935
3473 923 3473 1266 3685 1266 3685 923
3676 962 3676 1267 3770 1267 3770 962
3758 941 3758 1240 4051 1240 4051 941
323 1314 323 1634 598 1634 598 1314
545 1318 545 1626 814 1626 814 1318
801 1320 801 1629 938 1629 938 1320
977 1251 977 1652 1230 1652 1230 1251
1202 1322 1202 1628 1482 1628 1482 1322
1482 1309 1482 1616 1727 1616 1727 1309
1751 1253 1751 1635 2088 1635 2088 1253
1980 1432 1980 1609 2165 1609 2165 1432
2096 1289 2096 1624 2410 1624 2410 1289
2417 1254 2417 1635 2767 1635 2767 1254
2731 1421 2731 1625 2995 1625 2995 1421
2977 1313 2977 1630 3269 1630 3269 1313
3285 1295 3285 1638 3645 1638 3645 1295
3587 1330 3587 1644 3884 1644 3884 1330
1331 1715 1331 2000 1642 2000 1642 1715
1646 1720 1646 2009 1839 2009 1839 1720
1839 1749 1839 2028 2163 2028 2163 1749
2168 1695 2168 2055 2433 2055 2433 1695
2438 1713 2438 2065 2639 2065 2639 1713
# Transcript
EYPREPHSSERA
POYNTHNGYNAI
KAMNHMHSCARIN
KAIEAYTONZWNTA
HRWES
# Lines: x1 y1 x2 y2 x3 y3 x4 y4
