# Baseline angle
-0.06315596937272216
# Boxes: x1 y1 x2 y2 x3 y3 x4 y4
110 551 142.88528029329973 1071.0069933862078 396 1055 363.11471970670027 534.9930066137922
401 530 434.5948129856618 1061.2266624531485 960 1028 926.4051870143383 496.7733375468517
860 537 896.0852183196324 1107.6068404075663 1301 1082 1264.9147816803675 511.39315959243345
1159 552 1189.9520558689846 1041.4373825614607 1608 1015 1577.0479441310154 525.5626174385393
1520 513 1551.2095000799757 1006.5082856806717 1749 994 1717.7904999200243 500.49171431932825
1669 560 1696.194920461816 990.0267079556353 2171 960 2143.805079538184 529.9732920443646
2100 478 2130.055779773735 953.2647851751003 2577 925 2546.944220226265 449.7352148248997
2442 358 2478.6906914878923 938.1810413568904 3035 903 2998.3093085121077 322.8189586431096
2995 449 3020.568686577169 853.3114643768681 3405 829 3379.431313422831 424.6885356231318
3234 339 3267.8881075816157 874.8644590496218 3582 855 3548.1118924183843 319.1355409503781
3525 338 3556.9023698855185 842.4644685434951 3754 830 3722.0976301144815 325.535531456505
3710 332 3741.5684956749237 831.1849963032669 4124 807 4092.4315043250763 307.8150036967331
4050 329 4079.9059031888128 801.8948229424725 4521 774 4491.094096811187 301.10517705752744
4427 356 4452.979974278009 766.8150574380519 4877 740 4851.020025721991 329.1849425619481
4858 271 4889.162683057334 763.7679794109267 5265 740 5233.837316942666 247.23202058907333
180 1169 206.1101880906469 1581.8740970023605 552 1560 525.8898119093532 1147.1259029976395
500 1158 525.6839668472007 1564.1343634393497 765 1549 739.3160331527993 1142.8656365606503
690 1154 715.1407195183294 1551.544124656772 1040 1531 1014.8592804816706 1133.455875343228
954 1138 979.8958316344416 1547.4845301411367 1288 1528 1262.1041683655585 1118.5154698588633
1223 1132 1248.2203870404687 1530.8038879395776 1593 1509 1567.7796129595313 1110.1961120604224
1503 1178 1523.2435762198147 1498.106780649677 1857 1477 1836.7564237801853 1156.893219350323
1821 1137 1841.6137760895128 1462.9606617623415 2347 1431 2326.386223910487 1105.0393382376585
2261 1050 2285.590997144387 1438.8514975506166 2726 1411 2701.409002855613 1022.1485024493834
2653 991 2678.736242481912 1397.9609854231428 3026 1376 3000.263757518088 969.0390145768572
2973 979 2998.383705460855 1380.3864026693293 3384 1356 3358.616294539145 954.6135973306706
3323 967 3345.4120574715116 1321.396450856288 3747 1296 3724.5879425284884 941.6035491437121
3688 929 3712.3621988908963 1314.2335660375347 4143 1287 4118.637801109104 901.7664339624654
4060 900 4084.098787851335 1281.0683108995108 4607 1248 4582.901212148666 866.9316891004892
4456 812 4484.850783794605 1268.21047484047 5010 1235 4981.149216205395 778.7895251595302
4917 810 4940.704179508494 1184.82846449724 5444 1153 5420.295820491506 778.1715355027601
225 1692 251.74952819140626 2114.9838275742745 631 2091 604.2504718085937 1668.0161724257255
566 1649 592.65443538134 2070.4801479396724 790 2058 763.34556461866 1636.5198520603276
728 1645 754.7943452904049 2068.6925095345514 1082 2048 1055.2056547095951 1624.3074904654482
993 1625 1018.0929025338655 2021.788006232293 1584 1986 1558.9070974661347 1589.211993767707
1479 1523 1508.5409242941137 1990.1234998462692 1890 1966 1860.4590757058863 1498.8765001537308
1793 1542 1821.3364365314849 1990.0772258164036 2123 1971 2094.6635634685153 1522.9227741835964
2047 1530 2076.1781829601287 1991.3875587571206 2446 1968 2416.8218170398713 1506.6124412428794
2411 1494 2441.344345140011 1973.827799605082 2660 1960 2629.655654859989 1480.172200394918
2598 1526 2622.6701729212054 1916.1034849834532 2988 1893 2963.3298270787946 1502.8965150165468
2905 1499 2930.4593896068873 1901.5831777879948 3335 1876 3309.5406103931127 1473.4168222120052
3222 1499 3248.7188987814425 1921.499492113473 3731 1891 3704.2811012185575 1468.500507886527
3674 1419 3701.3273718351684 1851.1211295269986 4146 1823 4118.6726281648325 1390.8788704730014
4116 1364 4143.213599743459 1794.3220789240158 4512 1771 4484.786400256541 1340.6779210759842
4404 1347 4431.7558471105085 1785.89650555186 4778 1764 4750.2441528894915 1325.10349444814
4693 1367 4719.810278794833 1790.9444621911127 5051 1770 5024.189721205167 1346.0555378088873
4998 1315 5027.0905486857755 1775.0018191460342 5375 1753 5345.9094513142245 1292.9981808539658
5281 1303 5308.336338549204 1735.2629180100132 5692 1711 5664.663661450796 1278.7370819899868
242 2198 270.5632348613319 2649.6635330200174 708 2622 679.4367651386681 2170.3364669799826
549 2201 576.6838922323323 2638.7587004449524 984 2613 956.3161077676677 2175.2412995550476
840 2220 863.7397922563864 2595.3916002769156 1202 2574 1178.2602077436136 2198.6083997230844
1109 2258 1131.4152949940474 2612.447645018077 1518 2588 1495.5847050059526 2233.552354981923
1416 2151 1441.6092661918099 2555.953140020623 1852 2530 1826.3907338081901 2125.046859979377
1752 2107 1777.9784825708662 2517.7914694333485 2170 2493 2144.0215174291334 2082.2085305666515
2118 2095 2144.946459436041 2521.097853774234 2526 2497 2499.053540563959 2070.902146225766
2502 2072 2526.902954550803 2465.784404660675 2903 2442 2878.097045449197 2048.215595339325
2811 2000 2840.2859882232674 2463.092257341291 3158 2443 3128.7140117767326 1979.9077426587094
3049 2022 3074.768109490768 2429.464890736265 3430 2407 3404.231890509232 1999.535109263735
3331 1991 3358.792443349042 2430.475193031474 3730 2407 3702.207556650958 1967.524806968526
3668 1948 3699.116120142942 2440.031691293564 4174 2410 4142.883879857058 1917.968308706436
4050 1886 4083.4626321917403 2415.1365194889627 4307 2401 4273.537367808259 1871.8634805110373
4233 1756 4287.7269691279425 2621.3843427680827 4784 2590 4729.2730308720575 1724.6156572319173
4696 1867 4728.460550756996 2380.2908478279 4907 2369 4874.539449243004 1855.7091521721
311 2692 337.7233903740506 3114.570516582378 663 3094 636.2766096259494 2671.429483417622
578 2707 604.3372405287444 3123.464422358357 1007 3098 980.6627594712556 2681.535577641643
980 2686 1008.9346888011023 3143.5372444397985 1476 3114 1447.0653111988977 2656.4627555602015
1444 2658 1470.5127631857017 3077.2399197329123 1838 3054 1811.4872368142983 2634.7600802670877
1762 2560 1794.2362276249332 3069.743680328928 2059 3053 2026.7637723750668 2543.256319671072
2009 2621 2032.9110774289863 2999.100091334948 2414 2975 2390.088922571014 2596.899908665052
2369 2590 2394.3884346905334 2991.4611848358213 2797 2966 2771.6115653094666 2564.5388151641787
2652 2567 2677.84926872005 2975.748242023774 3085 2950 3059.15073127995 2541.251757976226
2946 2534 2973.0203977666806 2961.267022735814 3420 2933 3392.9796022333194 2505.732977264186
3283 2527 3307.057716491373 2907.4188594057873 3709 2882 3684.942283508627 2501.5811405942127
3670 2477 3698.226139599382 2923.3331270727963 4083 2899 4054.773860400618 2452.6668729272037
4089 2462 4120.074048821158 2953.3664276451063 4537 2927 4505.925951178842 2435.6335723548937
4468 2454 4494.547867717093 2873.7950192078233 4855 2851 4828.452132282907 2431.2049807921767
4804 2410 4831.719013234904 2848.314060374659 4979 2839 4951.280986765096 2400.685939625341
4937 2449 4962.622708027274 2854.1656925177467 5408 2826 5382.377291972726 2420.8343074822533
5304 2375 5330.802312042619 2798.818485862832 5660 2778 5633.197687957381 2354.181514137168
5584 2372 5610.000145266794 2783.1340164111357 5960 2761 5933.999854733206 2349.8659835888643
340 3220 369.6594256155012 3688.9973326157437 844 3659 814.3405743844987 3190.0026673842563
668 3156 698.9067470246653 3644.7209247512146 1074 3621 1043.0932529753345 3132.2790752487854
981 3184 1011.4227585920778 3665.0677325807715 1392 3641 1361.5772414079222 3159.9322674192285
1312 3187 1340.7537075320756 3641.6754313511956 1557 3628 1528.2462924679244 3173.3245686488044
1451 3177 1479.8941256576416 3633.895829250839 1668 3622 1639.1058743423584 3165.104170749161
1626 3175 1654.273194259094 3622.077191040128 2035 3598 2006.726805740906 3150.922808959872
1934 3222 1961.6343459036552 3658.9752363181833 2404 3631 2376.3656540963448 3194.0247636818167
2284 3236 2308.988097156192 3631.130744112325 2738 3604 2713.011902843808 3208.869255887675
2686 3189 2712.034249836364 3600.673303731313 3118 3575 3091.965750163636 3163.326696268687
3090 3152 3116.1968224031784 3566.244024458713 3547 3539 3520.8031775968216 3124.755975541287
3488 3046 3519.310830298043 3541.1105959412644 3695 3530 3663.689169701957 3034.8894040587356
3626 3105 3653.554678381516 3540.7154730353777 4076 3514 4048.445321618484 3078.2845269646223
4023 3036 4052.584995539541 3503.8203878041945 4366 3484 4336.4150044604585 3016.1796121958055
4269 3066 4297.3570992655905 3514.4039606394567 4620 3494 4591.6429007344095 3045.5960393605433
4536 3005 4567.373056137431 3501.0945581080105 4980 3475 4948.626943862569 2978.9054418919895
4888 3062 4913.8843732514415 3471.303341498685 5314 3446 5288.1156267485585 3036.696658501315
5293 3013 5320.667958727905 3450.5067477883913 5724 3425 5696.332041272095 2987.4932522116087
429 3784 459.0590172962709 4259.315979336889 891 4232 860.9409827037291 3756.684020663111
820 3819 846.5182382689513 4238.326495901756 1247 4213 1220.4817617310487 3793.6735040982444
1178 3775 1203.1700948582209 4173.008629810457 1567 4150 1541.8299051417791 3751.991370189543
1506 3793 1531.1459404933285 4190.626682673233 1968 4163 1942.8540595066715 3765.373317326767
1905 3735 1933.2948404838417 4182.4194775631195 2525 4145 2496.7051595161583 3697.58052243688
2423 3782 2444.6808456120416 4124.833974356765 2869 4098 2847.3191543879584 3755.166025643235
2815 3700 2840.9433780394747 4110.2363699584375 3240 4085 3214.0566219605253 3674.7636300415625
3236 3696 3262.2598105673187 4111.240041082607 3693 4084 3666.7401894326813 3668.759958917394
3672 3662 3698.313340272103 4078.086493373515 4095 4053 4068.686659727897 3636.913506626485
4073 3631 4100.309200770026 4062.833794863383 4493 4038 4465.690799229974 3606.166205136617
4474 3624 4501.850210538183 4064.388651638906 4761 4048 4733.149789461817 3607.611348361094
4705 3686 4725.3194980029175 4007.3073134659294 5252 3974 5231.6805019970825 3652.6926865340706
5247 3541 5277.262423585977 4019.5323938604265 5681 3994 5650.737576414023 3515.4676061395735
# Transcript
IOYLIONPERIKLEA
HRAKLEWTHNPOMPW
NIAMARKIATONGLYKY
TATONANDRAKAIFI
LOQHROTLTONKAIPAN
TAARISTONEISAYTHN
GENOMENONHRWA
# Lines: x1 y1 x2 y2 x3 y3 x4 y4
