# Baseline angle
0
# Boxes: x1 y1 x2 y2 x3 y3 x4 y4
116 44 116 374 341 374 341 44
300 62 300 363 610 363 610 62
571 51 571 372 899 372 899 51
843 49 843 353 1154 353 1154 49
1145 45 1145 390 1494 390 1494 45
1384 72 1384 397 1666 397 1666 72
1623 66 1623 397 1932 397 1932 66
1802 60 1802 411 2187 411 2187 60
2120 83 2120 400 2421 400 2421 83
2319 73 2319 413 2566 413 2566 73
2633 58 2633 434 2999 434 2999 58
2916 62 2916 423 3249 423 3249 62
3171 111 3171 379 3477 379 3477 111
3437 74 3437 426 3814 426 3814 74
3766 64 3766 432 3957 432 3957 64
3939 96 3939 430 4053 430 4053 96
4032 95 4032 430 4335 430 4335 95
4298 88 4298 412 4639 412 4639 88
4574 105 4574 407 4966 407 4966 105
4910 87 4910 432 5249 432 5249 87
111 417 111 764 411 764 411 417
390 460 390 685 585 685 585 460
547 403 547 770 869 770 869 403
844 403 844 779 1226 779 1226 403
1206 417 1206 765 1393 765 1393 417
1384 410 1384 745 1716 745 1716 410
1675 418 1675 769 2055 769 2055 418
1968 502 1968 693 2156 693 2156 502
2137 416 2137 759 2422 759 2422 416
2453 426 2453 787 2818 787 2818 426
2748 422 2748 781 3080 781 3080 422
3031 438 3031 775 3342 775 3342 438
3262 498 3262 663 3428 663 3428 498
3396 430 3396 797 3617 797 3617 430
3609 442 3609 799 3779 799 3779 442
3752 438 3752 796 4012 796 4012 438
3969 427 3969 812 4288 812 4288 427
4223 471 4223 805 4364 805 4364 471
4330 455 4330 794 4574 794 4574 455
4507 463 4507 803 4714 803 4714 463
4695 481 4695 804 4795 804 4795 481
4766 486 4766 828 5089 828 5089 486
5071 482 5071 815 5326 815 5326 482
452 797 452 1150 766 1150 766 797
772 804 772 1167 1058 1167 1058 804
1042 811 1042 1165 1355 1165 1355 811
1352 821 1352 1176 1718 1176 1718 821
1707 865 1707 1179 1999 1179 1999 865
1949 838 1949 1176 2092 1176 2092 838
2070 864 2070 1183 2393 1183 2393 864
2336 894 2336 1086 2508 1086 2508 894
2505 819 2505 1195 2806 1195 2806 819
2752 838 2752 1186 3074 1186 3074 838
3031 842 3031 1192 3315 1192 3315 842
3269 854 3269 1207 3419 1207 3419 854
3394 836 3394 1193 3752 1193 3752 836
3718 834 3718 1197 4036 1197 4036 834
4006 939 4006 1102 4167 1102 4167 939
4139 850 4139 1185 4429 1185 4429 850
4468 837 4468 1199 4728 1199 4728 837
4699 857 4699 1174 4961 1174 4961 857
4926 869 4926 1133 5149 1133 5149 869
5102 908 5102 1182 5336 1182 5336 908
60 1170 60 1504 418 1504 418 1170
418 1177 418 1520 700 1520 700 1177
677 1159 677 1518 960 1518 960 1159
924 1190 924 1521 1084 1521 1084 1190
1071 1183 1071 1521 1365 1521 1365 1183
1277 1190 1277 1550 1580 1550 1580 1190
1566 1176 1566 1538 1946 1538 1946 1176
1889 1182 1889 1530 2203 1530 2203 1182
2128 1166 2128 1536 2331 1536 2331 1166
2297 1234 2297 1424 2486 1424 2486 1234
2400 1243 2400 1533 2781 1533 2781 1243
2747 1201 2747 1524 3022 1524 3022 1201
3019 1202 3019 1512 3158 1512 3158 1202
3128 1191 3128 1530 3435 1530 3435 1191
3360 1217 3360 1548 3651 1548 3651 1217
3591 1233 3591 1525 3857 1525 3857 1233
3814 1216 3814 1547 4075 1547 4075 1216
3993 1225 3993 1539 4257 1539 4257 1225
4173 1220 4173 1582 4462 1582 4462 1220
4445 1202 4445 1586 4736 1586 4736 1202
4697 1256 4697 1595 5027 1595 5027 1256
4993 1268 4993 1436 5153 1436 5153 1268
5097 1202 5097 1549 5298 1549 5298 1202
165 1548 165 1897 494 1897 494 1548
469 1537 469 1891 770 1891 770 1537
783 1546 783 1890 1166 1890 1166 1546
1136 1633 1136 1798 1327 1798 1327 1633
1325 1558 1325 1897 1593 1897 1593 1558
1571 1585 1571 1890 1841 1890 1841 1585
1814 1589 1814 1900 2127 1900 2127 1589
2096 1603 2096 1920 2218 1920 2218 1603
2205 1619 2205 1901 2495 1901 2495 1619
2463 1604 2463 1922 2695 1922 2695 1604
2671 1613 2671 1913 2927 1913 2927 1613
2867 1684 2867 1828 3013 1828 3013 1684
2938 1587 2938 1933 3207 1933 3207 1587
3139 1608 3139 1942 3440 1942 3440 1608
3409 1609 3409 1941 3703 1941 3703 1609
3651 1606 3651 1957 3988 1957 3988 1606
3944 1619 3944 1954 4236 1954 4236 1619
4170 1612 4170 1960 4400 1960 4400 1612
4377 1621 4377 1952 4680 1952 4680 1621
4639 1703 4639 1855 4783 1855 4783 1703
4774 1616 4774 1952 4974 1952 4974 1616
4966 1624 4966 1951 5051 1951 5051 1624
5034 1640 5034 1950 5238 1950 5238 1640
159 1967 159 2272 432 2272 432 1967
449 1957 449 2277 797 2277 797 1957
771 1962 771 2272 1086 2272 1086 1962
1016 1983 1016 2276 1275 2276 1275 1983
1261 1951 1261 2295 1545 2295 1545 1951
1475 1947 1475 2283 1764 2283 1764 1947
1736 1943 1736 2321 1989 2321 1989 1943
1931 1902 1931 2303 2137 2303 2137 1902
2053 1970 2053 2305 2338 2305 2338 1970
2272 1974 2272 2304 2499 2304 2499 1974
2457 2006 2457 2326 2789 2326 2789 2006
2749 1997 2749 2277 2994 2277 2994 1997
2974 1966 2974 2334 3242 2334 3242 1966
3213 1975 3213 2331 3349 2331 3349 1975
3330 1977 3330 2343 3594 2343 3594 1977
3561 1993 3561 2343 3842 2343 3842 1993
3779 1979 3779 2342 4058 2342 4058 1979
4054 1969 4054 2355 4347 2355 4347 1969
4261 2024 4261 2360 4629 2360 4629 2024
4593 2003 4593 2383 4903 2383 4903 2003
4903 2007 4903 2405 5179 2405 5179 2007
182 2352 182 2543 367 2543 367 2352
335 2321 335 2638 538 2638 538 2321
512 2345 512 2664 788 2664 788 2345
752 2330 752 2647 981 2647 981 2330
956 2346 956 2644 1248 2644 1248 2346
1201 2412 1201 2558 1344 2558 1344 2412
1305 2347 1305 2650 1558 2650 1558 2347
1511 2336 1511 2648 1777 2648 1777 2336
1733 2314 1733 2660 2020 2660 2020 2314
2035 2339 2035 2652 2141 2652 2141 2339
2121 2353 2121 2674 2409 2674 2409 2353
2386 2357 2386 2682 2506 2682 2506 2357
2494 2343 2494 2683 2711 2683 2711 2343
2643 2429 2643 2600 2789 2600 2789 2429
2744 2351 2744 2675 2950 2675 2950 2351
2899 2427 2899 2694 3176 2694 3176 2427
3139 2406 3139 2700 3395 2700 3395 2406
3322 2392 3322 2716 3612 2716 3612 2392
3577 2414 3577 2713 3858 2713 3858 2414
3758 2369 3758 2730 3987 2730 3987 2369
3994 2383 3994 2725 4289 2725 4289 2383
4240 2485 4240 2637 4382 2637 4382 2485
4364 2418 4364 2747 4561 2747 4561 2418
4552 2441 4552 2746 4651 2746 4651 2441
4619 2445 4619 2756 4876 2756 4876 2445
4871 2434 4871 2787 5123 2787 5123 2434
217 2684 217 3077 456 3077 456 2684
449 2691 449 3053 651 3053 651 2691
622 2682 622 3045 940 3045 940 2682
939 2693 939 3047 1054 3047 1054 2693
1020 2778 1020 2944 1182 2944 1182 2778
1150 2693 1150 3079 1455 3079 1455 2693
1473 2687 1473 3077 1610 3077 1610 2687
1563 2629 1563 3149 1803 3149 1803 2629
1751 2736 1751 3085 2011 3085 2011 2736
1985 2731 1985 3115 2250 3115 2250 2731
2233 2718 2233 3109 2558 3109 2558 2718
2600 2736 2600 3115 2894 3115 2894 2736
2813 2706 2813 3120 3066 3120 3066 2706
3047 2764 3047 3128 3363 3128 3363 2764
3266 2735 3266 3142 3576 3142 3576 2735
3546 2765 3546 3132 3833 3132 3833 2765
3795 2750 3795 3151 4093 3151 4093 2750
4029 2811 4029 3160 4429 3160 4429 2811
4366 2791 4366 3159 4701 3159 4701 2791
4682 2816 4682 3153 4869 3153 4869 2816
4850 2836 4850 3147 4959 3147 4959 2836
4946 2837 4946 3157 5193 3157 5193 2837
196 3071 196 3454 514 3454 514 3071
457 3110 457 3459 880 3459 880 3110
851 3111 851 3474 1106 3474 1106 3111
1095 3120 1095 3472 1221 3472 1221 3120
1234 3139 1234 3490 1516 3490 1516 3139
1485 3170 1485 3527 1853 3527 1853 3170
1828 3163 1828 3495 2126 3495 2126 3163
2113 3158 2113 3489 2401 3489 2401 3158
2379 3139 2379 3517 2702 3517 2702 3139
2650 3158 2650 3513 2868 3513 2868 3158
2850 3169 2850 3513 2957 3513 2957 3169
2956 3170 2956 3514 3207 3514 3207 3170
3215 3189 3215 3540 3488 3540 3488 3189
3428 3158 3428 3527 3742 3527 3742 3158
3686 3195 3686 3539 4061 3539 4061 3195
4046 3187 4046 3548 4332 3548 4332 3187
4244 3190 4244 3542 4479 3542 4479 3190
4446 3196 4446 3566 4690 3566 4690 3196
4611 3195 4611 3558 4860 3558 4860 3195
4828 3184 4828 3554 5090 3554 5090 3184
4903 3199 4903 3565 5138 3565 5138 3199
5033 3251 5033 3580 5243 3580 5243 3251
213 3489 213 3814 501 3814 501 3489
499 3495 499 3810 776 3810 776 3495
749 3504 749 3811 869 3811 869 3504
852 3508 852 3819 1141 3819 1141 3508
1094 3481 1094 3843 1386 3843 1386 3481
1344 3486 1344 3850 1674 3850 1674 3486
1615 3508 1615 3848 1928 3848 1928 3508
1893 3515 1893 3860 2108 3860 2108 3515
2071 3541 2071 3867 2201 3867 2201 3541
2181 3518 2181 3880 2459 3880 2459 3518
2443 3533 2443 3901 2717 3901 2717 3533
2686 3554 2686 3897 2987 3897 2987 3554
2934 3552 2934 3889 3200 3889 3200 3552
3167 3570 3167 3908 3486 3908 3486 3570
3448 3556 3448 3911 3719 3911 3719 3556
3670 3557 3670 3924 4004 3924 4004 3557
3958 3584 3958 3918 4100 3918 4100 3584
4096 3584 4096 3938 4394 3938 4394 3584
4370 3567 4370 3944 4685 3944 4685 3567
4625 3630 4625 3955 4933 3955 4933 3630
4823 3621 4823 3968 5139 3968 5139 3621
207 3836 207 4172 527 4172 527 3836
472 3875 472 4193 738 4193 738 3875
718 3878 718 4187 1007 4187 1007 3878
921 3877 921 4200 1270 4200 1270 3877
1219 3880 1219 4237 1519 4237 1519 3880
1482 3912 1482 4234 1755 4234 1755 3912
1750 3906 1750 4248 2020 4248 2020 3906
2005 3891 2005 4245 2320 4245 2320 3891
2310 3920 2310 4260 2571 4260 2571 3920
2562 3942 2562 4271 2858 4271 2858 3942
2841 3941 2841 4285 3164 4285 3164 3941
3160 3968 3160 4296 3265 4296 3265 3968
3263 3959 3263 4299 3579 4299 3579 3959
3577 3977 3577 4308 3899 4308 3899 3977
3876 3971 3876 4319 4147 4319 4147 3971
4125 4019 4125 4330 4412 4330 4412 4019
4338 3974 4338 4347 4660 4347 4660 3974
4590 4018 4590 4373 4958 4373 4958 4018
193 4218 193 4581 535 4581 535 4218
468 4237 468 4550 773 4550 773 4237
766 4242 766 4595 983 4595 983 4242
978 4224 978 4616 1253 4616 1253 4224
1196 4211 1196 4609 1512 4609 1512 4211
1487 4259 1487 4603 1783 4603 1783 4259
1803 4270 1803 4633 2076 4633 2076 4270
1977 4258 1977 4635 2234 4635 2234 4258
2202 4287 2202 4635 2467 4635 2467 4287
2449 4286 2449 4648 2743 4648 2743 4286
2687 4358 2687 4573 2899 4573 2899 4358
2904 4295 2904 4648 3229 4648 3229 4295
3215 4293 3215 4670 3508 4670 3508 4293
3500 4331 3500 4668 3630 4668 3630 4331
3617 4333 3617 4701 3932 4701 3932 4333
3875 4422 3875 4578 4009 4578 4009 4422
3978 4350 3978 4679 4078 4679 4078 4350
4074 4369 4074 4706 4345 4706 4345 4369
4334 4379 4334 4724 4671 4724 4671 4379
4668 4405 4668 4766 4974 4766 4974 4405
175 4606 175 4879 520 4879 520 4606
464 4600 464 4950 911 4950 911 4600
919 4631 919 4961 1242 4961 1242 4631
1224 4645 1224 4959 1374 4959 1374 4645
1353 4659 1353 4986 1612 4986 1612 4659
1590 4641 1590 4977 1697 4977 1697 4641
1692 4663 1692 5002 1979 5002 1979 4663
1891 4639 1891 5040 2284 5040 2284 4639
2074 4774 2074 4929 2254 4929 2254 4774
2215 4648 2215 5034 2539 5034 2539 4648
2454 4634 2454 5019 2773 5019 2773 4634
2736 4665 2736 5018 3060 5018 3060 4665
3016 4662 3016 5017 3140 5017 3140 4662
3119 4722 3119 4903 3263 4903 3263 4722
3225 4682 3225 5030 3524 5030 3524 4682
3513 4703 3513 5066 3881 5066 3881 4703
3894 4695 3894 5117 4180 5117 4180 4695
4180 4685 4180 5114 4443 5114 4443 4685
# Transcript
FLAMMEATHSOTOPRINZWS
MOSPRWTOSPALOSRHTIARIWN
*KEKPAIDOSALIPTOSENQA
DEKIMEPARODEITAQNHSKWOY
CYPOANTIPALOYALLAYPOBIA
EPTASTEFANWQEISHTTWME
OYXYPOANTIDIKOYALLAYPOBIAS
ERMIONHFLAMMEATHTWPRIN
ZWSIMWANDRIEKTWNEAYTHS
MNIASCARINEANDETISTAY
THNTHNSTHLLIDAKATA
STREUHHKAKONTIPOIHSH
DWSIEISTOTAMION&BF
# Lines: x1 y1 x2 y2 x3 y3 x4 y4
