# Baseline angle
0
# Boxes: x1 y1 x2 y2 x3 y3 x4 y4
73 259 73 780 333 780 333 259
397 255 397 795 895 795 895 255
796 298 796 850 1245 850 1245 298
1113 329 1113 818 1551 818 1551 329
1474 296 1474 811 1689 811 1689 296
1619 302 1619 823 2127 823 2127 302
2035 289 2035 764 2489 764 2489 289
2390 201 2390 779 2982 779 2982 201
2949 296 2949 704 3329 704 3329 296
3227 219 3227 761 3534 761 3534 219
3479 202 3479 717 3686 717 3686 202
3660 206 3660 720 4074 720 4074 206
4029 212 4029 699 4435 699 4435 212
4384 254 4384 693 4806 693 4806 254
4805 214 4805 707 5239 707 5239 214
120 888 120 1313 457 1313 457 888
423 884 423 1318 657 1318 657 884
652 905 652 1295 962 1295 962 905
900 895 900 1316 1238 1316 1238 895
1162 900 1162 1312 1527 1312 1527 900
1438 934 1438 1289 1763 1289 1763 934
1760 915 1760 1265 2236 1265 2236 915
2188 871 2188 1268 2637 1268 2637 871
2601 834 2601 1247 2934 1247 2934 834
2919 829 2919 1238 3298 1238 3298 829
3231 816 3231 1212 3676 1212 3676 816
3625 798 3625 1213 4046 1213 4046 798
3997 785 3997 1197 4555 1197 4555 785
4401 725 4401 1196 4952 1196 4952 725
4866 748 4866 1129 5344 1129 5344 748
127 1401 127 1841 509 1841 509 1401
480 1381 480 1821 692 1821 692 1381
661 1404 661 1824 960 1824 960 1404
917 1394 917 1802 1472 1802 1472 1394
1398 1285 1398 1783 1802 1783 1802 1285
1710 1362 1710 1797 1988 1797 1988 1362
1966 1359 1966 1806 2333 1806 2333 1359
2336 1321 2336 1796 2534 1796 2534 1321
2508 1346 2508 1798 2885 1798 2885 1346
2809 1315 2809 1809 3233 1809 3233 1315
3127 1359 3127 1797 3622 1797 3622 1359
3602 1300 3602 1740 4040 1740 4040 1300
3998 1272 3998 1709 4399 1709 4399 1272
4303 1275 4303 1706 4688 1706 4688 1275
4594 1275 4594 1742 4942 1742 4942 1275
4880 1245 4880 1730 5289 1730 5289 1245
5171 1247 5171 1710 5591 1710 5591 1247
144 1925 144 2356 555 2356 555 1925
452 1945 452 2366 838 2366 838 1945
726 1968 726 2365 1046 2365 1046 1968
977 2000 977 2376 1373 2376 1373 2000
1340 1947 1340 2361 1724 2361 1724 1947
1671 1884 1671 2327 2033 2327 2033 1884
2017 1896 2017 2329 2382 2329 2382 1896
2373 1888 2373 2321 2778 2321 2778 1888
2689 1845 2689 2324 3021 2324 3021 1845
2951 1867 2951 2302 3293 2302 3293 1867
3243 1877 3243 2317 3601 2317 3601 1877
3581 1839 3581 2315 4038 2315 4038 1839
3947 1808 3947 2303 4167 2303 4167 1808
4152 1656 4152 2522 4606 2522 4606 1656
4592 1784 4592 2315 4781 2315 4781 1784
154 2383 154 2863 542 2863 542 2383
427 2475 427 2858 865 2858 865 2475
837 2442 837 2911 1326 2911 1326 2442
1295 2403 1295 2900 1709 2900 1709 2403
1652 2389 1652 2875 1929 2875 1929 2389
1865 2438 1865 2804 2259 2804 2259 2438
2161 2403 2161 2854 2656 2854 2656 2403
2523 2397 2523 2853 2975 2853 2975 2397
2823 2370 2823 2836 3251 2836 3251 2370
3177 2396 3177 2781 3557 2781 3557 2396
3521 2382 3521 2824 3932 2824 3932 2382
3963 2380 3963 2842 4351 2842 4351 2380
4253 2339 4253 2828 4734 2828 4734 2339
4632 2318 4632 2832 4868 2832 4868 2318
4786 2352 4786 2798 5256 2798 5256 2352
5180 2343 5180 2775 5527 2775 5527 2343
5425 2355 5425 2779 5790 2779 5790 2355
193 2955 193 3490 679 3490 679 2955
517 2875 517 3415 899 3415 899 2875
866 2966 866 3431 1181 3431 1181 2966
1141 2986 1141 3454 1376 3454 1376 2986
1336 3007 1336 3429 1521 3429 1521 3007
1498 3025 1498 3408 1839 3408 1839 3025
1768 3018 1768 3478 2207 3478 2207 3018
2135 3059 2135 3462 2544 3462 2544 3059
2519 3038 2519 3445 2954 3445 2954 3038
2943 3007 2943 3446 3381 3446 3381 3007
3337 2924 3337 3435 3547 3435 3547 2924
3454 3012 3454 3396 3902 3396 3902 3012
3866 2950 3866 3407 4208 3407 4208 2950
4106 3024 4106 3422 4389 3422 4389 3024
4375 2988 4375 3415 4812 3415 4812 2988
4719 2988 4719 3424 5150 3424 5150 2988
5122 2964 5122 3424 5540 3424 5540 2964
212 3528 212 4012 665 4012 665 3528
641 3603 641 4003 1052 4003 1052 3603
1006 3551 1006 3986 1362 3986 1362 3551
1367 3577 1367 3998 1752 3998 1752 3577
1728 3566 1728 3981 2343 3981 2343 3566
2243 3599 2243 3978 2671 3978 2671 3599
2648 3579 2648 3969 3063 3969 3063 3579
3060 3591 3060 3985 3490 3985 3490 3591
3493 3550 3493 3977 3883 3977 3883 3550
3891 3523 3891 3982 4299 3982 4299 3523
4292 3536 4292 4005 4556 4005 4556 3536
4531 3596 4531 3933 5050 3933 5050 3596
5054 3505 5054 4011 5506 4011 5506 3505
# Transcript
IOYLIONPERIKLEA
HRAKLEWTHNPOMPW
NIAMARKIATONGLYKY
TATONANDRAKAIFI
LOQHROTLTONKAIPAN
TAARISTONEISAYTHN
GENOMENONHRWA
# Lines: x1 y1 x2 y2 x3 y3 x4 y4
