# Baseline angle
0.03248320485468592
# Boxes: x1 y1 x2 y2 x3 y3 x4 y4
35 760 6.783472346114877 1628.344203657456 704 1651 732.2165276538851 782.6557963425438
861 796 831.7273881271483 1696.8444680897965 1452 1717 1481.2726118728515 816.1555319102033
1541 824 1511.8602584476148 1720.7554754954392 1981 1736 2010.1397415523852 839.2445245045608
2205 1065 2188.6903007839474 1566.919759630883 2622 1581 2638.3096992160526 1079.080240369117
2011 846 1982.4101433771268 1725.8331455377145 2880 1755 2908.5898566228734 875.1668544622853
2922 879 2893.3769688562834 1759.8540685668286 3698 1786 3726.6230311437166 905.1459314331713
3689 870 3658.456193068686 1809.9646204442438 4552 1839 4582.543806931313 899.0353795557562
184 1865 161.01248366177302 2572.424982039987 548 2585 570.987516338227 1877.5750179600132
555 1901 533.262410732543 2569.9593373578614 1150 2590 1171.737589267457 1921.0406626421386
1011 1922 988.6544099161837 2609.670143704437 1245 2618 1267.3455900838162 1930.3298562955626
1377 2085 1365.9869539825293 2423.918905656583 1707 2435 1718.0130460174707 2096.081094343417
1164 1909 1141.1256168894924 2612.943384880467 1943 2639 1965.8743831105076 1935.056615119533
1968 1961 1946.2800014941447 2629.4179937856807 2672 2653 2693.7199985058555 1984.582006214319
2754 1970 2731.3682876857742 2666.475358270928 3363 2687 3385.6317123142258 1990.5246417290714
3335 1975 3312.040043618559 2681.576843352555 3879 2700 3901.959956381441 1993.4231566474452
3925 2020 3902.739371598695 2705.055506444798 4178 2714 4200.260628401305 2028.944493555202
4222 2022 4198.927521979262 2732.039619299626 4567 2744 4590.072478020738 2033.960380700374
241 2697 222.07696894050156 3279.343247110456 827 3299 845.9230310594985 2716.656752889544
864 2754 846.7479981372078 3284.9184745480397 1157 3295 1174.2520018627924 2764.0815254519603
1203 2770 1185.5597001850688 3306.713214329848 1656 3322 1673.4402998149312 2785.286785670152
1620 2772 1601.4480857617295 3342.922382553835 2127 3360 2145.5519142382705 2789.077617446165
1781 2631 1758.8401880024624 3312.9529510588536 2345 3332 2367.159811997538 2650.0470489411464
2127 2820 2109.3957649188187 3361.758209233878 2640 3379 2657.6042350811813 2837.241790766122
2657 2837 2638.82624546926 3396.2847780222446 3184 3414 3202.17375453074 2854.7152219777554
2988 2868 2970.4717096209756 3407.4210633339653 3573 3427 3590.5282903790244 2887.5789366660347
3548 2847 3528.8229006267907 3437.1620244685346 4047 3454 4066.1770993732093 2863.8379755314654
4041 2864 4021.9028264253598 3451.702363068619 4585 3470 4604.097173574641 2882.297636931381
102 3437 86.42647666323813 3916.264454006596 663 3935 678.5735233367619 3455.735545993404
613 3446 596.635111205982 3949.6181808794527 1070 3965 1086.364888794018 3461.3818191205473
1004 3452 987.9848942229034 3944.853849456134 1331 3956 1347.0151057770966 3463.146150543866
1327 3450 1309.0537060410145 4002.284835596073 1885 4021 1902.9462939589855 3468.715164403927
1881 3482 1864.0951258072616 4002.235859595631 2380 4019 2396.9048741927386 3498.764140404369
2379 3509 2362.6081628376182 4013.4474983544364 2872 4030 2888.3918371623818 3525.5525016455636
2748 3525 2730.9934230052786 4048.365693276121 3366 4069 3383.0065769947214 3545.634306723879
3345 3539 3327.7737891453417 4069.124774036973 3724 4082 3741.2262108546583 3551.875225963027
3745 3556 3727.112059981569 4106.489033268341 4266 4124 4283.8879400184305 3573.5109667316597
4294 3581 4276.106412509205 4131.662830340512 4625 4143 4642.893587490795 3592.3371696594877
172 4069 156.28220882534234 4552.704197349493 627 4568 642.7177911746576 4084.2958026505066
491 4089 481.46114435415683 4382.551712357938 803 4393 812.5388556458432 4099.448287642061
728 4093 712.2402553778518 4577.995285799453 1174 4593 1189.7597446221482 4108.004714200547
1173 4108 1156.4586210620726 4617.049543495938 1555 4630 1571.5413789379274 4120.950456504062
1379 4258 1367.3002505444458 4618.051730978177 1735 4630 1746.6997494555542 4269.948269021823
1667 4147 1651.4517586556497 4625.486418103782 1975 4636 1990.5482413443503 4157.513581896218
1979 4169 1963.8696596629104 4634.625802445869 2437 4650 2452.1303403370894 4184.374197554131
2388 4181 2372.8601665751407 4646.917945683359 2837 4662 2852.1398334248593 4196.082054316641
2854 4211 2839.2721820563293 4664.2384530365 3232 4677 3246.7278179436707 4223.7615469635
3241 4236 3226.903695916448 4669.804048963475 3633 4683 3647.096304083552 4249.195951036525
3562 4250 3552.2326289948724 4550.584115143832 3842 4560 3851.7673710051276 4259.415884856168
3806 4255 3791.584842364303 4698.616547411808 4265 4714 4279.415157635697 4270.383452588192
4264 4281 4249.489332806492 4727.555788268657 4694 4742 4708.510667193508 4295.444211731343
111 4653 94.71010369330858 5154.310338735066 516 5168 532.2898963066914 4666.689661264934
536 4682 520.1660467160403 5169.2790062534905 727 5176 742.8339532839597 4688.7209937465095
720 4690 704.6200485530269 5163.307412426183 1126 5177 1141.379951446973 4703.692587573817
1084 4723 1068.3895261913826 5203.401579327322 1333 5212 1348.6104738086174 4731.598420672678
1293 4730 1277.5307651476958 5206.055047728902 1799 5223 1814.4692348523042 4746.944952271098
1750 4758 1733.8163991801262 5256.039168342125 2225 5272 2241.183600819874 4773.960831657875
2184 4820 2175.1993969002006 5090.8324987447 2365 5097 2373.8006030997994 4826.1675012553
2277 4674 2257.4549481681524 5275.485507945992 2858 5295 2877.5450518318476 4693.514492054008
2664 4878 2650.472841831292 5294.288975448675 2857 5301 2870.527158168708 4884.711024551325
2858 4884 2848.810927371079 5166.787380934619 3040 5173 3049.189072628921 4890.212619065381
3028 4787 3010.5401024211073 5324.316322017275 3247 5332 3264.4598975788927 4794.683677982725
3188 4810 3171.341913180963 5322.641148151404 3644 5338 3660.658086819037 4825.358851848596
3571 4799 3553.952388864311 5323.628490701045 4027 5339 4044.047611135689 4814.371509298955
3855 4995 3843.8539481810553 5338.012067585626 4182 5349 4193.146051818944 5005.987932414374
4167 4834 4150.019624304213 5356.559366348271 4379 5364 4395.980375695787 4841.440633651729
4424 5001 4415.1729246392515 5272.647164341921 4703 5282 4711.8270753607485 5010.352835658079
4313 4876 4297.2512793605665 5360.65603032448 4831 5378 4846.7487206394335 4893.34396967552
98 5484 86.2313487285914 5846.172136903121 481 5859 492.7686512714086 5496.827863096879
324 5322 306.21553173220445 5869.304761411486 820 5886 837.7844682677955 5338.695238588514
715 5497 702.4524026679873 5883.143665398206 975 5892 987.5475973320127 5505.856334601794
1004 5342 986.4844696440348 5881.0283824131175 1478 5897 1495.5155303559652 5357.9716175868825
1262 5553 1250.8354381129311 5896.581702182842 1633 5909 1644.1645618870689 5565.418297817158
1512 5369 1494.5877033409627 5904.851436495143 1930 5919 1947.4122966590373 5383.148563504857
1872 5381 1854.4443877178965 5921.261876082515 2308 5936 2325.5556122821035 5395.738123917485
2291 5395 2273.1726260698842 5943.625153616969 2654 5956 2671.8273739301158 5407.374846383031
2597 5422 2579.2668756947646 5967.7246863282335 3234 5989 3251.7331243052354 5443.2753136717665
3026 5525 3015.2684138637114 5855.257171676249 3192 5861 3202.7315861362886 5530.742828323751
3235 5464 3217.956948640838 5988.488166719084 3603 6001 3620.043051359162 5476.511833280916
3564 5461 3545.8596251355034 6019.257541784739 3938 6032 3956.1403748644966 5473.742458215261
3836 5764 3827.5337316388877 6024.543577443629 4057 6032 4065.4662683611123 5771.456422556371
4082 5489 4063.8237952677923 6048.360181284764 4699 6069 4717.176204732208 5509.639818715236
4290 5641 4280.762066518293 5925.291040024864 4518 5933 4527.237933481707 5648.708959975136
172 5962 154.66868392706124 6495.359314735507 636 6511 653.3313160729388 5977.640685264493
522 5951 504.0438723268372 6503.587461376639 1163 6525 1180.9561276731629 5972.412538623361
720 6088 710.3239194025632 6385.7747157258655 1025 6396 1034.6760805974368 6098.2252842741345
1133 5999 1115.8621532441498 6526.405429759289 1565 6541 1582.1378467558502 6013.594570240711
1446 6130 1436.1658367540779 6432.639600349332 1755 6443 1764.8341632459221 6140.360399650668
1709 6032 1692.122517374733 6551.3929029733745 1957 6560 1973.877482625267 6040.6070970266255
1910 6040 1892.6623552018816 6573.554076893833 2368 6589 2385.337644798118 6055.445923106167
2337 6066 2319.8154019664244 6594.84416813009 2817 6611 2834.1845980335756 6082.15583186991
2483 6270 2472.5289463836093 6592.239462825158 2896 6606 2906.4710536163907 6283.760537174842
2787 6078 2767.8495083687467 6667.343189536628 3342 6686 3361.1504916312533 6096.656810463372
3294 6123 3276.9161854618847 6648.742625474636 3808 6666 3825.0838145381153 6140.257374525364
3830 6165 3813.0869255607295 6685.488216534518 4352 6703 4368.9130744392705 6182.511783465482
4344 6153 4326.774843932872 6683.092313677253 4724 6696 4741.225156067128 6165.907686322747
406 6608 388.8563006263852 7135.585540039852 894 7152 911.1436993736148 6624.414459960148
959 6789 948.8913868508905 7100.085607085188 1254 7110 1264.1086131491097 6798.914392914812
866 6642 848.9924707904488 7165.394997031646 1360 7182 1377.007529209551 6658.605002968354
1313 6678 1296.666890312888 7180.640200753137 1954 7202 1970.333109687112 6699.359799246863
1761 6716 1745.8196085415877 7183.16609123052 2110 7195 2125.180391458412 6727.83390876948
2124 6747 2109.2017493455305 7202.405971198927 2466 7214 2480.7982506544695 6758.594028801073
2464 6763 2449.181605809761 7219.025874637821 2910 7234 2924.818394190239 6777.974125362179
2801 6767 2790.850726244637 7079.336909236544 3119 7090 3129.149273755363 6777.663090763456
3046 6748 3029.4519517104854 7257.254788197342 3514 7273 3530.5480482895146 6763.745211802658
3496 6789 3479.560016145955 7294.929179628036 4128 7316 4144.439983854044 6810.070820371964
4034 6802 4016.727990082446 7333.53420865225 4585 7352 4602.272009917554 6820.46579134775
# Transcript
NEROYAN
)AIWNPOLIS
HSANTAAYTH
HTROPOLEOS
DONTOSTHNDAPA
NIDION&TI&IOYLIOY
OYSTOYARXIEREWS
TWNKATAGWNOQE
*NOYMKEDONWN
# Lines: x1 y1 x2 y2 x3 y3 x4 y4
