# Baseline angle
0
# Boxes: x1 y1 x2 y2 x3 y3 x4 y4
187 394 187 882 616 882 616 394
617 416 617 899 1099 899 1099 416
1175 351 1175 884 1713 884 1713 351
1759 398 1759 881 1947 881 1947 398
2049 367 2049 873 2480 873 2480 367
2507 392 2507 877 2852 877 2852 392
3011 378 3011 867 3487 867 3487 378
3520 381 3520 926 4185 926 4185 381
108 983 108 1462 631 1462 631 983
638 986 638 1452 1066 1452 1066 986
1157 997 1157 1473 1662 1473 1662 997
1705 1015 1705 1485 2159 1485 2159 1015
2335 1001 2335 1457 2913 1457 2913 1001
2957 928 2957 1460 3497 1460 3497 928
3440 982 3440 1448 3947 1448 3947 982
3765 1076 3765 1443 4169 1443 4169 1076
304 1601 304 2082 585 2082 585 1601
652 1584 652 2087 1038 2087 1038 1584
1076 1599 1076 2080 1528 2080 1528 1599
1563 1568 1563 2073 2106 2073 2106 1568
2115 1593 2115 2089 2558 2089 2558 1593
2515 1607 2515 2061 3019 2061 3019 1607
3085 1558 3085 2086 3588 2086 3588 1558
3583 1582 3583 2049 4101 2049 4101 1582
138 2173 138 2683 592 2683 592 2173
607 2198 607 2668 1030 2668 1030 2198
1014 2195 1014 2680 1428 2680 1428 2195
1331 2185 1331 2657 1768 2657 1768 2185
1712 2198 1712 2664 2131 2664 2131 2198
2097 2164 2097 2673 2512 2673 2512 2164
2441 2165 2441 2666 2918 2666 2918 2165
2914 2177 2914 2643 3340 2643 3340 2177
3387 2176 3387 2663 3808 2663 3808 2176
3613 2108 3613 2668 4182 2668 4182 2108
91 2785 91 3290 449 3290 449 2785
451 2802 451 3269 918 3269 918 2802
765 2791 765 3272 1138 3272 1138 2791
1120 2755 1120 3304 1578 3304 1578 2755
1381 2728 1381 3273 1905 3273 1905 2728
1931 2760 1931 3254 2261 3254 2261 2760
2247 2750 2247 3255 2724 3255 2724 2750
2744 2778 2744 3274 3128 3274 3128 2778
3110 2590 3110 3447 3479 3447 3479 2590
3484 2757 3484 3239 3795 3239 3795 2757
3812 2796 3812 3232 4104 3232 4104 2796
96 3369 96 3876 547 3876 547 3369
501 3398 501 3865 881 3865 881 3398
854 3387 854 3879 1326 3879 1326 3387
1115 3382 1115 3874 1667 3874 1667 3382
1641 3373 1641 3882 2086 3882 2086 3373
2220 3384 2220 3873 2658 3873 2658 3384
2574 3399 2574 3872 2990 3872 2990 3399
2955 3379 2955 3870 3453 3870 3453 3379
3460 3399 3460 3875 3772 3875 3772 3399
3795 3384 3795 3884 4225 3884 4225 3384
113 3957 113 4500 676 4500 676 3957
680 3993 680 4502 1185 4502 1185 3993
1131 3979 1131 4499 1559 4499 1559 3979
1551 4008 1551 4500 1953 4500 1953 4008
1941 4024 1941 4489 2145 4489 2145 4024
2129 3821 2129 4685 2576 4685 2576 3821
2571 4014 2571 4492 2767 4492 2767 4014
2753 3992 2753 4489 3189 4489 3189 3992
3156 4013 3156 4476 3352 4476 3352 4013
3346 3997 3346 4480 3826 4480 3826 3997
3783 3955 3783 4490 4221 4490 4221 3955
# Transcript
ANTIGONW
LEYKHTYN
BONTEYXA
SASYNEYNW&
QHKATOSWFRO
SYNHSSYNQE
MAKAIFILIAE
# Lines: x1 y1 x2 y2 x3 y3 x4 y4
