# Baseline angle
-0.07665872662634321
# Boxes: x1 y1 x2 y2 x3 y3 x4 y4
392 766 447.6510888525776 1490.5363474901633 702 1471 646.3489111474224 746.4636525098367
707 737 765.8592756131465 1503.3045853718422 1564 1442 1505.1407243868534 675.6954146281578
1547 705 1603.2115354689324 1436.832951253886 2252 1387 2195.7884645310673 655.167048746114
2208 659 2264.4225645610463 1393.5803952081142 2962 1340 2905.5774354389537 605.419604791886
2949 615 3004.3923483088283 1336.1677354399633 3293 1314 3237.6076516911717 592.8322645600367
3166 575 3224.2370144676406 1333.2032017898568 3982 1275 3923.7629855323594 516.796798210143
3981 540 4036.8886182809724 1267.6288063803481 4670 1219 4614.111381719028 491.3711936196519
4617 541 4670.451229239904 1236.89578929767 5281 1190 5227.548770760096 494.10421070232985
201 1865 261.54199313280645 2653.21233292341 733 2617 672.4580068671935 1828.78766707659
710 1839 768.1959590611982 2596.6686905189763 1519 2539 1460.8040409388018 1781.331309481024
1461 1759 1521.4632614184343 2546.187303765148 2266 2489 2205.5367385815657 1701.8126962348515
2237 1717 2297.327235101367 2502.416340914957 3149 2437 3088.672764898633 1651.5836590850429
3119 1629 3180.5861994643783 2430.8071332606933 3803 2383 3741.4138005356217 1581.1928667393065
3759 1587 3820.4740853722096 2387.3474900350675 4502 2335 4440.52591462779 1534.6525099649327
4465 1544 4525.658277310617 2333.7262676046444 5134 2287 5073.341722689383 1497.2737323953556
159 2914 219.10019280932295 3696.4604168459964 837 3649 776.8998071906772 2866.5395831540036
787 2924 845.0471964908811 3679.7319109956443 1141 3657 1082.952803509119 2901.2680890043557
1113 2858 1181.7141768262363 3752.608168949931 2114 3681 2045.2858231737641 2786.391831050069
2042 2826 2106.5693778998084 3666.645927830262 2805 3613 2740.4306221001916 2772.354072169738
2729 2708 2799.9415537586433 3631.606982456806 3589 3571 3518.0584462413567 2647.393017543194
3504 2690 3572.707757623695 3584.524595642407 3892 3560 3823.292242376305 2665.475404357593
3795 2590 3875.648020549571 3639.978058759788 4982 3555 4901.351979450429 2505.021941240212
827 3950 891.4697849108957 4789.34930018271 1560 4738 1495.5302150891043 3898.6506998172904
1066 3912 1130.921733376246 4757.233337621872 1837 4703 1772.078266623754 3857.766662378127
1468 3920 1535.074322683601 4793.258471119777 2593 4712 2525.925677316399 3838.7415288802226
2483 3894 2548.6611826848543 4748.860425110359 3328 4689 3262.3388173151457 3834.139574889641
3061 3804 3132.4321846690473 4733.994636950524 4239 4649 4167.567815330953 3719.0053630494754
1197 4913 1274.3251207391208 5919.716341129841 2195 5849 2117.6748792608787 4842.283658870159
2083 5059 2142.0070320463406 5827.228265727999 2835 5774 2775.9929679536594 5005.771734272001
2783 4988 2844.768468256983 5792.180139215799 3446 5746 3384.231531743017 4941.819860784201
2908 4914 2975.2581734504647 5789.652073219099 3830 5724 3762.7418265495353 4848.347926780901
# Transcript
IOYLIOSA
BHTOSNE
EIOYLIW*
*HTWTW*
TANT*
# Lines: x1 y1 x2 y2 x3 y3 x4 y4
