# Baseline angle
0
# Boxes: x1 y1 x2 y2 x3 y3 x4 y4
462 513 462 801 706 801 706 513
672 546 672 815 909 815 909 546
890 515 890 816 1018 816 1018 515
999 533 999 815 1235 815 1235 533
1222 514 1222 825 1402 825 1402 514
1375 534 1375 805 1593 805 1593 534
1581 514 1581 817 1701 817 1701 514
1676 516 1676 806 1921 806 1921 516
1930 518 1930 806 2135 806 2135 518
2138 507 2138 811 2288 811 2288 507
2270 504 2270 784 2536 784 2536 504
2493 513 2493 809 2734 809 2734 513
2733 507 2733 799 2877 799 2877 507
2854 478 2854 794 3143 794 3143 478
3121 491 3121 791 3371 791 3371 491
3382 489 3382 787 3667 787 3667 489
330 950 330 1283 639 1283 639 950
619 972 619 1281 889 1281 889 972
904 961 904 1284 1144 1284 1144 961
1126 948 1126 1303 1387 1303 1387 948
1402 969 1402 1285 1531 1285 1531 969
1527 983 1527 1309 1808 1309 1808 983
1818 998 1818 1301 2116 1301 2116 998
2103 939 2103 1192 2512 1192 2512 939
2532 943 2532 1265 2830 1265 2830 943
2866 937 2866 1293 3097 1293 3097 937
3093 911 3093 1273 3370 1273 3370 911
3386 927 3386 1296 3565 1296 3565 927
321 1470 321 1735 713 1735 713 1470
730 1447 730 1801 995 1801 995 1447
1019 1415 1019 1780 1429 1780 1429 1415
1425 1443 1425 1773 1740 1773 1740 1443
1747 1452 1747 1816 1866 1816 1866 1452
1866 1439 1866 1791 2211 1791 2211 1439
2238 1451 2238 1802 2522 1802 2522 1451
2478 1446 2478 1755 2863 1755 2863 1446
2861 1407 2861 1762 3229 1762 3229 1407
3157 1397 3157 1709 3507 1709 3507 1397
3452 1440 3452 1775 3752 1775 3752 1440
297 1908 297 2291 666 2291 666 1908
667 1886 667 2264 987 2264 987 1886
988 1905 988 2285 1309 2285 1309 1905
1317 1911 1317 2304 1693 2304 1693 1911
1686 1917 1686 2338 2033 2338 2033 1917
2025 1934 2025 2327 2376 2327 2376 1934
2386 1942 2386 2292 2633 2292 2633 1942
2632 1939 2632 2282 2954 2282 2954 1939
2944 1955 2944 2301 3070 2301 3070 1955
3056 1935 3056 2275 3382 2275 3382 1935
3346 1946 3346 2279 3639 2279 3639 1946
3588 1971 3588 2317 3736 2317 3736 1971
341 2379 341 2746 675 2746 675 2379
638 2399 638 2729 983 2729 983 2399
953 2402 953 2748 1288 2748 1288 2402
1249 2385 1249 2684 1767 2684 1767 2385
1709 2419 1709 2776 2058 2776 2058 2419
2051 2413 2051 2766 2380 2766 2380 2413
2370 2416 2370 2669 2854 2669 2854 2416
2838 2405 2838 2791 3173 2791 3173 2405
3199 2415 3199 2760 3475 2760 3475 2415
348 2904 348 3216 676 3216 676 2904
704 2855 704 3194 1028 3194 1028 2855
1042 2875 1042 3218 1255 3218 1255 2875
1220 2861 1220 3258 1516 3258 1516 2861
1510 2915 1510 3290 1662 3290 1662 2915
1659 2884 1659 3282 2014 3282 2014 2884
2015 2903 2015 3272 2333 3272 2333 2903
2336 2916 2336 3280 2707 3280 2707 2916
2698 2911 2698 3292 2851 3292 2851 2911
2830 2907 2830 3327 3047 3327 3047 2907
3002 2908 3002 3269 3360 3269 3360 2908
3305 2920 3305 3307 3485 3307 3485 2920
362 3323 362 3690 777 3690 777 3323
773 3340 773 3704 1086 3704 1086 3340
1102 3346 1102 3703 1526 3703 1526 3346
1510 3352 1510 3705 1879 3705 1879 3352
1868 3377 1868 3770 2080 3770 2080 3377
2061 3417 2061 3731 2353 3731 2353 3417
2344 3390 2344 3732 2691 3732 2691 3390
2685 3416 2685 3761 2950 3761 2950 3416
2945 3410 2945 3818 3100 3818 3100 3410
3077 3402 3077 3754 3407 3754 3407 3402
3384 3399 3384 3782 3707 3782 3707 3399
# Transcript
TEIEREISEIDEIAGY
NEKEIEYMHKEI
WEPOIHSATAY
THNTHNSTILLI
DANMNHMHS
CAREINCAIRAI
TEPARODEITE
# Lines: x1 y1 x2 y2 x3 y3 x4 y4
