# Baseline angle
0
# Boxes: x1 y1 x2 y2 x3 y3 x4 y4
82 45 82 402 310 402 310 45
298 75 298 388 596 388 596 75
552 69 552 381 872 381 872 69
810 57 810 380 1132 380 1132 57
1133 82 1133 396 1443 396 1443 82
1370 95 1370 400 1589 400 1589 95
1596 90 1596 402 1897 402 1897 90
1786 79 1786 419 2129 419 2129 79
2079 78 2079 434 2374 434 2374 78
2292 74 2292 423 2541 423 2541 74
2622 55 2622 425 2917 425 2917 55
2900 87 2900 429 3196 429 3196 87
3185 109 3185 368 3428 368 3428 109
3420 97 3420 435 3773 435 3773 97
3744 88 3744 428 3922 428 3922 88
3897 92 3897 429 4034 429 4034 92
4002 93 4002 427 4302 427 4302 93
4297 107 4297 427 4597 427 4597 107
4572 93 4572 406 4923 406 4923 93
4887 76 4887 428 5193 428 5193 76
81 426 81 774 405 774 405 426
369 450 369 697 563 697 563 450
532 418 532 779 836 779 836 418
821 422 821 794 1207 794 1207 422
1186 405 1186 770 1387 770 1387 405
1344 423 1344 745 1677 745 1677 423
1655 426 1655 775 2017 775 2017 426
1943 516 1943 699 2126 699 2126 516
2108 436 2108 783 2390 783 2390 436
2373 438 2373 800 2778 800 2778 438
2741 428 2741 797 3046 797 3046 428
2992 441 2992 790 3316 790 3316 441
3226 504 3226 678 3386 678 3386 504
3334 445 3334 804 3596 804 3596 445
3559 424 3559 820 3773 820 3773 424
3704 429 3704 805 3984 805 3984 429
3943 440 3943 803 4224 803 4224 440
4198 467 4198 805 4316 805 4316 467
4276 455 4276 807 4551 807 4551 455
4457 454 4457 801 4681 801 4681 454
4658 476 4658 799 4767 799 4767 476
4732 482 4732 811 5039 811 5039 482
5043 471 5043 832 5287 832 5287 471
440 803 440 1172 743 1172 743 803
743 808 743 1170 1024 1170 1024 808
1012 819 1012 1182 1328 1182 1328 819
1341 836 1341 1187 1690 1187 1690 836
1665 863 1665 1186 1969 1186 1969 863
1896 848 1896 1194 2058 1194 2058 848
2028 863 2028 1198 2365 1198 2365 863
2282 895 2282 1107 2490 1107 2490 895
2493 862 2493 1215 2783 1215 2783 862
2734 842 2734 1192 3048 1192 3048 842
2992 856 2992 1199 3303 1199 3303 856
3218 856 3218 1202 3416 1202 3416 856
3351 842 3351 1208 3717 1208 3717 842
3654 842 3654 1203 3997 1203 3997 842
3941 937 3941 1114 4146 1114 4146 937
4087 867 4087 1193 4383 1193 4383 867
4436 853 4436 1194 4687 1194 4687 853
4661 845 4661 1204 4926 1204 4926 845
4879 870 4879 1144 5123 1144 5123 870
5070 860 5070 1196 5304 1196 5304 860
31 1192 31 1539 417 1539 417 1192
372 1180 372 1522 667 1522 667 1180
646 1161 646 1545 923 1545 923 1161
914 1194 914 1544 1067 1544 1067 1194
1048 1196 1048 1538 1334 1538 1334 1196
1253 1188 1253 1561 1547 1561 1547 1188
1553 1189 1553 1549 1927 1549 1927 1189
1881 1206 1881 1550 2187 1550 2187 1206
2130 1198 2130 1547 2301 1547 2301 1198
2276 1256 2276 1427 2458 1427 2458 1256
2393 1233 2393 1553 2771 1553 2771 1233
2718 1180 2718 1551 2987 1551 2987 1180
2972 1198 2972 1555 3162 1555 3162 1198
3093 1195 3093 1539 3398 1539 3398 1195
3318 1226 3318 1561 3626 1561 3626 1226
3560 1227 3560 1529 3818 1529 3818 1227
3781 1214 3781 1559 4069 1559 4069 1214
3968 1228 3968 1546 4225 1546 4225 1228
4130 1210 4130 1577 4445 1577 4445 1210
4418 1209 4418 1594 4698 1594 4698 1209
4628 1232 4628 1575 4998 1575 4998 1232
4948 1261 4948 1439 5126 1439 5126 1261
5038 1208 5038 1554 5267 1554 5267 1208
135 1565 135 1914 470 1914 470 1565
437 1554 437 1910 759 1910 759 1554
773 1569 773 1907 1138 1907 1138 1569
1116 1653 1116 1815 1298 1815 1298 1653
1293 1604 1293 1907 1588 1907 1588 1604
1529 1580 1529 1912 1802 1912 1802 1580
1801 1610 1801 1917 2089 1917 2089 1610
2074 1615 2074 1917 2206 1917 2206 1615
2180 1617 2180 1928 2464 1928 2464 1617
2436 1623 2436 1926 2688 1926 2688 1623
2648 1630 2648 1938 2937 1938 2937 1630
2844 1693 2844 1847 2991 1847 2991 1693
2879 1590 2879 1944 3165 1944 3165 1590
3085 1607 3085 1945 3424 1945 3424 1607
3371 1608 3371 1956 3675 1956 3675 1608
3635 1611 3635 1960 3975 1960 3975 1611
3901 1616 3901 1963 4215 1963 4215 1616
4129 1618 4129 1958 4364 1958 4364 1618
4327 1628 4327 1955 4650 1955 4650 1628
4603 1697 4603 1869 4756 1869 4756 1697
4747 1617 4747 1965 4949 1965 4949 1617
4933 1626 4933 1962 5018 1962 5018 1626
4987 1646 4987 1980 5223 1980 5223 1646
147 1987 147 2297 411 2297 411 1987
426 1980 426 2294 797 2294 797 1980
779 2003 779 2277 1038 2277 1038 2003
980 1984 980 2299 1281 2299 1281 1984
1220 1959 1220 2312 1558 2312 1558 1959
1451 1950 1451 2302 1736 2302 1736 1950
1715 1964 1715 2303 1971 2303 1971 1964
1900 1955 1900 2331 2129 2331 2129 1955
2051 1987 2051 2318 2336 2318 2336 1987
2251 1992 2251 2313 2496 2313 2496 1992
2408 1982 2408 2326 2769 2326 2769 1982
2719 2022 2719 2278 2980 2278 2980 2022
2946 1968 2946 2332 3215 2332 3215 1968
3183 1986 3183 2360 3340 2360 3340 1986
3304 1983 3304 2348 3551 2348 3551 1983
3524 1980 3524 2359 3804 2359 3804 1980
3743 1976 3743 2360 4032 2360 4032 1976
4018 1985 4018 2373 4298 2373 4298 1985
4230 2015 4230 2366 4605 2366 4605 2015
4571 2018 4571 2387 4895 2387 4895 2018
4886 2007 4886 2401 5169 2401 5169 2007
173 2379 173 2568 351 2568 351 2379
339 2349 339 2658 529 2658 529 2349
501 2351 501 2674 763 2674 763 2351
746 2351 746 2666 955 2666 955 2351
926 2334 926 2665 1224 2665 1224 2334
1176 2408 1176 2586 1328 2586 1328 2408
1274 2350 1274 2672 1551 2672 1551 2350
1509 2350 1509 2666 1753 2666 1753 2350
1714 2330 1714 2688 2007 2688 2007 2330
2013 2370 2013 2671 2115 2671 2115 2370
2114 2355 2114 2688 2394 2688 2394 2355
2375 2376 2375 2689 2470 2689 2470 2376
2471 2345 2471 2696 2681 2696 2681 2345
2622 2438 2622 2610 2767 2610 2767 2438
2742 2365 2742 2689 2937 2689 2937 2365
2891 2401 2891 2704 3158 2704 3158 2401
3111 2389 3111 2720 3379 2720 3379 2389
3319 2409 3319 2729 3593 2729 3593 2409
3541 2428 3541 2727 3852 2727 3852 2428
3733 2398 3733 2727 3966 2727 3966 2398
3956 2389 3956 2745 4270 2745 4270 2389
4212 2490 4212 2642 4354 2642 4354 2490
4357 2415 4357 2749 4536 2749 4536 2415
4523 2438 4523 2761 4621 2761 4621 2438
4595 2439 4595 2774 4861 2774 4861 2439
4843 2439 4843 2783 5079 2783 5079 2439
203 2701 203 3104 459 3104 459 2701
419 2686 419 3079 638 3079 638 2686
619 2709 619 3071 930 3071 930 2709
907 2695 907 3070 1033 3070 1033 2695
987 2800 987 2963 1166 2963 1166 2800
1132 2687 1132 3089 1443 3089 1443 2687
1334 2712 1334 3095 1581 3095 1581 2712
1548 2667 1548 3153 1782 3153 1782 2667
1734 2740 1734 3109 2003 3109 2003 2740
1937 2735 1937 3099 2231 3099 2231 2735
2186 2719 2186 3128 2546 3128 2546 2719
2545 2719 2545 3135 2885 3135 2885 2719
2791 2744 2791 3131 3027 3131 3027 2744
3018 2758 3018 3145 3339 3145 3339 2758
3232 2755 3232 3151 3541 3151 3541 2755
3509 2766 3509 3146 3813 3146 3813 2766
3766 2761 3766 3155 4068 3155 4068 2761
3992 2797 3992 3158 4401 3158 4401 2797
4346 2802 4346 3177 4684 3177 4684 2802
4646 2825 4646 3164 4841 3164 4841 2825
4821 2829 4821 3169 4932 3169 4932 2829
4917 2841 4917 3177 5171 3177 5171 2841
196 3099 196 3474 470 3474 470 3099
466 3122 466 3487 867 3487 867 3122
835 3120 835 3497 1099 3497 1099 3120
1075 3144 1075 3497 1231 3497 1231 3144
1200 3137 1200 3493 1511 3493 1511 3137
1467 3178 1467 3509 1827 3509 1827 3178
1803 3171 1803 3521 2131 3521 2131 3171
2087 3178 2087 3516 2389 3516 2389 3178
2356 3165 2356 3532 2678 3532 2678 3165
2602 3160 2602 3536 2852 3536 2852 3160
2812 3178 2812 3527 2948 3527 2948 3178
2915 3189 2915 3535 3189 3535 3189 3189
3163 3195 3163 3541 3457 3541 3457 3195
3390 3185 3390 3543 3722 3543 3722 3185
3641 3193 3641 3545 4060 3545 4060 3193
4007 3188 4007 3550 4295 3550 4295 3188
4190 3205 4190 3546 4445 3546 4445 3205
4395 3216 4395 3569 4670 3569 4670 3216
4583 3193 4583 3562 4823 3562 4823 3193
4750 3211 4750 3558 5013 3558 5013 3211
4866 3190 4866 3577 5076 3577 5076 3190
5005 3235 5005 3574 5190 3574 5190 3235
207 3514 207 3843 507 3843 507 3514
487 3510 487 3849 760 3849 760 3510
742 3515 742 3846 872 3846 872 3515
828 3509 828 3848 1126 3848 1126 3509
1094 3507 1094 3855 1382 3855 1382 3507
1328 3497 1328 3874 1652 3874 1652 3497
1616 3538 1616 3871 1910 3871 1910 3538
1860 3532 1860 3886 2074 3886 2074 3532
2063 3538 2063 3887 2181 3887 2181 3538
2159 3542 2159 3892 2435 3892 2435 3542
2422 3554 2422 3891 2702 3891 2702 3554
2645 3552 2645 3901 2966 3901 2966 3552
2923 3560 2923 3903 3174 3903 3174 3560
3159 3597 3159 3914 3469 3914 3469 3597
3414 3583 3414 3928 3700 3928 3700 3583
3644 3559 3644 3952 3970 3952 3970 3559
3941 3590 3941 3943 4078 3943 4078 3590
4058 3590 4058 3947 4336 3947 4336 3590
4343 3605 4343 3945 4655 3945 4655 3605
4571 3662 4571 3981 4924 3981 4924 3662
4803 3627 4803 3973 5089 3973 5089 3627
227 3884 227 4207 531 4207 531 3884
486 3894 486 4206 729 4206 729 3894
686 3881 686 4213 991 4213 991 3881
945 3895 945 4236 1253 4236 1253 3895
1227 3904 1227 4257 1498 4257 1498 3904
1459 3921 1459 4258 1750 4258 1750 3921
1733 3926 1733 4266 1993 4266 1993 3926
1991 3927 1991 4263 2288 4263 2288 3927
2274 3931 2274 4295 2560 4295 2560 3931
2538 3941 2538 4293 2858 4293 2858 3941
2829 3945 2829 4298 3153 4298 3153 3945
3115 3964 3115 4316 3277 4316 3277 3964
3247 3987 3247 4310 3570 4310 3570 3987
3551 3987 3551 4333 3897 4333 3897 3987
3851 3966 3851 4359 4128 4359 4128 3966
4088 4005 4088 4349 4420 4349 4420 4005
4322 3979 4322 4356 4625 4356 4625 3979
4568 4020 4568 4376 4929 4376 4929 4020
182 4255 182 4612 506 4612 506 4255
474 4274 474 4595 767 4595 767 4274
744 4260 744 4624 957 4624 957 4260
953 4266 953 4620 1242 4620 1242 4266
1187 4243 1187 4623 1492 4623 1492 4243
1473 4280 1473 4624 1767 4624 1767 4280
1780 4287 1780 4653 2059 4653 2059 4287
1976 4292 1976 4660 2229 4660 2229 4292
2195 4296 2195 4656 2465 4656 2465 4296
2440 4306 2440 4676 2740 4676 2740 4306
2683 4377 2683 4576 2880 4576 2880 4377
2875 4305 2875 4659 3204 4659 3204 4305
3202 4316 3202 4694 3497 4694 3497 4316
3488 4338 3488 4690 3590 4690 3590 4338
3595 4347 3595 4720 3901 4720 3901 4347
3871 4448 3871 4590 3993 4590 3993 4448
3959 4373 3959 4691 4060 4691 4060 4373
4051 4368 4051 4723 4323 4723 4323 4368
4332 4396 4332 4730 4647 4730 4647 4396
4635 4404 4635 4779 4957 4779 4957 4404
191 4624 191 4905 529 4905 529 4624
493 4615 493 4954 896 4954 896 4615
921 4648 921 4988 1239 4988 1239 4648
1218 4657 1218 4974 1369 4974 1369 4657
1362 4675 1362 4988 1592 4988 1592 4675
1582 4667 1582 5003 1690 5003 1690 4667
1696 4675 1696 5019 1943 5019 1943 4675
1883 4691 1883 5041 2207 5041 2207 4691
2080 4801 2080 4959 2214 4959 2214 4801
2177 4656 2177 5053 2518 5053 2518 4656
2436 4665 2436 5047 2783 5047 2783 4665
2737 4689 2737 5031 3042 5031 3042 4689
3006 4663 3006 5041 3152 5041 3152 4663
3107 4731 3107 4928 3253 4928 3253 4731
3220 4693 3220 5055 3506 5055 3506 4693
3514 4724 3514 5095 3852 5095 3852 4724
3872 4728 3872 5120 4150 5120 4150 4728
4140 4691 4140 5163 4436 5163 4436 4691
# Transcript
FLAMMEATHSOTOPRINZWS
MOSPRWTOSPALOSRHTIARIWN
*KEKPAIDOSALIPTOSENQA
DEKIMEPARODEITAQNHSKWOY
CYPOANTIPALOYALLAYPOBIA
EPTASTEFANWQEISHTTWME
OYXYPOANTIDIKOYALLAYPOBIAS
ERMIONHFLAMMEATHTWPRIN
ZWSIMWANDRIEKTWNEAYTHS
MNIASCARINEANDETISTAY
THNTHNSTHLLIDAKATA
STREUHHKAKONTIPOIHSH
DWSIEISTOTAMION&BF
# Lines: x1 y1 x2 y2 x3 y3 x4 y4
