# Baseline angle
0
# Boxes: x1 y1 x2 y2 x3 y3 x4 y4
2730 793 2730 1200 3134 1200 3134 793
3126 762 3126 1185 3454 1185 3454 762
3430 697 3430 1164 3828 1164 3828 697
3841 655 3841 1163 4352 1163 4352 655
2423 1224 2423 1694 2789 1694 2789 1224
2746 1178 2746 1681 3217 1681 3217 1178
3172 1251 3172 1660 3383 1660 3383 1251
3345 1230 3345 1657 3824 1657 3824 1230
3896 1218 3896 1690 4223 1690 4223 1218
4132 897 4132 1722 5267 1722 5267 897
1683 1710 1683 2139 2122 2139 2122 1710
2014 1675 2014 2125 2309 2125 2309 1675
2298 1715 2298 2127 2746 2127 2746 1715
2675 1710 2675 2129 2979 2129 2979 1710
2954 1702 2954 2097 3433 2097 3433 1702
3398 1730 3398 2108 3590 2108 3590 1730
3563 1615 3563 2104 4019 2104 4019 1615
3933 1746 3933 2074 4402 2074 4402 1746
4345 1662 4345 2140 4633 2140 4633 1662
4561 1620 4561 2102 4949 2102 4949 1620
4873 1693 4873 2089 5259 2089 5259 1693
1216 2213 1216 2608 1582 2608 1582 2213
1550 2158 1550 2623 2051 2623 2051 2158
2124 2227 2124 2612 2447 2612 2447 2227
2401 2126 2401 2598 2791 2598 2791 2126
2823 2139 2823 2573 3295 2573 3295 2139
3343 2106 3343 2500 3904 2500 3904 2106
3876 2128 3876 2577 4061 2577 4061 2128
4049 2138 4049 2574 4463 2574 4463 2138
4395 2180 4395 2580 4624 2580 4624 2180
4538 2209 4538 2591 5020 2591 5020 2209
5009 2198 5009 2572 5319 2572 5319 2198
756 2950 756 3304 1197 3304 1197 2950
1088 2917 1088 3327 1484 3327 1484 2917
1388 2908 1388 3302 1681 3302 1681 2908
1606 2871 1606 3304 2007 3304 2007 2871
1962 2910 1962 3266 2199 3266 2199 2910
2149 2884 2149 3307 2449 3307 2449 2884
2407 2954 2407 3249 2651 3249 2651 2954
2559 2939 2559 3286 2829 3286 2829 2939
2796 2927 2796 3273 3091 3273 3091 2927
3076 2955 3076 3273 3374 3273 3374 2955
3313 2919 3313 3273 3651 3273 3651 2919
3588 2912 3588 3269 3748 3269 3748 2912
3678 2855 3678 3294 3928 3294 3928 2855
3893 2945 3893 3240 4122 3240 4122 2945
4089 2909 4089 3258 4387 3258 4387 2909
4370 2924 4370 3256 4652 3256 4652 2924
4619 2945 4619 3259 4774 3259 4774 2945
4771 3010 4771 3262 4981 3262 4981 3010
4923 2939 4923 3265 5227 3265 5227 2939
# Transcript
*KEYH
*KAITO&
ARTEMIDWRAN
ENEKTWIDIWN
*PARASKEYHCAIREKAISY
# Lines: x1 y1 x2 y2 x3 y3 x4 y4
