# Baseline angle
0
# Boxes: x1 y1 x2 y2 x3 y3 x4 y4
856 119 856 677 1360 677 1360 119
1345 112 1345 666 1924 666 1924 112
1973 99 1973 654 2529 654 2529 99
2584 94 2584 644 3087 644 3087 94
3094 96 3094 646 3312 646 3312 96
3371 82 3371 621 3894 621 3894 82
284 684 284 1196 850 1196 850 684
886 692 886 1197 1378 1197 1378 692
1356 683 1356 1195 1850 1195 1850 683
1821 667 1821 1196 2331 1196 2331 667
2381 646 2381 1189 2803 1189 2803 646
2809 648 2809 1189 3299 1189 3299 648
3326 645 3326 1154 3771 1154 3771 645
3714 638 3714 1170 3893 1170 3893 638
3885 645 3885 1161 4342 1161 4342 645
4363 674 4363 1141 4786 1141 4786 674
286 1215 286 1746 825 1746 825 1215
816 1227 816 1738 1019 1738 1019 1227
1009 1222 1009 1741 1688 1741 1688 1222
1557 1193 1557 1749 2123 1749 2123 1193
2098 1197 2098 1729 2636 1729 2636 1197
2496 1228 2496 1743 2950 1743 2950 1228
2916 1198 2916 1736 3328 1736 3328 1198
3231 1197 3231 1747 3680 1747 3680 1197
3577 1196 3577 1739 4020 1739 4020 1196
3927 1201 3927 1731 4116 1731 4116 1201
4097 1219 4097 1718 4565 1718 4565 1219
4493 1194 4493 1724 4790 1724 4790 1194
194 1777 194 2329 660 2329 660 1777
633 1768 633 2302 912 2302 912 1768
972 1772 972 2306 1155 2306 1155 1772
1175 1751 1175 2318 1733 2318 1733 1751
1740 1749 1740 2308 2220 2308 2220 1749
2189 1762 2189 2316 2724 2316 2724 1762
2735 1774 2735 2308 3014 2308 3014 1774
3067 1792 3067 2315 3614 2315 3614 1792
3567 1754 3567 2310 4022 2310 4022 1754
3909 1758 3909 2300 4379 2300 4379 1758
4398 1891 4398 2173 4662 2173 4662 1891
4303 1757 4303 2301 4774 2301 4774 1757
252 2333 252 2851 689 2851 689 2333
653 2319 653 2884 1080 2884 1080 2319
1034 2307 1034 2862 1561 2862 1561 2307
1551 2307 1551 2881 2067 2881 2067 2307
2073 2357 2073 2871 2499 2871 2499 2357
2449 2310 2449 2861 2966 2861 2966 2310
2914 2334 2914 2861 3085 2861 3085 2334
3071 2345 3071 2887 3483 2887 3483 2345
3441 2352 3441 2871 3698 2871 3698 2352
3654 2322 3654 2893 4095 2893 4095 2322
4063 2358 4063 2893 4527 2893 4527 2358
4493 2342 4493 2868 4785 2868 4785 2342
177 2811 177 3461 549 3461 549 2811
564 2910 564 3425 780 3425 780 2910
805 2914 805 3434 1238 3434 1238 2914
1225 2913 1225 3409 1732 3409 1732 2913
1692 2867 1692 3435 2228 3435 2228 2867
2247 2886 2247 3443 2711 3443 2711 2886
2693 2913 2693 3436 2884 3436 2884 2913
2897 2891 2897 3442 3426 3442 3426 2891
3531 2915 3531 3482 4140 3482 4140 2915
4153 2866 4153 3467 4697 3467 4697 2866
165 3391 165 3972 644 3972 644 3391
578 3420 578 4007 980 4007 980 3420
940 3412 940 4006 1450 4006 1450 3412
1369 3413 1369 3992 1925 3992 1925 3413
1873 3443 1873 3973 2281 3973 2281 3443
2235 3424 2235 4015 2779 4015 2779 3424
2781 3449 2781 4009 2965 4009 2965 3449
2969 3447 2969 3998 3339 3998 3339 3447
3321 3461 3321 3986 3565 3986 3565 3461
3526 3464 3526 3975 3990 3975 3990 3464
4056 3474 4056 3995 4567 3995 4567 3474
# Transcript
HPOLIS
HLAKEDAIMO
NIWNKLAYDION
ARISTOBOYLON
GYMNASIARCON
FILOTEIMWS
GYMNASIARCH
# Lines: x1 y1 x2 y2 x3 y3 x4 y4
