# Baseline angle
0.23733682015508584
# Boxes: x1 y1 x2 y2 x3 y3 x4 y4
907 137 831.0582209751208 450.9440952666487 1100 516 1175.9417790248792 202.05590473335133
1124 158 1037.5894376467788 515.2221531783835 1417 607 1503.4105623532212 249.7778468216166
1435 237 1342.6090319605955 618.9452117712204 1533 665 1625.3909680394045 283.05478822877956
1583 295 1503.5898964070916 623.2821846896564 1767 687 1846.4101035929084 358.71781531034355
740 494 651.8136619007622 858.5632283696425 943 929 1031.186338099238 564.4367716303575
1005 583 919.1205654298628 938.0264654624473 1258 1020 1343.8794345701372 664.9735345375527
1263 641 1181.2636310074681 978.8989897686581 1500 1056 1581.7363689925319 718.1010102313419
1511 698 1429.6693848037364 1034.221599403222 1714 1103 1795.3306151962636 766.778400596778
1722 755 1642.7181324002502 1082.7520557755104 1991 1167 2070.2818675997496 839.2479442244896
575 914 497.9372630527343 1232.5781468426635 818 1310 895.0627369472658 991.4218531573364
831 988 754.0181892858186 1306.2435969630685 1092 1388 1168.9818107141814 1069.7564030369315
1077 1040 997.6411908043551 1368.070133123998 1295 1440 1374.3588091956449 1111.929866876002
1345 1088 1260.3406888250101 1437.9824628024924 1587 1517 1671.6593111749899 1167.0175371975076
1654 1148 1567.914826525386 1503.8769922088115 1833 1568 1919.085173474614 1212.1230077911885
1874 1208 1795.5034314787315 1532.5056213111977 2120 1611 2198.4965685212683 1286.4943786888023
644 1387 559.871816608094 1734.7867750865562 846 1804 930.128183391906 1456.2132249134438
907 1444 826.5606959985107 1776.5369097602156 1184 1863 1264.4393040014893 1530.4630902397844
1215 1487 1125.3427905319834 1857.6438257305974 1441 1934 1530.6572094680166 1563.3561742694026
1489 1655 1425.5860218652745 1917.1540375850723 1735 1992 1798.4139781347255 1729.8459624149277
1802 1612 1710.3413526955437 1990.9177903237578 2029 2068 2120.6586473044563 1689.0822096762422
2128 1581 1981.182695820135 2187.944244947643 2308 2267 2454.817304179865 1660.0557550523572
630 1818 547.2942555859523 2159.9063977276137 866 2237 948.7057444140477 1895.0936022723865
924 1894 843.973857753734 2224.8288948162954 1163 2302 1243.0261422462659 1971.1711051837049
1217 1952 1132.137811926876 2302.8211579852104 1476 2386 1560.862188073124 2035.1788420147896
1554 2011 1463.0451642255177 2387.0082262227706 1802 2469 1892.9548357744823 2092.9917737772294
1769 2077 1685.8075755565999 2420.9183379726446 2021 2502 2104.1924244434003 2158.0816620273554
1967 2085 1876.7307365158151 2458.1740633261284 2215 2540 2305.269263484185 2166.8259366738716
2270 2181 2185.815976258218 2529.0176196670523 2533 2613 2617.184023741782 2264.9823803329477
517 2195 433.7266493235154 2539.25288785224 751 2616 834.2733506764847 2271.74711214776
820 2271 743.6895069736288 2586.468362739664 1027 2655 1103.3104930263712 2339.531637260336
1048 2413 987.925549124722 2661.348397559941 1280 2732 1340.074450875278 2483.651602440059
1380 2390 1299.5931898406743 2722.402579882633 1732 2827 1812.4068101593257 2494.597420117367
1782 2482 1701.5755119164212 2814.4756606032474 2051 2899 2131.424488083579 2566.524339396753
2147 2546 2071.1499784889265 2859.5647687611927 2383 2935 2458.8500215110735 2621.4352312388073
# Transcript
SDIA*
TOYLO
TOYSTO
EOS&SF
TESTASW
YS&WNP
# Lines: x1 y1 x2 y2 x3 y3 x4 y4
