# Baseline angle
0.24337777955031892
# Boxes: x1 y1 x2 y2 x3 y3 x4 y4
937 135 851.2168333819282 480.48230513522253 1103 543 1188.7831666180718 197.51769486477752
1136 222 1063.7906577434746 512.8152146697157 1427 603 1499.2093422565254 312.1847853302842
1474 237 1386.3887374218934 589.8447613277428 1532 626 1619.6112625781066 273.15523867225716
1610 284 1527.728220186389 615.3405794884218 1768 675 1850.271779813611 343.65942051157833
713 498 628.7641109439923 837.2508142740155 958 919 1042.2358890560076 579.7491857259845
978 602 899.774203084659 917.0458266442486 1254 1005 1332.2257969153409 689.9541733557514
1222 621 1136.1237670970706 966.8571194011269 1475 1051 1560.8762329029294 705.1428805988731
1500 715 1419.4656213489416 1039.343386656223 1700 1109 1780.5343786510582 784.656613343777
1711 767 1631.0208956267345 1089.107080338362 1985 1177 2064.9791043732657 854.8929196616382
592 923 517.828919988453 1221.7158985497272 817 1296 891.171080011547 997.284101450273
824 992 748.0628874942308 1297.828400933372 1079 1380 1154.9371125057692 1074.171599066628
1077 1035 995.1800746304018 1364.520785220414 1275 1434 1356.8199253695982 1104.479214779586
1352 1101 1271.0463892673724 1427.0317979336016 1577 1503 1657.9536107326276 1176.9682020663984
1645 1158 1561.304259784251 1495.0754239986777 1855 1568 1938.695740215749 1230.9245760013223
1868 1222 1791.187029080037 1531.3558247373326 2120 1613 2196.812970919963 1303.6441752626674
649 1386 563.7219883723683 1729.4478487560966 868 1805 953.2780116276317 1461.5521512439034
911 1447 830.0288923424631 1773.1022648817075 1180 1860 1260.9711076575368 1533.8977351182925
1229 1506 1141.9185616270906 1856.7109523889449 1425 1927 1512.0814383729094 1576.2890476110551
1490 1649 1418.2790966668435 1937.8480804193046 1729 2015 1800.7209033331565 1726.1519195806954
1800 1612 1707.0524648303335 1986.3360145472723 2044 2070 2136.9475351696665 1695.6639854527277
2133 1560 1978.6238594793197 2181.732992469502 2318 2266 2472.37614052068 1644.2670075304982
631 1796 541.1557539599853 2157.83785757451 864 2238 953.8442460400147 1876.1621424254902
909 1882 825.0560637487235 2220.075006339362 1155 2302 1238.9439362512765 1963.924993660638
1224 1948 1135.789735288758 2303.257176792164 1465 2385 1553.210264711242 2029.7428232078355
1544 2011 1453.6267395264872 2374.9684052465077 1784 2457 1874.3732604735128 2093.0315947534923
1781 2105 1701.6413857155528 2424.608124486651 1965 2490 2044.3586142844472 2170.391875513349
1964 2097 1869.6929393813825 2476.81135434307 2245 2570 2339.307060618617 2190.18864565693
2261 2174 2170.5090040268724 2538.4425720720837 2503 2621 2593.4909959731276 2256.5574279279163
521 2203 439.1156396772143 2532.780289934872 734 2606 815.8843603227857 2276.219710065128
809 2261 727.9930887209453 2587.2464600447197 1021 2660 1102.0069112790547 2333.7535399552803
1058 2419 996.6310866274238 2666.1565750189366 1290 2739 1351.3689133725761 2491.8434249810634
1342 2387 1255.4873707128804 2735.4201361147516 1725 2852 1811.5126292871196 2503.5798638852484
1787 2468 1702.5222774266138 2808.224772269934 2052 2895 2136.4777225733865 2554.775227730066
2139 2553 2065.35316253334 2849.604569136304 2369 2925 2442.64683746666 2628.395430863696
# Transcript
SDIA*
TOYLO
TOYSTO
EOS&SF
TESTASW
YS&WNP
# Lines: x1 y1 x2 y2 x3 y3 x4 y4
