# Baseline angle
0.026348747920793558
# Boxes: x1 y1 x2 y2 x3 y3 x4 y4
758 806 755.3470271393016 906.663564445434 844 909 846.6529728606984 808.336435554566
838 798 834.9457710487376 913.8886988333486 953 917 956.0542289512624 801.1113011666514
953 807 950.2805502902172 910.1859410144037 1095 914 1097.7194497097828 810.8140589855963
1078 811 1074.9422614808418 927.0218647693063 1150 929 1153.0577385191582 812.9781352306937
1145 820 1142.2236735176123 925.3440553130465 1243 928 1245.7763264823877 822.6559446869535
1239 816 1235.5964548825903 945.1430411312738 1344 948 1347.4035451174097 818.8569588687262
1325 835 1322.3525799062443 935.4528720100685 1419 938 1421.6474200937557 837.5471279899315
1423 817 1419.7149107446483 941.6483893084603 1471 943 1474.2850892553517 818.3516106915397
1477 823 1473.9506297198125 938.7043429524037 1599 942 1602.0493702801875 826.2956570475963
1591 826 1587.6290382998213 953.9067062373555 1705 957 1708.3709617001787 829.0932937626445
673 926 669.9131876315064 1043.125033727267 779 1046 782.0868123684936 928.874966272733
782 935 778.4710189732973 1068.9025416621485 896 1072 899.5289810267027 938.0974583378515
887 942 884.144008847039 1050.3668264160096 1022 1054 1024.855991152961 945.6331735839905
1013 947 1010.4898154452904 1042.245650054042 1115 1045 1117.5101845547097 949.754349945958
1088 952 1085.2389436267044 1056.7646511157911 1208 1060 1210.7610563732956 955.2353488842086
1212 953 1208.8092296055593 1074.0695842349544 1320 1077 1323.1907703944407 955.9304157650456
1314 959 1311.3255492559558 1060.4785144686211 1407 1063 1409.6744507440442 961.5214855313786
1409 954 1405.660233525317 1080.7230444522784 1530 1084 1533.339766474683 957.2769555477216
1520 959 1516.597843074326 1088.0903680224324 1627 1091 1630.402156925674 961.9096319775675
1595 969 1591.9464651446053 1084.862362278928 1711 1088 1714.0535348553947 972.1376377210721
1706 967 1703.1612830666213 1074.7113788832005 1790 1077 1792.8387169333787 969.2886211167994
665 1073 661.8841137821712 1191.2282026852276 805 1195 808.1158862178288 1076.7717973147724
802 1093 799.3740187010334 1192.6394051507352 851 1194 853.6259812989666 1094.3605948492648
840 1090 837.1044844711296 1199.866526854135 956 1203 958.8955155288704 1093.133473145865
934 1080 930.747572338993 1203.4090880868334 1067 1207 1070.252427661007 1083.5909119131666
1046 1083 1042.8868901656424 1201.122856467545 1190 1205 1193.1131098343576 1086.877143532455
1177 1070 1173.146651169835 1216.210251164783 1279 1219 1282.853348830165 1072.789748835217
1261 1097 1257.9041252966679 1214.4688920985902 1316 1216 1319.0958747033321 1098.5311079014098
1312 1102 1308.8362602558477 1222.0439417764014 1421 1225 1424.1637397441523 1104.9560582235986
1414 1090 1410.2395036618968 1232.6870855278266 1498 1235 1501.7604963381032 1092.3129144721734
1500 1102 1496.970025315555 1216.9684025924787 1612 1220 1615.029974684445 1105.0315974075213
1607 1110 1604.0954612248477 1220.2089020616038 1710 1223 1712.9045387751523 1112.7910979383962
671 1222 667.8702318648146 1340.7549337736418 791 1344 794.1297681351854 1225.2450662263582
777 1228 773.5507227324272 1358.8782873953312 892 1362 895.4492772675728 1231.1217126046688
872 1238 869.1231859710042 1347.1569230486305 977 1350 979.8768140289958 1240.8430769513695
970 1244 967.498877780129 1338.9017916827188 1123 1343 1125.501122219871 1248.0982083172812
1104 1238 1101.0510781778637 1349.8929583806741 1181 1352 1183.9489218221363 1240.1070416193259
1153 1247 1150.1627494354705 1354.6557394466508 1315 1359 1317.8372505645295 1251.3442605533492
1301 1239 1297.6574571418455 1365.8283906699612 1418 1369 1421.3425428581545 1242.1716093300388
1402 1251 1398.8605536112218 1370.1221623716772 1546 1374 1549.1394463887782 1254.8778376283228
1530 1243 1526.8078805023804 1364.1207741799415 1674 1368 1677.1921194976196 1246.8792258200585
1672 1257 1669.2257558052156 1362.2650456497845 1773 1365 1775.7742441947844 1259.7349543502155
624 1378 621.2715270439355 1481.5283162218727 753 1485 755.7284729560645 1381.4716837781273
755 1382 752.2652020040116 1485.7683115393675 799 1487 801.7347979959884 1383.2316884606325
782 1348 778.3012391055768 1488.3446153482391 917 1492 920.6987608944232 1351.6553846517609
904 1376 900.663704004656 1502.591361680175 1030 1506 1033.3362959953438 1379.408638319825
1013 1373 1009.6401438337066 1500.4853213666242 1143 1504 1146.3598561662934 1376.5146786333758
1090 1381 1086.6574962304023 1507.8269075061069 1245 1512 1248.3425037695977 1385.1730924938931
1227 1392 1223.70596567548 1516.987798188221 1338 1520 1341.29403432452 1395.012201811779
1325 1395 1321.9637784527442 1510.2054315822647 1428 1513 1431.0362215472558 1397.7945684177353
1413 1395 1410.0573641292308 1506.6544462270335 1537 1510 1539.9426358707692 1398.3455537729665
1520 1405 1517.4869999732623 1500.352479435579 1580 1502 1582.5130000267377 1406.647520564421
1557 1401 1554.026862999603 1513.8117714576902 1675 1517 1677.973137000397 1404.1882285423098
1638 1416 1635.5383630674814 1509.4035744084476 1772 1513 1774.4616369325186 1419.5964255915524
597 1493 594.0531995540238 1604.8124655535578 715 1608 717.9468004459762 1496.1875344464422
695 1491 692.3019499964496 1593.373957318925 754 1595 756.6980500035504 1492.626042681075
742 1496 739.0746774373697 1606.9975155303705 853 1610 855.9253225626303 1499.0024844696295
825 1506 822.6263568884688 1596.0647646524362 934 1599 936.3736431115312 1508.9352353475638
925 1514 922.3616031525261 1614.1104968025993 1032 1617 1034.638396847474 1516.8895031974007
1026 1506 1022.9700253155548 1620.9684025924787 1138 1624 1141.029974684445 1509.0315974075213
1103 1506 1099.9208226860526 1622.8353316286393 1220 1626 1223.0791773139474 1509.1646683713607
1183 1516 1179.8709650492392 1634.7271140553667 1342 1639 1345.1290349507608 1520.2728859446333
1317 1512 1313.952017911548 1627.6516698435626 1441 1631 1444.047982088452 1515.3483301564374
1399 1527 1396.3179532899665 1628.766733403395 1519 1632 1521.6820467100335 1530.233266596605
1507 1521 1504.3338784063696 1622.162475815573 1612 1625 1614.6661215936304 1523.837524184427
1576 1517 1572.8057591262202 1638.2012670070578 1679 1641 1682.1942408737798 1519.7987329929422
1643 1519 1639.455093856894 1653.50679924997 1772 1657 1775.544906143106 1522.49320075003
585 1618 582.2465786812505 1722.4749490171635 716 1726 718.7534213187495 1621.5250509828365
707 1613 703.8210292353124 1733.6218628098025 832 1737 835.1789707646876 1616.3781371901975
816 1617 813.420523124178 1714.8748560045487 932 1718 934.579476875822 1620.1251439954513
882 1617 878.8855019739069 1735.1755295763865 1024 1739 1027.114498026093 1620.8244704236135
1017 1622 1014.246500504137 1726.4779153448721 1072 1728 1074.7534994958633 1623.5220846551279
1060 1625 1057.040011732535 1737.312860087551 1159 1740 1161.959988267465 1627.687139912449
1141 1637 1138.3013340776954 1739.3973275456372 1275 1743 1277.6986659223046 1640.6026724543628
1270 1630 1267.3761009886368 1729.5603954874732 1322 1731 1324.6238990113632 1631.4396045125268
1317 1635 1314.1349856007573 1743.7092016234785 1439 1747 1441.8650143992427 1638.2907983765215
1424 1644 1421.889683344119 1724.073188774969 1495 1726 1497.110316655881 1645.926811225031
1488 1635 1484.7773793727526 1757.2780994105979 1626 1761 1629.2226206272474 1638.7219005894021
1576 1637 1572.8931370284529 1754.8858274777588 1729 1759 1732.1068629715471 1641.1141725222412
580 1723 577.1522989088962 1831.0522709268155 689 1834 691.8477010911038 1725.9477290731845
683 1729 680.211218880548 1834.816630128765 801 1838 803.788781119452 1732.183369871235
796 1731 793.2257167166589 1836.2665288136386 859 1838 861.7742832833411 1732.7334711863614
837 1726 833.9921972947685 1840.1271160148704 943 1843 946.0078027052315 1728.8728839851296
904 1728 900.9353986992769 1844.2822639858048 1042 1848 1045.064601300723 1731.7177360141952
1024 1735 1021.4266918098748 1832.6407933424712 1073 1834 1075.5733081901253 1736.3592066575288
1064 1736 1061.295087214885 1838.6343565354234 1189 1842 1191.704912785115 1739.3656434645766
1186 1752 1183.8654290773015 1832.9934850158388 1260 1835 1262.1345709226985 1754.0065149841612
1247 1751 1244.473890328887 1846.8499076418639 1364 1850 1366.526109671113 1754.1500923581361
1352 1743 1349.35396809798 1843.400198901227 1448 1846 1450.64603190202 1745.599801098773
1446 1750 1443.472423960038 1845.9055470784137 1485 1847 1487.527576039962 1751.0944529215863
1486 1756 1483.4121939737638 1854.1908946575973 1590 1857 1592.5878060262362 1758.8091053424027
1566 1752 1563.1003198959224 1862.0245461806592 1676 1865 1678.8996801040776 1754.9754538193408
704 1844 700.9783544659688 1958.6523639394302 828 1962 831.0216455340312 1847.3476360605698
809 1853 806.3740968781469 1952.636438823027 934 1956 936.6259031218531 1856.363561176973
922 1853 919.1231859710042 1962.1569230486305 1027 1965 1029.8768140289958 1855.8430769513695
1020 1856 1017.2916167355457 1958.7660393075269 1140 1962 1142.7083832644544 1859.2339606924731
1141 1859 1138.4530674528523 1955.6400042744847 1228 1958 1230.5469325471477 1861.3599957255153
1221 1859 1217.9221327006746 1975.7856248475064 1264 1977 1267.0778672993254 1860.2143751524936
1261 1866 1258.5903029918984 1957.4327823184583 1356 1960 1358.4096970081016 1868.5672176815417
1344 1862 1340.888972453246 1980.043846804283 1491 1984 1494.111027546754 1865.956153195717
1489 1868 1486.0968103280268 1978.1577121166167 1556 1980 1558.9031896719732 1869.8422878833833
1557 1876 1554.4987605144586 1970.9062411742814 1596 1972 1598.5012394855414 1877.0937588257186
1597 1864 1593.843201214526 1983.7805762321946 1716 1987 1719.156798785474 1867.2194237678054
706 1971 703.2423750174868 2075.634451507542 793 2078 795.7576249825132 1973.365548492458
795 1972 792.119715491665 2081.2886058207337 895 2084 897.880284508335 1974.711394179266
903 1970 900.3601367836768 2070.166136239149 932 2071 934.6398632163232 1970.8338637608508
940 1981 937.5528609035924 2073.8534730933216 1019 2076 1021.4471390964076 1983.1465269066784
994 1976 990.7517369141999 2099.2510687603094 1133 2103 1136.2482630858 1979.7489312396906
1116 1990 1113.6013694372268 2081.0128806115813 1189 2083 1191.3986305627732 1991.9871193884187
1180 1995 1177.6818063807814 2082.960806626489 1293 2086 1295.3181936192186 1998.039193373511
1288 1990 1285.177247271581 2097.1056381315243 1395 2100 1397.822752728419 1992.8943618684755
1398 2006 1395.8959302069293 2085.8361597851826 1478 2088 1480.1040697930707 2008.1638402148174
1482 2002 1479.4884272535546 2097.2983231628837 1582 2100 1584.5115727464454 2004.7016768371166
1587 1990 1584.3429016526516 2090.820100608104 1705 2094 1707.6570983473484 1993.179899391896
489 2086 486.4863449659513 2181.3773328261454 586 2184 588.5136550340487 2088.6226671738546
571 2087 568.6388115255329 2176.5921898367183 660 2179 662.3611884744671 2089.4078101632817
631 2095 628.383081035872 2194.2955467794122 731 2197 733.616918964128 2097.7044532205878
723 2105 720.6616776006144 2193.724566704689 807 2196 809.3383223993856 2107.275433295311
796 2098 793.6346469503259 2187.7502091632423 879 2190 881.3653530496741 2100.2497908367577
888 2097 885.3331452219451 2198.1902955338483 954 2200 956.6668547780549 2098.8097044661517
940 2109 937.6332196700334 2198.804365435938 983 2200 985.3667803299666 2110.195634564062
988 2109 985.5078228492972 2203.562382802958 1078 2206 1080.492177150703 2111.437617197042
1066 2113 1063.5777701777208 2204.9083234618847 1105 2206 1107.4222298222792 2114.0916765381153
1100 2104 1097.6062281083016 2194.8285247306367 1180 2197 1182.3937718916984 2106.1714752693633
1177 2104 1174.2756525305856 2207.371780059203 1274 2210 1276.7243474694144 2106.628219940797
1248 2106 1245.2825934892642 2209.1084145149957 1355 2212 1357.7174065107358 2108.8915854850043
1351 2115 1348.7704552090795 2199.597143479911 1402 2201 1404.2295447909205 2116.402856520089
1389 2107 1386.2354731473652 2211.896333887895 1504 2215 1506.7645268526348 2110.103666112105
1500 2113 1497.8120618725923 2196.018433378524 1573 2198 1575.1879381274077 2114.981566621476
1581 2124 1578.6519211699078 2213.0947616304334 1613 2214 1615.3480788300922 2124.9052383695666
1607 2121 1604.8869460492044 2201.177051828797 1712 2204 1714.1130539507956 2123.822948171203
1704 2126 1701.7649415306937 2210.8063527514228 1785 2213 1787.2350584693063 2128.1936472485772
440 2206 437.8121009611492 2289.0169502146696 551 2292 553.1878990388509 2208.9830497853304
544 2218 542.038718512918 2292.4182453937906 640 2295 641.961281487082 2220.5817546062094
629 2207 626.7136566135879 2293.752291450846 712 2296 714.2863433864121 2209.247708549154
714 2210 711.5556372870637 2302.7481268756387 797 2305 799.4443627129363 2212.2518731243613
797 2206 794.6942610178455 2293.4882318107707 890 2296 892.3057389821545 2208.5117681892293
881 2209 878.6866259632994 2296.7779339093986 963 2299 965.3133740367006 2211.2220660906014
964 2205 961.734440401066 2290.963677982079 1039 2293 1041.265559598934 2207.036322017921
1034 2228 1032.1793854427465 2297.080823829515 1105 2299 1106.8206145572535 2229.919176170485
1095 2225 1092.7212916681342 2311.462589352218 1189 2314 1191.2787083318658 2227.537410647782
1184 2211 1181.6242746008652 2301.1437743156985 1290 2304 1292.3757253991348 2213.8562256843015
1258 2227 1255.8994397748252 2306.702993849225 1381 2310 1383.1005602251748 2230.297006150775
1355 2222 1352.640932901693 2311.511697009602 1485 2315 1487.359067098307 2225.488302990398
1472 2232 1469.863385878255 2313.071011515247 1581 2316 1583.136614121745 2234.928988484753
1575 2232 1572.6582071212752 2320.8562494767925 1654 2323 1656.3417928787248 2234.1437505232075
1663 2226 1660.4357150561566 2323.298418135002 1725 2325 1727.5642849438434 2227.701581864998
426 2319 423.72819353825554 2405.200706971865 492 2407 494.27180646174446 2320.799293028135
498 2318 495.37610098863695 2417.560395487473 550 2419 552.623899011363 2319.439604512527
546 2310 543.4572320280593 2406.4819849479604 639 2409 641.5427679719407 2312.5180150520396
594 2313 591.019227945057 2426.1014735563176 701 2429 703.980772054943 2315.8985264436824
676 2309 672.6539866625064 2435.9600734420646 788 2439 791.3460133374936 2312.0399265579354
778 2324 775.4607025073983 2420.350302175857 876 2423 878.5392974926017 2326.649697824143
848 2322 845.3747909740148 2421.6101022686066 974 2425 976.6252090259852 2325.3898977313934
945 2314 941.8320565920841 2434.2034442667796 1010 2436 1013.1679434079159 2315.7965557332204
985 2313 981.8944861316319 2430.8346375327715 1102 2434 1105.105513868368 2316.1653624672285
1095 2317 1091.781504859403 2439.121563247928 1201 2442 1204.218495140597 2319.878436752072
1155 2328 1152.34984261133 2428.556735063897 1283 2432 1285.65015738867 2331.443264936103
1258 2320 1254.8196410435767 2440.674535918644 1381 2444 1384.1803589564233 2323.325464081356
1360 2323 1356.7038442993198 2448.0682910153373 1430 2450 1433.2961557006802 2324.9317089846627
1423 2349 1420.7871135099074 2432.965066173815 1498 2435 1500.2128864900926 2351.034933826185
1474 2331 1471.2520923596362 2435.2657397456524 1575 2438 1577.7479076403638 2333.7342602543476
1556 2333 1553.5979380464444 2424.1430802198306 1662 2427 1664.4020619535556 2335.8569197801694
1625 2332 1622.9881276916801 2408.337847538793 1724 2411 1726.0118723083199 2334.662152461207
336 2437 333.39973933669984 2535.6634694733157 460 2539 462.60026066330016 2440.3365305266843
426 2441 423.4170526448388 2539.0065387766526 537 2542 539.5829473551613 2443.9934612233474
516 2442 513.4267308984316 2539.639310178617 603 2542 605.5732691015684 2444.360689821383
589 2444 586.1751649839778 2551.1846477947865 693 2554 695.8248350160222 2446.8153522052135
689 2444 686.249315976165 2548.371085963335 786 2551 788.750684023835 2446.628914036665
761 2457 758.9430505488281 2535.0482404122836 833 2537 835.0569494511719 2458.9517595877164
828 2444 825.3283256394271 2545.3731682509388 925 2548 927.6716743605729 2446.6268317490612
918 2447 915.1980310590592 2553.317024662758 1017 2556 1019.8019689409408 2449.682975337242
988 2463 985.70883703107 2549.9351641679364 1102 2553 1104.2911629689302 2466.0648358320636
1089 2460 1086.4981055071476 2554.931094564848 1165 2557 1167.5018944928524 2462.068905435152
1145 2451 1142.0968494165836 2561.1562289527624 1250 2564 1252.9031505834164 2453.8437710472376
1239 2456 1236.5722955878914 2548.116049569542 1346 2551 1348.4277044121086 2458.883950430458
1331 2468 1328.7039783599953 2555.119520048881 1438 2558 1440.2960216400047 2470.880479951119
1571 2450 1567.7877517222134 2571.8845342581417 1686 2575 1689.2122482777866 2453.1154657418583
355 2551 352.27842891405703 2654.26643384152 456 2657 458.72157108594297 2553.73356615848
455 2550 452.3546621938478 2650.373862346806 552 2653 554.6453378061522 2552.626137653194
543 2549 540.0739833415018 2660.0238520847915 653 2663 655.9260166584982 2551.9761479152085
619 2544 615.8328288650655 2664.1741413846507 761 2668 764.1671711349345 2547.8258586153493
729 2552 726.0275570954709 2664.785434903269 848 2668 850.9724429045291 2555.214565096731
837 2564 834.3650736318651 2663.978814030496 949 2667 951.6349263681349 2567.021185969504
909 2562 906.3242001527769 2663.529704413608 1038 2667 1040.675799847223 2565.470295586392
1033 2564 1030.71296251772 2650.7786280052665 1115 2653 1117.28703748228 2566.2213719947335
1094 2566 1091.5480413210744 2659.036345810412 1204 2662 1206.4519586789256 2568.963654189588
1195 2567 1192.7067547434665 2654.0141738311986 1306 2657 1308.2932452565335 2569.9858261688014
1292 2586 1290.1530488883259 2656.080129733647 1363 2658 1364.8469511116741 2587.919870266353
1359 2579 1356.3061145716565 2681.215937992401 1424 2683 1426.6938854283435 2580.784062007599
1428 2578 1425.2867580644709 2680.9503951884717 1541 2684 1543.7132419355291 2581.0496048115283
1518 2576 1515.3893278986825 2675.058517789626 1627 2678 1629.6106721013175 2578.941482210374
1611 2580 1608.1204095875328 2689.2622692663135 1712 2692 1714.8795904124672 2582.7377307336865
303 2667 300.6021026216515 2757.985060893306 415 2761 417.3978973783485 2670.014939106694
376 2670 373.31101233128817 2772.030098947602 486 2775 488.68898766871183 2672.969901052398
476 2669 473.7448518390834 2754.5686296657686 566 2757 568.2551481609166 2671.4313703342314
557 2663 553.8244606260947 2783.4916632015534 649 2786 652.1755393739053 2665.5083367984466
632 2671 629.4156644531031 2769.059211885494 741 2772 743.5843355468969 2673.940788114506
734 2674 731.5743778754952 2766.03703990628 844 2769 846.4256221245048 2676.96296009372
823 2670 820.0434822118742 2782.1811773154477 927 2785 929.9565177881258 2672.8188226845523
920 2663 916.7988181675419 2784.464632551265 1013 2787 1016.2011818324581 2665.535367448735
998 2667 995.0614896158811 2778.4979100643636 1090 2781 1092.9385103841191 2669.5020899356364
1086 2683 1083.6546975533793 2771.9894154127505 1122 2773 1124.3453024466207 2684.0105845872495
1114 2676 1111.3518858103764 2776.4792085644895 1207 2779 1209.6481141896236 2678.5207914355105
1196 2696 1193.97216348672 2772.9435882904686 1272 2775 1274.02783651328 2698.0564117095314
1263 2691 1260.6485288676822 2780.2234780748286 1366 2783 1368.3514711323178 2693.7765219251714
1360 2691 1357.8619585979625 2772.1251677879427 1429 2774 1431.1380414020375 2692.8748322120573
1423 2691 1420.442616926278 2788.036535754649 1457 2789 1459.557383073722 2691.963464245351
1443 2688 1440.741420448301 2773.698829274018 1566 2777 1568.258579551699 2691.301170725982
1560 2683 1556.8043709344845 2804.2539401158992 1661 2807 1664.1956290655155 2685.7460598841008
1654 2673 1650.5742829033766 2802.984327708882 1765 2806 1768.4257170966234 2676.015672291118
248 2768 244.99219729476852 2882.127116014871 354 2885 357.0078027052315 2770.872883985129
346 2782 343.28945627082874 2884.8480152984976 387 2886 389.71054372917126 2783.1519847015024
384 2772 380.94920243952 2887.7584992250995 466 2890 469.05079756048 2774.2415007749005
454 2783 451.19733696319145 2889.3433612171784 552 2892 554.8026630368086 2785.6566387828216
545 2776 541.7988181675419 2897.464632551265 638 2900 641.2011818324581 2778.535367448735
631 2777 627.9062466728282 2894.388399271474 727 2897 730.0937533271718 2779.611600728526
692 2794 689.1606280593102 2901.736232273767 813 2905 815.8393719406898 2797.263767726233
811 2795 808.1827218614103 2901.897912023868 850 2903 852.8172781385897 2796.102087976132
841 2790 838.0878261703017 2900.498604160232 933 2903 935.9121738296983 2792.501395839768
919 2785 916.5466531293388 2878.0890189192537 1027 2881 1029.453346870661 2787.9109810807463
1006 2779 1002.9665548362157 2894.100085364582 1113 2897 1116.0334451637843 2781.899914635418
1112 2782 1108.886117892661 2900.152159349674 1179 2902 1182.113882107339 2783.847840650326
1150 2787 1147.2424141060435 2891.632968343688 1275 2895 1277.7575858939565 2790.367031656312
1254 2777 1251.1509107171605 2885.104944035657 1361 2888 1363.8490892828395 2779.895055964343
1342 2783 1338.98525633609 2897.3904815590777 1438 2900 1441.01474366391 2785.6095184409223
1435 2783 1432.1141627247225 2892.4992982560993 1527 2895 1529.8858372752775 2785.5007017439007
1517 2803 1514.7898898933786 2886.859719956132 1596 2889 1598.2101101066214 2805.140280043868
1583 2798 1580.2396377225723 2902.7383145613708 1704 2906 1706.7603622774277 2801.2616854386292
351 2898 348.26871157190743 3001.63514560341 438 3004 440.73128842809257 2900.36485439659
440 2903 437.58960889603054 2994.4591188728787 534 2997 536.4103911039695 2905.5408811271213
525 2906 522.4800981031409 3001.6143618159317 613 3004 615.5199018968591 2908.3856381840683
606 2908 603.299906797403 3010.4514838183327 700 3013 702.700093202597 2910.5485161816673
688 2905 685.0060401235684 3018.601868090311 776 3021 778.9939598764316 2907.398131909689
765 2910 762.0635719034846 3021.418900401102 860 3024 862.9364280965154 2912.581099598898
844 2908 841.3435566599626 3008.7952472175375 925 3011 927.6564433400374 2910.2047527824625
917 2911 914.4419228304102 3008.06287230907 950 3009 952.5580771695898 2911.93712769093
944 2906 941.2132620795946 3011.739103629357 1027 3014 1029.7867379204054 2908.260896370643
1010 2914 1007.1814118467881 3020.9476188050007 1123 3024 1125.8185881532117 2917.0523811949993
1106 2905 1102.7031892920088 3030.093144405904 1213 3033 1216.2968107079912 2907.906855594096
1173 2900 1169.5985371701938 3029.0640314680118 1281 3032 1284.4014628298062 2902.9359685319882
1266 2908 1263.3976179605397 3006.7439623004316 1349 3009 1351.6023820394603 2910.2560376995684
1350 2911 1347.429507281903 3008.5339639609338 1441 3011 1443.570492718097 2913.4660360390662
1406 2909 1402.8840746936144 3027.2296858490818 1508 3030 1511.1159253063856 2911.7703141509182
1501 2915 1498.6194159297904 3005.328130196643 1600 3008 1602.3805840702096 2917.671869803357
1590 2921 1587.1973369631914 3027.3433612171784 1688 3030 1690.8026630368086 2923.6566387828216
1690 2924 1687.2492768876082 3028.3725691271893 1749 3030 1751.7507231123918 2925.6274308728107
264 3015 261.2798171057927 3118.2137607326786 367 3121 369.7201828942073 3017.7862392673214
360 3024 357.3504976186408 3124.5318816733306 451 3127 453.6495023813592 3026.4681183266694
449 3019 446.0968494165835 3129.1562289527624 554 3132 556.9031505834165 3021.8437710472376
547 3026 544.3691991185153 3125.8222778678264 627 3128 629.6308008814847 3028.1777221321736
625 3028 622.3234669683522 3129.5575241318834 715 3132 717.6765330316478 3030.4424758681166
701 3026 698.1529539162073 3134.027417536249 773 3136 775.8470460837927 3027.972582463751
870 3031 866.8632909061363 3150.0182993178487 980 3153 983.1367090938637 3033.9817006821513
948 3034 944.714294825894 3158.671759535173 1071 3162 1074.285705174106 3037.328240464827
1059 3040 1056.5743778754952 3132.03703990628 1169 3135 1171.4256221245048 3042.96296009372
1157 3040 1154.3324902146342 3141.2151489244143 1260 3144 1262.6675097853658 3042.7848510755857
1223 3032 1220.055975937495 3143.7071193358747 1345 3147 1347.944024062505 3035.2928806641253
1330 3035 1327.019227945057 3148.1014735563176 1437 3151 1439.980772054943 3037.8985264436824
1407 3038 1403.9499356239446 3153.730679506825 1528 3157 1531.0500643760554 3041.269320493175
1519 3036 1516.2201639497164 3141.4772212490043 1574 3143 1576.7798360502836 3037.5227787509957
1567 3039 1563.8390366393191 3158.938595558719 1680 3162 1683.1609633606809 3042.061404441281
# Transcript
ODWROSOIZH
ASPOLEOSTWN
MINAMFISBHT*
*ASCWRASAPO
PIASTASEPITW
AITWNYDATWNKA
AYTAIKAITOYL
SAITAIPOLEIPA
AMENOICARIZ
KAIOLOGHQEN
NTAGKRISINZARACIWN
WNEKTHNOYTWMPER
ERTASKWRASLABONTW
DYNEYONTWNAMW*A
ENTAYTANAPOBALE
TANEMPESEINOMOIWSA
DIKASTAISPARAGENOM
ENTESENIKASANTAGKR
LEYQER*SANTASAIT
# Lines: x1 y1 x2 y2 x3 y3 x4 y4
