# Baseline angle
0.03998495469824159
# Boxes: x1 y1 x2 y2 x3 y3 x4 y4
745 799 740.7229977578692 905.9082778557304 843 910 847.2770022421308 803.0917221442696
834 810 829.9578642909294 911.0375358841497 954 916 958.0421357090706 814.9624641158503
961 808 956.9291075542809 909.756341490928 1088 915 1092.0708924457192 813.243658509072
1082 807 1077.3123823783362 924.1720515462167 1148 927 1152.6876176216638 809.8279484537833
1147 814 1142.242091615727 932.9290448687108 1244 937 1248.757908384273 818.0709551312892
1234 821 1229.0264066880275 945.3203219535483 1346 950 1350.9735933119725 825.6796780464517
1320 837 1315.9211115620556 938.9562099291827 1417 943 1421.0788884379444 841.0437900708173
1426 827 1421.5951684477347 937.1035091491186 1469 939 1473.4048315522653 828.8964908508814
1478 827 1473.2277163816814 946.2883693274325 1591 951 1595.7722836183186 831.7116306725675
1599 833 1594.1350481242441 954.6047122362376 1704 959 1708.8649518757559 837.3952877637624
672 936 667.3778981124156 1051.5344152050714 779 1056 783.6221018875844 940.4655847949286
765 944 759.9241570307454 1070.876162271723 888 1076 893.0758429692546 949.123837728277
883 950 878.9051446518332 1052.355320048354 1020 1058 1024.0948553481667 955.6446799516461
1023 950 1019.2981638336249 1042.5313822734956 1106 1046 1109.701836166375 953.4686177265045
1098 965 1094.1543801503824 1061.1254103073861 1216 1066 1219.8456198496176 969.8745896926139
1226 964 1221.9211115620556 1065.9562099291827 1323 1070 1327.0788884379444 968.0437900708173
1323 966 1319.1351985450215 1062.604875194129 1404 1066 1407.8648014549785 969.395124805871
1410 961 1404.9720828356405 1086.678205156871 1513 1091 1518.0279171643595 965.321794843129
1519 964 1514.5696201376675 1074.7421166776596 1621 1079 1625.4303798623325 968.2578833223404
1609 981 1605.1144315320412 1078.123969051987 1702 1082 1705.8855684679588 984.876030948013
1700 971 1695.4465971988482 1084.8172075430268 1800 1089 1804.5534028011518 975.1827924569732
685 1085 680.8332434073764 1189.152569099301 802 1194 806.1667565926236 1089.847430900699
805 1098 801.2693945598625 1191.2505012589427 845 1193 848.7306054401375 1099.7494987410573
849 1090 844.8827671570052 1192.914669634665 947 1197 951.1172328429948 1094.085330365335
939 1081 934.0535717484994 1204.6413020072196 1068 1210 1072.9464282515007 1086.3586979927804
1052 1096 1047.901948762366 1198.4352047479222 1187 1204 1191.098051237634 1101.5647952520778
1189 1076 1182.7434513921805 1232.3891714607585 1273 1236 1279.2565486078195 1079.6108285392415
1268 1104 1263.5216755271013 1215.9405438605152 1315 1218 1319.4783244728987 1106.0594561394848
1315 1107 1310.1733925292945 1227.6462525307552 1419 1232 1423.8266074707055 1111.3537474692448
1427 1102 1421.6445480451432 1235.8652900372565 1500 1239 1505.3554519548568 1105.1347099627435
1513 1104 1508.4801477696976 1216.9785748868965 1609 1221 1613.5198522303024 1108.0214251131035
1614 1114 1609.643113058301 1222.905081966263 1712 1227 1716.356886941699 1118.094918033737
657 1224 652.117483269288 1346.0437647051929 801 1352 805.882516730712 1229.9562352948071
782 1232 776.9704848909071 1357.718147506655 884 1362 889.0295151090929 1236.281852493345
876 1237 871.5744139718685 1347.6222896283075 981 1352 985.4255860281315 1241.3777103716925
975 1252 971.5138675669956 1339.1396351206542 1118 1345 1121.4861324330045 1257.8603648793458
1118 1232 1113.0200023719788 1356.4804047313535 1176 1359 1180.9799976280212 1234.5195952686465
1161 1240 1156.1654153427403 1360.8456509010064 1310 1367 1314.8345846572597 1246.1543490989936
1302 1239 1296.7452122948057 1370.3490786901968 1413 1375 1418.2547877051943 1243.6509213098032
1413 1243 1408.0136293987155 1367.639704062486 1542 1373 1546.9863706012845 1248.360295937514
1537 1255 1532.7389834737626 1361.5086976685554 1670 1367 1674.2610165262374 1260.4913023314446
1684 1263 1680.2949679441576 1355.6112669730637 1765 1359 1768.7050320558424 1266.3887330269363
635 1369 630.4386137437369 1483.0167626026125 755 1488 759.5613862562631 1373.9832373973875
761 1389 757.0281425164245 1488.280855940325 800 1490 803.9718574835755 1390.719144059675
788 1376 783.2900299577362 1493.7307743751896 915 1499 919.7099700422638 1381.2692256248104
899 1380 893.9113734728762 1507.1957010699953 1014 1512 1019.0886265271238 1384.8042989300047
1010 1386 1005.6830616766421 1493.9065232216622 1133 1499 1137.316938323358 1391.0934767783378
1090 1388 1085.219739195127 1507.4877676976837 1248 1514 1252.780260804873 1394.5122323023163
1227 1401 1222.344347541566 1517.3730478612017 1338 1522 1342.655652458434 1405.6269521387983
1330 1401 1325.5664242482003 1511.8220013772277 1430 1516 1434.4335757517997 1405.1779986227723
1411 1405 1406.7166122474916 1512.067890565532 1530 1517 1534.2833877525084 1409.932109434468
1525 1409 1521.163949013113 1504.8862262766854 1574 1507 1577.836050986887 1411.1137737233146
1561 1407 1556.7437710394065 1513.389027308538 1672 1518 1676.2562289605935 1411.610972691462
1634 1414 1630.315753762809 1506.0917030472021 1778 1512 1781.684246237191 1419.9082969527979
599 1493 594.1909699213645 1613.2068866831307 714 1618 718.8090300786355 1497.7931133168693
710 1495 705.170184102713 1615.7264506089923 762 1618 766.829815897287 1497.2735493910077
743 1506 738.6974369106879 1613.5471987629403 850 1618 854.3025630893121 1510.4528012370597
826 1512 822.7487215629418 1593.2692065277429 941 1598 944.2512784370582 1516.7307934722571
930 1515 926.0025942063573 1614.9194634688658 1028 1619 1031.9974057936427 1519.0805365311342
1024 1511 1019.4322219648025 1625.1765320017487 1140 1630 1144.5677780351978 1515.8234679982513
1117 1513 1112.4449992541145 1626.8571498928109 1216 1631 1220.5550007458855 1517.1428501071891
1193 1518 1188.2484959317758 1636.7689620909057 1344 1643 1348.7515040682242 1524.2310379090943
1310 1526 1306.168761652985 1621.76592915933 1437 1627 1440.831238347015 1531.23407084067
1404 1535 1400.2614236418653 1628.4497429398593 1514 1633 1517.7385763581347 1539.5502570601407
1505 1525 1500.8779733228043 1628.034496684017 1600 1632 1604.1220266771957 1528.965503315983
1580 1525 1575.326770149496 1641.812413708826 1680 1646 1684.673229850504 1529.187586291174
1643 1525 1637.8251032629305 1654.3521178903297 1779 1660 1784.1748967370695 1530.6478821096703
592 1610 587.4945355408574 1722.6189370495058 722 1728 726.5054644591426 1615.3810629504942
713 1613 707.9241570307454 1739.876162271723 836 1745 841.0758429692546 1618.123837728277
823 1627 819.365271243881 1717.8539602719006 923 1722 926.634728756119 1631.1460397280994
896 1632 892.026569645919 1731.320171532771 1034 1737 1037.9734303540808 1637.679828467229
1026 1636 1022.1543613447112 1732.1258803753897 1069 1734 1072.8456386552887 1637.8741196246103
1063 1634 1058.852412475623 1737.6734175912272 1167 1742 1171.147587524377 1638.3265824087728
1162 1641 1158.1144378005981 1738.1238123626524 1280 1743 1283.8855621994019 1645.8761876373476
1278 1641 1274.0584971978067 1739.5221079837627 1311 1741 1314.9415028021933 1642.4778920162373
1315 1645 1310.8604021992915 1748.4737058423068 1424 1753 1428.1395978007085 1649.5262941576932
1425 1651 1421.9100763696974 1728.2359693355625 1491 1731 1494.0899236303026 1653.7640306644375
1488 1650 1483.8108784496624 1754.7116053069428 1616 1760 1620.1891215503376 1655.2883946930572
1591 1643 1586.5344841591984 1754.620378304905 1746 1761 1750.4655158408016 1649.379621695095
591 1733 586.6830554080851 1840.906679910997 689 1845 693.3169445919149 1737.093320089003
687 1729 682.2948237919372 1846.6109473258377 817 1852 821.7051762080628 1734.3890526741623
807 1743 803.1943036944953 1838.1274783201231 850 1840 853.8056963055047 1744.8725216798769
819 1737 815.1927245554327 1832.1669506019039 936 1837 939.8072754445673 1741.8330493980961
912 1735 907.6606967189281 1843.4655594293042 1046 1849 1050.3393032810718 1740.5344405706958
1037 1740 1033.1128210501936 1837.16422478044 1079 1839 1082.8871789498064 1741.83577521956
1073 1743 1068.74536898414 1849.3490849587538 1185 1854 1189.25463101586 1747.6509150412462
1187 1758 1183.7183543444457 1840.028267862974 1258 1843 1261.2816456555543 1760.971732137026
1236 1751 1231.7741319893455 1856.6301226626413 1366 1862 1370.2258680106545 1756.3698773373587
1353 1750 1349.0073880405582 1849.799636419514 1454 1854 1457.9926119594418 1754.200363580486
1451 1757 1447.302945130712 1849.4118686028123 1487 1851 1490.697054869288 1758.5881313971877
1473 1756 1469.1096439663972 1853.2436394120045 1588 1858 1591.8903560336028 1760.7563605879955
1568 1755 1563.6015790323404 1864.943269681979 1690 1870 1694.3984209676596 1760.056730318021
721 1849 716.1558214057815 1970.0854616890451 839 1975 843.8441785942185 1853.9145383109549
811 1854 806.2149390923691 1973.6077514363703 941 1979 945.7850609076309 1859.3922485636297
928 1853 923.2996113575812 1970.4912769658201 1036 1975 1040.700388642419 1857.5087230341799
1024 1855 1019.513704609104 1967.1397855414318 1141 1972 1145.4862953908957 1859.8602144585682
1139 1861 1134.8683856544023 1964.274150782721 1228 1968 1232.1316143455977 1864.725849217279
1230 1875 1226.1048313265255 1972.3639365293602 1267 1974 1270.8951686734745 1876.6360634706398
1266 1880 1262.4659229564293 1968.3380623035098 1354 1972 1357.5340770435707 1883.6619376964902
1354 1857 1348.8330929865988 1986.1524061414095 1495 1992 1500.1669070134012 1862.8475938585905
1486 1870 1481.1510150344666 1991.205602117066 1551 1994 1555.8489849655334 1872.794397882934
1555 1878 1550.869971062022 1981.234521811606 1595 1983 1599.130028937978 1879.765478188394
1593 1873 1588.1590172952488 1994.005576989477 1713 1999 1717.8409827047512 1877.994423010523
706 1961 701.0839201613245 2083.8827107399925 804 2088 808.9160798386755 1965.117289260008
785 1972 780.2436958290177 2090.888945829592 908 2096 912.7563041709823 1977.1110541704077
899 1978 894.9131093012734 2080.1562350567715 941 2082 945.0868906987266 1979.8437649432283
940 1988 936.529828208661 2074.7406816908174 1018 2078 1021.4701717913391 1991.2593183091824
996 1978 991.1462400059365 2099.3249590984146 1133 2105 1137.8537599940632 1983.6750409015851
1120 2004 1116.9468228300143 2080.317451979864 1184 2083 1187.0531771699857 2006.682548020136
1186 2001 1182.7630967969876 2081.909882069021 1285 2086 1288.2369032030124 2005.090117930979
1296 1995 1291.7293895368036 2101.748508456594 1398 2106 1402.2706104631964 1999.2514915434058
1401 2005 1397.3636670305902 2095.894059311019 1475 2099 1478.6363329694098 2008.1059406889808
1480 2003 1476.1016542427292 2100.443351160925 1590 2105 1593.8983457572708 2007.5566488390753
1590 1998 1585.74536898414 2104.349084958754 1702 2109 1706.25463101586 2002.6509150412462
480 2076 475.4913333828331 2188.6989784384086 583 2193 587.5086666171669 2080.3010215615914
567 2086 562.6335253898992 2195.144736064967 659 2199 663.3664746101008 2089.855263935033
631 2090 626.6463089477684 2198.825197266695 731 2203 735.3536910522316 2094.174802733305
721 2094 716.7916968443017 2199.191070193686 812 2203 816.2083031556983 2097.808929806314
801 2092 796.7373729919149 2198.5489533970085 883 2202 887.2626270080851 2095.4510466029915
883 2097 878.6351170660758 2206.104950404518 951 2209 955.3648829339242 2099.895049595482
942 2114 938.3221204675157 2205.932560405404 990 2208 993.6778795324843 2116.067439594596
986 2109 981.8460206966885 2212.833186990363 1086 2217 1090.1539793033114 2113.166813009637
1079 2118 1075.3572689830987 2209.05398539949 1124 2211 1127.6427310169013 2119.94601460051
1107 2113 1103.275792607354 2206.090575170472 1176 2209 1179.724207392646 2115.909424829528
1171 2115 1167.2821906548456 2207.9306490820013 1269 2212 1272.7178093451544 2119.0693509179987
1252 2112 1247.9818271933768 2212.4385573267236 1362 2217 1366.0181728066232 2116.5614426732764
1350 2115 1346.0648952452984 2213.362181895292 1412 2216 1415.9351047547016 2117.637818104708
1396 2111 1391.6239439900542 2220.384233474337 1507 2225 1511.3760560099458 2115.615766525663
1497 2122 1493.8094246571493 2201.751867303953 1575 2205 1578.1905753428507 2125.248132696047
1578 2124 1574.0600951425404 2222.4821656339786 1612 2224 1615.9399048574596 2125.5178343660214
1613 2129 1609.5953376741832 2214.1032020390066 1707 2218 1710.4046623258168 2132.8967979609934
1704 2128 1699.8572000412669 2231.5537472312094 1786 2235 1790.1427999587331 2131.4462527687906
438 2203 434.4691251144536 2291.258020914607 553 2296 556.5308748855463 2207.741979085393
545 2209 541.547405600731 2295.301315843193 634 2299 637.452594399269 2212.698684156807
630 2216 626.3972238699968 2306.0552699655545 725 2310 728.6027761300032 2219.9447300344455
718 2216 714.4962776378115 2303.5793143469477 800 2307 803.5037223621885 2219.4206856530523
800 2215 796.382842367394 2305.4147511136107 886 2309 889.617157632606 2218.5852488863893
879 2212 875.1543738818253 2308.1255669967204 972 2312 975.8456261181747 2215.8744330032796
961 2218 957.417990882977 2307.5361761076965 1044 2311 1047.582009117023 2221.4638238923035
1037 2231 1033.9899610692655 2306.2391652250294 1103 2309 1106.0100389307345 2233.7608347749706
1097 2223 1093.195914176343 2318.0872225916705 1191 2322 1194.804085823657 2226.9127774083295
1182 2219 1178.564982992801 2304.861949995569 1282 2309 1285.435017007199 2223.138050004431
1262 2231 1258.9612168697313 2306.957657453139 1385 2312 1388.0387831302687 2236.042342546861
1364 2233 1360.4787127828556 2321.018366815903 1485 2326 1488.5212872171444 2237.981633184097
1466 2230 1462.218285402614 2324.5280296946935 1574 2329 1577.781714597386 2234.4719703053065
1569 2236 1565.3413020728763 2327.4530955186615 1654 2331 1657.6586979271237 2239.5469044813385
1662 2232 1657.8731732200463 2335.1544804227037 1729 2338 1733.1268267799537 2234.8455195772963
417 2312 412.7581462734522 2418.0297028498157 512 2422 516.2418537265478 2315.9702971501843
490 2320 485.94187230647896 2421.437272760659 550 2424 554.0581276935211 2322.562727239341
545 2318 541.2614173733083 2411.4498996291936 630 2415 633.7385826266917 2321.5501003708064
597 2313 592.4242322411342 2427.376243750669 708 2432 712.5757677588658 2317.623756249331
680 2314 675.0535654799424 2437.641458696554 784 2442 788.9464345200576 2318.358541303446
784 2323 779.7517544945176 2429.189472248952 875 2433 879.2482455054824 2326.810527751048
856 2320 852.3461021756342 2411.3331117799744 969 2416 972.6538978243658 2324.6668882200256
955 2324 950.5296652507694 2435.740832111595 1007 2438 1011.4703347492306 2326.259167888405
986 2322 981.5584407930891 2433.021556436813 1106 2438 1110.4415592069108 2326.978443563187
1092 2326 1087.4977251617677 2438.5392090392725 1199 2443 1203.5022748382323 2330.4607909607275
1166 2335 1161.9530704567285 2436.157362933502 1283 2441 1287.0469295432715 2339.842637066498
1259 2334 1254.4881437619229 2446.778706448642 1385 2452 1389.5118562380771 2339.221293551358
1365 2333 1360.3187741572708 2450.0122821470804 1435 2453 1439.6812258427292 2335.9877178529196
1413 2337 1409.008979716735 2436.759850759064 1490 2440 1493.991020283265 2340.240149240936
1469 2330 1464.8076762916382 2434.7916466958454 1570 2439 1574.1923237083618 2334.2083533041546
1546 2332 1541.8667877096689 2435.314093132505 1634 2439 1638.1332122903311 2335.685906867495
1609 2334 1605.788663912726 2414.270804472477 1724 2419 1727.211336087274 2338.729195527523
356 2442 352.4531456671172 2530.6574444124476 461 2535 464.5468543328828 2446.3425555875524
425 2437 420.25966900779713 2555.4896790210864 533 2560 537.7403309922029 2441.5103209789136
517 2450 513.2342585813934 2544.1287628861883 610 2548 613.7657414186066 2453.8712371138117
597 2445 592.7261936473363 2551.8283931561623 697 2556 701.2738063526637 2449.1716068438377
691 2451 686.750156549784 2557.2294145987366 781 2561 785.249843450216 2454.7705854012634
761 2463 757.5601828900432 2548.9819337342556 833 2552 836.4398171099568 2466.0180662657444
826 2457 821.9179156725884 2559.0360946287506 921 2563 925.0820843274116 2460.9639053712494
916 2449 911.5552386350647 2560.101597825716 1009 2564 1013.4447613649353 2452.898402174284
989 2462 985.2710113102671 2555.210088841155 1105 2560 1108.728988689733 2466.789911158845
1088 2458 1083.8188556362165 2562.512206936692 1171 2566 1175.1811443637835 2461.487793063308
1145 2457 1140.403465228154 2571.895337608527 1268 2577 1272.596534771846 2462.104662391473
1232 2459 1227.7134163580242 2566.1477752651003 1349 2571 1353.2865836419758 2463.8522247348997
1324 2466 1320.0521304931003 2564.681250625561 1453 2570 1456.9478695068997 2471.318749374439
1563 2467 1558.3155908049175 2584.0918534679795 1681 2589 1685.6844091950825 2471.9081465320205
361 2559 356.7613421629195 2664.949818150248 458 2669 462.2386578370805 2563.050181849752
450 2557 446.08247890592537 2654.9226593583335 548 2659 551.9175210940746 2561.0773406416665
542 2560 537.9882189723115 2660.278787927588 656 2665 660.0117810276885 2564.721212072412
622 2552 617.3842961599071 2667.3744891166007 758 2673 762.6157038400929 2557.6255108833993
734 2565 729.7453689841401 2671.349084958754 846 2676 850.2546310158599 2569.650915041246
840 2564 835.5696201376675 2674.7421166776594 942 2679 946.4303798623325 2568.2578833223406
915 2563 910.6511090505263 2671.7052135280087 1043 2677 1047.3488909494738 2568.2947864719913
1024 2568 1020.0137798194928 2667.6398670203776 1129 2672 1132.9862201805072 2572.3601329796224
1085 2570 1080.8939590386979 2672.6349164968424 1215 2678 1219.1060409613021 2575.3650835031576
1193 2570 1189.2566298076642 2663.5695699892112 1300 2668 1303.7433701923358 2574.4304300107888
1293 2592 1290.0251095848487 2666.3605902191157 1356 2669 1358.9748904151513 2594.6394097808843
1358 2579 1353.5600262007085 2689.9819274656984 1429 2693 1433.4399737992915 2582.0180725343016
1422 2573 1417.4306240200688 2687.2164743515327 1537 2692 1541.5693759799312 2577.7835256484673
1514 2581 1509.8779795913613 2684.0343399946823 1634 2689 1638.1220204086387 2585.9656600053177
1619 2585 1615.1383944344889 2681.5249904945613 1702 2685 1705.8616055655111 2588.4750095054387
305 2671 301.33012272829785 2762.732535277815 408 2767 411.66987727170215 2675.267464722185
381 2675 376.89235482540704 2777.6750155359605 485 2782 489.10764517459296 2679.3249844640395
474 2668 470.06649945858896 2766.3220828561734 562 2770 565.9335005414109 2671.6779171438266
552 2676 548.2901803785137 2768.7309373330813 655 2773 658.7098196214863 2680.2690626669187
634 2677 630.0649077824123 2775.361868516623 746 2780 749.9350922175877 2681.638131483377
728 2680 724.2182854026139 2774.5280296946935 836 2779 839.7817145973861 2684.4719703053065
817 2684 813.0936645190609 2781.643062909845 922 2786 925.9063354809391 2688.356937090155
919 2679 914.7421668261157 2785.4291263476566 1004 2789 1008.2578331738843 2682.5708736523434
997 2680 992.7916968443017 2785.191070193686 1088 2789 1092.2083031556983 2683.808929806314
1087 2686 1082.8555895594193 2789.5940029596622 1118 2791 1122.1444104405807 2687.4059970403378
1112 2686 1108.2678091522428 2779.2901302300575 1201 2783 1204.7321908477572 2689.7098697699425
1193 2698 1189.7007832209326 2780.4674770212637 1278 2784 1281.2992167790674 2701.5325229787363
1262 2694 1258.1623636054935 2789.9258552478004 1360 2794 1363.8376363945065 2698.0741447521996
1355 2695 1351.6033211292945 2779.903646979421 1429 2783 1432.3966788707055 2698.096353020579
1420 2693 1416.191107805028 2788.2073630196915 1461 2790 1464.808892194972 2694.7926369803085
1428 2700 1424.5362387932664 2786.580442223678 1585 2793 1588.4637612067336 2706.419557776322
1566 2696 1561.5839953717134 2806.382792218938 1652 2810 1656.4160046282866 2699.617207781062
1654 2687 1649.3555331547016 2803.0934514127134 1772 2808 1776.6444668452984 2691.9065485872866
255 2777 250.82205779424086 2881.4321655477893 365 2886 369.1779422057591 2781.5678344522107
358 2794 353.9913960561078 2894.199373296023 399 2896 403.0086039438922 2795.800626703977
394 2791 389.96903736695083 2891.7582528143307 471 2895 475.03096263304917 2794.2417471856693
457 2791 453.08887068485996 2888.7628899591973 559 2893 562.91112931514 2795.2371100408027
549 2787 544.3107969707166 2904.211680517332 664 2909 668.6892030292834 2791.788319482668
638 2788 633.9131218383874 2890.155921678103 730 2894 734.0868781616126 2791.844078321897
698 2790 693.518498443305 2902.0199584920797 818 2907 822.481501556695 2794.9800415079203
807 2798 803.0824663688114 2895.922972737002 855 2898 858.9175336311886 2800.077027262998
847 2802 842.7182039236682 2909.0281049050827 942 2913 946.2817960763318 2805.9718950949173
928 2800 924.604925342585 2884.8635479403024 1028 2889 1031.3950746574149 2804.1364520596976
1004 2788 999.7996928365269 2892.991201755431 1125 2898 1129.200307163473 2793.008798244569
1112 2790 1107.6399109002766 2898.985123355166 1183 2902 1187.3600890997234 2793.014876644834
1145 2783 1140.5073190987264 2895.2993982512335 1283 2901 1287.4926809012736 2788.7006017487665
1254 2785 1249.6990348554214 2892.5072564131565 1362 2897 1366.3009651445786 2789.4927435868435
1346 2798 1341.7581462734522 2904.0297028498157 1441 2908 1445.2418537265478 2801.9702971501843
1432 2790 1427.8364330282866 2894.0728410890674 1526 2898 1530.1635669717134 2793.9271589109326
1515 2813 1511.6672326500832 2896.306109677394 1604 2900 1607.3327673499168 2816.693890322606
1584 2807 1579.8875672597633 2909.7946858959785 1710 2915 1714.1124327402367 2812.2053141040215
346 2910 341.9322971751911 3011.6766134806944 450 3016 454.0677028248089 2914.3233865193056
430 2898 425.513698340547 3010.1399422307663 522 3014 526.4863016594529 2901.8600577692337
513 2899 508.5200901194816 3010.98017283163 609 3015 613.4799098805183 2903.01982716837
592 2902 587.4977251617677 3014.5392090392725 699 3019 703.5022748382323 2906.4607909607275
691 2918 686.9562600776387 3019.0776349232683 785 3023 789.0437399223613 2921.9223650767317
775 2915 770.817257691483 3019.552149286476 857 3023 861.182742308517 2918.447850713524
850 2918 845.9754354144424 3018.59832672586 956 3023 960.0245645855576 2922.40167327414
914 2913 909.6686613683684 3021.266474437722 953 3023 957.3313386316316 2914.733525562278
943 2908 937.7851546445896 3038.3506766349306 1054 3043 1059.2148453554105 2912.6493233650694
1009 2910 1004.0871223193489 3032.802669351089 1134 3038 1138.912877680651 2915.197330648911
1098 2905 1092.9449240437257 3031.3570684138654 1209 3036 1214.0550759562743 2909.6429315861346
1166 2910 1161.0312005222283 3034.200494904196 1281 3039 1285.9687994777717 2914.799505095804
1261 2923 1257.3524876860117 3014.173499070173 1353 3018 1356.6475123139883 2926.826500929827
1333 2915 1328.7389772052056 3021.50885435789 1441 3026 1445.2610227947944 2919.49114564211
1391 2917 1386.4274343991583 3031.296202361766 1529 3037 1533.5725656008417 2922.703797638234
1496 2925 1492.0649077824123 3023.361868516623 1608 3028 1611.9350922175877 2929.638131483377
1587 2924 1582.675071952974 3032.1062349705826 1705 3037 1709.324928047026 2928.8937650294174
1683 2919 1678.2085347763204 3038.7678342141758 1759 3042 1763.7914652236796 2922.2321657858242
256 3016 250.55828410375454 3152.0215501682565 375 3157 380.44171589624546 3020.9784498317435
356 3023 351.41624251746595 3137.575955499589 462 3142 466.58375748253405 3027.424044500411
454 3019 449.15901102669164 3140.005733678812 549 3144 553.8409889733083 3022.994266321188
541 3027 536.7900988995681 3132.2310125434697 631 3136 635.2099011004319 3030.7689874565303
619 3038 615.191120342142 3133.207049641022 710 3137 713.808879657858 3041.792950358978
700 3033 695.4497868197584 3146.7374795327933 777 3150 781.5502131802416 3036.2625204672067
871 3039 866.3826919466164 3154.4145881557192 981 3159 985.6173080533836 3043.5854118442808
960 3045 955.3091990259829 3162.2516228671157 1074 3167 1078.690800974017 3049.7483771328843
1056 3050 1052.507469519504 3137.299561209125 1170 3142 1173.492530480496 3054.700438790875
1146 3045 1141.946678677794 3146.3171323326383 1259 3151 1263.053321322206 3049.6828676673617
1225 3037 1220.4338199095362 3151.1365896519646 1342 3156 1346.5661800904638 3041.8634103480354
1328 3044 1323.5280798431497 3155.78046108271 1429 3160 1433.4719201568503 3048.21953891729
1412 3046 1407.2900299577364 3163.73077437519 1539 3169 1543.7099700422636 3051.26922562481
1526 3042 1521.9179031354743 3144.0364080074196 1571 3146 1575.0820968645257 3043.9635919925804
1567 3040 1561.7707731419869 3170.7101577829867 1669 3175 1674.2292268580131 3044.2898422170133
# Transcript
ODWROSOIZH
ASPOLEOSTWN
MINAMFISBHT*
*ASCWRASAPO
PIASTASEPITW
AITWNYDATWNKA
AYTAIKAITOYL
SAITAIPOLEIPA
AMENOICARIZ
KAIOLOGHQEN
NTAGKRISINZARACIWN
WNEKTHNOYTWMPER
ERTASKWRASLABONTW
DYNEYONTWNAMW*A
ENTAYTANAPOBALE
TANEMPESEINOMOIWSA
DIKASTAISPARAGENOM
ENTESENIKASANTAGKR
LEYQER*SANTASAIT
# Lines: x1 y1 x2 y2 x3 y3 x4 y4
