# Baseline angle
0.016575904439141365
# Boxes: x1 y1 x2 y2 x3 y3 x4 y4
1608 14 1600.37504367804 473.9602990764281 2206 484 2213.6249563219603 24.0397009235719
2414 20 2406.72123099621 459.07723880976744 2764 465 2771.27876900379 25.922761190232535
886 564 877.7099310610604 1064.0818926053355 1476 1074 1484.2900689389394 573.9181073946645
1636 554 1627.1406670724455 1088.421608585426 1843 1092 1851.8593329275545 557.5783914145741
2010 443 1998.886782510111 1113.3827044397528 2760 1126 2771.113217489889 455.6172955602472
2740 572 2730.6352559799157 1136.9095258220073 3279 1146 3288.3647440200843 581.0904741779926
1086 1149 1076.9836582025132 1692.8928558585087 1747 1704 1756.0163417974868 1160.1071441414913
2200 1192 2191.563167633806 1700.9351039606584 3040 1715 3048.436832366194 1206.0648960393416
875 1796 866.1064394148681 2332.4863238377256 1440 2342 1448.893560585132 1805.5136761622741
1561 1811 1552.497852318829 2323.8751202102644 1741 2327 1749.502147681171 1814.1248797897356
1797 1806 1787.9829227378493 2349.9372212990957 2395 2360 2404.0170772621505 1816.0627787009043
2464 1960 2459.5417294448207 2228.93628911921 2765 2234 2769.4582705551793 1965.06371088079
2896 1798 2886.425561115015 2375.558950776335 3094 2379 3103.574438884985 1801.4410492236643
909 2393 899.7732448938199 2949.5856195032707 1528 2960 1537.22675510618 2403.4143804967293
2163 2401 2154.40934131623 2919.2143701033633 2986 2933 2994.59065868377 2414.7856298966367
868 2988 858.4754827346678 3562.5475285285997 1489 3573 1498.5245172653322 2998.4524714714003
1581 3010 1572.1183417806483 3545.7683373348755 2129 3555 2137.881658219352 3019.2316626651245
2244 2987 2234.450473298789 3563.0561729222154 2593 3569 2602.549526701211 2992.9438270777846
2785 2996 2775.777712381729 3552.316127195635 2998 3556 3007.222287618271 2999.683872804365
1289 3558 1271.3030637763084 4625.532420447109 2325 4643 2342.6969362236914 3575.467579552891
# Transcript
*ER*
OIAN
TW
NINOI
ZW
THRI
&
# Lines: x1 y1 x2 y2 x3 y3 x4 y4
