# Baseline angle
-0.0046355299418525675
# Boxes: x1 y1 x2 y2 x3 y3 x4 y4
57 266 58.02465826233201 487.04288740271693 283 486 281.97534173766803 264.95711259728307
314 287 314.83340093024776 466.7841824520308 484 466 483.16659906975224 286.2158175479692
501 282 501.894994211222 475.07130184748416 733 474 732.105005788778 280.92869815251584
715 273 715.9136649932703 470.0990286767656 953 469 952.0863350067297 271.9009713232344
951 272 951.9451892547148 475.8995533288215 1146 475 1145.0548107452853 271.1004466711785
1146 271 1146.9365844551444 473.04329567441164 1372 472 1371.0634155448556 269.95670432558836
1399 296 1399.726527413108 452.7290511132268 1557 452 1556.273472586892 295.2709488867732
1581 279 1582.0336283576294 501.9779479372423 1793 501 1791.9663716423706 278.0220520627577
1802 281 1802.8565782479288 465.78407501211115 1972 465 1971.1434217520712 280.21592498788885
1996 272 1996.8941561798488 464.8905187695724 2189 464 2188.105843820151 271.1094812304276
2204 267 2204.9869084265406 479.8993599369662 2399 479 2398.0130915734594 266.1006400630338
2364 265 2364.978711898665 476.13117608974403 2609 475 2608.021288101335 263.86882391025597
2590 261 2590.9907273466874 474.7231908346066 2747 474 2746.0092726533126 260.2768091653934
2760 271 2760.9129129138328 467.9367874529986 2963 467 2962.0870870861672 270.0632125470014
2916 287 2916.862137694774 472.9833784561838 3129 472 3128.137862305226 286.0166215438162
3135 270 3136.013775736465 488.69527061346975 3286 488 3284.986224263535 269.30472938653025
3305 307 3305.656651652322 448.6552060164065 3447 448 3446.343348347678 306.3447939835935
3467 289 3468.01933518331 508.8945740575424 3661 508 3659.98066481669 288.1054259424576
3673 275 3673.906665851502 470.5891491757675 3801 470 3800.093334148498 274.4108508242325
3823 290 3823.863356568865 476.24631826594407 3877 476 3876.136643431135 289.75368173405593
3878 293 3878.82919522639 471.87691321073873 4068 471 4067.17080477361 292.12308678926127
4087 308 4087.647402213234 447.65988445591057 4230 447 4229.352597786767 307.34011554408943
4248 288 4248.773698591859 454.9049838477631 4444 454 4443.226301408141 287.0950161522369
4470 277 4470.866988038149 464.0297116035619 4693 463 4692.133011961851 275.9702883964381
4720 282 4720.865999590889 468.8164802808967 4897 468 4896.134000409111 281.1835197191033
4903 273 4903.903405618937 467.8858403300683 5095 467 5094.096594381063 272.1141596699317
5116 278 5116.870377198618 465.76083323047834 5281 465 5280.129622801382 277.23916676952166
5292 281 5292.866558278471 467.9370023328379 5495 467 5494.133441721529 280.0629976671621
5510 297 5510.689164361027 445.66896199112756 5655 445 5654.310835638973 296.33103800887244
5651 289 5651.819730907463 465.8352370148808 5832 465 5831.180269092537 288.1647629851192
5837 287 5837.83822978564 467.8258801358727 6016 467 6015.16177021436 286.1741198641273
6023 306 6023.628602503281 441.6043448454119 6154 441 6153.371397496719 305.3956551545881
6158 282 6158.824323395031 459.8259445998244 6337 459 6336.175676604969 281.1740554001756
6320 286 6320.8151384198945 461.84452942993715 6503 461 6502.1848615801055 285.15547057006285
6507 282 6507.827411723724 460.4921697372341 6614 460 6613.172588276276 281.5078302627659
6619 271 6619.863399544834 457.2555891930165 6675 457 6674.136600455166 270.7444108069835
6683 283 6683.805717076934 456.8121241611516 6859 456 6858.194282923066 282.1878758388484
6856 272 6856.861450079288 457.8350436230254 7037 457 7036.138549920712 271.1649563769746
7048 286 7048.651865772898 426.622779259637 7183 426 7182.348134227102 285.377220740363
7184 255 7184.866192982744 441.8581994527225 7370 441 7369.133807017256 254.1418005472775
79 604 79.79698334945996 775.9280537255245 280 775 279.20301665054 603.0719462744755
283 595 283.83391664186206 774.8954335768996 477 774 476.16608335813794 594.1045664231004
448 609 448.7600930330257 772.9699448012217 658 772 657.2399069669743 608.0300551987783
648 591 648.8744109986039 779.6310187634808 785 779 784.1255890013961 590.3689812365192
775 608 775.817244242319 784.2988048564848 1056 783 1055.182755757681 606.7011951435152
1038 586 1038.9360902315138 787.936680013079 1241 787 1240.0639097684862 585.063319986921
1215 607 1215.797241205267 778.9836792879588 1428 778 1427.202758794733 606.0163207120412
1413 597 1413.8359950353108 777.3437919281077 1488 777 1487.1640049646892 596.6562080718923
1494 597 1494.866214470728 783.8628349162587 1681 783 1680.133785529272 596.1371650837413
1682 585 1682.9320349435436 786.0618590165402 1912 785 1911.0679650564564 583.9381409834598
1955 588 1955.9220549130018 786.9089316958136 2152 786 2151.0779450869986 587.0910683041864
2123 601 2123.8575237192217 785.9880354077039 2337 785 2336.1424762807783 600.0119645922961
2296 590 2296.941262894648 793.0525451135001 2524 792 2523.058737105352 588.9474548864999
2497 581 2497.9824663548598 792.9411005967759 2701 792 2700.0175336451402 580.0588994032241
2719 590 2719.9538800062214 795.7743528373762 2887 795 2886.0461199937786 589.2256471626238
2893 584 2893.931325840074 784.9088887198457 3090 784 3089.068674159926 583.0911112801543
3102 595 3102.9024171716765 789.672609007403 3248 789 3247.0975828283235 594.327390992597
3257 594 3257.921925985098 792.8811189145963 3448 792 3447.078074014902 593.1188810854037
3463 547 3464.1672832327577 798.8104480984051 3639 798 3637.8327167672423 546.1895519015949
3652 584 3653.0328977661757 806.8203421770115 3830 806 3828.9671022338243 583.1796578229885
3833 591 3833.9452107426987 794.9041887923577 4029 794 4028.0547892573013 590.0958112076423
3999 591 3999.963838548779 798.9226446945668 4199 798 4198.03616145122 590.0773553054332
4203 603 4203.857179911479 787.9138679911248 4401 787 4400.142820088521 602.0861320088752
4408 601 4408.851770880521 784.7470127918056 4570 784 4569.148229119479 600.2529872081944
4577 601 4577.85806091882 786.103921996109 4816 785 4815.14193908118 599.896078003891
4827 608 4827.744703971526 768.6501622811757 4968 768 4967.255296028474 607.3498377188243
4988 600 4988.8803142531915 789.9044896241328 5184 789 5183.1196857468085 599.0955103758672
5170 591 5170.917763257208 788.9831206003768 5383 788 5382.082236742792 590.0168793996232
58 909 58.94928751865278 1113.7836452524325 228 1113 227.05071248134723 908.2163547475674
202 890 203.0100857442216 1107.8992524970465 397 1107 395.98991425577844 889.1007475029535
329 921 329.86728886992444 1108.0946080930687 566 1107 565.1327111300756 919.9053919069313
565 914 565.8852935244711 1104.978635552728 777 1104 776.1147064755289 913.021364447272
765 914 765.8686796478873 1101.3946316111187 851 1101 850.1313203521127 913.6053683888815
860 913 860.9501900139778 1117.978334720953 1072 1117 1071.0498099860222 912.021665279047
1065 931 1065.7547054900522 1093.8077250654385 1240 1093 1239.2452945099478 930.1922749345615
1236 920 1236.8756787896557 1108.9045111121168 1432 1108 1431.1243212103443 919.0954888878833
1445 912 1445.9082129863448 1107.922902550374 1645 1107 1644.0917870136552 911.077097449626
1613 916 1613.8850786446317 1106.932280917366 1815 1106 1814.1149213553683 915.0677190826341
1827 914 1827.925680441293 1113.6910434216281 1977 1113 1976.074319558707 913.3089565783717
1975 911 1975.9448454469718 1114.8253859122422 2154 1114 2153.055154553028 910.1746140877576
2166 912 2166.945339670602 1115.932001573575 2368 1115 2367.054660329398 911.067998426425
2313 912 2313.950018110106 1116.9412510126635 2517 1116 2516.049981889894 911.0587489873367
2505 901 2505.9731739398035 1110.9365081092076 2708 1110 2707.0268260601965 900.0634918907924
2704 912 2704.9687963320744 1120.9921551596258 2919 1120 2918.0312036679256 911.0078448403741
2912 914 2912.945124790763 1117.885646938213 3104 1117 3103.054875209237 913.1143530617871
3099 916 3099.963774084827 1123.9087383039582 3296 1123 3295.036225915173 915.0912616960418
3278 916 3278.91662439406 1113.737441032958 3438 1113 3437.08337560594 915.262558967042
3438 929 3438.876452357077 1118.0713877994199 3670 1117 3669.123547642923 927.9286122005801
3649 923 3649.936498503209 1125.0247538202668 3871 1124 3870.063501496791 921.9752461797333
3860 914 3860.928596866115 1114.320184850748 3930 1114 3929.071403133885 913.6798151492517
3930 918 3930.9045874580534 1113.1407908245594 4177 1112 4176.095412541947 916.8592091754408
4152 927 4152.777689415878 1094.7658984536931 4318 1094 4317.222310584122 926.2341015463069
4310 909 4310.871150766039 1096.9277099177816 4511 1096 4510.128849233961 908.0722900822184
4507 934 4507.773569663956 1100.877171066546 4697 1100 4696.226430336044 933.1228289334541
4696 930 4696.833873665894 1109.8861626498272 4888 1109 4887.166126334106 929.1138373501728
5493 916 5493.92188300913 1114.8718479875238 5682 1114 5681.07811699087 915.1281520124761
5670 898 5671.070153378337 1128.8572539814297 5856 1128 5854.929846621663 897.1427460185704
5858 900 5858.9684095483635 1108.9087168159745 6055 1108 6054.0315904516365 899.0912831840258
6062 908 6062.898426347659 1101.811694401473 6238 1101 6237.101573652341 907.188305598527
6257 916 6257.886920670257 1107.329649169676 6329 1107 6328.113079329743 915.670350830324
6337 917 6337.932271311367 1118.1128491154384 6578 1117 6577.067728688633 915.8871508845615
6565 907 6565.922892944374 1106.0897147737253 6801 1105 6800.077107055626 905.9102852262746
59 1231 59.894650403479105 1423.997134430905 275 1423 274.1053495965209 1230.002865569095
267 1232 267.8897570841358 1423.9415303564545 471 1423 470.1102429158642 1231.0584696435455
456 1231 456.9632368852292 1438.792851715553 628 1438 627.0367631147707 1230.207148284447
619 1231 619.9593749891145 1437.9597498908404 827 1437 826.0406250108855 1230.0402501091596
810 1231 810.9661318220673 1439.417357681137 901 1439 900.0338681779327 1230.582642318863
897 1245 897.8711722540231 1432.9323453813179 1099 1432 1098.1288277459769 1244.0676546186821
1106 1232 1106.9448454469718 1435.8253859122422 1285 1435 1284.0551545530282 1231.1746140877578
1256 1239 1256.9361976714335 1440.95985733076 1464 1440 1463.0638023285665 1238.04014266924
1455 1238 1455.904050258455 1433.0249042361543 1677 1432 1676.095949741545 1236.9750957638457
1672 1231 1672.978647434713 1442.1172696991352 1914 1441 1913.021352565287 1229.8827303008648
1915 1234 1915.9689897239298 1443.0338743314517 2139 1442 2138.0310102760704 1232.9661256685483
2102 1247 2102.826278801568 1425.2477717816187 2372 1424 2371.173721198432 1245.7522282183813
2371 1231 2371.913084817704 1427.9738711612883 2582 1427 2581.086915182296 1230.0261288387117
2580 1245 2580.8663004226637 1431.8813767704034 2771 1431 2770.1336995773363 1244.1186232295966
2769 1220 2770.038715068828 1444.0752711835185 3002 1443 3000.961284931172 1218.9247288164815
3016 1262 3016.7591905377008 1425.7752553327014 3184 1425 3183.2408094622992 1261.2247446672986
3198 1243 3198.936326599337 1444.9876701119772 3412 1444 3411.063673400663 1242.0123298880228
3400 1244 3400.9367778469996 1446.0850148462375 3635 1445 3634.0632221530004 1242.9149851537625
3626 1227 3627.050988372658 1453.7229114908155 3783 1453 3781.949011627342 1226.2770885091845
3770 1209 3771.1538280898117 1457.907857296617 3967 1457 3965.8461719101883 1208.092142703383
3938 1240 3938.8617294230794 1425.895304648996 4132 1425 4131.13827057692 1239.104695351004
4101 1225 4102.01193371084 1443.2979023611597 4382 1442 4380.98806628916 1223.7020976388403
4393 1223 4394.000857793117 1438.9085664000868 4590 1438 4588.999142206883 1222.0914335999132
4608 1223 4608.954288277916 1428.862426644564 4795 1428 4794.045711722084 1222.137573355436
4804 1245 4804.772667168631 1411.6824815980256 4952 1411 4951.227332831369 1244.3175184019744
4949 1240 4949.9036634747445 1434.9414658925027 5153 1434 5152.0963365252555 1239.0585341074973
54 1556 54.91312779367212 1752.9831420883606 267 1752 266.0868722063279 1555.0168579116394
252 1557 252.9267978164575 1756.9320875255105 454 1756 453.07320218354255 1556.0679124744895
449 1557 449.8989850352403 1750.9322164534142 651 1750 650.1010149647598 1556.0677835465858
638 1557 638.9269052563772 1756.9552648431916 845 1756 844.0730947436228 1556.0447351568084
838 1560 838.922226816873 1758.946015404103 1043 1758 1042.0777731831267 1559.053984595897
1021 1557 1021.9499536461545 1761.9273446220548 1222 1761 1221.0500463538453 1556.0726553779452
1235 1556 1235.9147764274421 1753.3387911688446 1309 1753 1308.0852235725579 1555.6612088311554
1301 1559 1301.894714867431 1752.0110408215137 1520 1751 1519.105285132569 1557.9889591784863
1511 1556 1511.884992692696 1746.9137390632213 1709 1746 1708.115007307304 1555.0862609367787
1705 1559 1705.906966683277 1754.6540456652745 1847 1754 1846.093033316723 1558.3459543347255
1850 1555 1850.9584510058057 1761.7604249587837 2015 1761 2014.0415489941943 1554.2395750412163
1993 1561 1993.969204603769 1770.0802289668136 2227 1769 2226.030795396231 1559.9197710331864
2227 1563 2227.862331086629 1749.0250976280095 2449 1748 2448.137668913371 1561.9749023719905
2447 1579 2447.7800901290857 1747.2837887579442 2509 1747 2508.2199098709143 1578.7162112420558
2507 1566 2507.8991999150794 1759.978571088776 2719 1759 2718.1008000849206 1565.021428911224
2721 1566 2721.92248467268 1765.0016409665375 2938 1764 2937.07751532732 1564.9983590334625
2930 1566 2930.871193742007 1753.9369808448541 3133 1753 3132.128806257993 1565.0630191551459
3121 1571 3121.8528452797177 1754.9787859686155 3333 1754 3332.1471547202823 1570.0212140313845
3337 1598 3337.651973212818 1738.645956577318 3477 1738 3476.348026787182 1597.354043422682
3471 1569 3471.894650403479 1761.997134430905 3687 1761 3686.105349596521 1568.002865569095
3656 1575 3656.852780815766 1758.964879578007 3865 1758 3864.147219184234 1574.035120421993
3845 1571 3845.9133426735116 1768.0294967237226 4068 1767 4067.0866573264884 1569.9705032762774
4065 1555 4065.9482131194563 1759.5518720756224 4185 1759 4184.051786880544 1554.4481279243776
4199 1569 4199.835973547327 1749.3391564645715 4273 1749 4272.164026452673 1568.6608435354285
4274 1579 4274.769106104291 1744.9142762628194 4472 1744 4471.230893895709 1578.0857237371806
4462 1582 4462.735862804132 1740.7429145278677 4623 1740 4622.264137195868 1581.2570854721323
4638 1582 4638.843853696436 1764.039089970554 4863 1763 4862.156146303564 1580.960910029446
4866 1581 4866.798831316078 1753.3267035896376 5153 1752 5152.201168683922 1579.6732964103624
5153 1564 5153.867654165651 1751.1734109731842 5407 1750 5406.132345834349 1562.8265890268158
5390 1572 5390.8062972525 1745.937281676629 5593 1745 5592.1937027475 1571.062718323371
5595 1577 5595.772817584518 1743.714929842779 5750 1743 5749.227182415482 1576.285070157221
5728 1564 5728.843681792565 1746.0020062622643 5945 1745 5944.156318207435 1562.9979937377357
5925 1561 5925.843552864661 1742.9741934810472 6136 1742 6135.156447135339 1560.0258065189528
6118 1585 6118.708028534931 1737.738407992235 6278 1737 6277.291971465069 1584.261592007765
6274 1560 6274.787798374324 1729.946638555637 6479 1729 6478.212201625676 1559.053361444363
6464 1563 6464.857523719222 1747.988035407704 6678 1747 6677.142476280778 1562.011964592296
6662 1561 6662.833916641862 1740.8954335768997 6856 1740 6855.166083358138 1560.1045664231003
64 1869 65.07006742640114 2099.838712127285 246 2099 244.92993257359888 1868.1612878727153
252 1902 252.77773239184552 2069.775169380766 420 2069 419.2222676081545 1901.2248306192346
382 1869 383.0381563812459 2092.9547491315775 589 2092 587.9618436187541 1868.0452508684227
585 1860 586.1297267888218 2103.7086398044803 739 2103 737.8702732111782 1859.2913601955197
734 1866 735.0073567702627 2083.3105486279487 802 2083 800.9926432297373 1865.6894513720508
798 1862 799.034036629324 2085.0660217444297 1029 2084 1027.9659633706758 1860.9339782555699
1028 1867 1029.0261564802145 2088.366088238448 1108 2088 1106.9738435197855 1866.6339117615523
1088 1878 1089.0019536802974 2094.144975040433 1336 2093 1334.9980463197026 1876.8550249595671
1263 1855 1264.132047491086 2099.2092698663896 1525 2098 1523.867952508914 1853.7907301336104
1503 1879 1503.938340528834 2081.4221220725767 1595 2081 1594.061659471166 1878.577877927423
1582 1882 1582.9743772669035 2092.1960940672348 1841 2091 1840.0256227330965 1880.8039059327652
1861 1885 1861.9377448062764 2087.2936107053665 2141 2086 2140.0622551937236 1883.7063892946335
2113 1869 2114.0018892163457 2085.1310686498246 2358 2084 2356.9981107836543 1867.8689313501754
2348 1873 2349.001137136908 2088.968827426057 2558 2088 2556.998862863092 1872.0311725739425
2507 1886 2507.896369442193 2079.367971513801 2803 2078 2802.103630557807 1884.632028486199
2790 1880 2790.9811770758242 2091.662972784604 2934 2091 2933.0188229241758 1879.3370272153961
2926 1890 2926.8814746043245 2080.1548046550874 3176 2079 3175.1185253956755 1888.8451953449126
3173 1871 3173.9796299409813 2082.3292194099977 3245 2082 3244.0203700590187 1870.6707805900026
3252 1888 3252.8900364279266 2080.001791382425 3469 2079 3468.1099635720734 1886.9982086175748
3466 1879 3467.0141625201754 2097.7787089571216 3635 2097 3633.9858374798246 1878.2212910428784
3633 1884 3633.9905339548322 2097.681471662781 3781 2097 3780.0094660451678 1883.318528337219
3777 1879 3777.9871233063795 2091.945714572328 3982 2091 3981.0128766936205 1878.0542854276719
3983 1791 3984.3817393705067 2089.073681072708 4216 2088 4214.618260629493 1789.9263189272922
4212 1888 4213.009999792286 2105.8807106429017 4403 2105 4401.990000207714 1887.1192893570983
4403 1873 4403.950383405833 2078.020053892779 4624 2077 4623.049616594167 1871.9799461072212
4612 1872 4612.983304386233 2084.1218836746875 4855 2083 4854.016695613767 1870.8781163253122
4835 1899 4835.712685486452 2052.743021967787 4996 2052 4995.287314513548 1898.2569780322128
4988 1852 4989.048007483884 2078.079863671087 5222 2077 5220.951992516116 1850.9201363289133
5208 1905 5208.689228824978 2053.682868381736 5356 2053 5355.310771175022 1904.3171316182638
5360 1867 5360.960019628633 2074.098813796926 5598 2073 5597.039980371367 1865.9011862030736
# Transcript
TONDEPOTESPARTABOTRICONXENEPOLLONARISTON
ANDRWNAICMATANETREFENAGEMONA
KYDAINONTARETANLAKEDAIMONOS***OTETIMA
ALKAISELLANWNEXOCARYOMENOS
NYNDENINARKADIASAPOPATRIDOSWDEQANONTA
KOYRIDIATIMWTYMBWIEKRYUEALOCOS
# Lines: x1 y1 x2 y2 x3 y3 x4 y4
