# Baseline angle
0
# Boxes: x1 y1 x2 y2 x3 y3 x4 y4
371 339 371 628 694 628 694 339
817 316 817 598 1177 598 1177 316
260 756 260 1079 516 1079 516 756
444 736 444 1076 732 1076 732 736
712 742 712 1066 860 1066 860 742
843 746 843 1071 1171 1071 1171 746
1132 714 1132 1056 1399 1056 1399 714
1383 704 1383 1040 1669 1040 1669 704
1644 716 1644 1035 1917 1035 1917 716
1892 691 1892 1052 2156 1052 2156 691
2140 701 2140 1027 2460 1027 2460 701
2493 529 2493 1152 2801 1152 2801 529
2763 661 2763 1016 3078 1016 3078 661
3069 658 3069 1000 3398 1000 3398 658
3204 658 3204 979 3489 979 3489 658
3409 677 3409 981 3694 981 3694 677
3686 699 3686 1006 3961 1006 3961 699
268 1164 268 1484 598 1484 598 1164
572 1148 572 1448 831 1448 831 1148
797 1131 797 1455 1115 1455 1115 1131
1087 1118 1087 1427 1409 1427 1409 1118
1401 1115 1401 1430 1565 1430 1565 1115
1569 1108 1569 1431 1874 1431 1874 1108
1829 1088 1829 1418 2089 1418 2089 1088
2101 1072 2101 1409 2361 1409 2361 1072
2332 1091 2332 1422 2798 1422 2798 1091
2766 1072 2766 1388 3012 1388 3012 1072
3034 1065 3034 1364 3167 1364 3167 1065
3171 1052 3171 1355 3493 1355 3493 1052
3526 1047 3526 1359 3645 1359 3645 1047
3672 1033 3672 1378 3992 1378 3992 1033
387 1555 387 1875 696 1875 696 1555
726 1549 726 1860 1049 1860 1049 1549
1070 1510 1070 1858 1490 1858 1490 1510
1558 1501 1558 1793 1864 1793 1864 1501
1897 1472 1897 1805 2311 1805 2311 1472
2334 1450 2334 1803 2662 1803 2662 1450
2696 1434 2696 1763 2880 1763 2880 1434
2912 1397 2912 1750 3311 1750 3311 1397
3339 1402 3339 1723 3493 1723 3493 1402
# Transcript
*A*O*
GAIOYKLEOFANTOS
AGAQIASSWSINIK
DAMONEIKI
# Lines: x1 y1 x2 y2 x3 y3 x4 y4
