# Baseline angle
-0.09628539465064367
# Boxes: x1 y1 x2 y2 x3 y3 x4 y4
1385 2055 1424.5109582759658 2464.0836670775634 1912 2417 1872.4890417240342 2007.9163329224364
1887 1996 1934.6751585404254 2489.613152786654 2438 2441 2390.3248414595746 1947.3868472133458
2349 1920 2399.512764209918 2442.992802981119 2855 2399 2804.487235790082 1876.007197018881
2935 1898 2982.3915840788977 2388.6771146424758 3124 2375 3076.6084159211023 1884.3228853575242
827 2556 882.4441976664215 3130.051268033907 1235 3096 1179.5558023335786 2521.948731966093
1151 2527 1208.4302715860993 3121.6144342440048 1660 3078 1602.5697284139007 2483.3855657559952
1616 2505 1671.1630969700443 3076.1408424530123 2035 3041 1979.8369030299557 2469.8591575469877
1983 2475 2038.1261279184744 3045.7580768648177 2398 3011 2342.873872081526 2440.2419231351823
2331 2424 2378.63007530892 2917.146375607038 2815 2875 2767.36992469108 2381.853624392962
2827 2389 2880.8000874737663 2946.02868351461 3171 2918 3117.1999125262337 2360.97131648539
3113 2412 3163.6025975929447 2935.9229087380604 3432 2910 3381.3974024070553 2386.0770912619396
3340 2318 3396.394689581408 2901.892353522002 3592 2883 3535.605310418592 2299.107646477998
3456 2321 3505.3536485387526 2831.9916946806006 3878 2796 3828.6463514612474 2285.0083053193994
3786 2349 3834.5980391474823 2852.168359733865 4002 2836 3953.4019608525177 2332.831640266135
639 3133 693.424728540854 3696.4960148444843 1092 3658 1037.575271459146 3094.5039851555157
1022 3086 1078.7985289412857 3674.073575478075 1473 3636 1416.2014710587143 3047.926424521925
1415 3085 1468.1894186006352 3635.706015756322 1900 3594 1846.8105813993648 3043.293984243678
1830 3048 1880.7351425608163 3573.2952364131006 2329 3530 2278.264857439184 3004.7047635868994
2215 3004 2268.6934616893896 3559.924714672012 2651 3523 2597.3065383106104 2967.075285327988
2579 2977 2632.450458127539 3530.4087344849395 2968 3498 2914.549541872461 2944.5912655150605
2893 2959 2942.11076045765 3467.47691014379 3092 3453 3042.88923954235 2944.52308985621
3057 2962 3104.754621577603 3456.435887340919 3482 3420 3434.245378422397 2925.564112659081
1260 3630 1312.3043020481218 4171.541805600643 1701 4134 1648.6956979518782 3592.458194399357
1635 3646 1678.2956716115737 4094.269363343241 2147 4049 2103.7043283884263 3600.730636656759
2069 3574 2117.148770113857 4072.5167736473913 2547 4031 2498.851229886143 3532.4832263526087
2496 3529 2546.9521114584245 4056.5416621174686 2946 4018 2895.0478885415755 3490.4583378825314
2988 3458 3042.2415754074395 4019.5997066119526 3328 3992 3273.7584245925605 3430.4002933880474
# Transcript
ZANI
ELEYQERIOI
ANTWNEIN
SWTHR
# Lines: x1 y1 x2 y2 x3 y3 x4 y4
