# Baseline angle
0.1789954124236024
# Boxes: x1 y1 x2 y2 x3 y3 x4 y4
869 418 798.9952156887515 804.9124099812291 1214 880 1284.0047843112484 493.0875900187709
1256 501 1189.4609935630085 868.757255330278 1539 932 1605.5390064369915 564.242744669722
1614 566 1542.6638727002194 960.27066598148 1917 1028 1988.3361272997806 633.72933401852
2089 677 2014.0823034741431 1091.0657927633092 2174 1120 2248.917696525857 705.9342072366908
2323 728 2246.5450185741834 1150.5622778439083 2564 1208 2640.4549814258166 785.4377221560917
771 866 705.1249569828306 1230.0875677592041 1086 1299 1151.8750430171694 934.9124322407957
1148 893 1072.7097053635014 1309.1251210558144 1376 1364 1451.2902946364984 947.8748789441858
1414 962 1337.7403346530205 1383.4827771281457 1628 1436 1704.2596653469795 1014.5172228718543
1695 1047 1624.3261280455972 1437.6104188394581 2041 1513 2111.673871954403 1122.3895811605419
2176 1147 2100.3841785654404 1564.9242889154189 2449 1628 2524.6158214345596 1210.0757110845811
705 1321 634.7621234414073 1709.2006974040842 910 1759 980.2378765585927 1370.7993025959158
1011 1397 934.9026214007555 1817.5858276225947 1103 1848 1179.0973785992446 1427.4141723774053
1227 1408 1146.7070199752113 1851.7746749970895 1568 1928 1648.2929800247887 1484.2253250029105
1728 1506 1650.4209481855967 1934.7749501250344 1823 1966 1900.5790518144033 1537.2250498749656
1892 1524 1811.9272023988558 1966.5577394260997 2251 2046 2331.072797601144 1603.4422605739003
2286 1597 2203.3360766932537 2053.8787419287482 2613 2128 2695.6639233067463 1671.1212580712518
576 1863 503.215606202089 2265.275151483433 872 2332 944.784393797911 1929.7248485165667
909 1928 834.0228982545278 2342.394121989847 1274 2422 1348.9771017454723 2007.605878010153
1420 1942 1330.5950901861709 2436.1357860117687 1772 2516 1861.4049098138291 2021.8642139882315
1902 2039 1810.6216113596631 2544.043089795695 2142 2604 2233.3783886403367 2098.956910204305
2216 2113 2128.0727713357765 2598.9687274256607 2283 2627 2370.9272286642235 2141.0312725743393
445 2419 359.280673098146 2892.765781580102 858 2983 943.719326901854 2509.234218419898
981 2507 908.2387644724529 2909.1471570572576 1333 2986 1405.7612355275471 2583.8528429427424
1444 2538 1357.0952908847614 3018.317320784771 1593 3061 1679.9047091152386 2580.682679215229
1704 2579 1615.2880908715415 3069.3056111468145 1901 3121 1989.7119091284585 2630.6943888531855
1993 2618 1912.1411912461035 3064.901977786031 2388 3151 2468.858808753897 2704.098022213969
# Transcript
ZANIE
LEYQE
RIOIAN
TWNEI
NOISW
***
# Lines: x1 y1 x2 y2 x3 y3 x4 y4
