# Baseline angle
0.10073435784776108
# Boxes: x1 y1 x2 y2 x3 y3 x4 y4
117 352 54.316351954502636 972.1605909904474 399 1007 461.68364804549736 386.8394090095526
493 446 444.66109709236014 924.2408734934045 561 936 609.3389029076399 457.75912650659563
605 455 556.5421315155037 934.4178592744049 869 966 917.4578684844963 486.5821407255951
934 507 886.8652175156116 973.3279096409298 1220 1007 1267.1347824843883 540.6720903590702
1246 560 1200.7339931709985 1007.8391801076366 1697 1058 1742.2660068290015 610.1608198923635
1771 617 1730.5630492270213 1017.0629202534637 2096 1054 2136.4369507729784 653.9370797465361
2140 650 2094.0131490532535 1104.970850455672 2401 1136 2446.9868509467465 681.029149544328
2454 658 2408.3245020817676 1109.8904796701418 2726 1142 2771.6754979182324 690.1095203298582
2709 727 2667.3942339371943 1138.6265928139997 2958 1168 2999.6057660628057 756.3734071860003
2971 737 2926.9008360079138 1173.2950220074374 3201 1201 3245.0991639920862 764.7049779925626
75 1196 32.61618010806151 1615.324267367769 346 1647 388.3838198919385 1227.675732632231
420 1240 376.95517563891985 1665.8639142296217 685 1697 728.0448243610801 1271.1360857703783
754 1254 708.5379549563472 1703.7786839311318 1057 1739 1102.4620450436528 1289.2213160688682
1132 1331 1091.5991935154866 1730.7053267822105 1421 1764 1461.4008064845134 1364.2946732177895
1488 1336 1443.3146938168718 1778.094019017587 1571 1791 1615.6853061831282 1348.905980982413
1661 1350 1619.2464255978605 1763.088934428322 2024 1804 2065.7535744021393 1390.911065571678
2067 1370 2019.8327239901403 1836.6493842932173 2330 1868 2377.1672760098595 1401.3506157067827
2425 1421 2378.311272470828 1882.9148655175136 2765 1922 2811.688727529172 1460.0851344824864
813 2077 776.2762476933531 2440.3263960219188 1149 2478 1185.723752306647 2114.6736039780812
1245 2055 1199.1394723921442 2508.7210706654873 1657 2555 1702.8605276078558 2101.2789293345127
1729 2135 1686.316674759617 2557.2874231458345 2099 2599 2141.6833252403835 2176.7125768541655
2234 2193 2192.0723481972186 2607.81116896677 2560 2645 2601.9276518027814 2230.18883103323
# Transcript
FILHMWNTEY
XENOIWNO
*OPOS
# Lines: x1 y1 x2 y2 x3 y3 x4 y4
