# Baseline angle
0.009149457266107719
# Boxes: x1 y1 x2 y2 x3 y3 x4 y4
359 126 356.85388285356294 360.55568981048685 624 363 626.1461171464371 128.44431018951315
579 140 577.0224390954315 356.1336639443733 781 358 782.9775609045685 141.86633605562668
754 133 751.9586475995208 356.1056311327719 959 358 961.0413524004792 134.89436886722808
965 134 962.8317342895579 370.976373936303 1184 373 1186.168265710442 136.023626063697
1212 144 1209.7845664823162 386.13148747833196 1414 388 1416.2154335176838 145.86851252166804
1406 165 1404.087067693666 374.0702072893919 1615 376 1616.912932306334 166.92979271060813
1629 154 1626.964531847117 376.46252376267716 1795 378 1797.035468152883 155.5374762373228
1803 137 1800.793129457348 378.1956138151723 1998 380 2000.206870542652 138.8043861848277
2028 127 2025.410882743277 409.9725232656145 2247 412 2249.589117256723 129.02747673438552
2284 158 2281.9760246802816 379.2064369664777 2478 381 2480.0239753197184 159.79356303352228
2479 151 2476.7907018606097 392.4609332682624 2645 394 2647.2092981393903 152.5390667317376
2667 138 2664.7104786278255 388.228775105699 2749 389 2751.2895213721745 138.77122489430104
2766 143 2763.5890064829655 406.50483637644186 2927 408 2929.4109935170345 144.4951636235581
379 404 376.9024982660857 633.2423630712519 569 635 571.0975017339142 405.757636928748
571 412 568.6874684301655 664.7436298021131 706 666 708.3125315698345 413.2563701978869
703 417 701.1387803847861 620.4183695238006 874 622 875.8612196152139 418.5816304761994
865 418 863.1502732179504 620.1622827276012 1064 622 1065.8497267820496 419.83771727239883
1059 407 1056.9211310003316 634.2059347050836 1253 636 1255.0788689996684 408.7940652949164
1256 413 1253.857590635118 647.1504550535074 1456 649 1458.142409364882 414.8495449464926
1452 426 1449.974517896099 647.3711180063267 1628 649 1630.025482103901 427.6288819936732
1624 420 1622.030440630168 635.2591518038064 1703 636 1704.969559369832 420.7408481961936
1694 415 1691.8752188465755 647.2238140472384 1886 649 1888.1247811534245 416.7761859527617
1844 423 1841.9916438461623 642.4993706800074 2006 644 2008.0083561538377 424.50062931999264
1993 428 1990.9761921007462 649.1881390731612 2189 651 2191.023807899254 429.81186092683885
2188 436 2186.076269073692 646.2504214083099 2268 647 2269.923730926308 436.74957859169007
2273 427 2271.0278210816336 642.5454502542282 2430 644 2431.9721789183664 428.45454974577177
2408 433 2406.1462551267973 635.6014321671986 2559 637 2560.8537448732027 434.3985678328014
2550 424 2548.0648354194286 635.5000403618662 2712 637 2713.9351645805714 425.49995963813376
2718 417 2715.9478489795465 641.2858452516899 2794 642 2796.0521510204535 417.71415474831
2789 428 2786.935913063889 653.590357885196 2941 655 2943.064086936111 429.409642114804
318 654 315.8105065381087 893.296419648878 502 895 504.1894934618913 655.703580351122
491 671 488.955215479994 894.4807379457615 655 896 657.0447845200059 672.5192620542385
647 664 644.9275175093221 890.5079336550391 808 892 810.0724824906779 665.4920663449609
759 669 757.0039737816503 887.1517944172251 959 889 960.9960262183497 670.8482055827749
943 674 940.8948561036099 904.0775983211706 1151 906 1153.1051438963902 675.9224016788294
1162 673 1159.853656254197 907.5804555464465 1315 909 1317.146343745803 674.4195444535535
1307 665 1304.895776916166 894.9769599079295 1526 897 1528.104223083834 667.0230400920705
1509 706 1507.2855820824802 893.3739641542269 1685 895 1686.7144179175198 707.6260358457731
1674 690 1672.141316223088 893.141220020037 1766 894 1767.858683776912 690.858779979963
1774 681 1771.9822192374759 901.5294149137651 2042 904 2044.0177807625241 683.4705850862349
2021 669 2018.8312320281636 906.0312676162526 2234 908 2236.168767971836 670.9687323837474
2210 693 2208.1243331621577 897.997350557055 2427 900 2428.8756668378423 695.002649442945
2415 658 2412.7815529139516 900.46084955803 2581 902 2583.2184470860484 659.53915044197
2564 674 2561.9023308456212 903.2606609645686 2752 905 2754.0976691543788 675.7393390354314
2688 655 2685.6361742902072 913.3497228344129 2866 915 2868.3638257097928 656.6502771655871
2835 673 2832.789111366195 914.6347632547697 2982 916 2984.210888633805 674.3652367452303
379 932 376.8378696678512 1168.3058197262335 562 1170 564.1621303321488 933.6941802737665
561 961 559.2410092924421 1153.2454603498493 751 1155 752.7589907075579 962.7545396501507
728 944 726.0412392501423 1158.0789376848882 936 1160 937.9587607498577 945.9210623151116
955 937 952.9450620105474 1161.5904415954285 1107 1163 1109.0549379894526 938.4095584045715
1101 949 1099.141961373616 1152.070709550786 1310 1154 1311.858038626384 950.929290449214
1337 942 1335.0272351100073 1157.6094928808361 1487 1159 1488.9727648899927 943.3905071191639
1489 938 1487.0396732870586 1152.2500865673805 1569 1153 1570.9603267129414 938.7499134326196
1590 937 1587.974099344937 1158.4168627396182 1761 1160 1763.025900655063 938.5831372603818
1750 931 1747.911396082047 1159.2698936214592 1937 1161 1939.088603917953 932.7301063785408
1940 944 1938.0026344179325 1162.2981775637577 2124 1164 2125.9973655820677 945.7018224362423
2100 933 2097.9362479048186 1158.5537620985629 2256 1160 2258.0637520951814 934.446237901437
2251 953 2249.0556864727705 1165.499956651634 2413 1167 2414.9443135272295 954.500043348366
2401 941 2398.6976218996124 1192.633926152446 2548 1194 2550.3023781003876 942.3660738475539
2530 965 2528.127179310058 1169.6862863706735 2781 1172 2782.872820689942 967.3137136293265
2751 967 2748.9567222641763 1190.3160569059123 2933 1192 2935.0432777358237 968.6839430940876
341 1240 339.20366011371766 1436.3274660288444 522 1438 523.7963398862823 1241.6725339711556
508 1213 506.08288218204814 1422.5276546223058 667 1424 668.9171178179519 1214.4723453776942
690 1220 688.1829346236627 1418.5926180614697 842 1420 843.8170653763373 1221.4073819385303
842 1224 840.1480130416768 1426.4093042873747 1014 1428 1015.8519869583232 1225.5906957126253
1004 1216 1002.1099104708612 1422.5736504862944 1158 1424 1159.8900895291388 1217.4263495137056
1153 1218 1151.1657249633668 1418.4735143344474 1318 1420 1319.8342750366332 1219.5264856655526
1315 1220 1313.1574968292646 1421.3727922109738 1491 1423 1492.8425031707354 1221.6272077890262
1496 1207 1494.0465375261122 1420.4998729414015 1658 1422 1659.9534624738878 1208.5001270585985
1662 1218 1660.2054425599283 1414.1326570450053 1755 1415 1756.7945574400717 1218.8673429549947
1771 1216 1769.137106180139 1419.6013484569662 1922 1421 1923.862893819861 1217.3986515430338
1932 1219 1929.8060698957936 1458.7813138217668 2063 1460 2065.193930104206 1220.2186861782332
2047 1222 2045.0475420489004 1435.390085581502 2221 1437 2222.9524579511 1223.609914418498
2220 1221 2218.0648354194286 1432.5000403618662 2382 1434 2383.9351645805714 1222.4999596381338
2390 1215 2387.9555503209235 1438.4441421591284 2558 1440 2560.0444496790765 1216.5558578408716
2568 1224 2566.077441016945 1434.122336155094 2662 1435 2663.922558983055 1224.877663844906
2669 1220 2667.1229100882083 1425.1528826502458 2869 1427 2870.8770899117917 1221.8471173497542
391 1446 389.12625849750236 1650.7869247839146 631 1653 632.8737415024976 1448.2130752160854
641 1456 639.2469772502707 1647.5932040330963 793 1649 794.7530227497293 1457.4067959669037
790 1451 787.8529028621058 1685.662796066371 934 1687 936.1470971378942 1452.337203933629
932 1458 930.3212815878887 1641.4722563043824 988 1642 989.6787184121113 1458.5277436956176
1009 1439 1006.965452659673 1661.361885349436 1186 1663 1188.034547340327 1440.638114650564
1178 1443 1175.97527128819 1664.2887774864023 1363 1666 1365.02472871181 1444.7112225135977
1331 1449 1329.0112811031966 1666.3531549539396 1509 1668 1510.9887188968034 1450.6468450460604
1485 1461 1483.1401197485038 1664.2719863772681 1672 1666 1673.8598802514962 1462.7280136227319
1642 1458 1640.2227113991255 1652.2452929293845 1832 1654 1833.7772886008745 1459.7547070706155
1817 1448 1814.8908380124567 1678.516747760768 1977 1680 1979.1091619875433 1449.483252239232
1955 1448 1952.9834994222924 1668.3894996098757 2129 1670 2131.0165005777076 1449.6105003901243
2096 1454 2094.0496348047095 1667.1613619150453 2295 1669 2296.9503651952905 1455.8386380849547
2303 1391 2299.48432782382 1775.2385369318945 2492 1777 2495.51567217618 1392.7614630681055
2497 1472 2495.048654813252 1685.2684681709293 2575 1686 2576.951345186748 1472.7315318290707
2585 1474 2582.9979466449204 1692.8105185766212 2713 1694 2715.0020533550796 1475.1894814233788
2724 1463 2722.0190906861376 1679.4996218107046 2886 1681 2887.9809093138624 1464.5003781892954
670 1688 668.3099316438579 1872.7127263112804 809 1874 810.6900683561421 1689.2872736887196
817 1676 815.160426687397 1877.0525790779343 1028 1879 1029.839573312603 1677.9474209220657
1026 1682 1024.1038588028002 1889.2350557497057 1217 1891 1218.8961411971998 1683.7649442502943
1218 1670 1216.0462026851826 1883.5364687280348 1376 1885 1377.9537973148174 1671.4635312719652
1373 1687 1371.1418776633834 1890.0798584974443 1581 1892 1582.8581223366166 1688.9201415025557
361 1810 357.51118869216833 2191.3028306891997 543 2193 546.4888113078316 1811.6971693108005
559 1907 557.1653901224373 2107.5101101210803 720 2109 721.8346098775627 1908.4898898789195
716 1917 714.3335278131443 2099.1338289882583 809 2100 810.6664721868557 1917.8661710117417
809 1911 807.100342973041 2118.6193115093533 958 2120 959.899657026959 1912.3806884906467
978 1915 976.2588049243644 2105.3005214502637 1162 2107 1163.7411950756357 1916.6994785497363
1155 1903 1153.1754598816515 2102.4095554180717 1327 2104 1328.8245401183485 1904.5904445819283
1351 1916 1349.2182747568104 2110.7301871022737 1488 2112 1489.7817252431896 1917.2698128977268
1490 1909 1488.0342667695254 2123.840981361541 1724 2126 1725.9657332304746 1911.1590186384592
1742 1916 1740.0597045639236 2128.0608072120363 1952 2130 1953.9402954360764 1917.9391927879635
1975 1923 1973.149460646958 2125.2510910901688 2055 2126 2056.8505393530418 1923.7489089098312
2087 1929 2085.0938727538187 2137.3264615060557 2268 2139 2269.9061272461813 1930.6735384939439
2287 1916 2285.0916125775448 2124.5734830658294 2441 2126 2442.9083874224552 1917.4265169341704
2435 1929 2433.112589198297 2135.280884193229 2621 2137 2622.887410801703 1930.7191158067706
2633 1936 2631.2117453586866 2131.443804941619 2692 2132 2693.7882546413134 1936.5561950583808
2701 1936 2699.138947805251 2139.400071630484 2874 2141 2875.861052194749 1937.599928369516
457 2119 455.2762657153574 2307.392178337311 631 2309 632.7237342846425 2120.607821662689
617 2113 615.2372423319858 2305.657162949472 762 2307 763.7627576680142 2114.342837050528
759 2120 757.1862238540558 2318.2331280377816 841 2319 842.8137761459442 2120.7668719622184
850 2129 848.2225439786607 2323.263590822701 1038 2325 1039.7774560213393 2130.736409177299
1054 2132 1052.2855229035792 2319.38043199687 1120 2320 1121.7144770964208 2132.61956800313
1108 2132 1106.1781386090872 2331.116789125007 1312 2333 1313.8218613909128 2133.883210874993
1259 2134 1257.2334508401987 2327.071546653109 1468 2329 1469.7665491598013 2135.928453346891
1475 2142 1473.3585225250497 2321.402080676061 1648 2323 1649.6414774749503 2143.597919323939
1635 2137 1633.296405233786 2323.1910689312936 1831 2325 1832.703594766214 2138.8089310687064
1831 2148 1829.1203150710048 2353.4364999966524 2000 2355 2001.8796849289952 2149.5635000033476
1978 2162 1976.2941450575122 2348.438090491067 2147 2350 2148.705854942488 2163.561909508933
2127 2168 2125.3887318026923 2344.1004165670342 2333 2346 2334.6112681973077 2169.8995834329658
2349 2164 2347.2823173834186 2351.7307730739 2486 2353 2487.7176826165814 2165.2692269261
2474 2171 2472.3130289224555 2355.3742152849236 2650 2357 2651.6869710775445 2172.6257847150764
2653 2182 2651.240255900351 2374.3278008697735 2834 2376 2835.759744099649 2183.6721991302265
372 2311 369.8769767614551 2543.0316861674146 585 2545 587.1230232385449 2312.9683138325854
604 2253 600.7583776724067 2607.286792972157 788 2609 791.2416223275933 2254.713207027843
784 2347 781.9720902993605 2568.636437459417 931 2570 933.0279097006395 2348.363562540583
899 2339 896.9775314644638 2560.041755926629 1111 2562 1113.0224685355363 2340.958244073371
1046 2349 1044.131054512078 2553.2627537203775 1234 2555 1235.868945487922 2350.7372462796225
1220 2355 1218.1691570828934 2555.098407521458 1426 2557 1427.8308429171066 2356.901592478542
1393 2357 1391.2153448986778 2552.050400235313 1495 2553 1496.7846551013222 2357.949599764687
1466 2356 1464.0889093187782 2564.8689304629097 1697 2567 1698.9110906812218 2358.1310695370903
1716 2380 1714.3758996058102 2557.5028865097665 1878 2559 1879.6241003941898 2381.4971134902335
1884 2370 1882.2111940346301 2565.5040608295994 2155 2568 2156.78880596537 2372.4959391704006
2125 2379 2123.1048633255887 2586.1252683898065 2328 2588 2329.8951366744113 2380.8747316101935
2363 2377 2361.1569945678702 2578.427685890924 2533 2580 2534.8430054321298 2378.572314109076
2548 2380 2546.213813583164 2575.217762379177 2741 2577 2742.786186416836 2381.782237620823
408 2546 405.9949922554568 2765.1334128136764 610 2767 612.0050077445433 2547.8665871863236
555 2555 552.9699730122204 2776.867842229889 786 2779 788.0300269877796 2557.132157770111
777 2560 774.7844827720841 2802.1406364249906 978 2804 980.2155172279159 2561.8593635750094
976 2564 973.9682150973408 2786.059970109713 1186 2788 1188.0317849026592 2565.940029890287
1203 2585 1201.1044447744268 2792.171013123098 1401 2794 1402.8955552255732 2586.828986876902
1390 2577 1388.0203463396226 2793.3623876108304 1567 2795 1568.9796536603774 2578.6376123891696
1553 2577 1550.942191331316 2801.904186885825 1780 2804 1782.057808668684 2579.095813114175
1795 2584 1793.056523575094 2796.408467185051 1967 2798 1968.943476424906 2585.591532814949
1959 2601 1956.9264292763014 2827.6268699615966 2107 2829 2109.073570723698 2602.3731300384034
2106 2587 2103.993426292373 2806.3045616961685 2180 2807 2182.006573707627 2587.6954383038315
2192 2601 2189.8896660692035 2831.644833013984 2338 2833 2340.1103339307965 2602.355166986016
2328 2625 2326.2474549803337 2816.540991457162 2595 2819 2596.7525450196663 2627.459008542838
638 2799 635.997838403357 3017.822348627295 874 3020 876.002161596643 2801.177651372705
841 2822 839.1596732953058 3023.1349195978582 1043 3025 1044.8403267046942 2823.8650804021418
1048 2809 1046.1485990133033 3011.345261660767 1227 3013 1228.8514009866967 2810.654738339233
1213 2831 1211.2135624524672 3026.245209219152 1403 3028 1404.7864375475328 2832.754790780848
1377 2831 1375.1702453159144 3030.9794712149005 1596 3033 1597.8297546840856 2833.0205287850995
1590 2812 1587.8675766841 3045.059049297157 1800 3047 1802.1324233159 2813.940950702843
1779 2817 1776.7739107514756 3060.296084807949 1963 3062 1965.2260892485244 2818.703915192051
1911 2826 1908.912651735532 3054.132659421585 2113 3056 2115.0873482644674 2827.867340578415
2089 2839 2086.996247908942 3057.996178613802 2306 3060 2308.003752091058 2841.003821386198
2333 2850 2330.9753549984225 3071.279628539744 2519 3073 2521.0246450015775 2851.720371460256
362 3009 359.92902429350454 3235.34325261519 541 3237 543.0709757064955 3010.65674738481
561 3033 559.0310857806958 3248.1886413345555 757 3250 758.9689142193042 3034.8113586654445
747 3026 744.8937086916881 3256.2030024703713 832 3257 834.1062913083119 3026.7969975296287
830 3039 828.0859794606455 3248.189143595949 1026 3250 1027.9140205393546 3040.810856404051
995 3038 992.9674617052497 3260.1423106296374 1196 3262 1198.0325382947506 3039.8576893703626
1167 3057 1165.1224915370462 3262.1986273835373 1362 3264 1363.8775084629538 3058.8013726164627
1323 3056 1321.076997934452 3266.1707619924005 1521 3268 1522.923002065548 3057.8292380075995
1537 3054 1535.0675978570964 3265.1981251221428 1732 3267 1733.9324021429036 3055.8018748778572
1692 3083 1690.269209524508 3272.1633709606217 1891 3274 1892.730790475492 3084.8366290393783
1931 3077 1929.1849436692394 3275.3730433416713 2107 3277 2108.8150563307604 3078.6269566583287
2105 3074 2102.7764220584463 3317.0216164082003 2319 3319 2321.2235779415537 3075.9783835917997
2329 3081 2326.8740714346536 3313.3492181964393 2398 3314 2400.1259285653464 3081.6507818035607
2429 3084 2426.930112526525 3310.2243163086328 2621 3312 2623.069887473475 3085.7756836913672
572 3268 570.0396487557276 3482.2527676713953 761 3484 762.9603512442724 3269.7472323286047
754 3289 752.1515288714359 3491.025048527727 968 3493 969.8484711285641 3290.974951472273
950 3292 948.2410930026745 3484.236311403191 1141 3486 1142.7589069973258 3293.763688596809
1120 3292 1118.0866736738353 3501.113270918668 1215 3502 1216.9133263261647 3292.886729081332
1213 3321 1211.232613737875 3514.1630361196926 1412 3516 1413.767386262125 3322.8369638803074
1383 3306 1381.1067886609326 3512.9148426166657 1609 3515 1610.8932113390674 3308.0851573833343
1607 3298 1604.8952746547716 3528.031853587879 1820 3530 1822.1047253452284 3299.968146412121
1806 3315 1803.8631155104538 3548.546624574061 2072 3551 2074.1368844895464 3317.453375425939
2057 3315 2054.774856095363 3558.1927652906925 2143 3559 2145.225143904637 3315.8072347093075
2121 3350 2119.0945424356773 3558.25326993279 2310 3560 2311.9054575643227 3351.74673006721
2259 3354 2257.122240406349 3559.226074223512 2451 3561 2452.877759593651 3355.773925776488
2425 3360 2423.112254357367 3566.3174799798626 2607 3568 2608.887745642633 3361.6825200201374
2546 3346 2543.9683825178054 3568.0416722163964 2758 3570 2760.0316174821946 3347.9583277836036
326 3823 323.84289228179273 4058.7568829267366 569 4061 571.1571077182072 3825.2431170732634
497 3838 494.8240921270821 4075.8116091862216 734 4078 736.175907872918 3840.1883908137784
693 3820 690.7018911214624 4071.167329872874 891 4073 893.2981088785376 3821.832670127126
886 3856 884.0142354926604 4073.0302607168846 990 4074 991.9857645073396 3856.9697392831154
963 3838 960.7770080300729 4080.9575737815926 1184 4083 1186.222991969927 3840.0424262184074
1195 3849 1192.8313402697272 4086.019437565579 1300 4087 1302.1686597302728 3849.980562434421
1303 3871 1301.0615461890357 4082.859530385554 1535 4085 1536.9384538109643 3873.140469614446
1499 3857 1496.7219469296585 4105.975369413515 1718 4108 1720.2780530703415 3859.0246305864853
1658 3880 1656.1145145336409 4086.070458420089 1867 4088 1868.8854854663591 3881.929541579911
1839 3874 1836.6704261903344 4128.606228181774 1989 4130 1991.3295738096656 3875.393771818226
1992 3883 1990.020873132348 4099.304812826865 2066 4100 2067.9791268676518 3883.6951871731344
2071 3870 2068.793715428975 4111.1315711885645 2273 4113 2275.206284571025 3871.868428811436
2286 3871 2283.7072731076646 4121.579116182728 2439 4123 2441.2927268923354 3872.4208838172713
2439 3916 2437.0807894262393 4125.756378288763 2573 4127 2574.9192105737607 3917.243621711237
2553 3888 2550.812934134847 4127.031100195788 2766 4129 2768.187065865153 3889.968899804212
460 4103 457.95041946541846 4327.004909009298 676 4329 678.0495805345815 4104.995090990702
680 4103 677.9959130680127 4322.032774400434 893 4324 895.0040869319873 4104.967225599566
918 4112 915.9995371393353 4330.636688590114 1065 4332 1067.0004628606646 4113.363311409886
1071 4111 1068.9467362151947 4335.407462662263 1243 4337 1245.0532637848053 4112.592537337737
1226 4119 1223.83711627576 4355.388160246158 1400 4357 1402.16288372424 4120.611839753842
1380 4110 1377.7005517577447 4361.313713019406 1562 4363 1564.2994482422553 4111.686286980594
1528 4121 1525.8606879137153 4354.811944027151 1765 4357 1767.1393120862847 4123.188055972849
1769 4135 1766.8996521181855 4364.553427257634 1925 4366 1927.1003478818145 4136.446572742366
1928 4151 1926.147786442311 4353.434070023334 1988 4354 1989.852213557689 4151.565929976666
1998 4138 1995.7117097499795 4388.0942220098395 2204 4390 2206.2882902500205 4139.9057779901605
2176 4173 2174.0197603679962 4389.426430237438 2346 4391 2347.9802396320038 4174.573569762562
2320 4167 2317.8039526086536 4407.012718592238 2535 4409 2537.1960473913464 4168.987281407762
788 4390 786.0958817993949 4598.106886786258 993 4600 994.9041182006051 4391.893113213742
1005 4406 1003.2075944946386 4601.897465535905 1233 4604 1234.7924055053616 4408.102534464095
1216 4386 1214.0237784591493 4601.987280797841 1434 4604 1435.9762215408507 4388.012719202159
369 4613 366.92163326172584 4840.151041025134 569 4842 571.0783667382742 4614.848958974866
571 4642 569.2635764076089 4831.7790314907415 812 4834 813.7364235923911 4644.2209685092585
801 4609 798.9452294310122 4833.572143702112 955 4835 957.0547705689878 4610.427856297888
944 4622 941.9891917180929 4841.767371237113 1186 4844 1188.0108082819072 4624.232628762887
1137 4640 1135.1666457759227 4840.372875921206 1313 4842 1314.8333542240773 4641.627124078794
1287 4635 1284.7435340533682 4881.616046810292 1436 4883 1438.2564659466318 4636.383953189708
1425 4642 1423.0300812579073 4857.298428694455 1609 4859 1610.9699187420927 4643.701571305545
1619 4645 1617.0717241898133 4855.747145631872 1754 4857 1755.9282758101867 4646.252854368128
1774 4632 1772.0081838245997 4849.6916659802955 1915 4851 1916.9918161754003 4633.3083340197045
505 4858 503.0886581880809 5066.8963773028845 733 5069 734.911341811919 4860.1036226971155
711 4874 709.166478355458 5074.3911738145225 885 5076 886.833521644542 4875.6088261854775
867 4876 865.0931193617271 5084.408802025981 1039 5086 1040.906880638273 4877.591197974019
# Transcript
PASHKOSMHQEIS
ARETHTEITANIEDEIE
EGGONEPAIWNOSNHS
SONECEISMAKARWN
OSSTEALEIERASEIO
PERIKLYTOSAMFIBE
BHKEN
FOIBOSEPHIQEOIS
TEIMIAPANTANEMO*
OFRYAKINQWMEN
GOYNOSPERIBW
TOSAMYKLHS
SOIDELYKAONIH
ENDIONHPITANH
PASINIHTORIHSAP*
MHSELLHSINAM*
NWN
YWEPARKES***
NON*

# Lines: x1 y1 x2 y2 x3 y3 x4 y4
