# Baseline angle
0.02280046977070227
# Boxes: x1 y1 x2 y2 x3 y3 x4 y4
1631 16 1620.7210376360595 466.74426946302094 2202 480 2212.2789623639405 29.25573053697906
2390 22 2379.9543713240146 462.5123200702317 2796 472 2806.0456286759854 31.48767992976832
884 524 871.0999696249819 1089.68110297169 1499 1104 1511.900030375018 538.3188970283101
1639 548 1626.4230471916776 1099.5137817359405 1867 1105 1879.5769528083224 553.4862182640596
2009 478 1994.7544006503124 1102.6858432387833 2754 1120 2768.2455993496874 495.3141567612167
2746 572 2733.009241751638 1141.6596241047027 3318 1155 3330.990758248362 585.3403758952973
1097 1155 1084.527908084279 1701.9155115256403 1746 1717 1758.472091915721 1170.0844884743597
2215 1195 2203.434722594459 1702.1506569170292 3030 1721 3041.565277405541 1213.8493430829708
895 1777 882.5282731145348 2323.8995045309434 1457 2337 1469.4717268854652 1790.1004954690566
1547 1812 1535.0959090495558 2334.0080188154743 1754 2339 1765.9040909504442 1816.9919811845257
1795 1815 1782.8121793638193 2349.4498904163393 2377 2363 2389.1878206361807 1828.5501095836607
2463 1948 2456.3160817566913 2241.09746831058 2759 2248 2765.6839182433087 1954.9025316894201
2889 1816 2876.1287455155393 2380.4192472212617 3077 2385 3089.8712544844607 1820.5807527787385
940 2384 926.9994434666698 2954.089290119964 1537 2968 1550.0005565333302 2397.910709880036
2206 2394 2193.847236155411 2926.91260996368 2987 2945 2999.152763844589 2412.08739003632
878 2987 865.1963376125523 3548.4552563717025 1503 3563 1515.8036623874477 3001.5447436282975
1596 2999 1583.356250622559 3553.4428877764044 2134 3566 2146.643749377441 3011.5571122235956
2258 3000 2244.853907490711 3576.471209309998 2575 3584 2588.146092509289 3007.528790690002
2797 3009 2784.1666114530135 3571.758782505065 3014 3577 3026.8333885469865 3014.241217494935
1317 3591 1294.4894014660044 4578.115521210209 2298 4601 2320.5105985339956 3613.8844787897906
# Transcript
*ER*
OIAN
TW
NINOI
ZW
THRI
&
# Lines: x1 y1 x2 y2 x3 y3 x4 y4
