# Baseline angle
-0.019957527833983857
# Boxes: x1 y1 x2 y2 x3 y3 x4 y4
427 1238 434.5779448891527 1617.6531724576587 818 1610 810.4220551108473 1230.3468275423413
786 1225 793.751820267334 1613.3642860780938 1313 1603 1305.2481797326661 1214.6357139219062
1295 1223 1302.519641475908 1599.7321858145465 1740 1591 1732.480358524092 1214.2678141854535
1765 1224 1772.119162806837 1580.6683031341622 2006 1576 1998.880837193163 1219.3316968658378
2059 1235 2064.6969393325703 1520.4152573747438 2336 1515 2330.3030606674297 1229.5847426252562
2278 1209 2284.9370443395005 1556.5442127773736 2713 1548 2706.0629556604995 1200.4557872226264
2696 1217 2702.331029904658 1534.1830388564053 2962 1529 2955.668970095342 1211.8169611435947
517 1705 523.2319858067674 2017.2209539471721 885 2010 878.7680141932326 1697.7790460528279
951 1686 957.5209544651102 2012.6982125555992 1243 2007 1236.4790455348898 1680.3017874444008
1258 1633 1265.5991713219214 2013.716611511187 1552 2008 1544.4008286780786 1627.283388488813
1581 1636 1588.2532926350123 1999.3881744888367 1758 1996 1750.7467073649877 1632.6118255111633
1799 1677 1804.9538890801973 1975.2883764427347 2120 1969 2114.046110919803 1670.7116235572653
2157 1668 2163.1555615263237 1976.3921163206564 2283 1974 2276.8444384736763 1665.6078836793436
2300 1632 2306.9446508171413 1979.9252954336541 2704 1972 2697.0553491828587 1624.0747045663459
2629 1609 2636.362492599336 1977.859065804905 2980 1971 2972.637507400664 1602.140934195095
568 2078 575.1062598979603 2434.0218705774896 977 2426 969.8937401020397 2069.9781294225104
977 2102 983.0607392712035 2405.641544694373 1416 2397 1409.9392607287964 2093.358455305627
1480 2043 1487.2032332918343 2403.880213725499 1882 2396 1874.7967667081657 2035.1197862745007
1923 2056 1929.8055026461188 2396.9540063383733 2178 2392 2171.194497353881 2051.0459936616267
2240 2053 2246.6032720613916 2383.822303854039 2388 2381 2381.3967279386084 2050.177696145961
2395 2045 2402.010560708027 2396.227364733047 2714 2390 2706.989439291973 2038.772635266953
639 2554 644.6714116032056 2838.1363244211843 902 2833 896.3285883967944 2548.8636755788157
911 2520 916.8161352747644 2811.3869447200636 1337 2803 1331.1838647252357 2511.6130552799364
1440 2458 1447.0831216688252 2812.862650996901 1841 2805 1833.9168783311748 2450.137349003099
# Transcript
ZANIELE
QERIOIAN
TWNEIN*
SWT*
# Lines: x1 y1 x2 y2 x3 y3 x4 y4
