# Baseline angle
0.16712434366928508
# Boxes: x1 y1 x2 y2 x3 y3 x4 y4
817 415 752.7789276269257 795.6868873746089 1217 874 1281.221072373074 493.3131126253911
1229 486 1164.8536300726496 866.2440694568904 1525 927 1589.1463699273504 546.7559305431096
1586 550 1517.4131475920933 956.5661689096124 1929 1026 1997.5868524079067 619.4338310903876
2073 662 2002.028771336456 1082.7001710610461 2152 1108 2222.9712286635436 687.2998289389536
2271 699 2199.7350118318886 1121.4415059110904 2535 1178 2606.2649881681114 755.5584940889094
756 835 688.3736528682784 1235.8725273931059 1110 1307 1177.6263471317216 906.1274726068939
1137 886 1065.8810498711177 1307.5758279562067 1347 1355 1418.1189501288823 933.4241720437933
1386 956 1315.0767492714817 1376.415769538732 1609 1426 1679.9232507285183 1005.5842304612681
1710 1025 1640.4149754385292 1437.483090508131 2011 1500 2080.5850245614706 1087.516909491869
2172 1146 2105.831613371899 1538.2300923553616 2389 1586 2455.168386628101 1193.7699076446384
643 1309 570.4681212583463 1738.9513249045262 879 1791 951.5318787416537 1361.0486750954738
966 1384 893.6751838334333 1812.7239083527788 1085 1845 1157.3248161665667 1416.2760916472212
1233 1412 1158.7747953963565 1851.9889485051874 1556 1919 1630.2252046036435 1479.0110514948126
1706 1492 1631.1513980894788 1935.684296022501 1799 1964 1873.8486019105212 1520.315703977499
1876 1506 1797.6090285776568 1970.6826003727035 2250 2047 2328.3909714223432 1582.3173996272965
2281 1590 2205.545571700193 2037.2754874166108 2607 2105 2682.454428299807 1657.7245125833892
567 1862 493.78064821790815 2296.026497776103 873 2360 946.2193517820918 1925.9735022238972
920 1911 845.569416247379 2352.206386116658 1283 2426 1357.430583752621 1984.793613883342
1420 1957 1339.6010054412893 2433.585672827166 1757 2504 1837.3989945587107 2027.4143271728335
1887 2015 1800.9643366716618 2524.9984734824648 2127 2580 2213.035663328338 2070.0015265175352
2207 2086 2122.550659143394 2586.5951399375513 2285 2614 2369.449340856606 2113.4048600624487
458 2408 379.55168654853424 2873.0225099658605 824 2948 902.4483134514658 2482.9774900341395
989 2474 915.28087825533 2910.989012483924 1354 2985 1427.71912174467 2548.010987516076
1466 2550 1389.2207077884943 3005.128958249509 1590 3039 1666.7792922115057 2583.871041750491
1697 2556 1613.167743553877 3052.9372137336804 1904 3102 1987.832256446123 2605.0627862663196
1996 2603 1918.4885185117234 3062.4691980873586 2384 3141 2461.511481488277 2681.5308019126414
# Transcript
ZANIE
LEYQE
RIOIAN
TWNEI
NOISW
***
# Lines: x1 y1 x2 y2 x3 y3 x4 y4
