# Baseline angle
0
# Boxes: x1 y1 x2 y2 x3 y3 x4 y4
839 85 839 321 1074 321 1074 85
1023 97 1023 317 1248 317 1248 97
1201 78 1201 322 1458 322 1458 78
1419 91 1419 337 1546 337 1546 91
1513 109 1513 331 1721 331 1721 109
1687 124 1687 318 1888 318 1888 124
1869 117 1869 335 2108 335 2108 117
2081 107 2081 343 2245 343 2245 107
2237 99 2237 357 2442 357 2442 99
2393 136 2393 348 2658 348 2658 136
2622 121 2622 357 2857 357 2857 121
2815 125 2815 351 3026 351 3026 125
2955 128 2955 370 3181 370 3181 128
3123 146 3123 345 3312 345 3312 146
3261 138 3261 366 3486 366 3486 138
3418 134 3418 359 3633 359 3633 134
3587 160 3587 365 3800 365 3800 160
3743 134 3743 382 3932 382 3932 134
3920 114 3920 374 4165 374 4165 114
4114 142 4114 389 4340 389 4340 142
4284 146 4284 388 4472 388 4472 146
4442 157 4442 379 4524 379 4524 157
4531 165 4531 383 4736 383 4736 165
736 327 736 520 908 520 908 327
884 329 884 524 1086 524 1086 329
1067 316 1067 529 1292 529 1292 316
1261 315 1261 539 1487 539 1487 315
1430 332 1430 540 1674 540 1674 332
1626 328 1626 541 1853 541 1853 328
1814 319 1814 533 1924 533 1924 319
1890 340 1890 544 2055 544 2055 340
2048 336 2048 549 2211 549 2211 336
2196 323 2196 559 2406 559 2406 323
2367 325 2367 549 2570 549 2570 325
2560 341 2560 577 2781 577 2781 341
2746 355 2746 570 2949 570 2949 355
2898 340 2898 570 3126 570 3126 340
3091 340 3091 578 3309 578 3309 340
3282 358 3282 590 3492 590 3492 358
3452 366 3452 607 3695 607 3695 366
3651 377 3651 585 3847 585 3847 377
3814 339 3814 589 3940 589 3940 339
3898 376 3898 590 4139 590 4139 376
4106 376 4106 597 4328 597 4328 376
4328 385 4328 599 4430 599 4430 385
4401 384 4401 593 4626 593 4626 384
4598 383 4598 596 4799 596 4799 383
745 536 745 747 942 747 942 536
914 535 914 745 1062 745 1062 535
1024 527 1024 737 1206 737 1206 527
1161 538 1161 744 1357 744 1357 538
1354 535 1354 739 1553 739 1553 535
1511 532 1511 762 1746 762 1746 532
1753 529 1753 755 1947 755 1947 529
1904 545 1904 743 2103 743 2103 545
2156 552 2156 768 2355 768 2355 552
2332 560 2332 751 2532 751 2532 560
2486 550 2486 801 2713 801 2713 550
2658 568 2658 771 2870 771 2870 568
2827 571 2827 775 3028 775 3028 571
2983 577 2983 793 3194 793 3194 577
3160 575 3160 787 3351 787 3351 575
3305 580 3305 783 3526 783 3526 580
3505 574 3505 791 3599 791 3599 574
3573 574 3573 800 3792 800 3792 574
3768 582 3768 794 3951 794 3951 582
3877 577 3877 796 4109 796 4109 577
4053 580 4053 819 4256 819 4256 580
4206 580 4206 803 4416 803 4416 580
4361 596 4361 799 4559 799 4559 596
4521 583 4521 813 4704 813 4704 583
4612 584 4612 801 4849 801 4849 584
689 740 689 973 921 973 921 740
899 735 899 988 1057 988 1057 735
1006 728 1006 975 1252 975 1252 728
1143 729 1143 974 1397 974 1397 729
1351 724 1351 974 1608 974 1608 724
1534 744 1534 982 1775 982 1775 744
1675 753 1675 988 1880 988 1880 753
1830 763 1830 977 2024 977 2024 763
1990 688 1990 1044 2193 1044 2193 688
2139 754 2139 997 2362 997 2362 754
2296 739 2296 975 2505 975 2505 739
2468 760 2468 997 2679 997 2679 760
2636 764 2636 991 2825 991 2825 764
2800 777 2800 994 2908 994 2908 777
2888 801 2888 996 3070 996 3070 801
3011 768 3011 1009 3277 1009 3277 768
3229 783 3229 1020 3448 1020 3448 783
3396 770 3396 1011 3614 1011 3614 770
3568 783 3568 1026 3736 1026 3736 783
3659 792 3659 1028 3871 1028 3871 792
3822 776 3822 1028 4024 1028 4024 776
3971 810 3971 1035 4195 1035 4195 810
4139 801 4139 1020 4395 1020 4395 801
4342 824 4342 1024 4545 1024 4545 824
4500 805 4500 1052 4727 1052 4727 805
723 958 723 1181 958 1181 958 958
883 967 883 1196 1099 1196 1099 967
1023 962 1023 1185 1269 1185 1269 962
1220 962 1220 1207 1423 1207 1423 962
1376 967 1376 1176 1626 1176 1626 967
1561 965 1561 1180 1760 1180 1760 965
1729 973 1729 1181 1937 1181 1937 973
1875 965 1875 1172 2127 1172 2127 965
2070 965 2070 1189 2349 1189 2349 965
2288 979 2288 1191 2487 1191 2487 979
2460 979 2460 1201 2707 1201 2707 979
2625 976 2625 1208 2848 1208 2848 976
2787 984 2787 1208 2962 1208 2962 984
2936 981 2936 1216 3142 1216 3142 981
3102 982 3102 1218 3225 1218 3225 982
3189 995 3189 1218 3365 1218 3365 995
3309 1006 3309 1213 3525 1213 3525 1006
3479 1005 3479 1202 3667 1202 3667 1005
3617 1009 3617 1220 3844 1220 3844 1009
3802 1010 3802 1237 4058 1237 4058 1010
4003 999 4003 1214 4204 1214 4204 999
4153 1014 4153 1219 4363 1219 4363 1014
4329 1044 4329 1219 4517 1219 4517 1044
4499 1021 4499 1229 4727 1229 4727 1021
727 1162 727 1379 983 1379 983 1162
942 1165 942 1379 1156 1379 1156 1165
1114 1161 1114 1392 1371 1392 1371 1161
1317 1154 1317 1392 1527 1392 1527 1154
1463 1153 1463 1390 1696 1390 1696 1153
1613 1159 1613 1401 1883 1401 1883 1159
1836 1156 1836 1399 1954 1399 1954 1156
1902 1133 1902 1447 2146 1447 2146 1133
2108 1155 2108 1400 2212 1400 2212 1155
2192 1152 2192 1406 2430 1406 2430 1152
2386 1178 2386 1408 2595 1408 2595 1178
2540 1154 2540 1409 2772 1409 2772 1154
2701 1173 2701 1406 2864 1406 2864 1173
2801 1175 2801 1409 3017 1409 3017 1175
2991 1192 2991 1415 3213 1415 3213 1192
3185 1203 3185 1425 3378 1425 3378 1203
3356 1201 3356 1417 3452 1417 3452 1201
3426 1199 3426 1419 3641 1419 3641 1199
3601 1217 3601 1403 3769 1403 3769 1217
3735 1192 3735 1430 3858 1430 3858 1192
3832 1208 3832 1421 4041 1421 4041 1208
4021 1192 4021 1423 4207 1423 4207 1192
4162 1213 4162 1426 4376 1426 4376 1213
4329 1212 4329 1425 4527 1425 4527 1212
4486 1219 4486 1453 4702 1453 4702 1219
705 1393 705 1631 938 1631 938 1393
891 1377 891 1634 1107 1634 1107 1377
1091 1378 1091 1640 1283 1640 1283 1378
1271 1384 1271 1632 1505 1632 1505 1384
1484 1393 1484 1628 1700 1628 1700 1393
1682 1402 1682 1633 1804 1633 1804 1402
1787 1409 1787 1632 1984 1632 1984 1409
1963 1396 1963 1641 2068 1641 2068 1396
2016 1387 2016 1655 2272 1655 2272 1387
2283 1393 2283 1643 2493 1643 2493 1393
2495 1397 2495 1645 2748 1645 2748 1397
2700 1408 2700 1647 2915 1647 2915 1408
2888 1416 2888 1645 2988 1645 2988 1416
2982 1416 2982 1665 3207 1665 3207 1416
3196 1426 3196 1643 3311 1643 3311 1426
3321 1416 3321 1682 3494 1682 3494 1416
3543 1426 3543 1667 3774 1667 3774 1426
3738 1398 3738 1672 3953 1672 3953 1398
3889 1414 3889 1656 4015 1656 4015 1414
3996 1426 3996 1652 4204 1652 4204 1426
4190 1428 4190 1667 4419 1667 4419 1428
4419 1444 4419 1676 4612 1676 4612 1444
4562 1429 4562 1678 4805 1678 4805 1429
689 1634 689 1876 933 1876 933 1634
894 1658 894 1865 1077 1865 1077 1658
1049 1648 1049 1865 1256 1865 1256 1648
1225 1634 1225 1882 1474 1882 1474 1634
1460 1633 1460 1871 1662 1871 1662 1633
1643 1635 1643 1869 1755 1869 1755 1635
1737 1631 1737 1876 1977 1876 1977 1631
1955 1636 1955 1884 2170 1884 2170 1636
2161 1641 2161 1872 2376 1872 2376 1641
2358 1633 2358 1886 2572 1886 2572 1633
2559 1653 2559 1870 2755 1870 2755 1653
2703 1637 2703 1885 2958 1885 2958 1637
2950 1648 2950 1889 3087 1889 3087 1648
3055 1654 3055 1891 3278 1891 3278 1654
3223 1661 3223 1890 3458 1890 3458 1661
3427 1659 3427 1888 3655 1888 3655 1659
3587 1652 3587 1893 3789 1893 3789 1652
3750 1652 3750 1897 3957 1897 3957 1652
3924 1657 3924 1896 4041 1896 4041 1657
4036 1679 4036 1879 4214 1879 4214 1679
4183 1681 4183 1888 4273 1888 4273 1681
4262 1681 4262 1895 4464 1895 4464 1681
4438 1680 4438 1894 4649 1894 4649 1680
4636 1685 4636 1924 4834 1924 4834 1685
4827 1708 4827 1939 5013 1939 5013 1708
# Transcript
GWNIZOMENWNKAQEDOYNTAIE
DEMHPEIQOMENOSEKTEISEI&E
TRANTHKZTOYSDENEIKHSANTAS
GRAMMATOFYLAKIONPARADWSOY
NASHSTHSSYNARCIASOYPLEON
MONALEIUINPAREXEITOISAPOG
AGENEIOISGPAISIBKAIENTW
COYTEIMHNPLHRWNTAEIQISMEN
# Lines: x1 y1 x2 y2 x3 y3 x4 y4
