# Baseline angle
-0.006269717696490151
# Boxes: x1 y1 x2 y2 x3 y3 x4 y4
400 1404 403.4664613947964 1508.92493016889 492 1506 488.5335386052036 1401.07506983111
554 1416 557.008801301256 1507.0722002847765 650 1504 646.991198698744 1412.9277997152235
734 1412 736.679371824463 1493.100831528169 770 1492 767.320628175537 1410.899168471831
872 1404 875.0044401456285 1494.9401942135858 964 1492 960.9955598543715 1401.0598057864142
1026 1398 1029.0000789900012 1488.808188142395 1114 1486 1110.9999210099988 1395.191811857605
1180 1388 1184.0779333376647 1511.4333292533297 1288 1508 1283.9220666623353 1384.5666707466703
1342 1374 1346.0735721820374 1497.301323182139 1446 1494 1441.9264278179626 1370.698676817861
1502 1382 1505.6355372888202 1492.0426206183843 1628 1488 1624.3644627111798 1377.9573793816157
1670 1378 1673.5782565644795 1486.3088133385797 1804 1482 1800.4217434355205 1373.6911866614203
1836 1374 1839.7653627821974 1487.9722564271617 1960 1484 1956.2346372178026 1370.0277435728383
1998 1362 2001.633942412191 1471.994345937113 2062 1470 2058.3660575878093 1360.005654062887
2112 1364 2115.545547897274 1471.3187678046486 2216 1468 2212.454452102726 1360.6812321953514
2264 1352 2267.774085093452 1466.2362685695432 2396 1462 2392.225914906548 1347.7637314304568
2444 1352 2447.7152094924822 1464.4541866084674 2522 1462 2518.2847905075178 1349.5458133915326
2586 1344 2589.505711795443 1450.1129848096073 2714 1446 2710.494288204557 1339.8870151903927
2760 1348 2763.2329773418064 1445.8576949784804 2880 1442 2876.7670226581936 1344.1423050215196
2922 1324 2926.275942444451 1453.4267875198886 3030 1450 3025.724057555549 1320.5732124801114
3090 1322 3094.058308137341 1444.8393019329712 3180 1442 3175.941691862659 1319.1606980670288
3234 1312 3238.1150031604975 1436.5553808584518 3376 1432 3371.8849968395025 1307.4446191415482
3408 1326 3411.897368853388 1443.9678952715342 3532 1440 3528.102631146612 1322.0321047284658
3560 1306 3564.36157068037 1438.0186342624336 3686 1434 3681.63842931963 1301.9813657375664
3726 1306 3730.0250137689513 1427.831528044716 3846 1424 3841.9749862310487 1302.168471955284
3896 1300 3900.2650395553824 1429.0967723419117 3994 1426 3989.7349604446176 1296.9032276580883
4044 1292 4047.8712019196237 1409.1758588443893 4144 1406 4140.128798080376 1288.8241411556107
398 1570 401.829185239979 1685.9040728137525 520 1682 516.170814760021 1566.0959271862475
556 1564 559.8668407639963 1681.0438527731985 652 1678 648.1331592360037 1560.9561472268015
718 1556 721.9639575901678 1675.9834430480446 782 1674 778.0360424098322 1554.0165569519554
870 1570 873.098790692802 1663.7960530985124 988 1660 984.901209307198 1566.2039469014876
1016 1554 1020.3397649022326 1685.3586039064796 1122 1682 1117.6602350977673 1550.6413960935204
1180 1554 1183.8842853865058 1671.5718770579617 1292 1668 1288.1157146134942 1550.4281229420383
1368 1550 1371.5766616878502 1658.2605386573084 1440 1656 1436.4233383121498 1547.7394613426916
1522 1552 1525.499170062002 1657.9149757028208 1644 1654 1640.500829937998 1548.0850242971792
1682 1532 1686.0937830835448 1655.9130788568216 1744 1654 1739.9062169164552 1530.0869211431784
1836 1528 1840.2519560885 1656.7007541283392 1922 1654 1917.7480439115 1525.2992458716608
1984 1520 1988.115588861682 1644.5731092127758 2066 1642 2061.8844111383182 1517.4268907872242
2122 1534 2125.7370152706194 1647.1142169644213 2220 1644 2216.2629847293806 1530.8857830355787
2254 1512 2257.701540324416 1624.0404400405707 2380 1620 2376.298459675584 1507.9595599594293
2442 1512 2446.4761321290507 1647.486248822043 2552 1644 2547.5238678709493 1508.513751177957
2600 1518 2603.637717866634 1628.1086236539797 2728 1624 2724.362282133366 1513.8913763460203
2752 1506 2753.251768836367 1613.4762286308007 2880 1612 2878.748231163633 1504.5237713691993
2918 1498 2919.1586059800607 1597.477313692695 3046 1596 3044.8413940199393 1496.522686307305
3096 1494 3097.2506837744727 1601.3830657744945 3216 1600 3214.7493162255273 1492.6169342255055
3246 1486 3247.4123624456406 1607.2647133457965 3356 1606 3354.5876375543594 1484.7352866542035
3414 1496 3415.1084981007507 1591.1750769406467 3516 1590 3514.8915018992493 1494.8249230593533
3560 1484 3561.2506837744727 1591.3830657744945 3680 1590 3678.7493162255273 1482.6169342255055
3724 1474 3725.2967226716787 1585.335941815394 3840 1584 3838.7032773283213 1472.664058184606
3884 1458 3885.6246915270654 1597.4951790973 4014 1596 4012.3753084729346 1456.5048209027
4060 1446 4061.599501954674 1583.3324153642377 4176 1582 4174.400498045326 1444.6675846357623
426 1732 427.43049911571933 1854.8219185128683 498 1854 496.56950088428067 1731.1780814871317
560 1726 561.2956376097843 1837.242778959088 668 1836 666.7043623902157 1724.757221040912
714 1714 715.4830483842911 1841.3337716916055 830 1840 828.5169516157089 1712.6662283083945
874 1710 875.4351106287702 1833.21786065217 980 1832 978.5648893712298 1708.78213934783
1016 1714 1017.4129049765878 1835.3112947739496 1130 1834 1128.587095023412 1712.6887052260504
1182 1698 1183.3882579351434 1817.1951124690404 1286 1816 1284.6117420648566 1696.8048875309596
1342 1696 1343.3457454890938 1811.545015711136 1476 1810 1474.6542545109062 1694.454984288864
1500 1694 1501.3698499995912 1811.6146165878922 1640 1810 1638.6301500004088 1692.3853834121078
1668 1690 1669.2542102256293 1797.6858450574898 1814 1796 1812.7457897743707 1688.3141549425102
1846 1694 1847.1824392250844 1795.5236238553746 1978 1794 1976.8175607749156 1692.4763761446254
2134 1680 2135.246614792369 1787.033705063346 2224 1786 2222.753385207631 1678.966294936654
2290 1670 2291.4578588118998 1795.1710079585432 2392 1794 2390.5421411881002 1668.8289920414568
2444 1682 2445.179455304875 1783.2674260005324 2554 1782 2552.820544695125 1680.7325739994676
2602 1656 2603.5540055884153 1789.426120751491 2726 1788 2724.4459944115847 1654.573879248509
2784 1652 2785.5748549132295 1787.2162330593283 2890 1786 2888.4251450867705 1650.7837669406717
2904 1652 2905.1881358000296 1754.0127288509825 3078 1752 3076.8118641999704 1649.9872711490175
3094 1650 3095.3904280589322 1769.381438181653 3214 1768 3212.6095719410678 1648.618561818347
3262 1640 3263.552920526521 1773.3329578951848 3378 1772 3376.447079473479 1638.6670421048152
3412 1628 3413.575126178703 1763.239523773405 3520 1762 3518.424873821297 1626.760476226595
3570 1636 3571.2514975708937 1743.452937916724 3696 1742 3694.7485024291063 1634.547062083276
3730 1634 3731.2514975708937 1741.452937916724 3856 1740 3854.7485024291063 1632.547062083276
3890 1622 3891.3901567934586 1741.3581474675764 4008 1740 4006.6098432065414 1620.6418525324236
4076 1622 4077.204373611793 1725.406899019518 4198 1724 4196.795626388207 1620.593100980482
4232 1614 4233.088191306884 1707.4315460609628 4356 1706 4354.911808693116 1612.5684539390372
406 1896 407.24878491615766 2003.2200307759585 512 2002 510.75121508384234 1894.7799692240415
566 1884 567.4356531597173 2007.264442080323 676 2006 674.5643468402827 1882.735557919677
720 1882 721.2244091401867 1987.1271391851258 818 1986 816.7755908598133 1880.8728608148742
866 1872 867.3424903034111 1987.2655271422173 976 1986 974.6575096965889 1870.7344728577827
1038 1872 1039.3901567934583 1991.3581474675764 1156 1990 1154.6098432065417 1870.6418525324236
1182 1862 1183.436466956138 1985.3343142225528 1298 1984 1296.563533043862 1860.6656857774472
1342 1862 1343.3917843862998 1981.497891752036 1472 1980 1470.6082156137002 1860.502108247964
1510 1858 1511.2279355913433 1963.4299184681213 1634 1962 1632.7720644086567 1856.5700815318787
1682 1854 1683.416160162271 1975.5907833428685 1820 1974 1818.583839837729 1852.4092166571315
1836 1838 1837.4351106287702 1961.21786065217 1942 1960 1940.5648893712298 1836.78213934783
2010 1836 2011.4998287270018 1964.7745232882944 2078 1964 2076.500171272998 1835.2254767117056
2124 1832 2125.3433040998316 1947.335399284447 2240 1946 2238.6566959001684 1830.664600715553
2278 1834 2279.301062919256 1945.7085932406192 2426 1944 2424.698937080744 1832.2914067593808
2454 1828 2455.2046448772667 1931.4301897335947 2578 1930 2576.7953551227333 1826.5698102664053
2618 1832 2619.110939490013 1927.3846933673358 2738 1926 2736.889060509987 1830.6153066326642
2790 1826 2791.1970494440066 1928.7780497394508 2858 1928 2856.8029505559934 1825.2219502605492
2926 1812 2927.207086266529 1915.6398061602838 3068 1914 3066.792913733471 1810.3601938397162
3102 1806 3103.2279355913433 1911.4299184681213 3226 1910 3224.7720644086567 1804.5700815318787
3252 1806 3253.15779218364 1905.4074415504654 3374 1904 3372.84220781636 1804.5925584495346
3416 1798 3417.251768836367 1905.4762286308007 3544 1904 3542.748231163633 1796.5237713691993
3584 1784 3585.2980789990465 1895.452395385777 3710 1894 3708.7019210009535 1782.547604614223
3740 1780 3741.2287493877643 1885.4997906103508 3870 1884 3868.7712506122357 1778.5002093896492
3910 1772 3911.272346895708 1881.2430502245613 4018 1880 4016.727653104292 1770.7569497754387
4060 1772 4060.9961135124718 1857.5257939791632 4192 1856 4191.003886487529 1770.4742060208368
4230 1750 4231.27777220518 1859.7088645060928 4378 1858 4376.72222779482 1748.2911354939072
556 2052 557.273431957602 2161.3362130808678 672 2160 670.726568042398 2050.6637869191322
718 2026 719.3657810174876 2143.2652558767436 828 2142 826.6342189825124 2024.7347441232564
860 2030 861.4410784691888 2153.730256361854 1010 2152 1008.5589215308112 2028.2697436381457
1040 2028 1041.342490303411 2143.2655271422173 1150 2142 1148.657509696589 2026.7344728577827
1190 2034 1191.2983502645202 2145.475686099853 1318 2144 1316.7016497354798 2032.5243139001464
1370 2026 1371.2910260967335 2136.8468368197864 1444 2136 1442.7089739032665 2025.1531631802136
1516 2014 1517.4816920569233 2141.217318121223 1622 2140 1620.5183079430767 2012.782681878777
1688 2018 1689.2737032230757 2127.359503794944 1806 2126 1804.7262967769243 2016.6404962050558
1850 2012 1851.3863590768285 2131.0320774705046 1940 2130 1938.6136409231715 2010.9679225294954
1992 2010 1993.2509550399461 2117.406356488571 2114 2116 2112.7490449600537 2008.593643511429
2132 2000 2133.2271217949224 2105.3600463258917 2250 2104 2248.7728782050776 1998.6399536741085
2308 1992 2309.2671928517098 2100.8005266571067 2378 2100 2376.7328071482902 1991.1994733428933
2440 1986 2441.3427615688847 2101.288817856294 2552 2100 2550.6572384311153 1984.711182143706
2616 1982 2617.15779218364 2081.4074415504656 2738 2080 2736.84220781636 1980.5925584495346
2792 1972 2793.4307703811933 2094.8452092269445 2866 2094 2864.5692296188067 1971.154790773055
2940 1974 2941.5052540364736 2103.240337569826 3048 2102 3046.4947459635264 1972.7596624301743
3086 1968 3087.2566516148913 2075.8954614841787 3250 2074 3248.7433483851087 1966.104538515821
3302 1960 3303.405038277854 2080.6358640657295 3358 2080 3356.594961722146 1959.3641359342707
3438 1960 3439.135315265984 2057.4775849581683 3566 2056 3564.864684734016 1958.5224150418314
3594 1946 3595.4611139975823 2071.450496527462 3720 2070 3718.5388860024177 1944.5495034725382
3758 1942 3759.3224547750174 2055.54528697661 3892 2054 3890.6775452249826 1940.4547130233905
3896 1926 3897.186508207188 2027.8729845665232 4058 2026 4056.813491792812 1924.1270154334768
4090 1920 4091.336251197519 2034.7298407184564 4154 2034 4152.663748802481 1919.2701592815436
4266 1912 4267.523661972025 2042.8208334509739 4338 2042 4336.476338027975 1911.1791665490261
4402 1912 4403.457858811899 2037.1710079585432 4504 2036 4502.542141188101 1910.8289920414568
404 2204 405.29618014073145 2315.289360387241 516 2314 514.7038198592685 2202.710639612759
572 2222 573.158334714587 2321.4540229786185 698 2320 696.841665285413 2220.5459770213815
728 2214 729.2490561816312 2321.243321490035 836 2320 834.7509438183688 2212.756678509965
896 2198 897.4077509325899 2318.868771206495 972 2318 970.5922490674101 2197.131228793505
1052 2204 1053.1109394900134 2299.3846933673362 1172 2298 1170.8890605099866 2202.6153066326638
1196 2198 1197.2263079985016 2303.2901741836617 1308 2302 1306.7736920014984 2196.7098258163383
1366 2192 1367.4814207914496 2319.194027407146 1470 2318 1468.5185792085504 2190.805972592854
1530 2194 1531.4118199146935 2315.2181319176434 1636 2314 1634.5881800853065 2192.7818680823566
1702 2180 1703.406937136169 2300.7988990642652 1772 2300 1770.593062863831 2179.2011009357348
1836 2188 1837.183253021505 2289.593495997604 1974 2288 1972.816746978495 2186.406504002396
2000 2182 2001.2978077335729 2293.4291046717003 2124 2292 2122.702192266427 2180.5708953282997
2144 2166 2145.5307148743386 2297.4263920169647 2268 2296 2266.4692851256614 2164.5736079830353
2296 2164 2297.3912418553527 2283.451310323883 2422 2282 2420.6087581446473 2162.548689676117
2456 2144 2457.5066103638414 2273.3567911402088 2574 2272 2572.4933896361586 2142.6432088597912
2624 2144 2625.2509550399463 2251.406356488571 2746 2250 2744.7490449600537 2142.593643511429
2794 2142 2795.225494202081 2247.220302041432 2900 2246 2898.774505797919 2140.779697958568
2944 2138 2945.4167026932178 2259.6373647710216 3086 2258 3084.5832973067822 2136.3626352289784
3130 2138 3131.435924425191 2261.2877327943997 3242 2260 3240.564075574809 2136.7122672056003
3272 2126 3273.347101816462 2241.6614692815187 3416 2240 3414.652898183538 2124.3385307184813
3430 2124 3431.301062919256 2235.7085932406194 3578 2234 3576.698937080744 2122.2914067593806
3592 2114 3593.3246248988057 2227.7316126892224 3742 2226 3740.6753751011943 2112.2683873107776
3762 2112 3763.275602081391 2221.52253879348 3894 2220 3892.724397918609 2110.47746120652
3922 2094 3923.4603002011618 2219.3806243852323 4042 2218 4040.5396997988382 2092.6193756147677
4070 2104 4071.204373611793 2207.4068990195183 4192 2206 4190.795626388207 2102.5931009804817
4248 2100 4249.366594813908 2217.3351280189736 4364 2216 4362.633405186092 2098.6648719810264
4394 2098 4395.391241855353 2217.451310323883 4520 2216 4518.608758144647 2096.548689676117
4564 2086 4565.506881629315 2215.380081854285 4684 2214 4682.493118370685 2084.619918145715
412 2372 413.317571996493 2485.126054123232 510 2484 508.682428003507 2370.873945876768
582 2370 583.4085647290107 2490.938643348725 664 2490 662.5914352709893 2369.061356651275
702 2366 703.4142613039558 2487.4277483443325 826 2486 824.5857386960442 2364.5722516556675
888 2364 889.3170294655458 2477.0794726950785 982 2476 980.6829705344542 2362.9205273049215
1038 2350 1039.2983502645202 2461.475686099853 1166 2460 1164.7016497354798 2348.524313900147
1212 2356 1213.2482423852105 2463.173449347805 1314 2462 1312.7517576147895 2354.826550652195
1364 2346 1365.4584013428466 2471.217589386696 1470 2470 1468.5415986571534 2344.782410613304
1538 2346 1539.3644246901197 2463.148802306361 1638 2462 1636.6355753098803 2344.851197693639
1716 2332 1717.4296853192986 2454.7520463706383 1782 2454 1780.5703146807014 2331.2479536293617
1832 2340 1833.3232685714381 2453.615159118839 1972 2452 1970.6767314285619 2338.384840881161
1984 2330 1985.3454742236204 2445.5217249970597 2116 2444 2114.65452577638 2328.4782750029403
2140 2336 2141.2504125089995 2443.359775060418 2258 2442 2256.7495874910005 2334.640224939582
2300 2308 2301.3433040998316 2423.3353992844472 2416 2422 2414.6566959001684 2306.6646007155528
2454 2322 2455.1829817560315 2423.5702052835277 2590 2422 2588.8170182439685 2320.4297947164723
2622 2316 2623.2969939371524 2427.359232529471 2740 2426 2738.7030060628476 2314.640767470529
2786 2304 2786.793973229581 2430.6345415315295 2888 2430 2887.206026770419 2303.3654584684705
2960 2302 2960.7197606188442 2416.798021625862 3088 2416 3087.2802393811558 2301.201978374138
3120 2304 3120.7575351745763 2424.822863986361 3252 2424 3251.2424648254237 2303.177136013639
3280 2296 3280.7693667221515 2418.7099334076142 3394 2418 3393.2306332778485 2295.2900665923858
3442 2294 3442.543348329278 2380.6611920988944 3548 2380 3547.456651670722 2293.3388079011056
3596 2280 3596.6824577692514 2388.8484139060683 3732 2388 3731.3175422307486 2279.1515860939317
3782 2274 3782.6565933787847 2378.7231800736067 3898 2378 3897.3434066212153 2273.2768199263933
3938 2270 3938.6935031399285 2380.61009225948 4036 2380 4035.3064968600715 2269.38990774052
4086 2260 4086.756670379988 2380.684933811736 4196 2380 4195.2433296200115 2259.315066188264
4264 2260 4264.743895420134 2378.647395109073 4368 2378 4367.256104579866 2259.352604890927
4438 2264 4438.681514356974 2372.6979446246587 4550 2372 4549.318485643026 2263.3020553753413
4580 2262 4580.731985254869 2378.747786581036 4700 2378 4699.268014745131 2261.252213418964
4790 2274 4790.729469488794 2390.3465351639443 4846 2390 4845.270530511206 2273.6534648360557
406 2528 406.7568276153677 2648.710012025304 520 2648 519.2431723846324 2527.289987974696
560 2530 560.6323013421148 2630.8487283768272 696 2630 695.3676986578852 2529.1512716231728
726 2528 726.7947594064793 2654.7599325993706 848 2654 847.2052405935207 2527.2400674006294
894 2518 894.7575351745761 2638.822863986361 1026 2638 1025.242464825424 2517.177136013639
1046 2516 1046.7831637119734 2640.91048049847 1192 2640 1191.2168362880266 2515.08951950153
1200 2508 1200.757220703817 2628.7727075592243 1324 2628 1323.242779296183 2507.2272924407757
1366 2508 1366.781276887417 2632.609541935651 1464 2632 1463.218723112583 2507.390458064349
1530 2516 1530.7076932181992 2628.8733348842566 1670 2628 1669.2923067818008 2515.1266651157434
1690 2508 1690.756591762298 2628.6723947049513 1798 2628 1797.243408237702 2507.3276052950487
1992 2496 1992.7442098908937 2614.6975515362096 2104 2614 2103.2557901091063 2495.3024484637904
2128 2492 2128.7449960677923 2610.8229426040507 2260 2610 2259.2550039322077 2491.1770573959493
2298 2492 2298.7446815970325 2610.7727861769145 2422 2610 2421.2553184029675 2491.2272138230855
2480 2482 2480.7946021710995 2608.7348543858025 2598 2608 2597.2053978289005 2481.2651456141975
2628 2480 2628.781905828936 2604.709854789924 2742 2604 2741.218094171064 2479.290145210076
2810 2468 2810.656436143405 2572.6981018600386 2922 2572 2921.343563856595 2467.3018981399614
2966 2470 2966.6806495623846 2578.5600144500336 3056 2578 3055.3193504376154 2469.4399855499664
3128 2462 3128.795781436447 2588.922940987564 3276 2588 3275.204218563553 2461.077059012436
3294 2458 3294.694367934517 2568.748022434105 3414 2568 3413.305632065483 2457.251977565895
3460 2438 3460.7311990779704 2554.6223955131945 3560 2554 3559.2688009220296 2437.3776044868055
3618 2438 3618.7061208644022 2550.622552748574 3718 2550 3717.2938791355978 2437.377447251426
3792 2438 3792.705413305194 2550.5097007875174 3874 2550 3873.294586694806 2437.4902992124826
3938 2432 3938.769209486772 2554.6848551940457 4048 2554 4047.230790513228 2431.3151448059543
4110 2438 4110.631279312147 2538.685719988634 4220 2538 4219.368720687853 2437.314280011366
4266 2416 4266.732850049458 2532.885716755661 4408 2532 4407.267149950542 2415.114283244339
4444 2420 4444.6944465522065 2530.7605615408893 4566 2530 4565.3055534477935 2419.2394384591107
4728 2418 4728.645076301968 2520.88626707949 4870 2520 4869.354923698032 2417.11373292051
4594 2420 4594.70682842361 2532.7354047096314 4712 2532 4711.29317157639 2419.2645952903686
416 2694 416.66936833863826 2800.760718776269 538 2800 537.3306316613617 2693.239281223731
550 2678 550.7451533031718 2796.848020817619 686 2796 685.2548466968282 2677.151979182381
730 2686 730.7185027358066 2800.5973959173166 826 2800 825.2814972641934 2685.4026040826834
898 2680 898.6565933787846 2784.7231800736067 1014 2784 1013.3434066212154 2679.2768199263933
1038 2678 1038.6826150046309 2786.8734921196365 1178 2786 1177.3173849953691 2677.1265078803635
1220 2678 1220.7078504535789 2790.8984130978247 1364 2790 1363.2921495464211 2677.1015869021753
1376 2674 1376.6188974407423 2772.710876819892 1490 2772 1489.3811025592577 2673.289123180108
1522 2662 1522.6693683386382 2768.760718776269 1644 2768 1643.3306316613618 2661.239281223731
1682 2654 1682.6826150046309 2762.8734921196365 1822 2762 1821.3173849953691 2653.1265078803635
1844 2654 1844.6703117509164 2760.9111880576784 1990 2760 1989.3296882490836 2653.0888119423216
2004 2656 2004.6806495623848 2764.5600144500336 2094 2764 2093.3193504376154 2655.4399855499664
2112 2634 2112.6963333767626 2745.061500103708 2282 2744 2281.3036666232374 2632.938499896292
2296 2636 2296.6828508577005 2744.9111094399886 2442 2744 2441.3171491422995 2635.0888905600114
2466 2640 2466.6441328896904 2742.7357977980805 2584 2742 2583.3558671103096 2639.2642022019195
2632 2634 2632.61991947071 2732.8738852080855 2772 2732 2771.38008052929 2633.1261147919145
2818 2622 2818.7810410343477 2746.571924615299 2910 2746 2909.2189589656523 2621.428075384701
2958 2624 2958.757142086127 2744.76016845244 3080 2744 3079.242857913873 2623.23983154756
3128 2620 3128.681592974663 2728.7104837314428 3242 2728 3241.318407025337 2619.2895162685572
3308 2604 3308.7561986738488 2724.609699171031 3406 2724 3405.2438013261512 2603.390300828969
3484 2608 3484.730098430313 2724.446848018217 3556 2724 3555.269901569687 2607.553151981783
3622 2606 3622.781748593556 2730.684776576356 3732 2730 3731.218251406444 2605.315223423644
3786 2596 3786.7564345269184 2716.647316491383 3890 2716 3889.2435654730816 2595.352683508617
3948 2592 3948.6803350916257 2700.5098580228973 4030 2700 4029.3196649083743 2591.4901419771027
4120 2578 4120.769366722152 2700.7099334076142 4234 2700 4233.230633277848 2577.2900665923858
4288 2580 4288.769288104461 2702.6973943008297 4400 2702 4399.230711895539 2579.3026056991703
4430 2566 4430.794916641859 2692.7850108129387 4556 2692 4555.205083358141 2565.2149891870613
4598 2566 4598.757377939196 2686.7977857727924 4726 2686 4725.242622060804 2565.2022142272076
4734 2578 4734.643268095102 2680.5978676234554 4830 2680 4829.356731904898 2577.4021323765446
602 2840 602.7050988344344 2952.4595443603807 676 2952 675.2949011655656 2839.5404556396193
724 2846 724.6457052434872 2948.9865799337626 882 2948 881.3542947565128 2845.0134200662374
902 2838 902.7191316773254 2952.697708771589 1014 2952 1013.2808683226746 2837.302291228411
1064 2848 1064.6444473604497 2950.785954225217 1190 2950 1189.3555526395503 2847.214045774783
1214 2846 1214.656907849544 2950.773336500743 1338 2950 1337.343092150456 2845.226663499257
1384 2838 1384.6818288277325 2946.7481010517954 1504 2946 1503.3181711722675 2837.2518989482046
1534 2826 1534.7698384282908 2948.7851680483186 1660 2948 1659.2301615717092 2825.2148319516814
1694 2824 1694.7075359828195 2936.8482566706884 1830 2936 1829.2924640171805 2823.1517433293116
1856 2818 1856.6949182583455 2928.835796181594 1990 2928 1989.3050817416545 2817.164203818406
2014 2812 2014.7303342833823 2928.48446533857 2092 2928 2091.269665716618 2811.51553466143
2166 2806 2166.7549407908114 2926.409073462485 2232 2926 2231.2450592091886 2805.590926537515
2304 2806 2304.694761022966 2916.8107179680255 2434 2916 2433.305238977034 2805.1892820319745
2492 2802 2492.7053346875036 2914.4971616807334 2572 2914 2571.2946653124964 2801.5028383192666
2636 2804 2636.657143702613 2908.8109538210956 2766 2908 2765.342856297387 2803.1890461789044
2810 2790 2810.768501927563 2912.5720032329887 2902 2912 2901.231498072437 2789.4279967670113
2976 2790 2976.7192102950153 2904.710247878373 3090 2904 3089.2807897049847 2789.289752121627
3154 2788 3154.6690538678786 2894.7105623491325 3268 2894 3267.3309461321214 2787.2894376508675
3300 2770 3300.719996471914 2884.8356389462147 3434 2884 3433.280003528086 2769.1643610537853
3462 2766 3462.681986063112 2874.7731792653635 3586 2874 3585.318013936888 2765.2268207346365
3626 2768 3626.619683617641 2866.836267887733 3760 2866 3759.380316382359 2767.163732112267
3780 2750 3780.870544371013 2888.84723464072 3916 2888 3915.129455628987 2749.15276535928
3966 2754 3966.8300181961367 2886.3835235427778 4028 2886 4027.1699818038633 2753.6164764572222
4124 2742 4124.769052251392 2864.6597769804775 4230 2864 4229.230947748608 2741.3402230195225
4278 2744 4278.719839236534 2858.810560732646 4408 2858 4407.280160763466 2743.189439267354
4442 2742 4442.681435739283 2850.685405517874 4552 2850 4551.318564260717 2741.314594482126
4604 2732 4604.743738184754 2850.622316895505 4704 2850 4703.256261815246 2731.377683104495
4726 2720 4726.783242329663 2844.923019605254 4874 2844 4873.216757670337 2719.076980394746
572 3012 572.7569062330575 3132.722551132088 688 3132 687.2430937669425 3011.277448867912
732 3026 732.6193691468815 3124.7861114605967 858 3124 857.3806308531185 3025.2138885394033
888 3004 888.806984042504 3132.709697554544 1002 3132 1001.193015957496 3003.290302445456
1054 3008 1054.8956225845811 3150.8470774053408 1190 3150 1189.1043774154189 3007.1529225946592
1204 2994 1204.757220703817 3114.7727075592243 1328 3114 1327.242779296183 2993.2272924407757
1388 2990 1388.7453105385516 3108.8730990311874 1528 3108 1527.2546894614484 2989.1269009688126
1714 2978 1714.7442885085836 3096.7100906429932 1828 3096 1827.2557114914164 2977.2899093570068
1852 2974 1852.845230304375 3108.809774555748 1982 3108 1981.154769695625 2973.190225444252
2004 2976 2004.7457822446906 3094.9483336718913 2156 3094 2155.2542177553096 2975.0516663281087
2178 2984 2178.5310450755637 3068.698888036937 2290 3068 2289.4689549244363 2983.301111963063
2326 2962 2326.7942090826505 3088.672158851882 2434 3088 2433.2057909173495 2961.327841148118
2508 2960 2508.793029817303 3086.4840722501203 2586 3086 2585.206970182697 2959.5159277498797
2662 2948 2662.744131273204 3066.685012429425 2772 3066 2771.255868726796 2947.314987570575
2812 2948 2812.718345500427 3062.572317703748 2904 3062 2903.281654499573 2947.427682296252
2974 2942 2974.7322997256283 3058.797943008172 3102 3058 3101.2677002743717 2941.202056991828
3152 2944 3152.707693218199 3056.8733348842566 3292 3056 3291.292306781801 2943.1266651157434
3322 2932 3322.8315119322433 3064.621766571676 3422 3064 3421.1684880677567 2931.378233428324
3452 2938 3452.758557204544 3058.985872374554 3610 3058 3609.241442795456 2937.014127625446
3624 2924 3624.8707016063927 3062.8723128542883 3764 3062 3763.1292983936073 2923.1276871457117
3774 2920 3774.745467773931 3038.898177244755 3918 3038 3917.254532226069 2919.101822755245
3956 2912 3956.6698400447776 3018.835953416974 4090 3018 4089.3301599552224 2911.164046583026
4122 2908 4122.695075493725 3018.860874395162 4260 3018 4259.304924506275 2907.139125604838
4306 2908 4306.62962834066 3008.422398746168 4374 3008 4373.37037165934 2907.577601253832
4446 2892 4446.769366722152 3014.7099334076142 4560 3014 4559.230633277848 2891.2900665923858
4586 2882 4586.795309730309 3008.8477063468595 4722 3008 4721.204690269691 2881.1522936531405
4752 2894 4752.794838024169 3020.7724717061546 4876 3020 4875.205161975831 2893.2275282938454
414 3198 414.6451549196583 3300.898806186274 558 3300 557.3548450803416 3197.101193813726
608 3182 608.6547065542284 3286.422241510788 676 3286 675.3452934457716 3181.577758489212
730 3184 730.6941320814472 3294.710405113753 844 3294 843.3058679185528 3183.289594886247
910 3170 910.7685805452534 3292.5845423397727 1004 3292 1003.2314194547466 3169.4154576602273
1066 3180 1066.6562002903354 3284.660484539686 1172 3284 1171.3437997096646 3179.339515460314
1230 3160 1230.8193659139085 3290.684540723287 1340 3290 1339.1806340860915 3159.315459276713
1384 3154 1384.7442885085836 3272.7100906429932 1498 3272 1497.2557114914164 3153.2899093570068
1552 3144 1552.8199948554272 3274.7848535775593 1678 3274 1677.1800051445728 3143.2151464224407
1712 3144 1712.7446815970327 3262.7727861769145 1836 3262 1835.2553184029673 3143.2272138230855
1872 3156 1872.6692897209484 3262.748179669485 1992 3262 1991.3307102790516 3155.251820330515
2022 3136 2022.8190514431492 3266.63438429615 2124 3266 2123.180948556851 3135.36561570385
2170 3140 2170.656357525715 3244.685562753254 2280 3244 2279.343642474285 3139.314437246746
2332 3130 2332.694603787586 3240.7856397544574 2458 3240 2457.305396212414 3129.2143602455426
2478 3116 2478.608481011584 3213.0495113207526 2646 3212 2645.391518988416 3114.9504886792474
2676 3110 2676.817479089352 3240.3836021604675 2738 3240 2737.182520910648 3109.6163978395325
2796 3116 2796.64421150738 3218.7483369048646 2916 3218 2915.35578849262 3115.2516630951354
2992 3102 2992.719053059636 3216.685169664805 3102 3216 3101.280946940364 3101.314830335195
3162 3098 3162.8311188437942 3230.5590710377555 3252 3230 3251.1688811562058 3097.4409289622445
3310 3094 3310.7448388324124 3212.7978643904826 3438 3212 3437.2551611675876 3093.2021356095174
3478 3086 3478.781198269727 3210.597002828867 3574 3210 3573.218801730273 3085.402997171133
3632 3084 3632.8071412778836 3212.7347757681127 3750 3212 3749.1928587221164 3083.2652242318873
3800 3094 3800.631672400596 3194.7484155225543 3920 3194 3919.368327599404 3093.2515844774457
3958 3062 3958.869994047184 3200.7594608932313 4080 3200 4079.130005952816 3061.2405391067687
4122 3060 4122.706985658991 3172.7604829231996 4244 3172 4243.293014341009 3059.2395170768004
4296 3056 4296.7080863066485 3168.936030418177 4446 3168 4445.2919136933515 3055.063969581823
4494 3048 4494.831040226105 3180.546531930971 4582 3180 4581.168959773895 3047.453468069029
4622 3046 4622.718659971187 3160.6224741308847 4722 3160 4721.281340028813 3045.3775258691153
4784 3056 4784.679784767797 3164.422084275408 4852 3164 4851.320215232203 3055.577915724592
406 3346 406.7452319208616 3464.860559924403 544 3464 543.2547680791384 3345.139440075597
746 3352 746.6690538678789 3458.7105623491325 860 3458 859.3309461321211 3351.2894376508675
900 3334 900.7693667221517 3456.7099334076142 1014 3456 1013.2306332778483 3333.2900665923858
1216 3324 1216.8333987567996 3456.9227051344947 1364 3456 1363.1666012432004 3323.0772948655053
1394 3326 1394.6189760584323 3424.7234159266764 1510 3424 1509.3810239415677 3325.2765840733236
1562 3322 1562.7562772915387 3442.622238277815 1662 3442 1661.2437227084613 3321.377761722185
1712 3314 1712.7952311126185 3440.8351672400754 1846 3440 1845.2047688873815 3313.1648327599246
1872 3298 1872.7824561527648 3422.797628537413 2000 3422 1999.2175438472352 3297.202371462587
2022 3302 2022.7442098908937 3420.6975515362096 2134 3420 2133.2557901091063 3301.3024484637904
2174 3296 2174.744524361653 3414.747707963346 2294 3414 2293.255475638347 3295.252292036654
2342 3282 2342.794759406479 3408.7599325993706 2464 3408 2463.205240593521 3281.2400674006294
2504 3290 2504.720310942673 3404.885795373351 2646 3404 2645.279689057327 3289.114204626649
2664 3266 2664.8191300608387 3396.646923402934 2768 3396 2767.1808699391613 3265.353076597066
2830 3266 2830.7952311126182 3392.8351672400754 2964 3392 2963.2047688873818 3265.1648327599246
2988 3260 2988.756670379988 3380.684933811736 3098 3380 3097.243329620012 3259.315066188264
3146 3270 3146.58143735577 3362.73619088653 3264 3362 3263.41856264423 3269.26380911347
3306 3260 3306.70722151206 3372.7981002435517 3434 3372 3433.29277848794 3259.2018997564483
3468 3256 3468.6445259781394 3358.7984933320013 3596 3358 3595.3554740218606 3255.2015066679987
3650 3238 3650.7683446921837 3360.5469250194205 3738 3360 3737.2316553078163 3237.4530749805795
3802 3244 3802.6190546761222 3342.73595503346 3920 3342 3919.3809453238778 3243.26404496654
3950 3232 3950.7565131446086 3352.6598555981673 4056 3352 4055.2434868553914 3231.3401444018327
4144 3218 4144.793187052683 3344.5091504636885 4226 3344 4225.206812947317 3217.4908495363115
4306 3206 4306.906982426018 3350.658912185889 4412 3350 4411.093017573982 3205.341087814111
4474 3210 4474.605414921681 3306.560486156173 4564 3306 4563.394585078319 3209.439513843827
4636 3210 4636.693817610688 3320.660248686617 4742 3320 4741.306182389312 3209.339751313383
4780 3210 4780.64436874276 3312.7734151184327 4904 3312 4903.35563125724 3209.2265848815673
430 3506 430.76936672215174 3628.7099334076142 544 3628 543.2306332778483 3505.2900665923858
594 3502 594.7430306255461 3620.509464934448 676 3620 675.2569693744539 3501.490535065552
752 3514 752.7066711882312 3626.7103264960633 866 3626 865.2933288117688 3513.2896735039367
910 3514 910.6311220767672 3614.660641775066 1016 3614 1015.3688779232328 3513.339358224934
1062 3492 1062.7315921664197 3608.6850910471153 1172 3608 1171.2684078335803 3491.3149089528847
1234 3484 1234.8572977050203 3620.7344612973534 1352 3620 1351.1427022949797 3483.2655387026466
1574 3478 1574.7185027358066 3592.5973959173166 1670 3592 1669.2814972641934 3477.4026040826834
1736 3478 1736.6435825658614 3580.6480240505916 1840 3580 1839.3564174341386 3477.3519759494084
1392 3482 1392.782298917385 3606.7725503238444 1516 3606 1515.217701082615 3481.2274496761556
1886 3470 1886.7064353351616 3582.6727091757107 1994 3582 1993.2935646648384 3469.3272908242893
2034 3462 2034.7569848507474 3582.7350902388716 2152 3582 2151.243015149253 3461.2649097611284
2190 3448 2190.7687377806333 3570.6096205533413 2288 3570 2287.2312622193667 3447.3903794466587
2342 3464 2342.618582969983 3562.6607203927556 2448 3562 2447.381417030017 3463.3392796072444
2500 3440 2500.8320622560723 3572.7095403191647 2614 3572 2613.1679377439277 3439.2904596808353
2672 3428 2672.907375514467 3572.7216077198095 2788 3572 2787.092624485533 3427.2783922801905
2842 3440 2842.593033050276 3534.5856429874307 2936 3534 2935.406966949724 3439.4143570125693
3006 3430 3006.6551782603674 3534.4974761514927 3086 3534 3085.3448217396326 3429.5025238485073
3154 3422 3154.682064680802 3530.7857183721476 3280 3530 3279.317935319198 3421.2142816278524
3308 3418 3308.7449174501025 3536.8104034972666 3438 3536 3437.2550825498975 3417.1895965027334
3464 3414 3464.720232324983 3528.873256266567 3604 3528 3603.279767675017 3413.126743733433
3634 3408 3634.669918662467 3514.8484925237576 3770 3514 3769.330081337533 3407.1515074762424
3808 3398 3808.6438970366207 3500.698180477728 3920 3500 3919.3561029633793 3397.301819522272
3932 3394 3932.6214132068176 3493.1121282369836 4110 3492 4109.378586793182 3392.8878717630164
4132 3388 4132.8325339622115 3520.7847749598695 4258 3520 4257.1674660377885 3387.2152250401305
4340 3382 4340.704627128295 3494.384309719676 4402 3494 4401.295372871705 3381.615690280324
4468 3370 4468.77023151674 3492.8478635822394 4604 3492 4603.22976848326 3369.1521364177606
4618 3370 4618.781905828936 3494.709854789924 4732 3494 4731.218094171064 3369.290145210076
4774 3360 4774.831590549933 3492.6343056784604 4876 3492 4875.168409450067 3359.3656943215396
424 3692 424.60627971626843 3788.698416330798 536 3788 535.3937202837316 3691.301583669202
584 3668 584.7315135487299 3784.6725519403312 692 3784 691.2684864512701 3667.3274480596688
752 3676 752.6061224808889 3772.67333811723 860 3772 859.3938775191111 3675.32666188277
912 3664 912.806512336365 3792.6344629138393 1014 3792 1013.193487663635 3663.3655370861607
1070 3654 1070.8070626601939 3782.7222366613287 1186 3782 1185.1929373398061 3653.2777633386713
1236 3650 1236.8319050206926 3782.6844621055966 1346 3782 1345.1680949793074 3649.3155378944034
1396 3650 1396.793973229581 3776.6345415315295 1498 3776 1497.206026770419 3649.3654584684705
1582 3634 1582.7806479458984 3758.509229081378 1664 3758 1663.2193520541016 3633.490770918622
1716 3626 1716.6822219161818 3734.8107965857157 1846 3734 1845.3177780838182 3625.1892034142843
1892 3632 1892.6686607794297 3738.647866815212 1996 3738 1995.3313392205703 3631.352133184788
2048 3628 2048.617639557705 3726.5102511113464 2130 3726 2129.382360442295 3627.4897488886536
2196 3612 2196.832691197591 3744.8098531734377 2326 3744 2325.167308802409 3611.1901468265623
2350 3616 2350.719288912705 3730.722786985157 2466 3730 2465.280711087295 3615.277213014843
2508 3618 2508.757613792266 3738.8354030931446 2642 3738 2641.242386207734 3617.1645969068554
2658 3600 2658.8968018499286 3743.035164007102 2824 3742 2823.1031981500714 3598.964835992898
2838 3604 2838.8073771309532 3732.772393088465 2962 3732 2961.1926228690468 3603.227606911535
2996 3588 2996.7941304649607 3714.6596197450976 3102 3714 3101.2058695350393 3587.3403802549024
3134 3578 3134.759736469892 3699.1739589763156 3322 3698 3321.240263530108 3576.8260410236844
3328 3582 3328.7941304649607 3708.6596197450976 3434 3708 3433.2058695350393 3581.3403802549024
3470 3574 3470.7580854984053 3694.9106377338494 3616 3694 3615.2419145015947 3573.0893622661506
3632 3568 3632.732535578698 3684.8355603285245 3766 3684 3765.267464421302 3567.1644396714755
3810 3560 3810.7569062330576 3680.722551132088 3926 3680 3925.2430937669424 3559.277448867912
3978 3560 3978.7071428943705 3672.785561136768 4104 3672 4103.29285710563 3559.214438863232
4134 3562 4134.70714289437 3674.785561136768 4260 3674 4259.29285710563 3561.214438863232
4316 3550 4316.657379555683 3654.848571141448 4452 3654 4451.342620444317 3549.151428858552
4478 3530 4478.681671592352 3638.723022838227 4594 3638 4593.318328407648 3529.276977161773
4632 3522 4632.756906233058 3642.722551132088 4748 3642 4747.243093766942 3521.277448867912
4800 3520 4800.654077612709 3624.321928656515 4852 3624 4851.345922387291 3519.678071343485
910 3806 910.8189728254592 3936.6218451893656 1010 3936 1009.1810271745408 3805.3781548106344
1094 3826 1094.6309648413874 3926.6355635614977 1196 3926 1195.3690351586126 3825.3644364385023
1242 3808 1242.8066695717448 3936.659541127408 1348 3936 1347.1933304282552 3807.340458872592
1392 3802 1392.8210168853952 3932.947861965753 1544 3932 1543.1789831146048 3801.052138034247
1566 3788 1566.8450730689954 3922.78469634218 1692 3922 1691.1549269310046 3787.21530365782
1724 3790 1724.7201537072933 3904.860717159783 1862 3904 1861.2798462927067 3789.139282840217
1892 3782 1892.7562772915387 3902.622238277815 1992 3902 1991.2437227084613 3781.377761722185
2058 3774 2058.8188942077695 3904.609306082582 2156 3904 2155.1811057922305 3773.390693917418
2228 3782 2228.7926367288537 3908.4213767161996 2296 3908 2295.2073632711463 3781.5786232838004
2342 3770 2342.7703887521197 3892.8729417958075 2482 3892 2481.2296112478803 3769.1270582041925
2504 3780 2504.695075493725 3890.860874395162 2642 3890 2641.304924506275 3779.139125604838
2674 3768 2674.7191316773255 3882.697708771589 2786 3882 2785.2808683226745 3767.302291228411
2838 3770 2838.644054272 3872.7232586912965 2954 3872 2953.355945728 3769.2767413087035
3000 3752 3000.757063468437 3872.747629345656 3120 3872 3119.242936531563 3751.252370654344
3160 3740 3160.83332013911 3872.91016602771 3306 3872 3305.16667986089 3739.08983397229
3330 3744 3330.7200750896036 3858.8481780529983 3466 3858 3465.2799249103964 3743.1518219470017
3488 3748 3488.694996876035 3858.848335288378 3624 3858 3623.305003123965 3747.151664711622
3642 3724 3642.796331760276 3851.010714735053 3804 3850 3803.203668239724 3722.989285264947
3828 3716 3828.7944449357196 3842.7097761722343 3942 3842 3941.2055550642804 3715.2902238277657
3996 3712 3996.719053059636 3826.685169664805 4106 3826 4105.280946940365 3711.314830335195
4186 3720 4186.642560535894 3822.4850156623984 4264 3822 4263.357439464106 3719.5149843376016
4322 3720 4322.580651178871 3812.6107998186885 4420 3812 4419.419348821129 3719.3892001813115
4484 3690 4484.781748593556 3814.684776576356 4594 3814 4593.218251406444 3689.315223423644
4630 3694 4630.720075089604 3808.8481780529983 4766 3808 4765.279924910396 3693.1518219470017
4776 3690 4776.7075359828195 3802.8482566706884 4912 3802 4911.2924640171805 3689.1517433293116
1386 3976 1386.6947610229658 4086.8107179680255 1516 4086 1515.3052389770342 3975.1892820319745
1574 3958 1574.7693667221517 4080.7099334076142 1688 4080 1687.2306332778483 3957.2900665923858
1724 3962 1724.6814357392834 4070.685405517874 1834 4070 1833.3185642607166 3961.314594482126
1864 3950 1864.7338720794253 4067.0487251438544 2032 4066 2031.2661279205747 3948.9512748561456
2056 3926 2056.729862577243 4042.409230697865 2122 4042 2121.270137422757 3925.590769302135
2188 3932 2188.7827706235244 4056.847784964549 2324 4056 2323.2172293764756 3931.152215035451
2344 3920 2344.732692814078 4036.860638542093 2482 4036 2481.267307185922 3919.139361457907
2490 3910 2490.7964889956556 4037.035792948621 2656 4036 2655.2035110043444 3908.964207051379
2670 3912 2670.657851261822 4016.923805782152 2818 4016 2817.342148738178 3911.076194217848
2848 3918 2848.644054272 4020.7232586912965 2964 4020 2963.355945728 3917.2767413087035
3000 3906 3000.6698400447776 4012.835953416974 3134 4012 3133.3301599552224 3905.164046583026
3178 3908 3178.6070658931667 4004.823807398639 3310 4004 3309.3929341068333 3907.176192601361
3340 3894 3340.7315135487297 4010.6725519403312 3448 4010 3447.2684864512703 3893.3274480596688
3490 3888 3490.70745736513 4000.8357175639044 3624 4000 3623.29254263487 3887.1642824360956
3654 3880 3654.719053059636 3994.685169664805 3764 3994 3763.280946940364 3879.314830335195
3806 3882 3806.6209415006783 3981.036893596279 3972 3980 3971.3790584993217 3880.963106403721
3980 3858 3980.857140469641 3994.709383083785 4094 3994 4093.142859530359 3857.290616916215
4146 3870 4146.631986871355 3970.798571949691 4274 3970 4273.368013128645 3869.201428050309
4310 3858 4310.657458173372 3962.861110248232 4448 3962 4447.342541826628 3857.138889751768
4472 3854 4472.6570650849235 3958.798414714311 4600 3958 4599.3429349150765 3853.201585285689
4644 3838 4644.75588420309 3958.5595427438943 4734 3958 4733.24411579691 3837.4404572561057
4796 3828 4796.744367126274 3946.7226297497778 4912 3946 4911.255632873726 3827.2773702502222
1580 4130 1580.6808854154542 4238.597631770386 1676 4238 1675.3191145845458 4129.402368229614
1746 4108 1746.7813555051068 4232.622081042436 1846 4232 1845.2186444948932 4107.377918957564
1890 4110 1890.6943679345168 4220.748022434105 2010 4220 2009.3056320654832 4109.251977565895
2040 4096 2040.7827706235241 4220.84778496455 2176 4220 2175.2172293764756 4095.152215035451
2200 4098 2200.7694453398417 4220.722472514398 2316 4220 2315.2305546601583 4097.277527485602
2366 4090 2366.7563559092287 4210.634777384599 2468 4210 2467.2436440907713 4089.365222615401
2544 4082 2544.7548621731216 4202.396534355701 2608 4202 2607.2451378268784 4081.603465644299
2686 4080 2686.7696025752216 4202.747550727967 2806 4202 2805.2303974247784 4079.252449272034
2862 4072 2862.730648754142 4188.534621765706 2948 4188 2947.269351245858 4071.4653782342943
3020 4080 3020.6057293924396 4176.610642583309 3118 4176 3117.3942706075604 4079.3893574166914
3174 4068 3174.6824577692514 4176.848413906067 3310 4176 3309.3175422307486 4067.1515860939317
3352 4060 3352.70722151206 4172.798100243553 3480 4172 3479.29277848794 4059.2018997564483
3504 4052 3504.7697598106006 4174.772628941534 3628 4174 3627.2302401893994 4051.2273710584655
3634 4044 3634.7084793950976 4156.998725952098 3794 4156 3793.2915206049024 4043.0012740479024
3828 4038 3828.6944465522065 4148.760561540889 3950 4148 3949.3055534477935 4037.2394384591107
3972 4030 3972.7207826488125 4144.961030014056 4126 4144 4125.279217351188 4029.0389699859447
4148 4028 4148.58112288501 4120.686034459393 4258 4120 4257.41887711499 4027.3139655406067
4334 4014 4334.718738588876 4128.635013237668 4436 4128 4435.281261411124 4013.3649867623312
4640 4000 4640.631200694457 4100.67318088185 4748 4100 4747.368799305543 3999.32681911815
2684 4238 2684.670704839366 4344.973883591599 2840 4344 2839.329295160634 4237.026116408401
2872 4238 2872.6445259781394 4340.798493332001 3000 4340 2999.3554740218606 4237.201506667999
3046 4224 3046.7554911146403 4344.496847209974 3126 4344 3125.2445088853597 4223.503152790026
3188 4218 3188.7575351745763 4338.82286398636 3320 4338 3319.2424648254237 4217.17713601364
3344 4218 3344.668896632499 4324.685484135564 3454 4324 3453.331103367501 4217.314515864436
3502 4224 3502.6315151652166 4324.723337308987 3618 4324 3617.3684848347834 4223.276662691013
3654 4206 3654.657065084924 4310.798414714312 3782 4310 3781.342934915076 4205.201585285688
3826 4196 3826.7065139528513 4308.685248282494 3936 4308 3935.2934860471487 4195.314751717506
3992 4190 3992.7070642766803 4302.773022029984 4116 4302 4115.29293572332 4189.226977970016
4152 4176 4152.719996471914 4290.835638946214 4286 4290 4285.280003528086 4175.164361053786
4324 4162 4324.807377130953 4290.772393088465 4448 4290 4447.192622869047 4161.227606911535
4492 4156 4492.745703627001 4274.935794565107 4642 4274 4641.254296372999 4155.064205434893
3676 4366 3676.632144106735 4466.823650163259 3808 4466 3807.367855893265 4365.176349836741
3842 4356 3842.7584785868544 4476.97333326777 3998 4476 3997.2415214131456 4355.02666673223
4020 4346 4020.882847624727 4486.809538702678 4150 4486 4149.117152375273 4345.190461297322
4170 4344 4170.720310942673 4458.885795373351 4312 4458 4311.279689057327 4343.114204626649
4340 4350 4340.695075493725 4460.860874395162 4478 4460 4477.304924506275 4349.139125604838
# Transcript
EPITHSPANDIONIDOSENATHSP
NEIASHIDIEYCHSDHMARCOYPR*
IOSEGRAMMA*EYENSWKERDHSAL*
YSEPESTATEI KALLIMACOSHRCE*
*XENTHIBOYLHIKAITWIDHMWIIE
KLEIDHSTIMOSTRATOYALWPEKHQE
EIPENEPEIDHQEOGENHSONAYKRATI
THSANHRAG*QOSESTINPERITONDHM
ONTONAQHNAIWNKAIPOEIOTIDYNAT
*IAGAQONKAIIDIAITOYSAFIKNOYM
*NOYSKA*DHMOSIAIKAINYNKAIENT
WIPROSQENCRONWIKAIAYTOSKAIOI
P*OG*NOIAYTOYDEDOCQAITHIBOYL
HITOYSPROEDROYSOIANLACWSINPR
OEDREYEINEISTHNPRWTHNEKKLHSI
***ROSAGAGEINQEOGENHNKAICRHM
**AYTWI LNWMHNDEEYMBALLES
******OYLHSEISTONAHMONNTD*
***********NAIQEOGENHNE
**************OEENO*