# Baseline angle
0
# Boxes: x1 y1 x2 y2 x3 y3 x4 y4
417 218 417 406 598 406 598 218
701 253 701 407 742 407 742 253
857 266 857 431 1019 431 1019 266
1106 280 1106 426 1156 426 1156 280
1266 277 1266 430 1423 430 1423 277
1478 281 1478 420 1608 420 1608 281
1680 262 1680 441 1802 441 1802 262
1883 268 1883 434 2023 434 2023 268
2048 258 2048 429 2201 429 2201 258
407 615 407 786 527 786 527 615
591 616 591 808 747 808 747 616
807 666 807 802 950 802 950 666
1027 675 1027 816 1193 816 1193 675
1239 661 1239 851 1375 851 1375 661
1441 682 1441 839 1595 839 1595 682
1661 677 1661 857 1807 857 1807 677
1863 685 1863 863 2006 863 2006 685
2074 707 2074 859 2142 859 2142 707
393 840 393 988 537 988 537 840
591 848 591 1020 731 1020 731 848
762 854 762 1024 957 1024 957 854
997 874 997 1026 1196 1026 1196 874
1262 881 1262 1031 1328 1031 1328 881
1461 904 1461 1035 1589 1035 1589 904
1702 901 1702 1045 1754 1045 1754 901
1840 906 1840 1064 1994 1064 1994 906
2038 913 2038 1084 2179 1084 2179 913
383 1041 383 1225 510 1225 510 1041
592 1046 592 1217 732 1217 732 1046
790 1063 790 1240 963 1240 963 1063
1024 1077 1024 1244 1185 1244 1185 1077
1223 1088 1223 1254 1360 1254 1360 1088
1454 1066 1454 1253 1578 1253 1578 1066
1618 1096 1618 1258 1805 1258 1805 1096
1826 1098 1826 1268 1965 1268 1965 1098
2029 1120 2029 1275 2154 1275 2154 1120
358 1274 358 1434 546 1434 546 1274
584 1278 584 1449 742 1449 742 1278
793 1270 793 1433 939 1433 939 1270
1454 1308 1454 1471 1560 1471 1560 1308
1643 1301 1643 1474 1775 1474 1775 1301
1825 1294 1825 1469 1960 1469 1960 1294
2008 1315 2008 1497 2150 1497 2150 1315
393 1465 393 1660 511 1660 511 1465
583 1498 583 1657 727 1657 727 1498
763 1494 763 1679 906 1679 906 1494
1430 1535 1430 1699 1538 1699 1538 1535
1629 1528 1629 1675 1734 1675 1734 1528
1815 1533 1815 1697 1962 1697 1962 1533
418 1707 418 1858 451 1858 451 1707
580 1702 580 1863 719 1863 719 1702
781 1715 781 1883 942 1883 942 1715
1402 1725 1402 1924 1541 1924 1541 1725
1601 1765 1601 1918 1748 1918 1748 1765
1844 1752 1844 1904 1894 1904 1894 1752
358 1910 358 2082 491 2082 491 1910
574 1942 574 2079 698 2079 698 1942
755 1930 755 2098 901 2098 901 1930
938 1956 938 2124 1067 2124 1067 1956
1199 1962 1199 2081 1315 2081 1315 1962
1363 1955 1363 2093 1549 2093 1549 1955
1606 1948 1606 2117 1720 2117 1720 1948
1801 1964 1801 2108 1930 2108 1930 1964
340 2107 340 2282 490 2282 490 2107
607 2135 607 2276 657 2276 657 2135
778 2129 778 2294 911 2294 911 2129
969 2148 969 2297 1106 2297 1106 2148
1180 2126 1180 2316 1321 2316 1321 2126
1391 2151 1391 2296 1534 2296 1534 2151
1596 2138 1596 2301 1704 2301 1704 2138
1768 2179 1768 2312 1914 2312 1914 2179
329 2323 329 2480 486 2480 486 2323
555 2343 555 2494 676 2494 676 2343
747 2360 747 2495 907 2495 907 2360
962 2363 962 2497 1089 2497 1089 2363
1174 2357 1174 2526 1307 2526 1307 2357
1387 2363 1387 2506 1532 2506 1532 2363
1583 2377 1583 2514 1712 2514 1712 2377
1765 2374 1765 2528 1914 2528 1914 2374
323 2522 323 2679 440 2679 440 2522
545 2547 545 2688 668 2688 668 2547
758 2552 758 2685 886 2685 886 2552
962 2566 962 2708 1098 2708 1098 2566
1141 2582 1141 2713 1296 2713 1296 2582
1380 2577 1380 2701 1507 2701 1507 2577
1590 2547 1590 2719 1719 2719 1719 2547
1770 2556 1770 2726 1897 2726 1897 2556
327 2767 327 2927 476 2927 476 2767
565 2769 565 2916 618 2916 618 2769
735 2759 735 2923 890 2923 890 2759
948 2757 948 2930 1061 2930 1061 2757
1156 2795 1156 2944 1307 2944 1307 2795
1372 2813 1372 2938 1501 2938 1501 2813
1577 2808 1577 2940 1699 2940 1699 2808
1767 2792 1767 2953 1897 2953 1897 2792
294 2986 294 3128 493 3128 493 2986
558 2982 558 3149 600 3149 600 2982
744 2969 744 3148 881 3148 881 2969
953 2974 953 3143 1052 3143 1052 2974
496 3185 496 3342 656 3342 656 3185
736 3190 736 3349 850 3349 850 3190
926 3182 926 3340 1058 3340 1058 3182
321 3348 321 3506 422 3506 422 3348
905 3380 905 3558 1059 3558 1059 3380
303 3562 303 3726 425 3726 425 3562
506 3575 506 3750 636 3750 636 3575
707 3595 707 3730 849 3730 849 3595
296 3784 296 3905 424 3905 424 3784
501 3793 501 3932 628 3932 628 3793
698 3820 698 3932 822 3932 822 3820
493 3993 493 4156 588 4156 588 3993
693 4027 693 4150 827 4150 827 4027
888 4036 888 4148 1033 4148 1033 4036
313 3989 313 4140 427 4140 427 3989
1102 3967 1102 4150 1232 4150 1232 3967
1314 4026 1314 4175 1419 4175 1419 4026
1499 4042 1499 4187 1640 4187 1640 4042
1713 3820 1713 3971 1841 3971 1841 3820
1713 4017 1713 4192 1828 4192 1828 4017
283 4186 283 4347 404 4347 404 4186
457 4227 457 4370 618 4370 618 4227
687 4214 687 4386 816 4386 816 4214
909 4224 909 4388 959 4388 959 4224
881 4435 881 4575 1008 4575 1008 4435
1088 4260 1088 4401 1226 4401 1226 4260
1312 4232 1312 4404 1405 4404 1405 4232
1508 4262 1508 4390 1641 4390 1641 4262
1286 4454 1286 4595 1417 4595 1417 4454
857 4895 857 5007 977 5007 977 4895
1667 4917 1667 5039 1804 5039 1804 4917
1006 1283 1006 1451 1146 1451 1146 1283
1202 1281 1202 1451 1378 1451 1378 1281
984 1717 984 1881 1139 1881 1139 1717
1141 2999 1141 3141 1298 3141 1298 2999
311 3164 311 3330 455 3330 455 3164
1127 3195 1127 3346 1261 3346 1261 3195
502 3361 502 3524 664 3524 664 3361
693 3366 693 3542 839 3542 839 3366
930 3587 930 3734 1042 3734 1042 3587
1714 3620 1714 3758 1856 3758 1856 3620
1271 3803 1271 3961 1458 3961 1458 3803
1524 3817 1524 3976 1682 3976 1682 3817
1073 4424 1073 4596 1243 4596 1243 4424
654 4653 654 4791 803 4791 803 4653
1034 4865 1034 5042 1165 5042 1165 4865
# Transcript
FILINOBYZ
EDOXENTHI
DHMWIOINH
ENAYSIASA
MATEYENFE
IOS**EST
IPEN*PAI*
NONTOMBY
TINANHRA
DHMONTON*
ROQYMOSP***
AIAGAQON***
WIPRQ*****
EAYTO********
RGET**********
HNAI***A*********
ONODEG*********
SBOLHSAN*********
HLHILIQ*********
***OPO***********
**O**************
**OE**O*****
# Lines: x1 y1 x2 y2 x3 y3 x4 y4
