# Baseline angle
-0.32969904068684475
# Boxes: x1 y1 x2 y2 x3 y3 x4 y4
564 278 598.2955152849765 378.22400496175095 710 340 675.7044847150235 239.77599503824905
684 223 721.6966223365765 333.1632803212999 804 305 766.3033776634235 194.83671967870015
782 190 823.743891793488 311.990877917092 926 277 884.256108206512 155.00912208290796
892 152 931.6953587945003 268.00431729105014 996 246 956.3046412054997 129.9956827089499
495 469 531.1415766574868 574.6188696436413 644 536 607.8584233425132 430.38113035635865
608 418 647.406283989321 533.1595352701977 756 496 716.593716010679 380.8404647298023
721 373 763.1713072066741 496.23994165431645 872 459 829.8286927933259 335.76005834568355
839 337 881.7513977052738 461.9351776794008 978 429 935.2486022947262 304.0648223205992
298 736 328.61869746148375 825.4790021611477 406 799 375.38130253851625 709.5209978388523
372 687 406.9866220107499 789.2436708958372 434 780 399.0133779892501 677.7563291041628
405 691 437.12588748775045 784.883561165894 504 762 471.87411251224955 668.116438834106
460 651 495.1575133500522 753.7430777219438 585 723 549.8424866499477 620.2569222780563
555 608 594.4704150077919 723.3469494979772 689 691 649.5295849922081 575.6530505020228
654 580 691.0035747225623 688.1379424038341 782 657 744.9964252774377 548.8620575961659
742 536 780.5351777973009 648.6138452408815 870 618 831.4648222026991 505.38615475911854
837 503 875.8740491435443 616.6041509180257 977 582 938.1259508564557 468.39584908197446
948 476 983.5767910804145 579.9683601817346 1077 548 1041.4232089195857 444.0316398182654
298 854 336.4384960475343 966.3313059033675 428 935 389.5615039524657 822.6686940966325
399 842 431.7313614789424 937.652977014969 533 903 500.2686385210576 807.347022985031
501 779 544.2754948682266 905.4667807541392 645 871 601.7245051317734 744.5332192458608
629 739 670.8314654163104 861.2467999854827 730 841 688.1685345836896 718.7532000145173
722 700 762.163462621806 817.3722874154428 848 788 807.836537378194 670.6277125845572
831 675 870.1885074413159 789.5231127628685 974 754 934.8114925586841 639.4768872371315
952 628 989.4137443259802 737.3366075945016 1043 719 1005.5862556740199 609.6633924054983
1023 595 1064.76830484196 717.062221749393 1176 679 1134.23169515804 556.937778250607
153 1082 188.26233278264277 1185.0493983368915 279 1154 243.73766721735723 1050.9506016631085
243 1032 284.3653024772455 1152.8845018444695 398 1114 356.6346975227545 993.1154981555306
350 993 390.5267470165212 1111.4339369248878 497 1075 456.4732529834788 956.5660630751122
449 971 493.9037796927317 1102.2252229287005 591 1069 546.0962203072683 937.7747770712994
555 945 591.560854387849 1051.8441521034322 708 1012 671.439145612151 905.1558478965678
686 901 725.5905393619098 1016.6979966761024 789 995 749.4094606380902 879.3020033238976
777 869 814.7128977022244 979.2108428761671 903 949 865.2871022977756 838.7891571238329
875 847 911.270809138549 952.99653409089 1034 911 997.729190861451 805.00346590911
1005 777 1049.3705744028346 906.6670025848387 1101 889 1056.6294255971654 759.3329974151613
1068 763 1105.7301435119925 873.2612414227242 1238 828 1200.2698564880075 717.7387585772758
188 1255 228.3089704685162 1372.797514417559 330 1338 289.6910295314838 1220.202485582441
289 1211 330.7357541106642 1332.9670966396584 430 1299 388.2642458893358 1177.0329033603416
400 1178 442.3890837546792 1301.8763641616456 556 1263 513.6109162453208 1139.1236358383544
521 1135 562.2360699961832 1255.5068373972208 666 1220 624.7639300038168 1099.4931626027792
645 1103 683.2197490554089 1214.6920474043486 732 1198 693.7802509445911 1086.3079525956514
726 1074 766.6875597847587 1192.9038904901813 857 1162 816.3124402152413 1043.0961095098187
844 1039 879.3834275808812 1142.4032815067064 977 1109 941.6165724191188 1005.5967184932935
944 1006 979.4159783121768 1109.4984066164411 1089 1072 1053.584021687823 968.501593383559
1062 971 1104.0339370427878 1093.8384959296343 1200 1061 1157.9660629572122 938.1615040703657
1187 904 1229.7341518955056 1028.8847791328437 1282 1011 1239.2658481044944 886.1152208671563
244 1422 281.8909562802303 1532.7311949880177 398 1493 360.1090437197697 1382.2688050119823
372 1395 408.826486588677 1502.6204262836734 510 1468 473.173513411323 1360.3795737163266
481 1334 526.3465000274452 1466.5190132291027 598 1442 552.6534999725548 1309.4809867708973
572 1298 616.3959578954269 1427.7411824088294 715 1394 670.6040421045731 1264.2588175911706
686 1275 723.4228524529246 1384.363224863625 818 1352 780.5771475470754 1242.636775136375
782 1230 822.7282481988783 1349.0227968773495 928 1313 887.2717518011217 1193.9772031226505
896 1187 939.3396258866976 1313.6541949819186 1026 1284 982.6603741133024 1157.3458050180814
1007 1169 1044.479816232692 1278.5296938056606 1160 1239 1122.520183767308 1129.4703061943394
1128 1116 1168.6865893406384 1234.9010544984917 1221 1217 1180.3134106593616 1098.0989455015083
1214 1104 1246.2560904129332 1198.2640616048325 1361 1159 1328.7439095870668 1064.7359383951675
414 1523 456.42880172467835 1646.9924345571242 547 1616 504.57119827532165 1492.0075654428758
516 1494 555.5029657390876 1609.442074607712 662 1573 622.4970342609124 1457.557925392288
634 1445 675.743891793488 1566.990877917092 778 1532 736.256108206512 1410.009122082908
742 1406 778.3105271085483 1512.1126044863686 878 1478 841.6894728914517 1371.8873955136314
850 1389 884.1337320726187 1488.7512154047677 974 1458 939.8662679273813 1358.2487845952323
944 1337 983.4785526906159 1452.3707307754107 1081 1419 1041.5214473093843 1303.6292692245893
1047 1306 1082.8352560425392 1410.723689076232 1196 1372 1160.1647439574608 1267.276310923768
1172 1266 1211.3737332580251 1381.0644101604632 1308 1348 1268.6262667419749 1232.9355898395368
1272 1223 1311.9700991222728 1339.8072087404148 1402 1309 1362.0299008777272 1192.1927912595852
# Transcript
NEAR
ANAY
NIOSTONAO*
*YQHIKAIT
ODWTAIKAIM
*ENADIPLASI
*NDIKONKAIA
****KONTAHMER
# Lines: x1 y1 x2 y2 x3 y3 x4 y4
