# Baseline angle
0
# Boxes: x1 y1 x2 y2 x3 y3 x4 y4
93 222 93 332 218 332 218 222
223 221 223 328 333 328 333 221
333 224 333 321 450 321 450 224
474 229 474 334 563 334 563 229
587 222 587 333 682 333 682 222
709 216 709 317 822 317 822 216
826 216 826 301 914 301 914 216
923 213 923 309 1041 309 1041 213
1069 209 1069 326 1151 326 1151 209
1167 192 1167 318 1293 318 1293 192
1290 200 1290 312 1398 312 1398 200
1403 196 1403 286 1530 286 1530 196
1553 193 1553 294 1597 294 1597 193
1617 196 1617 293 1737 293 1737 196
1747 181 1747 290 1837 290 1837 181
1857 182 1857 278 1973 278 1973 182
2 356 2 446 95 446 95 356
113 349 113 444 209 444 209 349
239 346 239 433 322 433 322 346
343 341 343 444 439 444 439 341
473 345 473 438 561 438 561 345
587 340 587 429 691 429 691 340
731 337 731 444 779 444 779 337
829 330 829 444 918 444 918 330
951 326 951 445 1035 445 1035 326
1057 324 1057 421 1145 421 1145 324
1185 322 1185 424 1266 424 1266 322
1293 322 1293 433 1383 433 1383 322
1407 312 1407 418 1502 418 1502 312
1531 312 1531 416 1611 416 1611 312
1626 313 1626 408 1738 408 1738 313
1735 313 1735 401 1825 401 1825 313
1853 292 1853 398 1942 398 1942 292
122 466 122 564 222 564 222 466
358 464 358 570 447 570 447 464
463 458 463 560 545 560 545 458
587 456 587 573 678 573 678 456
699 470 699 560 799 560 799 470
795 461 795 542 933 542 933 461
951 448 951 549 1057 549 1057 448
1074 446 1074 556 1170 556 1170 446
1179 437 1179 546 1270 546 1270 437
1285 450 1285 546 1381 546 1381 450
1410 444 1410 550 1515 550 1515 444
1521 442 1521 529 1615 529 1615 442
1627 421 1627 533 1710 533 1710 421
1713 429 1713 514 1851 514 1851 429
1850 422 1850 525 1957 525 1957 422
113 586 113 688 219 688 219 586
351 578 351 682 454 682 454 578
463 582 463 670 559 670 559 582
583 578 583 670 673 670 673 578
713 569 713 677 793 677 793 569
814 569 814 677 894 677 894 569
939 566 939 685 1022 685 1022 566
1039 569 1039 670 1145 670 1145 569
1170 566 1170 673 1274 673 1274 566
1299 565 1299 658 1358 658 1358 565
1393 558 1393 646 1491 646 1491 558
1521 545 1521 661 1623 661 1623 545
239 701 239 796 338 796 338 701
347 690 347 800 447 800 447 690
469 696 469 789 571 789 571 696
583 677 583 786 685 786 685 677
699 689 699 773 799 773 799 689
809 688 809 780 911 780 911 688
914 692 914 776 1039 776 1039 692
1053 680 1053 774 1158 774 1158 680
1177 684 1177 774 1266 774 1266 684
1282 674 1282 769 1382 769 1382 674
1513 672 1513 761 1622 761 1622 672
1643 666 1643 768 1733 768 1733 666
1739 658 1739 773 1853 773 1853 658
687 806 687 898 799 898 799 806
826 808 826 910 909 910 909 808
946 806 946 913 986 913 986 806
1035 810 1035 918 1114 918 1114 810
1141 809 1141 885 1275 885 1275 809
1309 800 1309 910 1350 910 1350 800
1385 804 1385 905 1495 905 1495 804
1510 780 1510 889 1603 889 1603 780
1613 790 1613 894 1730 894 1730 790
1729 796 1729 876 1854 876 1854 796
1273 920 1273 1020 1374 1020 1374 920
1514 913 1514 1009 1595 1009 1595 913
1618 909 1618 1020 1721 1020 1721 909
1770 905 1770 1020 1814 1020 1814 905
1641 1036 1641 1121 1730 1121 1730 1036
1739 1029 1739 1104 1861 1104 1861 1029
# Transcript
*NTOSEDOXENTWIDHM
ANEYEDIEYCHSDHMAR
*A*EYETWNPROEDRWN
D*SGARGHTTIOS
**ATOYALWPEK*QEN
***CEITWIDHMW*
**L*YSI*
CW
