# Baseline angle
0
# Boxes: x1 y1 x2 y2 x3 y3 x4 y4
2425 116 2425 191 2517 191 2517 116
2538 99 2538 181 2636 181 2636 99
3086 105 3086 176 3150 176 3150 105
3200 114 3200 173 3287 173 3287 114
3303 95 3303 188 3389 188 3389 95
3403 114 3403 181 3484 181 3484 114
3502 116 3502 177 3559 177 3559 116
3735 116 3735 190 3817 190 3817 116
3592 117 3592 196 3689 196 3689 117
3857 116 3857 185 3940 185 3940 116
3956 117 3956 180 4051 180 4051 117
4087 117 4087 193 4178 193 4178 117
4207 117 4207 187 4295 187 4295 117
4327 120 4327 194 4412 194 4412 120
4439 121 4439 193 4521 193 4521 121
4573 127 4573 210 4633 210 4633 127
4670 119 4670 197 4759 197 4759 119
4791 119 4791 207 4870 207 4870 119
4900 134 4900 203 4995 203 4995 134
5144 148 5144 212 5209 212 5209 148
5265 139 5265 208 5340 208 5340 139
5389 144 5389 206 5455 206 5455 144
5493 141 5493 215 5574 215 5574 141
2427 208 2427 277 2486 277 2486 208
2540 208 2540 279 2615 279 2615 208
2641 212 2641 280 2724 280 2724 212
2761 203 2761 277 2842 277 2842 203
2863 206 2863 283 2950 283 2950 206
2964 209 2964 288 3034 288 3034 209
3080 210 3080 296 3147 296 3147 210
3192 213 3192 285 3278 285 3278 213
3299 209 3299 288 3371 288 3371 209
3392 206 3392 282 3464 282 3464 206
3491 211 3491 284 3570 284 3570 211
3600 218 3600 293 3700 293 3700 218
3743 216 3743 290 3792 290 3792 216
3852 222 3852 296 3952 296 3952 222
3969 220 3969 294 4051 294 4051 220
4095 222 4095 297 4172 297 4172 222
4219 230 4219 300 4275 300 4275 230
4317 231 4317 299 4410 299 4410 231
4441 225 4441 296 4519 296 4519 225
4568 230 4568 308 4652 308 4652 230
4672 233 4672 306 4752 306 4752 233
4791 238 4791 313 4843 313 4843 238
4910 245 4910 313 4996 313 4996 245
5026 249 5026 318 5103 318 5103 249
5132 244 5132 325 5215 325 5215 244
5256 240 5256 317 5341 317 5341 240
5377 241 5377 311 5464 311 5464 241
5480 237 5480 308 5570 308 5570 237
5620 241 5620 320 5713 320 5713 241
2414 307 2414 395 2506 395 2506 307
2524 309 2524 392 2618 392 2618 309
2657 319 2657 400 2714 400 2714 319
2748 319 2748 390 2832 390 2832 319
2844 311 2844 393 2935 393 2935 311
2953 320 2953 398 3034 398 3034 320
3065 327 3065 395 3149 395 3149 327
3183 330 3183 398 3273 398 3273 330
3297 334 3297 398 3373 398 3373 334
3390 330 3390 401 3449 401 3449 330
3483 321 3483 398 3569 398 3569 321
3592 331 3592 401 3680 401 3680 331
3732 334 3732 405 3813 405 3813 334
3835 338 3835 400 3942 400 3942 338
3959 339 3959 406 4051 406 4051 339
4092 341 4092 416 4179 416 4179 341
4221 344 4221 415 4283 415 4283 344
4319 346 4319 418 4403 418 4403 346
4456 347 4456 421 4521 421 4521 347
4552 347 4552 416 4644 416 4644 347
4656 350 4656 416 4759 416 4759 350
4775 351 4775 429 4877 429 4877 351
4905 358 4905 435 4998 435 4998 358
5024 360 5024 452 5113 452 5113 360
5153 367 5153 442 5208 442 5208 367
5257 365 5257 430 5336 430 5336 365
5360 364 5360 443 5476 443 5476 364
5485 355 5485 433 5574 433 5574 355
5597 350 5597 437 5694 437 5694 350
2170 425 2170 507 2250 507 2250 425
2293 422 2293 513 2378 513 2378 422
2415 435 2415 524 2498 524 2498 435
2534 432 2534 522 2612 522 2612 432
2634 445 2634 519 2720 519 2720 445
2743 432 2743 518 2831 518 2831 432
2848 447 2848 520 2929 520 2929 447
2936 447 2936 516 3046 516 3046 447
3059 441 3059 524 3144 524 3144 441
3195 445 3195 524 3258 524 3258 445
3281 439 3281 519 3362 519 3362 439
3387 443 3387 526 3470 526 3470 443
3487 447 3487 526 3576 526 3576 447
3601 449 3601 526 3664 526 3664 449
3721 443 3721 529 3809 529 3809 443
3857 452 3857 525 3937 525 3937 452
3972 463 3972 535 4055 535 4055 463
4088 453 4088 545 4178 545 4178 453
4205 463 4205 538 4295 538 4295 463
4316 457 4316 536 4408 536 4408 457
4433 456 4433 546 4523 546 4523 456
4552 462 4552 537 4634 537 4634 462
4658 473 4658 547 4751 547 4751 473
4785 478 4785 547 4853 547 4853 478
4893 470 4893 545 4981 545 4981 470
5025 470 5025 553 5110 553 5110 470
5143 487 5143 565 5226 565 5226 487
5260 477 5260 555 5344 555 5344 477
5409 484 5409 569 5467 569 5467 484
5486 481 5486 558 5571 558 5571 481
1918 548 1918 624 2006 624 2006 548
2046 552 2046 635 2128 635 2128 552
2164 557 2164 634 2246 634 2246 557
2292 558 2292 630 2363 630 2363 558
2405 565 2405 631 2499 631 2499 565
2529 566 2529 625 2603 625 2603 566
2626 567 2626 636 2719 636 2719 567
2749 566 2749 639 2805 639 2805 566
2842 559 2842 636 2930 636 2930 559
2957 576 2957 636 3023 636 3023 576
3088 569 3088 633 3139 633 3139 569
3186 563 3186 653 3269 653 3269 563
3282 564 3282 639 3366 639 3366 564
3388 569 3388 631 3458 631 3458 569
3473 565 3473 642 3570 642 3570 565
3598 565 3598 648 3681 648 3681 565
3726 573 3726 644 3802 644 3802 573
3846 574 3846 652 3929 652 3929 574
3976 579 3976 649 4047 649 4047 579
4083 582 4083 651 4169 651 4169 582
4220 586 4220 659 4271 659 4271 586
4328 572 4328 667 4404 667 4404 572
4438 586 4438 661 4519 661 4519 586
4564 593 4564 655 4628 655 4628 593
4660 590 4660 663 4745 663 4745 590
4785 590 4785 679 4865 679 4865 590
4897 593 4897 663 4985 663 4985 593
5021 599 5021 676 5101 676 5101 599
5141 589 5141 671 5217 671 5217 589
5251 607 5251 674 5337 674 5337 607
5394 596 5394 683 5458 683 5458 596
5498 607 5498 671 5571 671 5571 607
5627 599 5627 672 5674 672 5674 599
1913 645 1913 749 2007 749 2007 645
2026 666 2026 743 2113 743 2113 666
2166 666 2166 754 2249 754 2249 666
2290 676 2290 766 2363 766 2363 676
2392 669 2392 760 2485 760 2485 669
2521 677 2521 757 2604 757 2604 677
2632 671 2632 747 2717 747 2717 671
2739 662 2739 760 2808 760 2808 662
2831 683 2831 747 2926 747 2926 683
2947 653 2947 755 3032 755 3032 653
3048 689 3048 759 3140 759 3140 689
3176 677 3176 766 3255 766 3255 677
3289 687 3289 764 3364 764 3364 687
3380 692 3380 764 3461 764 3461 692
3488 688 3488 775 3561 775 3561 688
3600 693 3600 773 3680 773 3680 693
3717 696 3717 766 3797 766 3797 696
3843 704 3843 769 3918 769 3918 704
3960 695 3960 773 4041 773 4041 695
4090 693 4090 769 4164 769 4164 693
4197 704 4197 771 4280 771 4280 704
4328 706 4328 784 4398 784 4398 706
4442 704 4442 775 4519 775 4519 704
4552 699 4552 781 4634 781 4634 699
4655 703 4655 782 4729 782 4729 703
4771 708 4771 782 4858 782 4858 708
4880 717 4880 783 4995 783 4995 717
5016 714 5016 785 5104 785 5104 714
5145 716 5145 804 5225 804 5225 716
5253 711 5253 795 5326 795 5326 711
5394 717 5394 787 5462 787 5462 717
5480 727 5480 791 5571 791 5571 727
5610 712 5610 781 5689 781 5689 712
1927 790 1927 860 2008 860 2008 790
2043 790 2043 869 2096 869 2096 790
2159 781 2159 875 2252 875 2252 781
2287 788 2287 869 2374 869 2374 788
2393 799 2393 873 2473 873 2473 799
2533 797 2533 880 2599 880 2599 797
2641 800 2641 875 2725 875 2725 800
2743 803 2743 877 2820 877 2820 803
2851 797 2851 876 2923 876 2923 797
2950 794 2950 867 3027 867 3027 794
3062 790 3062 874 3118 874 3118 790
3173 809 3173 880 3259 880 3259 809
3280 809 3280 881 3378 881 3378 809
3385 805 3385 886 3479 886 3479 805
3484 817 3484 882 3565 882 3565 817
3601 808 3601 886 3676 886 3676 808
3721 804 3721 888 3798 888 3798 804
3839 818 3839 890 3924 890 3924 818
3955 816 3955 890 4043 890 4043 816
4071 834 4071 901 4161 901 4161 834
4213 812 4213 891 4277 891 4277 812
4307 827 4307 895 4391 895 4391 827
4425 829 4425 904 4516 904 4516 829
4540 824 4540 897 4635 897 4635 824
4659 808 4659 903 4735 903 4735 808
4788 831 4788 893 4851 893 4851 831
4897 825 4897 895 4973 895 4973 825
5023 832 5023 902 5099 902 5099 832
5131 835 5131 908 5214 908 5214 835
5272 825 5272 916 5351 916 5351 825
5378 830 5378 921 5460 921 5460 830
5497 835 5497 911 5580 911 5580 835
5623 836 5623 903 5692 903 5692 836
1910 915 1910 990 1998 990 1998 915
2028 915 2028 993 2105 993 2105 915
2155 919 2155 995 2245 995 2245 919
2285 911 2285 987 2374 987 2374 911
2403 922 2403 997 2481 997 2481 922
2522 924 2522 999 2597 999 2597 924
2643 926 2643 1006 2719 1006 2719 926
2732 925 2732 998 2815 998 2815 925
2840 935 2840 1006 2910 1006 2910 935
2933 932 2933 1014 3030 1014 3030 932
3053 924 3053 1009 3132 1009 3132 924
3176 921 3176 995 3261 995 3261 921
3287 927 3287 994 3360 994 3360 927
3380 925 3380 1007 3468 1007 3468 925
3494 925 3494 1015 3573 1015 3573 925
3606 925 3606 1011 3671 1011 3671 925
3730 939 3730 1014 3777 1014 3777 939
3839 943 3839 1015 3923 1015 3923 943
3959 943 3959 1017 4031 1017 4031 943
4062 935 4062 1020 4153 1020 4153 935
4198 943 4198 1020 4276 1020 4276 943
4294 941 4294 1013 4401 1013 4401 941
4434 931 4434 1015 4512 1015 4512 931
4558 948 4558 1026 4642 1026 4642 948
4654 942 4654 1022 4737 1022 4737 942
4774 947 4774 1029 4857 1029 4857 947
4891 947 4891 1025 4980 1025 4980 947
5010 949 5010 1037 5100 1037 5100 949
5127 945 5127 1045 5207 1045 5207 945
5257 955 5257 1036 5329 1036 5329 955
5360 951 5360 1033 5462 1033 5462 951
5473 954 5473 1033 5566 1033 5566 954
5613 950 5613 1035 5688 1035 5688 950
1932 1030 1932 1111 1990 1111 1990 1030
2027 1030 2027 1100 2112 1100 2112 1030
2164 1029 2164 1115 2244 1115 2244 1029
2275 1032 2275 1109 2357 1109 2357 1032
2389 1029 2389 1105 2475 1105 2475 1029
2519 1022 2519 1109 2604 1109 2604 1022
2638 1046 2638 1119 2711 1119 2711 1046
2740 1027 2740 1125 2825 1125 2825 1027
2855 1031 2855 1129 2911 1129 2911 1031
2940 1026 2940 1129 3016 1129 3016 1026
3061 1042 3061 1111 3131 1111 3131 1042
3181 1031 3181 1122 3272 1122 3272 1031
3285 1042 3285 1120 3363 1120 3363 1042
3373 1029 3373 1120 3463 1120 3463 1029
3486 1037 3486 1129 3566 1129 3566 1037
3596 1037 3596 1140 3676 1140 3676 1037
3716 1037 3716 1133 3797 1133 3797 1037
3842 1040 3842 1131 3898 1131 3898 1040
3953 1037 3953 1129 4032 1129 4032 1037
4069 1046 4069 1141 4152 1141 4152 1046
4199 1054 4199 1131 4269 1131 4269 1054
4296 1036 4296 1136 4382 1136 4382 1036
4415 1051 4415 1137 4498 1137 4498 1051
4547 1054 4547 1138 4625 1138 4625 1054
4654 1056 4654 1148 4744 1148 4744 1056
4772 1059 4772 1143 4859 1143 4859 1059
4904 1067 4904 1144 4981 1144 4981 1067
5000 1073 5000 1150 5091 1150 5091 1073
5133 1077 5133 1148 5213 1148 5213 1077
5240 1071 5240 1149 5333 1149 5333 1071
5366 1071 5366 1155 5454 1155 5454 1071
5485 1071 5485 1156 5567 1156 5567 1071
5588 1071 5588 1146 5691 1146 5691 1071
2026 1152 2026 1225 2100 1225 2100 1152
2147 1152 2147 1224 2244 1224 2244 1152
2276 1156 2276 1226 2360 1226 2360 1156
2391 1154 2391 1227 2480 1227 2480 1154
2520 1141 2520 1225 2597 1225 2597 1141
2643 1154 2643 1227 2720 1227 2720 1154
2724 1154 2724 1223 2836 1223 2836 1154
2842 1145 2842 1228 2921 1228 2921 1145
2941 1145 2941 1244 3025 1244 3025 1145
3058 1146 3058 1236 3134 1236 3134 1146
3183 1154 3183 1237 3262 1237 3262 1154
3285 1176 3285 1248 3374 1248 3374 1176
3387 1148 3387 1243 3468 1243 3468 1148
3475 1154 3475 1243 3554 1243 3554 1154
3571 1154 3571 1237 3668 1237 3668 1154
3714 1160 3714 1232 3791 1232 3791 1160
3830 1163 3830 1239 3937 1239 3937 1163
3965 1164 3965 1257 4022 1257 4022 1164
4066 1162 4066 1265 4155 1265 4155 1162
4188 1176 4188 1261 4272 1261 4272 1176
4319 1177 4319 1257 4380 1257 4380 1177
4426 1160 4426 1267 4523 1267 4523 1160
4541 1163 4541 1263 4631 1263 4631 1163
4654 1188 4654 1256 4737 1256 4737 1188
4777 1174 4777 1252 4860 1252 4860 1174
4894 1173 4894 1262 4983 1262 4983 1173
5006 1188 5006 1268 5105 1268 5105 1188
5143 1186 5143 1262 5200 1262 5200 1186
5242 1193 5242 1278 5343 1278 5343 1193
5383 1189 5383 1256 5451 1256 5451 1189
5482 1190 5482 1267 5588 1267 5588 1190
5617 1182 5617 1268 5694 1268 5694 1182
1905 1260 1905 1343 2019 1343 2019 1260
2028 1252 2028 1341 2117 1341 2117 1252
2158 1270 2158 1347 2236 1347 2236 1270
2280 1254 2280 1342 2365 1342 2365 1254
2409 1265 2409 1340 2471 1340 2471 1265
2523 1266 2523 1351 2604 1351 2604 1266
2620 1271 2620 1343 2713 1343 2713 1271
2731 1274 2731 1349 2813 1349 2813 1274
2841 1266 2841 1353 2926 1353 2926 1266
2950 1270 2950 1359 3015 1359 3015 1270
3048 1279 3048 1350 3129 1350 3129 1279
3172 1264 3172 1345 3255 1345 3255 1264
3289 1273 3289 1352 3361 1352 3361 1273
3372 1265 3372 1353 3460 1353 3460 1265
3463 1277 3463 1352 3569 1352 3569 1277
3588 1283 3588 1371 3684 1371 3684 1283
3699 1282 3699 1356 3794 1356 3794 1282
3825 1281 3825 1353 3925 1353 3925 1281
3945 1279 3945 1367 4044 1367 4044 1279
4076 1281 4076 1360 4167 1360 4167 1281
4187 1285 4187 1361 4276 1361 4276 1285
4320 1286 4320 1361 4381 1361 4381 1286
4430 1297 4430 1374 4515 1374 4515 1297
4550 1296 4550 1379 4621 1379 4621 1296
4647 1290 4647 1379 4739 1379 4739 1290
4761 1298 4761 1384 4860 1384 4860 1298
4887 1291 4887 1366 4978 1366 4978 1291
5018 1308 5018 1372 5099 1372 5099 1308
5114 1308 5114 1368 5209 1368 5209 1308
5261 1303 5261 1382 5351 1382 5351 1303
5388 1301 5388 1377 5446 1377 5446 1301
5491 1302 5491 1383 5576 1383 5576 1302
5611 1304 5611 1387 5702 1387 5702 1304
1829 1353 1829 1438 1902 1438 1902 1353
1917 1360 1917 1448 1994 1448 1994 1360
2026 1364 2026 1443 2112 1443 2112 1364
2175 1370 2175 1446 2231 1446 2231 1370
2262 1372 2262 1451 2361 1451 2361 1372
2402 1367 2402 1461 2491 1461 2491 1367
2519 1379 2519 1455 2598 1455 2598 1379
2627 1384 2627 1458 2704 1458 2704 1384
2731 1381 2731 1461 2818 1461 2818 1381
2840 1377 2840 1461 2925 1461 2925 1377
2946 1387 2946 1463 3035 1463 3035 1387
3049 1390 3049 1457 3146 1457 3146 1390
3176 1382 3176 1469 3258 1469 3258 1382
3282 1382 3282 1458 3362 1458 3362 1382
3379 1389 3379 1458 3452 1458 3452 1389
3468 1377 3468 1466 3553 1466 3553 1377
3593 1390 3593 1473 3670 1473 3670 1390
3714 1381 3714 1465 3804 1465 3804 1381
3837 1387 3837 1467 3921 1467 3921 1387
3953 1393 3953 1463 4033 1463 4033 1393
4063 1375 4063 1473 4140 1473 4140 1375
4197 1395 4197 1469 4274 1469 4274 1395
4314 1396 4314 1473 4384 1473 4384 1396
4435 1403 4435 1484 4506 1484 4506 1403
4540 1407 4540 1478 4626 1478 4626 1407
4660 1403 4660 1481 4733 1481 4733 1403
4779 1407 4779 1485 4850 1485 4850 1407
4896 1417 4896 1479 4970 1479 4970 1417
5003 1399 5003 1489 5095 1489 5095 1399
5119 1413 5119 1487 5208 1487 5208 1413
5252 1416 5252 1485 5336 1485 5336 1416
5373 1404 5373 1489 5478 1489 5478 1404
5499 1419 5499 1490 5567 1490 5567 1419
5618 1405 5618 1486 5697 1486 5697 1405
5729 1409 5729 1490 5781 1490 5781 1409
1905 1477 1905 1563 1996 1563 1996 1477
2029 1485 2029 1564 2114 1564 2114 1485
2161 1485 2161 1561 2241 1561 2241 1485
2274 1475 2274 1570 2361 1570 2361 1475
2399 1492 2399 1567 2486 1567 2486 1492
2519 1490 2519 1570 2579 1570 2579 1490
2612 1495 2612 1575 2706 1575 2706 1495
2719 1492 2719 1566 2821 1566 2821 1492
2844 1497 2844 1576 2925 1576 2925 1497
2935 1492 2935 1580 3027 1580 3027 1492
3061 1506 3061 1565 3135 1565 3135 1506
3165 1482 3165 1581 3257 1581 3257 1482
3291 1507 3291 1578 3366 1578 3366 1507
3366 1509 3366 1578 3469 1578 3469 1509
3471 1503 3471 1575 3566 1575 3566 1503
3580 1503 3580 1580 3673 1580 3673 1503
3716 1505 3716 1580 3796 1580 3796 1505
3837 1511 3837 1586 3909 1586 3909 1511
3955 1494 3955 1584 4030 1584 4030 1494
4062 1509 4062 1590 4145 1590 4145 1509
4196 1505 4196 1593 4261 1593 4261 1505
4295 1517 4295 1594 4387 1594 4387 1517
4413 1518 4413 1594 4513 1594 4513 1518
4546 1509 4546 1591 4648 1591 4648 1509
4652 1508 4652 1592 4736 1592 4736 1508
4757 1507 4757 1590 4844 1590 4844 1507
4892 1514 4892 1587 4966 1587 4966 1514
5000 1513 5000 1596 5098 1596 5098 1513
5122 1520 5122 1588 5212 1588 5212 1520
5245 1522 5245 1600 5339 1600 5339 1522
5381 1532 5381 1600 5455 1600 5455 1532
5485 1522 5485 1602 5573 1602 5573 1522
5611 1536 5611 1609 5687 1609 5687 1536
5710 1517 5710 1612 5799 1612 5799 1517
1798 1579 1798 1681 1872 1681 1872 1579
1899 1594 1899 1678 1995 1678 1995 1594
2035 1599 2035 1687 2091 1687 2091 1599
2142 1601 2142 1688 2251 1688 2251 1601
2272 1607 2272 1688 2349 1688 2349 1607
2390 1619 2390 1693 2481 1693 2481 1619
2504 1610 2504 1689 2588 1689 2588 1610
2624 1611 2624 1702 2701 1702 2701 1611
2726 1621 2726 1699 2813 1699 2813 1621
2820 1617 2820 1688 2927 1688 2927 1617
2935 1625 2935 1694 3009 1694 3009 1625
3034 1628 3034 1688 3132 1688 3132 1628
3180 1613 3180 1692 3230 1692 3230 1613
3270 1614 3270 1702 3352 1702 3352 1614
3380 1613 3380 1698 3441 1698 3441 1613
3468 1611 3468 1709 3545 1709 3545 1611
3584 1621 3584 1706 3666 1706 3666 1621
3698 1638 3698 1715 3795 1715 3795 1638
3829 1628 3829 1709 3910 1709 3910 1628
3948 1624 3948 1712 4024 1712 4024 1624
4072 1627 4072 1706 4131 1706 4131 1627
4188 1637 4188 1702 4259 1702 4259 1637
4298 1630 4298 1704 4378 1704 4378 1630
4413 1624 4413 1707 4504 1707 4504 1624
4541 1636 4541 1708 4621 1708 4621 1636
4644 1645 4644 1712 4731 1712 4731 1645
4771 1636 4771 1718 4842 1718 4842 1636
4887 1654 4887 1710 4959 1710 4959 1654
5012 1639 5012 1725 5101 1725 5101 1639
5132 1646 5132 1716 5191 1716 5191 1646
5238 1642 5238 1716 5339 1716 5339 1642
5374 1650 5374 1721 5460 1721 5460 1650
5486 1644 5486 1737 5572 1737 5572 1644
5610 1649 5610 1734 5699 1734 5699 1649
5721 1648 5721 1719 5811 1719 5811 1648
1804 1713 1804 1800 1886 1800 1886 1713
1911 1727 1911 1799 1993 1799 1993 1727
2016 1715 2016 1810 2113 1810 2113 1715
2148 1728 2148 1806 2234 1806 2234 1728
2262 1728 2262 1810 2353 1810 2353 1728
2393 1733 2393 1813 2465 1813 2465 1733
2508 1739 2508 1811 2588 1811 2588 1739
2625 1729 2625 1808 2705 1808 2705 1729
2727 1729 2727 1810 2816 1810 2816 1729
2843 1731 2843 1827 2922 1827 2922 1731
2938 1729 2938 1828 3016 1828 3016 1729
3043 1735 3043 1819 3133 1819 3133 1735
3175 1733 3175 1820 3260 1820 3260 1733
3284 1735 3284 1821 3332 1821 3332 1735
3370 1759 3370 1822 3455 1822 3455 1759
3468 1735 3468 1820 3542 1820 3542 1735
3587 1743 3587 1823 3655 1823 3655 1743
3698 1744 3698 1827 3792 1827 3792 1744
3841 1748 3841 1826 3920 1826 3920 1748
3954 1741 3954 1824 4009 1824 4009 1741
4060 1749 4060 1830 4141 1830 4141 1749
4180 1750 4180 1831 4271 1831 4271 1750
4300 1747 4300 1831 4388 1831 4388 1747
4426 1761 4426 1829 4514 1829 4514 1761
4530 1756 4530 1829 4612 1829 4612 1756
4655 1758 4655 1841 4725 1841 4725 1758
4762 1750 4762 1832 4853 1832 4853 1750
4879 1763 4879 1829 4978 1829 4978 1763
5020 1764 5020 1843 5072 1843 5072 1764
5132 1761 5132 1842 5193 1842 5193 1761
5257 1760 5257 1842 5334 1842 5334 1760
5383 1765 5383 1850 5449 1850 5449 1765
5497 1773 5497 1850 5550 1850 5550 1773
5618 1764 5618 1860 5689 1860 5689 1764
5720 1773 5720 1853 5815 1853 5815 1773
1788 1844 1788 1931 1869 1931 1869 1844
1893 1832 1893 1917 1987 1917 1987 1832
2032 1839 2032 1933 2109 1933 2109 1839
2153 1842 2153 1934 2239 1934 2239 1842
2269 1844 2269 1934 2360 1934 2360 1844
2388 1837 2388 1925 2472 1925 2472 1837
2515 1855 2515 1937 2584 1937 2584 1855
2630 1861 2630 1943 2719 1943 2719 1861
2742 1857 2742 1941 2820 1941 2820 1857
2837 1862 2837 1941 2900 1941 2900 1862
2917 1870 2917 1939 3017 1939 3017 1870
3063 1861 3063 1956 3136 1956 3136 1861
3174 1861 3174 1945 3258 1945 3258 1861
3273 1875 3273 1943 3364 1943 3364 1875
3380 1861 3380 1945 3450 1945 3450 1861
3465 1868 3465 1944 3555 1944 3555 1868
3586 1867 3586 1945 3674 1945 3674 1867
3709 1870 3709 1941 3783 1941 3783 1870
3833 1873 3833 1955 3918 1955 3918 1873
3949 1864 3949 1957 4036 1957 4036 1864
4068 1869 4068 1961 4154 1961 4154 1869
4180 1876 4180 1954 4270 1954 4270 1876
4289 1870 4289 1951 4393 1951 4393 1870
4414 1880 4414 1945 4522 1945 4522 1880
4552 1878 4552 1949 4608 1949 4608 1878
4644 1874 4644 1961 4722 1961 4722 1874
4761 1873 4761 1958 4854 1958 4854 1873
4881 1886 4881 1962 4968 1962 4968 1886
5020 1892 5020 1962 5088 1962 5088 1892
5121 1882 5121 1976 5209 1976 5209 1882
5245 1885 5245 1981 5330 1981 5330 1885
5373 1883 5373 1971 5466 1971 5466 1883
5484 1894 5484 1966 5548 1966 5548 1894
5591 1895 5591 1975 5683 1975 5683 1895
5720 1884 5720 1973 5813 1973 5813 1884
1898 1963 1898 2037 2002 2037 2002 1963
2008 1963 2008 2041 2105 2041 2105 1963
2149 1971 2149 2045 2245 2045 2245 1971
2275 1963 2275 2052 2372 2052 2372 1963
2396 1963 2396 2042 2462 2042 2462 1963
2506 1961 2506 2058 2589 2058 2589 1961
2619 1971 2619 2044 2694 2044 2694 1971
2733 1972 2733 2062 2814 2062 2814 1972
2830 1964 2830 2054 2924 2054 2924 1964
2937 1985 2937 2060 3024 2060 3024 1985
3051 1976 3051 2055 3137 2055 3137 1976
3180 1973 3180 2070 3261 2070 3261 1973
3281 1976 3281 2069 3360 2069 3360 1976
3372 1969 3372 2057 3454 2057 3454 1969
3471 1987 3471 2060 3551 2060 3551 1987
3570 1992 3570 2064 3684 2064 3684 1992
3696 1970 3696 2061 3791 2061 3791 1970
3824 1991 3824 2062 3908 2062 3908 1991
3941 1981 3941 2071 4032 2071 4032 1981
4070 1985 4070 2066 4124 2066 4124 1985
4192 1999 4192 2064 4263 2064 4263 1999
4302 1995 4302 2063 4376 2063 4376 1995
4419 1988 4419 2070 4504 2070 4504 1988
4543 2003 4543 2074 4623 2074 4623 2003
4633 1992 4633 2072 4685 2072 4685 1992
4692 1990 4692 2074 4733 2074 4733 1990
4771 1991 4771 2073 4856 2073 4856 1991
4883 2000 4883 2076 4996 2076 4996 2000
5013 1996 5013 2074 5098 2074 5098 1996
5131 2011 5131 2083 5210 2083 5210 2011
5231 2009 5231 2080 5331 2080 5331 2009
5358 2017 5358 2088 5455 2088 5455 2017
5475 2017 5475 2096 5572 2096 5572 2017
5600 2002 5600 2092 5684 2092 5684 2002
5725 2000 5725 2087 5799 2087 5799 2000
1906 2073 1906 2167 1997 2167 1997 2073
2016 2091 2016 2165 2096 2165 2096 2091
2135 2091 2135 2170 2234 2170 2234 2091
2267 2085 2267 2175 2365 2175 2365 2085
2396 2081 2396 2159 2459 2159 2459 2081
2498 2085 2498 2174 2594 2174 2594 2085
2618 2078 2618 2172 2714 2172 2714 2078
2729 2081 2729 2167 2799 2167 2799 2081
2833 2080 2833 2187 2926 2187 2926 2080
2956 2103 2956 2183 3013 2183 3013 2103
3052 2085 3052 2188 3128 2188 3128 2085
3180 2087 3180 2170 3252 2170 3252 2087
3265 2098 3265 2176 3351 2176 3351 2098
3364 2091 3364 2180 3464 2180 3464 2091
3484 2093 3484 2193 3571 2193 3571 2093
3592 2094 3592 2181 3677 2181 3677 2094
3695 2100 3695 2180 3787 2180 3787 2100
3822 2111 3822 2187 3909 2187 3909 2111
3934 2116 3934 2189 4026 2189 4026 2116
4055 2115 4055 2190 4139 2190 4139 2115
4173 2104 4173 2182 4264 2182 4264 2104
4300 2098 4300 2185 4385 2185 4385 2098
4425 2101 4425 2177 4504 2177 4504 2101
4538 2116 4538 2187 4628 2187 4628 2116
4638 2116 4638 2199 4738 2199 4738 2116
4761 2122 4761 2201 4848 2201 4848 2122
4875 2114 4875 2195 4956 2195 4956 2114
5017 2122 5017 2197 5068 2197 5068 2122
5126 2116 5126 2197 5207 2197 5207 2116
5246 2121 5246 2214 5331 2214 5331 2121
5370 2129 5370 2211 5434 2211 5434 2129
5479 2130 5479 2208 5569 2208 5569 2130
5607 2129 5607 2205 5692 2205 5692 2129
5721 2133 5721 2209 5801 2209 5801 2133
5843 2126 5843 2210 5916 2210 5916 2126
1796 2192 1796 2283 1882 2283 1882 2192
1909 2203 1909 2281 1974 2281 1974 2203
2018 2195 2018 2304 2093 2304 2093 2195
2156 2189 2156 2309 2237 2309 2237 2189
2270 2205 2270 2301 2358 2301 2358 2205
2398 2199 2398 2297 2461 2297 2461 2199
2505 2199 2505 2314 2600 2314 2600 2199
2634 2204 2634 2298 2689 2298 2689 2204
2725 2197 2725 2290 2820 2290 2820 2197
2832 2208 2832 2287 2925 2287 2925 2208
2940 2201 2940 2298 3016 2298 3016 2201
3049 2208 3049 2313 3138 2313 3138 2208
3160 2223 3160 2309 3264 2309 3264 2223
3296 2231 3296 2311 3353 2311 3353 2231
3379 2219 3379 2305 3454 2305 3454 2219
3472 2222 3472 2301 3545 2301 3545 2222
3570 2208 3570 2308 3672 2308 3672 2208
3706 2215 3706 2314 3790 2314 3790 2215
3822 2224 3822 2309 3930 2309 3930 2224
3939 2217 3939 2304 4026 2304 4026 2217
4064 2222 4064 2304 4147 2304 4147 2222
4191 2226 4191 2304 4266 2304 4266 2226
4315 2237 4315 2308 4359 2308 4359 2237
4414 2228 4414 2316 4502 2316 4502 2228
4537 2234 4537 2317 4613 2317 4613 2234
4631 2224 4631 2329 4724 2329 4724 2224
4759 2235 4759 2327 4844 2327 4844 2235
4896 2247 4896 2323 4978 2323 4978 2247
5017 2241 5017 2311 5089 2311 5089 2241
5128 2234 5128 2328 5209 2328 5209 2234
5240 2238 5240 2330 5345 2330 5345 2238
5360 2240 5360 2324 5453 2324 5453 2240
5488 2252 5488 2317 5563 2317 5563 2252
5598 2235 5598 2331 5684 2331 5684 2235
5704 2250 5704 2334 5813 2334 5813 2250
5839 2241 5839 2334 5913 2334 5913 2241
1784 2319 1784 2403 1866 2403 1866 2319
1901 2309 1901 2408 1986 2408 1986 2309
2009 2314 2009 2405 2093 2405 2093 2314
2138 2331 2138 2400 2242 2400 2242 2331
2273 2314 2273 2411 2349 2411 2349 2314
2389 2321 2389 2393 2464 2393 2464 2321
2508 2321 2508 2399 2579 2399 2579 2321
2630 2319 2630 2410 2714 2410 2714 2319
2731 2321 2731 2393 2797 2393 2797 2321
2821 2332 2821 2400 2911 2400 2911 2332
2935 2329 2935 2400 3014 2400 3014 2329
3054 2332 3054 2416 3120 2416 3120 2332
3172 2331 3172 2423 3259 2423 3259 2331
3269 2333 3269 2416 3376 2416 3376 2333
3383 2342 3383 2416 3468 2416 3468 2342
3471 2340 3471 2419 3547 2419 3547 2340
3568 2347 3568 2423 3664 2423 3664 2347
3710 2334 3710 2431 3798 2431 3798 2334
3823 2334 3823 2422 3912 2422 3912 2334
3951 2348 3951 2423 4032 2423 4032 2348
4053 2357 4053 2428 4169 2428 4169 2357
4196 2345 4196 2427 4249 2427 4249 2345
4293 2345 4293 2423 4385 2423 4385 2345
4420 2341 4420 2433 4513 2433 4513 2341
4532 2344 4532 2432 4619 2432 4619 2344
4636 2347 4636 2422 4742 2422 4742 2347
4771 2346 4771 2425 4818 2425 4818 2346
4889 2347 4889 2432 4969 2432 4969 2347
5008 2353 5008 2424 5087 2424 5087 2353
5110 2352 5110 2428 5222 2428 5222 2352
5237 2353 5237 2428 5349 2428 5349 2353
5374 2356 5374 2434 5423 2434 5423 2356
5483 2361 5483 2437 5565 2437 5565 2361
5595 2353 5595 2446 5680 2446 5680 2353
5729 2359 5729 2437 5783 2437 5783 2359
5835 2371 5835 2433 5906 2433 5906 2371
1789 2430 1789 2513 1861 2513 1861 2430
1909 2428 1909 2509 1990 2509 1990 2428
2027 2428 2027 2507 2085 2507 2085 2428
2159 2433 2159 2505 2233 2505 2233 2433
2276 2432 2276 2512 2355 2512 2355 2432
2399 2425 2399 2528 2468 2528 2468 2425
2506 2439 2506 2524 2590 2524 2590 2439
2629 2432 2629 2528 2708 2528 2708 2432
2723 2441 2723 2522 2815 2522 2815 2441
2826 2437 2826 2515 2905 2515 2905 2437
2928 2441 2928 2526 3009 2526 3009 2441
3045 2440 3045 2520 3116 2520 3116 2440
3181 2441 3181 2529 3249 2529 3249 2441
3275 2445 3275 2512 3355 2512 3355 2445
3376 2443 3376 2524 3462 2524 3462 2443
3472 2449 3472 2515 3556 2515 3556 2449
3572 2452 3572 2526 3654 2526 3654 2452
3702 2455 3702 2546 3786 2546 3786 2455
3821 2450 3821 2525 3901 2525 3901 2450
3952 2457 3952 2536 4018 2536 4018 2457
4069 2451 4069 2528 4127 2528 4127 2451
4178 2456 4178 2530 4264 2530 4264 2456
4302 2454 4302 2536 4382 2536 4382 2454
4407 2447 4407 2540 4497 2540 4497 2447
4645 2460 4645 2546 4724 2546 4724 2460
4769 2452 4769 2535 4836 2535 4836 2452
4887 2469 4887 2540 4970 2540 4970 2469
5003 2465 5003 2546 5090 2546 5090 2465
5132 2458 5132 2552 5205 2552 5205 2458
5254 2462 5254 2556 5329 2556 5329 2462
5365 2466 5365 2550 5451 2550 5451 2466
5479 2472 5479 2543 5554 2543 5554 2472
5597 2483 5597 2560 5675 2560 5675 2483
5712 2469 5712 2553 5795 2553 5795 2469
5837 2471 5837 2560 5915 2560 5915 2471
1771 2548 1771 2622 1880 2622 1880 2548
1907 2540 1907 2622 1976 2622 1976 2540
2002 2553 2002 2631 2092 2631 2092 2553
2138 2535 2138 2634 2237 2634 2237 2535
2279 2557 2279 2629 2334 2629 2334 2557
2389 2558 2389 2625 2481 2625 2481 2558
2502 2546 2502 2628 2586 2628 2586 2546
2625 2553 2625 2620 2702 2620 2702 2553
2709 2558 2709 2622 2813 2622 2813 2558
2821 2554 2821 2624 2905 2624 2905 2554
2930 2559 2930 2628 3011 2628 3011 2559
3048 2553 3048 2641 3128 2641 3128 2553
3182 2559 3182 2639 3243 2639 3243 2559
3276 2559 3276 2624 3348 2624 3348 2559
3367 2555 3367 2625 3466 2625 3466 2555
3471 2554 3471 2631 3554 2631 3554 2554
3571 2552 3571 2621 3665 2621 3665 2552
3682 2555 3682 2629 3779 2629 3779 2555
3828 2558 3828 2631 3888 2631 3888 2558
3935 2560 3935 2631 4019 2631 4019 2560
4056 2562 4056 2636 4142 2636 4142 2562
4166 2557 4166 2643 4259 2643 4259 2557
4280 2560 4280 2640 4371 2640 4371 2560
4396 2555 4396 2634 4494 2634 4494 2555
4538 2552 4538 2634 4619 2634 4619 2552
4631 2561 4631 2636 4703 2636 4703 2561
4764 2577 4764 2646 4856 2646 4856 2577
4871 2569 4871 2646 4954 2646 4954 2569
4981 2561 4981 2644 5083 2644 5083 2561
5115 2559 5115 2667 5211 2667 5211 2559
5236 2568 5236 2659 5332 2659 5332 2568
5364 2575 5364 2650 5447 2650 5447 2575
5478 2574 5478 2651 5567 2651 5567 2574
5597 2585 5597 2648 5684 2648 5684 2585
5700 2593 5700 2660 5800 2660 5800 2593
5822 2582 5822 2662 5916 2662 5916 2582
1668 2657 1668 2736 1747 2736 1747 2657
1777 2657 1777 2735 1863 2735 1863 2657
1904 2655 1904 2727 1980 2727 1980 2655
2013 2654 2013 2734 2096 2734 2096 2654
2144 2652 2144 2739 2229 2739 2229 2652
2262 2659 2262 2739 2348 2739 2348 2659
2383 2660 2383 2738 2455 2738 2455 2660
2490 2652 2490 2736 2592 2736 2592 2652
2630 2657 2630 2742 2704 2742 2704 2657
2720 2657 2720 2727 2804 2727 2804 2657
2821 2659 2821 2751 2911 2751 2911 2659
2928 2655 2928 2747 3018 2747 3018 2655
3058 2671 3058 2747 3110 2747 3110 2671
3155 2664 3155 2745 3254 2745 3254 2664
3282 2661 3282 2759 3361 2759 3361 2661
3373 2662 3373 2747 3454 2747 3454 2662
3470 2664 3470 2751 3541 2751 3541 2664
3578 2675 3578 2743 3652 2743 3652 2675
3701 2660 3701 2742 3788 2742 3788 2660
3811 2661 3811 2753 3904 2753 3904 2661
3946 2675 3946 2763 4013 2763 4013 2675
4057 2675 4057 2763 4147 2763 4147 2675
4166 2673 4166 2756 4269 2756 4269 2673
4297 2678 4297 2756 4391 2756 4391 2678
4400 2687 4400 2768 4508 2768 4508 2687
4529 2670 4529 2762 4600 2762 4600 2670
4630 2691 4630 2750 4713 2750 4713 2691
4738 2688 4738 2759 4845 2759 4845 2688
4875 2680 4875 2759 4968 2759 4968 2680
4996 2670 4996 2772 5099 2772 5099 2670
5126 2693 5126 2768 5207 2768 5207 2693
5234 2688 5234 2771 5327 2771 5327 2688
5347 2711 5347 2781 5463 2781 5463 2711
5474 2696 5474 2787 5564 2787 5564 2696
5595 2697 5595 2783 5697 2783 5697 2697
5702 2693 5702 2771 5800 2771 5800 2693
5817 2693 5817 2789 5915 2789 5915 2693
1548 2771 1548 2859 1627 2859 1627 2771
1680 2774 1680 2852 1735 2852 1735 2774
1786 2768 1786 2867 1869 2867 1869 2768
1892 2772 1892 2854 2000 2854 2000 2772
2012 2775 2012 2869 2099 2869 2099 2775
2134 2768 2134 2858 2227 2858 2227 2768
2258 2784 2258 2853 2362 2853 2362 2784
2391 2783 2391 2862 2468 2862 2468 2783
2504 2783 2504 2861 2591 2861 2591 2783
2600 2782 2600 2861 2703 2861 2703 2782
2726 2784 2726 2863 2801 2863 2801 2784
2826 2793 2826 2868 2901 2868 2901 2793
2927 2776 2927 2874 3002 2874 3002 2776
3035 2782 3035 2873 3130 2873 3130 2782
3157 2788 3157 2876 3250 2876 3250 2788
3263 2792 3263 2875 3361 2875 3361 2792
3365 2800 3365 2877 3445 2877 3445 2800
3456 2804 3456 2875 3554 2875 3554 2804
3577 2801 3577 2874 3667 2874 3667 2801
3699 2806 3699 2881 3783 2881 3783 2806
3822 2796 3822 2876 3885 2876 3885 2796
3924 2806 3924 2880 4019 2880 4019 2806
4050 2798 4050 2879 4136 2879 4136 2798
4175 2807 4175 2883 4263 2883 4263 2807
4298 2793 4298 2885 4384 2885 4384 2793
4409 2800 4409 2892 4496 2892 4496 2800
4528 2807 4528 2893 4606 2893 4606 2807
4634 2805 4634 2885 4716 2885 4716 2805
4755 2811 4755 2892 4843 2892 4843 2811
4859 2802 4859 2875 4958 2875 4958 2802
4991 2793 4991 2898 5076 2898 5076 2793
5110 2806 5110 2879 5199 2879 5199 2806
5226 2814 5226 2883 5325 2883 5325 2814
5361 2815 5361 2883 5450 2883 5450 2815
5462 2815 5462 2888 5575 2888 5575 2815
5604 2811 5604 2903 5685 2903 5685 2811
5720 2817 5720 2898 5781 2898 5781 2817
5828 2802 5828 2905 5912 2905 5912 2802
1187 2888 1187 2968 1293 2968 1293 2888
1319 2886 1319 2964 1380 2964 1380 2886
1424 2892 1424 2961 1512 2961 1512 2892
1548 2886 1548 2972 1632 2972 1632 2886
1665 2887 1665 2970 1754 2970 1754 2887
1773 2902 1773 2966 1865 2966 1865 2902
1904 2895 1904 2969 1966 2969 1966 2895
2010 2892 2010 2972 2097 2972 2097 2892
2145 2895 2145 2973 2227 2973 2227 2895
2263 2891 2263 2976 2346 2976 2346 2891
2386 2898 2386 2980 2464 2980 2464 2898
2505 2899 2505 2983 2576 2983 2576 2899
2613 2908 2613 2985 2702 2985 2702 2908
2729 2904 2729 2980 2781 2980 2781 2904
2817 2910 2817 2984 2927 2984 2927 2910
2937 2912 2937 2985 3012 2985 3012 2912
3039 2917 3039 2984 3123 2984 3123 2917
3170 2906 3170 2985 3244 2985 3244 2906
3269 2915 3269 2985 3345 2985 3345 2915
3363 2919 3363 2992 3447 2992 3447 2919
3468 2910 3468 3012 3545 3012 3545 2910
3575 2915 3575 2991 3654 2991 3654 2915
3671 2919 3671 2994 3790 2994 3790 2919
3803 2911 3803 2991 3910 2991 3910 2911
3923 2913 3923 3002 4022 3002 4022 2913
4052 2914 4052 3002 4136 3002 4136 2914
4173 2918 4173 3003 4266 3003 4266 2918
4288 2938 4288 3007 4371 3007 4371 2938
4428 2930 4428 3009 4481 3009 4481 2930
4532 2928 4532 3006 4611 3006 4611 2928
4642 2929 4642 3006 4702 3006 4702 2929
4763 2934 4763 3010 4842 3010 4842 2934
4874 2934 4874 3006 4987 3006 4987 2934
5003 2929 5003 3009 5082 3009 5082 2929
5247 2929 5247 3008 5329 3008 5329 2929
5354 2926 5354 3012 5455 3012 5455 2926
5472 2934 5472 3004 5578 3004 5578 2934
5607 2943 5607 3007 5676 3007 5676 2943
5720 2933 5720 3022 5789 3022 5789 2933
5833 2933 5833 3022 5900 3022 5900 2933
976 3012 976 3098 1052 3098 1052 3012
1088 3013 1088 3092 1161 3092 1161 3013
1197 3018 1197 3091 1284 3091 1284 3018
1319 3010 1319 3084 1397 3084 1397 3010
1419 3010 1419 3087 1512 3087 1512 3010
1544 3003 1544 3097 1607 3097 1607 3003
1661 3019 1661 3086 1743 3086 1743 3019
1766 3026 1766 3090 1865 3090 1865 3026
1900 3012 1900 3082 1990 3082 1990 3012
2028 3009 2028 3092 2106 3092 2106 3009
2146 3011 2146 3098 2231 3098 2231 3011
2252 3020 2252 3095 2363 3095 2363 3020
2390 3022 2390 3103 2475 3103 2475 3022
2508 3032 2508 3098 2582 3098 2582 3032
2623 3018 2623 3104 2700 3104 2700 3018
2726 3023 2726 3108 2807 3108 2807 3023
2825 3026 2825 3117 2922 3117 2922 3026
2930 3035 2930 3118 3018 3118 3018 3035
3045 3029 3045 3106 3113 3106 3113 3029
3156 3042 3156 3111 3260 3111 3260 3042
3266 3025 3266 3109 3353 3109 3353 3025
3365 3033 3365 3106 3470 3106 3470 3033
3491 3030 3491 3103 3530 3103 3530 3030
3567 3036 3567 3110 3663 3110 3663 3036
3693 3042 3693 3118 3779 3118 3779 3042
3812 3024 3812 3118 3906 3118 3906 3024
3927 3033 3927 3121 4033 3121 4033 3033
4059 3038 4059 3126 4132 3126 4132 3038
4184 3038 4184 3129 4262 3129 4262 3038
4279 3046 4279 3122 4371 3122 4371 3046
4403 3043 4403 3120 4485 3120 4485 3043
4529 3045 4529 3125 4602 3125 4602 3045
4639 3045 4639 3129 4720 3129 4720 3045
4765 3044 4765 3132 4839 3132 4839 3044
4885 3042 4885 3128 4939 3128 4939 3042
4995 3045 4995 3128 5084 3128 5084 3045
5112 3050 5112 3129 5197 3129 5197 3050
5239 3042 5239 3137 5326 3137 5326 3042
5354 3059 5354 3142 5441 3142 5441 3059
5483 3054 5483 3126 5551 3126 5551 3054
5601 3052 5601 3131 5675 3131 5675 3052
5720 3057 5720 3130 5778 3130 5778 3057
5820 3061 5820 3147 5913 3147 5913 3061
5941 3058 5941 3137 6029 3137 6029 3058
834 3131 834 3207 932 3207 932 3131
959 3127 959 3210 1053 3210 1053 3127
1071 3129 1071 3209 1163 3209 1163 3129
1195 3132 1195 3213 1275 3213 1275 3132
1326 3130 1326 3215 1392 3215 1392 3130
1421 3129 1421 3211 1507 3211 1507 3129
1536 3144 1536 3212 1614 3212 1614 3144
1656 3122 1656 3224 1750 3224 1750 3122
1780 3131 1780 3229 1866 3229 1866 3131
1917 3141 1917 3221 1973 3221 1973 3141
2011 3146 2011 3221 2107 3221 2107 3146
2147 3141 2147 3230 2238 3230 2238 3141
2271 3148 2271 3225 2337 3225 2337 3148
2374 3144 2374 3233 2459 3233 2459 3144
2501 3140 2501 3232 2579 3232 2579 3140
2622 3141 2622 3228 2705 3228 2705 3141
2718 3150 2718 3235 2821 3235 2821 3150
2840 3146 2840 3240 2923 3240 2923 3146
2934 3148 2934 3234 3018 3234 3018 3148
3047 3150 3047 3229 3129 3229 3129 3150
3156 3144 3156 3231 3253 3231 3253 3144
3275 3158 3275 3235 3345 3235 3345 3158
3350 3160 3350 3234 3464 3234 3464 3160
3465 3160 3465 3240 3561 3240 3561 3160
3571 3146 3571 3233 3660 3233 3660 3146
3689 3153 3689 3231 3762 3231 3762 3153
3808 3164 3808 3240 3886 3240 3886 3164
3922 3157 3922 3250 4010 3250 4010 3157
4033 3168 4033 3246 4145 3246 4145 3168
4181 3150 4181 3235 4262 3235 4262 3150
4278 3159 4278 3235 4390 3235 4390 3159
4407 3154 4407 3243 4503 3243 4503 3154
4536 3164 4536 3249 4619 3249 4619 3164
4633 3164 4633 3251 4722 3251 4722 3164
4748 3174 4748 3251 4846 3251 4846 3174
4992 3174 4992 3245 5071 3245 5071 3174
4882 3167 4882 3245 4971 3245 4971 3167
5109 3168 5109 3248 5199 3248 5199 3168
5240 3173 5240 3255 5340 3255 5340 3173
5363 3162 5363 3255 5438 3255 5438 3162
5464 3184 5464 3254 5560 3254 5560 3184
5585 3182 5585 3254 5670 3254 5670 3182
5705 3177 5705 3254 5810 3254 5810 3177
5821 3179 5821 3254 5918 3254 5918 3179
5951 3176 5951 3269 6030 3269 6030 3176
480 3246 480 3339 557 3339 557 3246
601 3252 601 3326 691 3326 691 3252
720 3260 720 3352 815 3352 815 3260
844 3252 844 3339 937 3339 937 3252
966 3251 966 3331 1052 3331 1052 3251
1068 3261 1068 3329 1163 3329 1163 3261
1209 3265 1209 3336 1287 3336 1287 3265
1313 3260 1313 3332 1400 3332 1400 3260
1424 3257 1424 3328 1506 3328 1506 3257
1534 3257 1534 3330 1626 3330 1626 3257
1677 3257 1677 3335 1733 3335 1733 3257
1760 3265 1760 3337 1873 3337 1873 3265
1896 3253 1896 3337 1990 3337 1990 3253
2013 3264 2013 3339 2100 3339 2100 3264
2126 3264 2126 3341 2214 3341 2214 3264
2264 3273 2264 3334 2342 3334 2342 3273
2377 3265 2377 3347 2466 3347 2466 3265
2494 3259 2494 3335 2570 3335 2570 3259
2595 3274 2595 3345 2701 3345 2701 3274
2710 3266 2710 3347 2804 3347 2804 3266
2835 3273 2835 3354 2914 3354 2914 3273
2940 3271 2940 3349 2997 3349 2997 3271
3047 3279 3047 3355 3134 3355 3134 3279
3164 3279 3164 3351 3225 3351 3225 3279
3258 3274 3258 3357 3338 3357 3338 3274
3368 3278 3368 3362 3452 3362 3452 3278
3473 3275 3473 3364 3555 3364 3555 3275
3571 3278 3571 3359 3660 3359 3660 3278
3693 3284 3693 3359 3776 3359 3776 3284
3823 3275 3823 3353 3885 3353 3885 3275
3925 3274 3925 3350 4021 3350 4021 3274
4050 3282 4050 3357 4127 3357 4127 3282
4170 3303 4170 3369 4265 3369 4265 3303
4295 3284 4295 3369 4380 3369 4380 3284
4414 3296 4414 3386 4497 3386 4497 3296
4528 3290 4528 3366 4603 3366 4603 3290
4632 3286 4632 3367 4714 3367 4714 3286
4754 3294 4754 3371 4840 3371 4840 3294
4865 3299 4865 3370 4963 3370 4963 3299
5002 3288 5002 3367 5058 3367 5058 3288
5106 3300 5106 3378 5193 3378 5193 3300
5220 3297 5220 3375 5338 3375 5338 3297
5344 3297 5344 3372 5402 3372 5402 3297
5485 3294 5485 3377 5566 3377 5566 3294
5590 3294 5590 3382 5668 3382 5668 3294
5710 3292 5710 3377 5793 3377 5793 3292
5819 3307 5819 3383 5923 3383 5923 3307
5943 3299 5943 3389 6024 3389 6024 3299
597 3374 597 3443 693 3443 693 3374
722 3371 722 3445 809 3445 809 3371
842 3370 842 3450 936 3450 936 3370
961 3369 961 3448 1050 3448 1050 3369
1081 3368 1081 3455 1171 3455 1171 3368
1200 3360 1200 3456 1269 3456 1269 3360
1323 3361 1323 3442 1401 3442 1401 3361
1424 3375 1424 3447 1504 3447 1504 3375
1535 3365 1535 3446 1625 3446 1625 3365
1646 3378 1646 3450 1759 3450 1759 3378
1777 3368 1777 3446 1862 3446 1862 3368
1894 3373 1894 3449 1979 3449 1979 3373
2006 3373 2006 3445 2094 3445 2094 3373
2145 3388 2145 3456 2201 3456 2201 3388
2268 3383 2268 3456 2341 3456 2341 3383
2396 3378 2396 3456 2453 3456 2453 3378
2495 3382 2495 3458 2597 3458 2597 3382
2623 3385 2623 3464 2691 3464 2691 3385
2724 3388 2724 3474 2804 3474 2804 3388
2827 3398 2827 3471 2904 3471 2904 3398
2911 3397 2911 3473 3032 3473 3032 3397
3051 3395 3051 3480 3132 3480 3132 3395
3151 3405 3151 3479 3243 3479 3243 3405
3246 3395 3246 3475 3345 3475 3345 3395
3359 3393 3359 3485 3448 3485 3448 3393
3465 3389 3465 3476 3537 3476 3537 3389
3574 3407 3574 3473 3654 3473 3654 3407
3691 3395 3691 3475 3760 3475 3760 3395
3821 3395 3821 3486 3907 3486 3907 3395
3921 3405 3921 3482 4013 3482 4013 3405
4060 3411 4060 3489 4145 3489 4145 3411
4173 3421 4173 3486 4264 3486 4264 3421
4283 3423 4283 3498 4366 3498 4366 3423
4412 3413 4412 3488 4490 3488 4490 3413
4513 3416 4513 3499 4611 3499 4611 3416
4635 3398 4635 3505 4714 3505 4714 3398
4745 3408 4745 3504 4828 3504 4828 3408
4884 3406 4884 3494 4943 3494 4943 3406
4986 3424 4986 3500 5075 3500 5075 3424
5110 3408 5110 3498 5202 3498 5202 3408
5230 3409 5230 3495 5326 3495 5326 3409
5369 3424 5369 3497 5438 3497 5438 3424
5468 3417 5468 3501 5568 3501 5568 3417
5588 3411 5588 3500 5675 3500 5675 3411
5715 3401 5715 3503 5804 3503 5804 3401
5826 3424 5826 3491 5915 3491 5915 3424
5956 3408 5956 3503 6037 3503 6037 3408
360 3484 360 3550 447 3550 447 3484
471 3476 471 3553 570 3553 570 3476
597 3476 597 3564 690 3564 690 3476
718 3475 718 3554 791 3554 791 3475
802 3479 802 3549 899 3549 899 3479
905 3472 905 3548 954 3548 954 3472
963 3476 963 3548 1049 3548 1049 3476
1086 3471 1086 3556 1170 3556 1170 3471
1191 3476 1191 3564 1272 3564 1272 3476
1308 3488 1308 3556 1416 3556 1416 3488
1436 3490 1436 3566 1516 3566 1516 3490
1548 3488 1548 3556 1626 3556 1626 3488
1665 3484 1665 3570 1734 3570 1734 3484
1775 3482 1775 3567 1854 3567 1854 3482
1899 3486 1899 3563 1954 3563 1954 3486
2015 3488 2015 3575 2088 3575 2088 3488
2144 3494 2144 3569 2218 3569 2218 3494
2268 3492 2268 3583 2340 3583 2340 3492
2383 3502 2383 3574 2454 3574 2454 3502
2492 3512 2492 3579 2584 3579 2584 3512
2619 3506 2619 3575 2684 3575 2684 3506
2713 3494 2713 3575 2800 3575 2800 3494
2837 3502 2837 3588 2916 3588 2916 3502
2931 3510 2931 3577 3006 3577 3006 3510
3036 3508 3036 3590 3126 3590 3126 3508
3162 3506 3162 3595 3245 3595 3245 3506
3252 3505 3252 3587 3333 3587 3333 3505
3342 3507 3342 3584 3444 3584 3444 3507
3462 3506 3462 3595 3552 3595 3552 3506
3576 3501 3576 3588 3649 3588 3649 3501
3681 3524 3681 3590 3774 3590 3774 3524
3822 3515 3822 3603 3906 3603 3906 3515
3927 3522 3927 3607 4011 3607 4011 3522
4051 3532 4051 3604 4136 3604 4136 3532
4175 3530 4175 3603 4250 3603 4250 3530
4267 3538 4267 3607 4377 3607 4377 3538
4396 3529 4396 3600 4469 3600 4469 3529
4498 3530 4498 3599 4583 3599 4583 3530
4602 3530 4602 3610 4674 3610 4674 3530
4687 3529 4687 3604 4734 3604 4734 3529
4754 3540 4754 3603 4825 3603 4825 3540
4875 3538 4875 3600 4943 3600 4943 3538
4982 3530 4982 3602 5071 3602 5071 3530
5123 3528 5123 3586 5194 3586 5194 3528
5216 3528 5216 3600 5279 3600 5279 3528
5710 3545 5710 3617 5787 3617 5787 3545
5840 3547 5840 3611 5912 3611 5912 3547
5944 3540 5944 3625 6018 3625 6018 3540
368 3593 368 3674 453 3674 453 3593
493 3596 493 3679 547 3679 547 3596
253 3594 253 3688 335 3688 335 3594
608 3592 608 3678 681 3678 681 3592
720 3591 720 3685 809 3685 809 3591
831 3598 831 3682 939 3682 939 3598
972 3594 972 3685 1046 3685 1046 3594
1074 3599 1074 3681 1157 3681 1157 3599
1200 3608 1200 3683 1276 3683 1276 3608
1332 3605 1332 3687 1385 3687 1385 3605
1434 3601 1434 3695 1518 3695 1518 3601
1542 3605 1542 3695 1629 3695 1629 3605
1656 3609 1656 3688 1753 3688 1753 3609
1776 3605 1776 3684 1844 3684 1844 3605
1887 3604 1887 3688 1980 3688 1980 3604
2001 3619 2001 3693 2102 3693 2102 3619
2129 3616 2129 3692 2220 3692 2220 3616
2254 3608 2254 3692 2351 3692 2351 3608
2393 3616 2393 3687 2450 3687 2450 3616
2504 3617 2504 3692 2579 3692 2579 3617
2613 3615 2613 3701 2708 3701 2708 3615
2714 3612 2714 3705 2807 3705 2807 3612
2813 3614 2813 3701 2899 3701 2899 3614
2929 3610 2929 3714 3007 3714 3007 3610
3031 3621 3031 3705 3130 3705 3130 3621
3162 3635 3162 3704 3234 3704 3234 3635
3259 3624 3259 3701 3350 3701 3350 3624
3368 3625 3368 3701 3433 3701 3433 3625
3451 3636 3451 3711 3542 3711 3542 3636
3567 3634 3567 3711 3663 3711 3663 3634
3686 3633 3686 3710 3772 3710 3772 3633
3818 3620 3818 3701 3879 3701 3879 3620
3933 3625 3933 3709 4032 3709 4032 3625
4049 3630 4049 3707 4143 3707 4143 3630
4170 3630 4170 3728 4260 3728 4260 3630
4294 3642 4294 3722 4376 3722 4376 3642
4404 3633 4404 3708 4501 3708 4501 3633
4538 3634 4538 3721 4612 3721 4612 3634
4632 3628 4632 3712 4696 3712 4696 3628
4749 3626 4749 3706 4826 3706 4826 3626
4862 3620 4862 3710 4952 3710 4952 3620
4993 3633 4993 3721 5075 3721 5075 3633
5120 3642 5120 3724 5201 3724 5201 3642
5228 3651 5228 3732 5322 3732 5322 3651
5477 3646 5477 3726 5555 3726 5555 3646
5363 3648 5363 3740 5471 3740 5471 3648
5577 3639 5577 3721 5670 3721 5670 3639
5709 3647 5709 3729 5790 3729 5790 3647
5835 3652 5835 3730 5919 3730 5919 3652
5943 3646 5943 3722 6035 3722 6035 3646
144 3702 144 3778 222 3778 222 3702
252 3704 252 3785 339 3785 339 3704
366 3702 366 3779 453 3779 453 3702
487 3704 487 3791 581 3791 581 3704
606 3700 606 3790 672 3790 672 3700
720 3706 720 3790 799 3790 799 3706
836 3708 836 3788 927 3788 927 3708
962 3709 962 3792 1048 3792 1048 3709
1050 3704 1050 3785 1174 3785 1174 3704
1205 3704 1205 3792 1294 3792 1294 3704
1326 3713 1326 3786 1411 3786 1411 3713
1427 3717 1427 3791 1521 3791 1521 3717
1544 3727 1544 3800 1604 3800 1604 3727
1659 3715 1659 3801 1752 3801 1752 3715
1782 3720 1782 3793 1835 3793 1835 3720
1890 3712 1890 3800 1970 3800 1970 3712
2010 3725 2010 3797 2100 3797 2100 3725
2154 3727 2154 3802 2210 3802 2210 3727
2267 3719 2267 3802 2353 3802 2353 3719
2377 3726 2377 3799 2458 3799 2458 3726
2488 3724 2488 3805 2579 3805 2579 3724
2607 3731 2607 3810 2696 3810 2696 3731
2723 3725 2723 3810 2798 3810 2798 3725
2829 3734 2829 3809 2912 3809 2912 3734
2917 3736 2917 3810 3026 3810 3026 3736
3042 3734 3042 3815 3137 3815 3137 3734
3155 3735 3155 3813 3236 3813 3236 3735
3251 3739 3251 3818 3340 3818 3340 3739
3365 3740 3365 3836 3444 3836 3444 3740
3443 3742 3443 3818 3541 3818 3541 3742
3573 3734 3573 3820 3654 3820 3654 3734
3693 3738 3693 3815 3770 3815 3770 3738
3801 3735 3801 3822 3893 3822 3893 3735
3927 3744 3927 3838 4016 3838 4016 3744
4046 3738 4046 3821 4134 3821 4134 3738
4175 3752 4175 3831 4235 3831 4235 3752
4267 3746 4267 3831 4380 3831 4380 3746
4399 3752 4399 3828 4520 3828 4520 3752
4525 3729 4525 3825 4599 3825 4599 3729
4644 3749 4644 3824 4695 3824 4695 3749
4756 3759 4756 3837 4844 3837 4844 3759
4886 3744 4886 3836 4964 3836 4964 3744
4985 3747 4985 3838 5083 3838 5083 3747
5107 3750 5107 3833 5197 3833 5197 3750
5238 3759 5238 3844 5327 3844 5327 3759
5353 3771 5353 3837 5438 3837 5438 3771
5710 3748 5710 3840 5781 3840 5781 3748
5827 3757 5827 3843 5916 3843 5916 3757
5948 3752 5948 3840 6031 3840 6031 3752
6062 3755 6062 3848 6127 3848 6127 3755
5477 3760 5477 3848 5561 3848 5561 3760
5598 3752 5598 3850 5683 3850 5683 3752
144 3809 144 3892 224 3892 224 3809
242 3809 242 3898 326 3898 326 3809
357 3814 357 3890 464 3890 464 3814
493 3815 493 3898 569 3898 569 3815
599 3823 599 3892 678 3892 678 3823
710 3825 710 3885 794 3885 794 3825
844 3830 844 3900 924 3900 924 3830
944 3831 944 3900 1063 3900 1063 3831
1073 3816 1073 3896 1160 3896 1160 3816
1194 3819 1194 3899 1285 3899 1285 3819
1320 3824 1320 3912 1410 3912 1410 3824
1438 3828 1438 3905 1488 3905 1488 3828
1544 3841 1544 3907 1607 3907 1607 3841
1657 3837 1657 3905 1736 3905 1736 3837
1776 3827 1776 3903 1859 3903 1859 3827
1902 3836 1902 3908 1970 3908 1970 3836
2017 3840 2017 3918 2077 3918 2077 3840
2118 3842 2118 3906 2230 3906 2230 3842
2248 3823 2248 3909 2339 3909 2339 3823
2382 3832 2382 3915 2469 3915 2469 3832
2488 3832 2488 3913 2587 3913 2587 3832
2627 3837 2627 3912 2683 3912 2683 3837
2708 3842 2708 3917 2792 3917 2792 3842
2808 3841 2808 3918 2918 3918 2918 3841
2932 3842 2932 3925 3019 3925 3019 3842
3041 3849 3041 3926 3126 3926 3126 3849
3140 3854 3140 3928 3232 3928 3232 3854
3243 3853 3243 3933 3356 3933 3356 3853
3366 3855 3366 3924 3417 3924 3417 3855
3442 3858 3442 3929 3552 3929 3552 3858
3562 3858 3562 3941 3657 3941 3657 3858
3683 3851 3683 3939 3780 3939 3780 3851
3803 3855 3803 3937 3899 3937 3899 3855
3938 3860 3938 3955 4002 3955 4002 3860
4043 3869 4043 3950 4137 3950 4137 3869
4153 3876 4153 3949 4278 3949 4278 3876
4286 3869 4286 3946 4385 3946 4385 3869
4401 3867 4401 3945 4515 3945 4515 3867
4526 3867 4526 3939 4615 3939 4615 3867
4636 3868 4636 3945 4721 3945 4721 3868
4762 3873 4762 3948 4829 3948 4829 3873
4854 3880 4854 3947 4966 3947 4966 3880
4987 3860 4987 3947 5079 3947 5079 3860
5119 3874 5119 3953 5201 3953 5201 3874
5239 3871 5239 3952 5325 3952 5325 3871
5354 3873 5354 3947 5418 3947 5418 3873
5458 3887 5458 3956 5544 3956 5544 3887
5577 3882 5577 3951 5697 3951 5697 3882
5705 3871 5705 3953 5793 3953 5793 3871
5826 3872 5826 3956 5913 3956 5913 3872
5953 3882 5953 3952 6040 3952 6040 3882
6060 3888 6060 3954 6123 3954 6123 3888
232 3936 232 4007 342 4007 342 3936
363 3943 363 4009 445 4009 445 3943
473 3955 473 4013 579 4013 579 3955
594 3938 594 4008 689 4008 689 3938
720 3940 720 4018 801 4018 801 3940
835 3939 835 4006 937 4006 937 3939
967 3940 967 4027 1021 4027 1021 3940
1072 3949 1072 4024 1152 4024 1152 3949
1195 3948 1195 4024 1285 4024 1285 3948
1304 3953 1304 4030 1402 4030 1402 3953
1430 3953 1430 4034 1504 4034 1504 3953
1536 3956 1536 4028 1621 4028 1621 3956
1644 3953 1644 4030 1737 4030 1737 3953
1772 3948 1772 4035 1864 4035 1864 3948
1875 3950 1875 4029 1975 4029 1975 3950
2022 3954 2022 4043 2074 4043 2074 3954
2136 3956 2136 4044 2220 4044 2220 3956
2258 3961 2258 4036 2324 4036 2324 3961
2366 3968 2366 4055 2477 4055 2477 3968
2503 3947 2503 4031 2561 4031 2561 3947
2613 3948 2613 4036 2706 4036 2706 3948
2726 3964 2726 4046 2807 4046 2807 3964
2820 3963 2820 4058 2902 4058 2902 3963
2921 3971 2921 4049 3005 4049 3005 3971
3023 3978 3023 4051 3133 4051 3133 3978
3154 3971 3154 4049 3256 4049 3256 3971
3262 3971 3262 4056 3359 4056 3359 3971
3373 3966 3373 4054 3425 4054 3425 3966
3457 3968 3457 4075 3546 4075 3546 3968
3563 3988 3563 4064 3645 4064 3645 3988
3684 3994 3684 4060 3790 4060 3790 3994
3818 3980 3818 4070 3907 4070 3907 3980
3923 3983 3923 4064 4020 4064 4020 3983
4047 3990 4047 4070 4157 4070 4157 3990
4172 3985 4172 4068 4260 4068 4260 3985
4281 3980 4281 4072 4373 4072 4373 3980
4387 3995 4387 4064 4500 4064 4500 3995
4531 3989 4531 4070 4608 4070 4608 3989
4641 3986 4641 4073 4718 4073 4718 3986
4743 3988 4743 4079 4838 4079 4838 3988
4867 4001 4867 4080 4958 4080 4958 4001
4995 3996 4995 4070 5084 4070 5084 3996
5106 3988 5106 4078 5198 4078 5198 3988
5221 3994 5221 4085 5315 4085 5315 3994
5361 3991 5361 4085 5441 4085 5441 3991
5468 4004 5468 4073 5558 4073 5558 4004
5575 4005 5575 4069 5686 4069 5686 4005
5707 4003 5707 4083 5792 4083 5792 4003
5813 3999 5813 4079 5893 4079 5893 3999
5936 4005 5936 4071 6039 4071 6039 4005
6060 3996 6060 4081 6150 4081 6150 3996
242 4058 242 4135 334 4135 334 4058
368 4066 368 4128 444 4128 444 4066
476 4041 476 4138 577 4138 577 4041
592 4061 592 4135 686 4135 686 4061
725 4066 725 4134 804 4134 804 4066
839 4047 839 4141 932 4141 932 4047
971 4057 971 4157 1051 4157 1051 4057
1075 4060 1075 4147 1151 4147 1151 4060
1199 4064 1199 4136 1263 4136 1263 4064
1325 4056 1325 4145 1411 4145 1411 4056
1432 4072 1432 4148 1516 4148 1516 4072
1537 4071 1537 4147 1613 4147 1613 4071
1648 4072 1648 4150 1744 4150 1744 4072
1781 4065 1781 4138 1832 4138 1832 4065
1897 4067 1897 4155 1989 4155 1989 4067
2009 4077 2009 4148 2104 4148 2104 4077
2147 4073 2147 4167 2221 4167 2221 4073
2258 4072 2258 4150 2341 4150 2341 4072
2376 4068 2376 4163 2447 4163 2447 4068
2494 4073 2494 4173 2564 4173 2564 4073
2611 4084 2611 4162 2670 4162 2670 4084
2713 4082 2713 4153 2784 4153 2784 4082
2815 4073 2815 4167 2905 4167 2905 4073
2919 4078 2919 4164 3005 4164 3005 4078
3038 4087 3038 4169 3127 4169 3127 4087
3149 4090 3149 4169 3240 4169 3240 4090
3254 4098 3254 4173 3339 4173 3339 4098
3357 4093 3357 4185 3431 4185 3431 4093
3458 4089 3458 4181 3539 4181 3539 4089
3563 4104 3563 4181 3639 4181 3639 4104
3676 4083 3676 4180 3774 4180 3774 4083
3790 4109 3790 4177 3888 4177 3888 4109
3925 4097 3925 4178 4021 4178 4021 4097
4038 4096 4038 4183 4133 4183 4133 4096
4162 4104 4162 4189 4257 4189 4257 4104
4284 4097 4284 4185 4374 4185 4374 4097
4394 4091 4394 4185 4484 4185 4484 4091
4511 4096 4511 4178 4612 4178 4612 4096
4626 4099 4626 4187 4720 4187 4720 4099
4750 4102 4750 4187 4810 4187 4810 4102
4867 4105 4867 4202 4946 4202 4946 4105
4985 4118 4985 4189 5057 4189 5057 4118
5095 4092 5095 4183 5182 4183 5182 4092
5215 4112 5215 4180 5304 4180 5304 4112
5354 4108 5354 4207 5440 4207 5440 4108
5470 4106 5470 4196 5557 4196 5557 4106
5589 4112 5589 4187 5664 4187 5664 4112
5697 4102 5697 4196 5790 4196 5790 4102
5823 4098 5823 4197 5909 4197 5909 4098
5939 4116 5939 4187 6035 4187 6035 4116
6050 4111 6050 4185 6150 4185 6150 4111
138 4177 138 4246 220 4246 220 4177
242 4161 242 4243 355 4243 355 4161
368 4170 368 4253 425 4253 425 4170
463 4175 463 4254 564 4254 564 4175
583 4168 583 4258 679 4258 679 4168
708 4172 708 4258 799 4258 799 4172
828 4181 828 4260 937 4260 937 4181
962 4184 962 4274 1044 4274 1044 4184
1082 4179 1082 4272 1154 4272 1154 4179
1190 4193 1190 4262 1275 4262 1275 4193
1316 4184 1316 4268 1408 4268 1408 4184
1424 4193 1424 4269 1507 4269 1507 4193
1539 4190 1539 4285 1618 4285 1618 4190
1661 4196 1661 4280 1744 4280 1744 4196
1778 4197 1778 4278 1859 4278 1859 4197
1885 4191 1885 4283 1971 4283 1971 4191
2005 4191 2005 4280 2102 4280 2102 4191
2130 4208 2130 4274 2216 4274 2216 4208
2255 4201 2255 4270 2342 4270 2342 4201
2359 4191 2359 4278 2454 4278 2454 4191
2495 4203 2495 4289 2583 4289 2583 4203
2602 4199 2602 4289 2674 4289 2674 4199
2695 4210 2695 4286 2791 4286 2791 4210
2829 4192 2829 4282 2921 4282 2921 4192
2933 4193 2933 4298 3027 4298 3027 4193
3047 4199 3047 4287 3142 4287 3142 4199
3158 4205 3158 4271 3242 4271 3242 4205
3265 4209 3265 4304 3345 4304 3345 4209
3355 4212 3355 4296 3439 4296 3439 4212
3459 4212 3459 4292 3532 4292 3532 4212
3557 4216 3557 4308 3639 4308 3639 4216
3683 4208 3683 4310 3762 4310 3762 4208
3806 4219 3806 4301 3884 4301 3884 4219
3920 4214 3920 4308 4015 4308 4015 4214
4043 4225 4043 4300 4136 4300 4136 4225
4176 4222 4176 4303 4262 4303 4262 4222
4291 4223 4291 4321 4373 4321 4373 4223
4394 4221 4394 4316 4488 4316 4488 4221
4515 4234 4515 4311 4617 4311 4617 4234
4630 4226 4630 4319 4715 4319 4715 4226
4736 4223 4736 4302 4837 4302 4837 4223
4858 4223 4858 4319 4955 4319 4955 4223
4978 4234 4978 4313 5068 4313 5068 4234
5087 4226 5087 4320 5180 4320 5180 4226
5233 4227 5233 4316 5308 4316 5308 4227
5364 4240 5364 4316 5415 4316 5415 4240
5459 4243 5459 4319 5555 4319 5555 4243
5578 4243 5578 4306 5692 4306 5692 4243
5702 4231 5702 4309 5800 4309 5800 4231
5835 4243 5835 4317 5914 4317 5914 4243
5940 4234 5940 4321 6029 4321 6029 4234
6069 4249 6069 4323 6124 4323 6124 4249
6152 4242 6152 4310 6229 4310 6229 4242
142 4295 142 4369 223 4369 223 4295
243 4289 243 4371 329 4371 329 4289
358 4295 358 4381 438 4381 438 4295
475 4295 475 4376 558 4376 558 4295
602 4295 602 4372 659 4372 659 4295
714 4292 714 4384 789 4384 789 4292
835 4295 835 4384 921 4384 921 4295
955 4304 955 4385 1052 4385 1052 4304
1078 4303 1078 4394 1158 4394 1158 4303
1188 4305 1188 4389 1274 4389 1274 4305
1315 4315 1315 4390 1397 4390 1397 4315
1419 4315 1419 4398 1500 4398 1500 4315
1529 4304 1529 4405 1617 4405 1617 4304
1658 4297 1658 4393 1752 4393 1752 4297
1769 4315 1769 4394 1851 4394 1851 4315
1896 4310 1896 4376 1950 4376 1950 4310
2011 4317 2011 4400 2100 4400 2100 4317
2130 4325 2130 4400 2210 4400 2210 4325
2251 4318 2251 4401 2340 4401 2340 4318
2370 4316 2370 4417 2456 4417 2456 4316
2495 4328 2495 4412 2587 4412 2587 4328
2596 4326 2596 4406 2687 4406 2687 4326
2705 4326 2705 4409 2806 4409 2806 4326
2830 4328 2830 4420 2877 4420 2877 4328
2911 4342 2911 4412 3013 4412 3013 4342
3035 4328 3035 4424 3123 4424 3123 4328
3142 4323 3142 4421 3237 4421 3237 4323
3245 4330 3245 4422 3320 4422 3320 4330
3347 4328 3347 4430 3425 4430 3425 4328
3456 4340 3456 4419 3528 4419 3528 4340
3561 4339 3561 4432 3653 4432 3653 4339
3680 4348 3680 4427 3764 4427 3764 4348
3816 4335 3816 4430 3906 4430 3906 4335
3916 4339 3916 4420 4024 4420 4024 4339
4057 4341 4057 4421 4117 4421 4117 4341
4173 4348 4173 4430 4265 4430 4265 4348
4284 4353 4284 4432 4365 4432 4365 4353
4379 4334 4379 4430 4488 4430 4488 4334
4521 4341 4521 4441 4610 4441 4610 4341
4621 4347 4621 4451 4713 4451 4713 4347
4755 4345 4755 4440 4841 4440 4841 4345
4873 4353 4873 4437 4934 4437 4934 4353
4974 4354 4974 4426 5055 4426 5055 4354
5095 4355 5095 4424 5179 4424 5179 4355
5220 4349 5220 4427 5320 4427 5320 4349
5361 4362 5361 4430 5436 4430 5436 4362
5476 4358 5476 4427 5536 4427 5536 4358
5583 4367 5583 4435 5667 4435 5667 4367
5708 4355 5708 4437 5791 4437 5791 4355
5847 4347 5847 4437 5918 4437 5918 4347
5948 4361 5948 4433 6025 4433 6025 4361
6053 4352 6053 4441 6138 4441 6138 4352
6160 4361 6160 4432 6250 4432 6250 4361
137 4410 137 4486 223 4486 223 4410
229 4416 229 4488 335 4488 335 4416
359 4414 359 4493 444 4493 444 4414
471 4423 471 4493 556 4493 556 4423
595 4416 595 4497 654 4497 654 4416
705 4427 705 4499 797 4499 797 4427
848 4431 848 4505 918 4505 918 4431
966 4418 966 4501 1045 4501 1045 4418
1073 4424 1073 4497 1162 4497 1162 4424
1198 4423 1198 4495 1254 4495 1254 4423
1312 4427 1312 4514 1401 4514 1401 4427
1432 4431 1432 4506 1490 4506 1490 4431
1534 4429 1534 4527 1614 4527 1614 4429
1645 4436 1645 4509 1731 4509 1731 4436
1762 4437 1762 4518 1852 4518 1852 4437
1885 4437 1885 4505 1967 4505 1967 4437
2001 4437 2001 4518 2087 4518 2087 4437
2125 4435 2125 4517 2212 4517 2212 4435
2247 4440 2247 4522 2342 4522 2342 4440
2362 4446 2362 4522 2451 4522 2451 4446
2492 4454 2492 4533 2572 4533 2572 4454
2577 4450 2577 4534 2661 4534 2661 4450
2664 4451 2664 4536 2698 4536 2698 4451
2709 4451 2709 4535 2816 4535 2816 4451
2822 4436 2822 4537 2905 4537 2905 4436
2918 4442 2918 4540 3010 4540 3010 4442
3038 4441 3038 4537 3114 4537 3114 4441
3161 4458 3161 4530 3225 4530 3225 4458
3246 4452 3246 4534 3327 4534 3327 4452
3347 4463 3347 4540 3430 4540 3430 4463
3456 4456 3456 4535 3540 4535 3540 4456
3571 4458 3571 4536 3622 4536 3622 4458
3679 4459 3679 4550 3781 4550 3781 4459
3811 4460 3811 4551 3895 4551 3895 4460
3923 4451 3923 4550 4015 4550 4015 4451
4037 4459 4037 4546 4127 4546 4127 4459
4156 4461 4156 4543 4252 4543 4252 4461
4277 4461 4277 4552 4366 4552 4366 4461
4395 4467 4395 4544 4475 4544 4475 4467
4523 4461 4523 4568 4601 4568 4601 4461
4635 4482 4635 4556 4695 4556 4695 4482
4730 4483 4730 4554 4827 4554 4827 4483
4877 4467 4877 4552 4959 4552 4959 4467
4978 4482 4978 4553 5067 4553 5067 4482
5104 4463 5104 4556 5175 4556 5175 4463
5217 4475 5217 4547 5311 4547 5311 4475
5352 4467 5352 4544 5431 4544 5431 4467
5450 4467 5450 4550 5558 4550 5558 4467
5573 4470 5573 4550 5671 4550 5671 4470
5709 4469 5709 4563 5790 4563 5790 4469
5829 4473 5829 4545 5908 4545 5908 4473
5941 4481 5941 4557 6017 4557 6017 4481
6061 4475 6061 4547 6117 4547 6117 4475
6167 4478 6167 4569 6245 4569 6245 4478
239 4518 239 4606 336 4606 336 4518
357 4522 357 4610 438 4610 438 4522
470 4529 470 4616 568 4616 568 4529
598 4534 598 4608 676 4608 676 4534
699 4530 699 4609 814 4609 814 4530
848 4534 848 4614 931 4614 931 4534
956 4534 956 4614 1044 4614 1044 4534
1077 4530 1077 4617 1166 4617 1166 4530
1203 4543 1203 4610 1259 4610 1259 4543
1306 4542 1306 4612 1385 4612 1385 4542
1424 4541 1424 4609 1497 4609 1497 4541
1527 4539 1527 4619 1616 4619 1616 4539
1661 4546 1661 4623 1736 4623 1736 4546
1757 4548 1757 4618 1812 4618 1812 4548
1824 4546 1824 4619 1873 4619 1873 4546
1889 4545 1889 4635 1978 4635 1978 4545
1991 4558 1991 4624 2101 4624 2101 4558
2119 4551 2119 4640 2206 4640 2206 4551
2258 4556 2258 4631 2340 4631 2340 4556
2368 4543 2368 4639 2439 4639 2439 4543
2486 4555 2486 4640 2575 4640 2575 4555
2605 4561 2605 4650 2707 4650 2707 4561
2702 4564 2702 4637 2801 4637 2801 4564
2812 4567 2812 4650 2905 4650 2905 4567
2898 4581 2898 4643 3020 4643 3020 4581
3036 4559 3036 4650 3128 4650 3128 4559
3153 4575 3153 4642 3243 4642 3243 4575
3258 4566 3258 4638 3349 4638 3349 4566
3347 4570 3347 4642 3458 4642 3458 4570
3471 4568 3471 4656 3546 4656 3546 4568
3560 4575 3560 4653 3653 4653 3653 4575
3679 4572 3679 4653 3778 4653 3778 4572
3812 4567 3812 4643 3902 4643 3902 4567
3932 4572 3932 4652 4026 4652 4026 4572
4040 4576 4040 4656 4142 4656 4142 4576
4171 4568 4171 4662 4239 4662 4239 4568
4283 4579 4283 4658 4360 4658 4360 4579
4409 4580 4409 4666 4461 4666 4461 4580
4510 4582 4510 4665 4618 4665 4618 4582
4636 4577 4636 4653 4691 4653 4691 4577
4726 4577 4726 4660 4840 4660 4840 4577
4871 4589 4871 4670 4950 4670 4950 4589
4976 4576 4976 4660 5063 4660 5063 4576
5102 4577 5102 4671 5188 4671 5188 4577
5238 4577 5238 4661 5320 4661 5320 4577
5345 4583 5345 4671 5426 4671 5426 4583
5445 4594 5445 4661 5540 4661 5540 4594
5572 4582 5572 4667 5665 4667 5665 4582
5713 4590 5713 4664 5773 4664 5773 4590
5801 4595 5801 4668 5926 4668 5926 4595
5932 4586 5932 4679 6027 4679 6027 4586
6041 4585 6041 4679 6127 4679 6127 4585
6156 4601 6156 4668 6255 4668 6255 4601
228 4647 228 4720 325 4720 325 4647
355 4660 355 4716 433 4716 433 4660
473 4651 473 4724 559 4724 559 4651
589 4647 589 4737 673 4737 673 4647
709 4647 709 4726 797 4726 797 4647
839 4652 839 4732 920 4732 920 4652
955 4658 955 4729 1044 4729 1044 4658
1074 4647 1074 4751 1151 4751 1151 4647
1177 4659 1177 4732 1283 4732 1283 4659
1316 4649 1316 4737 1399 4737 1399 4649
1412 4653 1412 4736 1509 4736 1509 4653
1540 4657 1540 4738 1593 4738 1593 4657
1655 4656 1655 4752 1740 4752 1740 4656
1773 4665 1773 4736 1845 4736 1845 4665
1895 4671 1895 4739 1969 4739 1969 4671
2009 4655 2009 4751 2102 4751 2102 4655
2140 4670 2140 4749 2216 4749 2216 4670
2258 4669 2258 4759 2328 4759 2328 4669
2371 4677 2371 4749 2446 4749 2446 4677
2480 4667 2480 4759 2567 4759 2567 4667
2604 4670 2604 4754 2691 4754 2691 4670
2707 4666 2707 4751 2792 4751 2792 4666
2806 4679 2806 4755 2900 4755 2900 4679
2920 4683 2920 4771 3009 4771 3009 4683
3037 4673 3037 4763 3129 4763 3129 4673
3149 4681 3149 4759 3239 4759 3239 4681
3262 4678 3262 4755 3322 4755 3322 4678
3342 4681 3342 4758 3431 4758 3431 4681
3450 4687 3450 4766 3550 4766 3550 4687
3565 4695 3565 4762 3652 4762 3652 4695
3692 4692 3692 4755 3770 4755 3770 4692
3808 4679 3808 4760 3889 4760 3889 4679
3926 4691 3926 4769 4017 4769 4017 4691
4053 4692 4053 4767 4139 4767 4139 4692
4152 4689 4152 4765 4259 4765 4259 4689
4285 4683 4285 4783 4368 4783 4368 4683
4398 4695 4398 4774 4481 4774 4481 4695
4500 4688 4500 4782 4605 4782 4605 4688
4618 4698 4618 4783 4715 4783 4715 4698
4751 4703 4751 4779 4826 4779 4826 4703
4845 4698 4845 4776 4956 4776 4956 4698
4976 4701 4976 4784 5068 4784 5068 4701
5096 4693 5096 4775 5188 4775 5188 4693
5231 4697 5231 4777 5300 4777 5300 4697
5351 4694 5351 4779 5444 4779 5444 4694
5471 4701 5471 4794 5544 4794 5544 4701
5572 4696 5572 4784 5666 4784 5666 4696
5699 4700 5699 4782 5793 4782 5793 4700
5819 4697 5819 4787 5905 4787 5905 4697
5932 4698 5932 4795 6001 4795 6001 4698
6044 4716 6044 4788 6139 4788 6139 4716
6160 4700 6160 4810 6258 4810 6258 4700
244 4753 244 4838 324 4838 324 4753
143 4755 143 4844 228 4844 228 4755
359 4759 359 4837 445 4837 445 4759
455 4768 455 4844 572 4844 572 4768
585 4760 585 4837 664 4837 664 4760
713 4763 713 4856 799 4856 799 4763
827 4761 827 4844 926 4844 926 4761
951 4760 951 4847 1030 4847 1030 4760
1075 4762 1075 4845 1160 4845 1160 4762
1198 4769 1198 4846 1257 4846 1257 4769
1306 4777 1306 4847 1392 4847 1392 4777
1410 4761 1410 4854 1496 4854 1496 4761
1520 4775 1520 4845 1623 4845 1623 4775
1657 4761 1657 4844 1736 4844 1736 4761
1767 4777 1767 4848 1851 4848 1851 4777
1898 4767 1898 4851 1978 4851 1978 4767
2022 4777 2022 4858 2084 4858 2084 4777
2132 4765 2132 4855 2199 4855 2199 4765
2263 4780 2263 4844 2328 4844 2328 4780
2368 4780 2368 4859 2461 4859 2461 4780
2484 4780 2484 4848 2560 4848 2560 4780
2605 4773 2605 4856 2695 4856 2695 4773
2714 4778 2714 4875 2796 4875 2796 4778
2820 4782 2820 4875 2902 4875 2902 4782
2916 4797 2916 4864 3008 4864 3008 4797
3041 4777 3041 4863 3102 4863 3102 4777
3144 4783 3144 4869 3235 4869 3235 4783
3251 4794 3251 4861 3333 4861 3333 4794
3348 4799 3348 4876 3425 4876 3425 4799
3449 4797 3449 4871 3538 4871 3538 4797
3568 4794 3568 4891 3652 4891 3652 4794
3689 4798 3689 4877 3772 4877 3772 4798
3819 4793 3819 4882 3872 4882 3872 4793
3918 4800 3918 4886 4003 4886 4003 4800
4039 4802 4039 4882 4131 4882 4131 4802
4172 4801 4172 4892 4250 4892 4250 4801
4268 4805 4268 4877 4358 4877 4358 4805
4396 4799 4396 4882 4480 4882 4480 4799
4515 4807 4515 4875 4600 4875 4600 4807
4625 4808 4625 4881 4709 4881 4709 4808
4747 4797 4747 4887 4835 4887 4835 4797
4864 4798 4864 4885 4949 4885 4949 4798
4999 4807 4999 4894 5052 4894 5052 4807
5094 4814 5094 4886 5189 4886 5189 4814
5224 4800 5224 4890 5312 4890 5312 4800
5343 4814 5343 4890 5436 4890 5436 4814
5463 4808 5463 4890 5548 4890 5548 4808
5592 4814 5592 4887 5643 4887 5643 4814
5699 4808 5699 4900 5783 4900 5783 4808
5818 4808 5818 4895 5908 4895 5908 4808
5930 4827 5930 4890 6020 4890 6020 4827
6052 4817 6052 4897 6102 4897 6102 4817
6139 4822 6139 4895 6229 4895 6229 4822
6264 4829 6264 4897 6347 4897 6347 4829
132 4859 132 4952 215 4952 215 4859
245 4862 245 4939 302 4939 302 4862
354 4861 354 4948 437 4948 437 4861
474 4862 474 4954 559 4954 559 4862
589 4868 589 4954 673 4954 673 4868
709 4868 709 4964 791 4964 791 4868
963 4877 963 4956 1016 4956 1016 4877
1052 4875 1052 4961 1153 4961 1153 4875
1192 4866 1192 4966 1270 4966 1270 4866
1303 4885 1303 4954 1404 4954 1404 4885
1425 4885 1425 4981 1515 4981 1515 4885
1543 4878 1543 4962 1594 4962 1594 4878
1641 4890 1641 4962 1743 4962 1743 4890
1761 4872 1761 4960 1854 4960 1854 4872
1890 4886 1890 4961 1978 4961 1978 4886
2001 4900 2001 4968 2106 4968 2106 4900
2128 4886 2128 4967 2213 4967 2213 4886
2250 4890 2250 4973 2324 4973 2324 4890
2368 4888 2368 4979 2447 4979 2447 4888
2487 4891 2487 4977 2544 4977 2544 4891
2592 4891 2592 4970 2673 4970 2673 4891
2689 4910 2689 4979 2805 4979 2805 4910
2815 4890 2815 4974 2902 4974 2902 4890
2921 4897 2921 4981 3005 4981 3005 4897
3025 4898 3025 4977 3118 4977 3118 4898
3161 4894 3161 4979 3215 4979 3215 4894
3236 4896 3236 4971 3334 4971 3334 4896
3352 4896 3352 4983 3434 4983 3434 4896
3442 4902 3442 4981 3525 4981 3525 4902
3564 4902 3564 4992 3651 4992 3651 4902
3697 4900 3697 4985 3755 4985 3755 4900
3804 4901 3804 5002 3886 5002 3886 4901
3918 4911 3918 4985 3993 4985 3993 4911
4031 4907 4031 4985 4130 4985 4130 4907
4177 4918 4177 4994 4224 4994 4224 4918
4276 4915 4276 5008 4366 5008 4366 4915
4398 4922 4398 4989 4479 4989 4479 4922
4530 4906 4530 5001 4581 5001 4581 4906
4618 4896 4618 4996 4711 4996 4711 4896
4748 4922 4748 5000 4819 5000 4819 4922
4854 4907 4854 5002 4954 5002 4954 4907
4991 4915 4991 4990 5069 4990 5069 4915
5091 4915 5091 4989 5202 4989 5202 4915
5214 4913 5214 5002 5305 5002 5305 4913
5354 4925 5354 5000 5430 5000 5430 4925
5457 4926 5457 5000 5567 5000 5567 4926
5578 4917 5578 5003 5660 5003 5660 4917
5699 4928 5699 5020 5784 5020 5784 4928
5817 4913 5817 5013 5893 5013 5893 4913
5926 4925 5926 5008 6012 5008 6012 4925
6035 4940 6035 5010 6143 5010 6143 4940
6149 4934 6149 5013 6234 5013 6234 4934
6258 4932 6258 5001 6332 5001 6332 4932
243 4980 243 5053 318 5053 318 4980
345 4982 345 5063 432 5063 432 4982
477 4973 477 5063 559 5063 559 4973
585 4976 585 5069 669 5069 669 4976
711 4987 711 5053 784 5053 784 4987
831 4991 831 5057 907 5057 907 4991
956 4988 956 5073 1040 5073 1040 4988
1054 4994 1054 5072 1165 5072 1165 4994
1197 4998 1197 5083 1277 5083 1277 4998
1306 4990 1306 5072 1391 5072 1391 4990
1422 5007 1422 5071 1493 5071 1493 5007
1516 4996 1516 5069 1618 5069 1618 4996
1651 5001 1651 5085 1740 5085 1740 5001
1760 4994 1760 5060 1853 5060 1853 4994
1894 4991 1894 5071 1966 5071 1966 4991
2012 4992 2012 5071 2093 5071 2093 4992
2123 4993 2123 5083 2212 5083 2212 4993
2252 4993 2252 5086 2327 5086 2327 4993
2374 5002 2374 5086 2437 5086 2437 5002
2493 5002 2493 5073 2566 5073 2566 5002
2598 5002 2598 5085 2696 5085 2696 5002
2831 5011 2831 5091 2882 5091 2882 5011
2910 5004 2910 5098 3001 5098 3001 5004
3015 5006 3015 5086 3111 5086 3111 5006
3164 5011 3164 5096 3215 5096 3215 5011
3245 5010 3245 5104 3326 5104 3326 5010
3361 5004 3361 5111 3421 5111 3421 5004
3450 5010 3450 5105 3527 5105 3527 5010
3558 5009 3558 5095 3644 5095 3644 5009
3676 5029 3676 5114 3772 5114 3772 5029
3801 5015 3801 5104 3886 5104 3886 5015
4028 5030 4028 5103 4114 5103 4114 5030
4181 5022 4181 5107 4252 5107 4252 5022
4288 5022 4288 5116 4370 5116 4370 5022
4403 5029 4403 5112 4488 5112 4488 5029
4507 5033 4507 5112 4614 5112 4614 5033
4626 5024 4626 5105 4701 5105 4701 5024
4746 5040 4746 5103 4820 5103 4820 5040
4871 5023 4871 5112 4944 5112 4944 5023
4984 5020 4984 5105 5062 5105 5062 5020
5100 5033 5100 5113 5209 5113 5209 5033
5227 5043 5227 5110 5314 5110 5314 5043
5344 5039 5344 5116 5428 5116 5428 5039
5443 5039 5443 5106 5568 5106 5568 5039
5581 5029 5581 5119 5668 5119 5668 5029
5695 5038 5695 5114 5782 5114 5782 5038
5795 5049 5795 5125 5913 5125 5913 5049
5928 5041 5928 5121 6020 5121 6020 5041
6037 5041 6037 5117 6114 5117 6114 5041
6158 5047 6158 5132 6245 5132 6245 5047
6270 5039 6270 5130 6324 5130 6324 5039
235 5102 235 5193 319 5193 319 5102
352 5111 352 5182 430 5182 430 5111
476 5109 476 5195 555 5195 555 5109
589 5107 589 5183 663 5183 663 5107
699 5107 699 5189 791 5189 791 5107
832 5111 832 5191 921 5191 921 5111
944 5102 944 5179 1047 5179 1047 5102
1066 5107 1066 5203 1149 5203 1149 5107
1184 5107 1184 5190 1272 5190 1272 5107
1297 5115 1297 5197 1407 5197 1407 5115
1416 5100 1416 5194 1501 5194 1501 5100
1512 5101 1512 5204 1611 5204 1611 5101
1645 5110 1645 5193 1736 5193 1736 5110
1770 5120 1770 5195 1852 5195 1852 5120
1888 5116 1888 5197 1979 5197 1979 5116
2005 5123 2005 5197 2085 5197 2085 5123
2119 5115 2119 5201 2211 5201 2211 5115
2230 5120 2230 5189 2321 5189 2321 5120
2354 5114 2354 5208 2444 5208 2444 5114
2466 5119 2466 5206 2579 5206 2579 5119
2597 5132 2597 5211 2681 5211 2681 5132
2702 5125 2702 5206 2799 5206 2799 5125
2813 5119 2813 5195 2894 5195 2894 5119
2929 5126 2929 5214 2990 5214 2990 5126
3039 5130 3039 5224 3120 5224 3120 5130
3139 5135 3139 5210 3261 5210 3261 5135
3264 5127 3264 5206 3315 5206 3315 5127
3352 5133 3352 5229 3435 5229 3435 5133
3449 5135 3449 5219 3525 5219 3525 5135
3549 5146 3549 5211 3665 5211 3665 5146
3700 5133 3700 5236 3774 5236 3774 5133
3798 5158 3798 5229 3888 5229 3888 5158
3916 5144 3916 5229 4022 5229 4022 5144
4042 5135 4042 5237 4131 5237 4131 5135
4156 5133 4156 5222 4243 5222 4243 5133
4288 5152 4288 5223 4366 5223 4366 5152
4410 5147 4410 5214 4464 5214 4464 5147
4517 5140 4517 5240 4608 5240 4608 5140
4620 5142 4620 5231 4717 5231 4717 5142
4733 5144 4733 5235 4829 5235 4829 5144
4864 5140 4864 5231 4952 5231 4952 5140
4987 5140 4987 5238 5060 5238 5060 5140
5103 5148 5103 5230 5192 5230 5192 5148
5218 5155 5218 5238 5313 5238 5313 5155
5336 5158 5336 5235 5424 5235 5424 5158
5448 5170 5448 5233 5539 5233 5539 5170
5563 5152 5563 5238 5678 5238 5678 5152
5695 5140 5695 5245 5778 5245 5778 5140
5806 5162 5806 5238 5898 5238 5898 5162
5930 5155 5930 5245 6016 5245 6016 5155
6034 5159 6034 5238 6121 5238 6121 5159
6145 5149 6145 5234 6234 5234 6234 5149
358 5225 358 5297 434 5297 434 5225
479 5222 479 5318 558 5318 558 5222
589 5218 589 5310 674 5310 674 5218
716 5222 716 5310 781 5310 781 5222
819 5222 819 5304 930 5304 930 5222
950 5234 950 5306 1048 5306 1048 5234
1071 5225 1071 5316 1157 5316 1157 5225
1204 5225 1204 5304 1257 5304 1257 5225
1300 5228 1300 5301 1391 5301 1391 5228
1425 5230 1425 5305 1496 5305 1496 5230
1525 5235 1525 5316 1624 5316 1624 5235
1647 5244 1647 5320 1744 5320 1744 5244
1768 5233 1768 5312 1868 5312 1868 5233
1906 5234 1906 5320 1954 5320 1954 5234
2004 5231 2004 5325 2098 5325 2098 5231
2128 5237 2128 5316 2214 5316 2214 5237
2246 5241 2246 5341 2329 5341 2329 5241
2367 5219 2367 5336 2450 5336 2450 5219
2500 5241 2500 5327 2554 5327 2554 5241
2589 5254 2589 5328 2684 5328 2684 5254
2705 5252 2705 5327 2789 5327 2789 5252
2806 5244 2806 5325 2907 5325 2907 5244
2922 5244 2922 5335 3006 5335 3006 5244
3030 5250 3030 5328 3144 5328 3144 5250
3158 5254 3158 5332 3242 5332 3242 5254
3263 5245 3263 5335 3342 5335 3342 5245
3348 5251 3348 5330 3429 5330 3429 5251
3445 5238 3445 5324 3535 5324 3535 5238
3577 5249 3577 5348 3671 5348 3671 5249
3683 5257 3683 5337 3765 5337 3765 5257
3807 5259 3807 5346 3887 5346 3887 5259
3916 5267 3916 5333 4003 5333 4003 5267
4055 5265 4055 5341 4133 5341 4133 5265
4172 5267 4172 5338 4248 5338 4248 5267
4280 5259 4280 5352 4370 5352 4370 5259
4399 5259 4399 5354 4478 5354 4478 5259
4523 5259 4523 5350 4603 5350 4603 5259
4622 5272 4622 5369 4706 5369 4706 5272
4738 5274 4738 5348 4818 5348 4818 5274
4868 5270 4868 5348 4910 5348 4910 5270
4968 5281 4968 5361 5072 5361 5072 5281
5096 5274 5096 5351 5188 5351 5188 5274
5219 5272 5219 5351 5309 5351 5309 5272
5356 5274 5356 5369 5440 5369 5440 5274
5464 5287 5464 5356 5546 5356 5546 5287
5589 5281 5589 5357 5645 5357 5645 5281
5702 5285 5702 5356 5773 5356 5773 5285
5807 5280 5807 5362 5892 5362 5892 5280
5921 5283 5921 5360 6038 5360 6038 5283
6047 5269 6047 5353 6115 5353 6115 5269
6155 5281 6155 5358 6232 5358 6232 5281
6268 5275 6268 5369 6360 5369 6360 5275
348 5334 348 5423 435 5423 435 5334
478 5336 478 5422 559 5422 559 5336
594 5331 594 5431 668 5431 668 5331
697 5328 697 5413 794 5413 794 5328
822 5327 822 5436 915 5436 915 5327
946 5344 946 5425 1044 5425 1044 5344
1080 5342 1080 5431 1134 5431 1134 5342
1193 5346 1193 5433 1278 5433 1278 5346
1307 5355 1307 5430 1379 5430 1379 5355
1404 5341 1404 5438 1501 5438 1501 5341
1535 5352 1535 5431 1611 5431 1611 5352
1652 5352 1652 5445 1747 5445 1747 5352
1787 5351 1787 5429 1840 5429 1840 5351
1889 5358 1889 5429 1958 5429 1958 5358
2014 5359 2014 5429 2087 5429 2087 5359
2115 5339 2115 5450 2214 5450 2214 5339
2262 5360 2262 5453 2337 5453 2337 5360
2370 5362 2370 5444 2454 5444 2454 5362
2495 5364 2495 5436 2564 5436 2564 5364
2608 5361 2608 5454 2694 5454 2694 5361
2701 5361 2701 5444 2801 5444 2801 5361
2820 5368 2820 5441 2897 5441 2897 5368
2917 5360 2917 5444 3001 5444 3001 5360
3039 5360 3039 5445 3085 5445 3085 5360
3153 5367 3153 5446 3238 5446 3238 5367
3347 5370 3347 5445 3434 5445 3434 5370
3466 5377 3466 5450 3538 5450 3538 5377
3577 5373 3577 5452 3627 5452 3627 5373
3678 5387 3678 5458 3779 5458 3779 5387
3808 5368 3808 5450 3892 5450 3892 5368
3931 5378 3931 5461 4012 5461 4012 5378
4042 5378 4042 5456 4139 5456 4139 5378
4159 5376 4159 5448 4259 5448 4259 5376
4280 5373 4280 5470 4374 5470 4374 5373
4398 5388 4398 5459 4474 5459 4474 5388
4503 5389 4503 5464 4609 5464 4609 5389
4619 5380 4619 5460 4706 5460 4706 5380
4742 5380 4742 5458 4826 5458 4826 5380
4863 5389 4863 5472 4943 5472 4943 5389
4960 5396 4960 5468 5082 5468 5082 5396
5101 5388 5101 5466 5190 5466 5190 5388
5222 5376 5222 5467 5307 5467 5307 5376
5342 5397 5342 5467 5426 5467 5426 5397
5467 5390 5467 5472 5526 5472 5526 5390
5568 5384 5568 5470 5671 5470 5671 5384
5696 5399 5696 5461 5785 5461 5785 5399
5821 5391 5821 5467 5906 5467 5906 5391
5923 5385 5923 5467 6008 5467 6008 5385
6039 5385 6039 5464 6125 5464 6125 5385
6158 5387 6158 5473 6225 5473 6225 5387
6249 5395 6249 5457 6352 5457 6352 5395
# Transcript
AF****IOSEIPENAGAQHITYC*ITOY
ITAPERITHNHTIWNEIANKAITONALLO
**KAITAELLOIPATWNLIQINWNTEICWNM
*SKEYASQWSINEPISKEYAZHTAIDEKAIT*
*DEDOCQAITOISNOMOQETAISTOYSMENARCI
FASSYGGRAUANTASKAQEKASTONTWNERGWN
EISKAITOGGRAMMATEAPARALABONTASEKT
ANAYTOKAQAYTOPERITOYTWNTHNDEBOYLH*
*IASDANCEIROTONHSEIHBOYLHKATATAYTA
TALANTWNERGASYNTWIEPIFYLHNDIDOME
MHQHITATEICHOPWSDANKAICRHMATAEIST*
NENIAYTONEKASTONEKTOYPROTEROYNOMOEI
NTOYDIAMESOYCWMATOSARXAMENONAPOTOY
KAIMHANHLWTAIEISTATEICHYPARCEINDEKA
KONTARCOYSEPEIDHOYGIGNETAIHAIRESISA
TASYPERESIASPARATOESSAMWIEKTOYENIAY
*DANEISQENTOSEKTWNTEICOPOIIKWNTALANT*
ELLEIPHIEISTADEKATALANTAMERIZEINTOY
EISFEREINDEKAITOYSMETOIKOYSTOEKTONME
*AYPARCONTACRHMATAENTWIDETWINOMWITEIC
*EPITHSPEMPTHSTHNDETRITHNPITHSENATHS*
*MELEIANTWNTEICWNKAITONANTIGRAFEATAAN*
NATHSPRYTANEIASPROTHSKATABOLHSOPWSDAN*
**GISMENWNTWGCRHMATWNEIDOTESKATABALLWSIN*
*MIASKAITOYSEPIMELHTASTWMMETOIKIKWNYMMORI*
*SKATABOLHSTWGCRHMATWNMIANHMERANPERITOYLOGISM
**NHTAIHOFEILEINEKASTONTWMPROEDRWNEKATONDRACMAS
RASEXAQHNAIWNAPANTWNOITINESEPIMELHSONTAITWNERGWN
**ANEXERGAZWNTAIOIMISQOSAMENOIKATATONENIAYTONEKAS
ATERWIAYTWNTREISOBOLOYSTHSHMERASEKTWNTEICOPOI****TOY
SHIRHMENOISEPITATEICHHGEMONIANDIKASTHRIOYOTAMPARAG
HEXERGAZWNTAIEINAIKATAYTWNTASAYTASTIMWRIASKAQAPERPER
YSMETATWNTEICOPOIWNKAITWNTAMIWNKAITWMMAKRWNTEICWNKAI
AZWNTAITAERGAKAIEITINESTWMMISQWSAMENWNHEGGYHSAMENWN*
TOYTOYSEISTODIKASTHRIONTHNDEBOYLHNTHNAEIBOYLEYOYSAN*
NMIANHMERANTHSPRYTANEIASEKASTHSBOYLHSEDRANPERITWNTEIC
OYSHIRHMENOYSKAITOYSTAMIASTHSQEOKAITOYSTEICOPOIOYSOTA
GWNDIDONAIEISANAQHMATHIMENBOYLHIPENTAKOSIASDRACMASTOIS*
*SEKTWNTEICOPOIIKWNCRHMATWNOPWSDANKAIOILIMENESKLEIWNTA*
*ATHSPOLEWSMISQOFOROYNTASKAIALLONTOMBOYLOMENONSYGGRAF*
HITWNSYGGRAFWNCEIROTONHSAIKAQASTINASANDOKHIAYTHIEGDIDO
PITHNE*IMELEIANTWNTEICWNEPIMELEISQAIKAITOYTWNTWNERGWNO
THSPOLEWSTODEARGYRION*INAIEISTAYAEKTWNCRHMATWNTWNTEI
ROTONHMENWNYPOTOYDHMOTOISMISQOSAMENOISTAERGALAMBANON
*OSTIMWNIDOALAIEYSFILODHMOSAYTOKLEOYSEROIADHSDIODWROS
*GGRAFAI TOY TEICOYS TOY MONIC POIWN TA METWPA TWN KLIMAKTHRW