# Baseline angle
-0.016009368330595297
# Boxes: x1 y1 x2 y2 x3 y3 x4 y4
742 343 742 456 837 456 837 343
863 339 863 443 963 443 963 339
981 334 981 438 1093 438 1093 334
1123 325 1123 431 1221 431 1221 325
1267 332 1267 419 1364 419 1364 332
1379 297 1379 410 1500 410 1500 297
1524 310 1524 403 1618 403 1618 310
1640 303 1640 388 1766 388 1766 303
616 507 616 594 724 594 724 507
749 484 749 591 849 591 849 484
869 477 869 574 967 574 967 477
1000 476 1000 559 1097 559 1097 476
1118 454 1118 554 1226 554 1226 454
1262 445 1262 551 1374 551 1374 445
1400 452 1400 539 1504 539 1504 452
1532 427 1532 542 1629 542 1629 427
1669 414 1669 524 1763 524 1763 414
1305 1089 1305 1218 1409 1218 1409 1089
1451 1091 1451 1195 1547 1195 1547 1091
1577 1090 1577 1193 1691 1193 1691 1090
1707 1098 1707 1192 1806 1192 1806 1098
1839 1068 1839 1172 1941 1172 1941 1068
1994 1052 1994 1169 2077 1169 2077 1052
2110 1072 2110 1159 2215 1159 2215 1072
2237 1045 2237 1144 2358 1144 2358 1045
2380 1033 2380 1134 2485 1134 2485 1033
2496 1027 2496 1122 2636 1122 2636 1027
2658 1012 2658 1105 2747 1105 2747 1012
2924 999 2924 1083 3023 1083 3023 999
3049 992 3049 1086 3149 1086 3149 992
3326 964 3326 1066 3430 1066 3430 964
907 1131 907 1229 1014 1229 1014 1131
785 1245 785 1372 910 1372 910 1245
917 1260 917 1364 1026 1364 1026 1260
1040 1250 1040 1337 1145 1337 1145 1250
1314 1218 1314 1335 1428 1335 1428 1218
1458 1215 1458 1322 1556 1322 1556 1215
1591 1201 1591 1312 1698 1312 1698 1201
1714 1193 1714 1301 1816 1301 1816 1193
1857 1194 1857 1295 1957 1295 1957 1194
2110 1162 2110 1256 2236 1256 2236 1162
2254 1150 2254 1263 2345 1263 2345 1150
2395 1151 2395 1243 2497 1243 2497 1151
3068 1103 3068 1193 3162 1193 3162 1103
3196 1096 3196 1203 3296 1203 3296 1096
3323 1083 3323 1187 3432 1187 3432 1083
3466 1077 3466 1178 3560 1178 3560 1077
660 1396 660 1499 773 1499 773 1396
801 1397 801 1493 900 1493 900 1397
922 1382 922 1498 1040 1498 1040 1382
1170 1373 1170 1465 1304 1465 1304 1373
1341 1366 1341 1462 1415 1462 1415 1366
1462 1358 1462 1444 1559 1444 1559 1358
1584 1329 1584 1440 1688 1440 1688 1329
1717 1320 1717 1432 1822 1432 1822 1320
1867 1314 1867 1408 1958 1408 1958 1314
1980 1316 1980 1409 2128 1409 2128 1316
2259 1297 2259 1406 2357 1406 2357 1297
2386 1279 2386 1388 2489 1388 2489 1279
2533 1281 2533 1385 2641 1385 2641 1281
2788 1277 2788 1368 2890 1368 2890 1277
668 1518 668 1639 768 1639 768 1518
798 1517 798 1622 909 1622 909 1517
933 1514 933 1611 1030 1611 1030 1514
1197 1481 1197 1594 1298 1594 1298 1481
1348 1465 1348 1578 1443 1578 1443 1465
1460 1481 1460 1581 1569 1581 1569 1481
1593 1469 1593 1570 1698 1570 1698 1469
1717 1463 1717 1552 1819 1552 1819 1463
1849 1454 1849 1542 1948 1542 1948 1454
2007 1449 2007 1543 2120 1543 2120 1449
2146 1440 2146 1538 2253 1538 2253 1440
2397 1425 2397 1512 2500 1512 2500 1425
2674 1392 2674 1499 2790 1499 2790 1392
2805 1389 2805 1485 2905 1485 2905 1389
3079 1383 3079 1465 3177 1465 3177 1383
3205 1351 3205 1452 3315 1452 3315 1351
3336 1330 3336 1447 3446 1447 3446 1330
3481 1334 3481 1438 3588 1438 3588 1334
3604 1331 3604 1435 3723 1435 3723 1331
3742 1311 3742 1428 3848 1428 3848 1311
3879 1314 3879 1413 3990 1413 3990 1314
4023 1305 4023 1394 4129 1394 4129 1305
2283 1425 2283 1522 2356 1522 2356 1425
683 1667 683 1760 788 1760 788 1667
796 1646 796 1761 896 1761 896 1646
935 1640 935 1737 1032 1737 1032 1640
1053 1641 1053 1736 1192 1736 1192 1641
1336 1629 1336 1726 1442 1726 1442 1629
1472 1609 1472 1702 1583 1702 1583 1609
1597 1590 1597 1698 1712 1698 1712 1590
1862 1578 1862 1679 1976 1679 1976 1578
2011 1567 2011 1663 2143 1663 2143 1567
2264 1558 2264 1646 2373 1646 2373 1558
2401 1550 2401 1652 2528 1652 2528 1550
2548 1531 2548 1637 2658 1637 2658 1531
2689 1528 2689 1615 2791 1615 2791 1528
2811 1491 2811 1616 2924 1616 2924 1491
2955 1509 2955 1605 3072 1605 3072 1509
3083 1494 3083 1603 3191 1603 3191 1494
3210 1483 3210 1578 3349 1578 3349 1483
3361 1478 3361 1569 3458 1569 3458 1478
3474 1450 3474 1564 3584 1564 3584 1450
3745 1452 3745 1543 3857 1543 3857 1452
3885 1450 3885 1532 4007 1532 4007 1450
682 1780 682 1884 789 1884 789 1780
812 1782 812 1888 904 1888 904 1782
946 1770 946 1874 1061 1874 1061 1770
1081 1760 1081 1864 1195 1864 1195 1760
1201 1739 1201 1868 1306 1868 1306 1739
1356 1745 1356 1847 1474 1847 1474 1745
1607 1721 1607 1832 1714 1832 1714 1721
1733 1720 1733 1820 1849 1820 1849 1720
1879 1701 1879 1800 1988 1800 1988 1701
2018 1698 2018 1795 2135 1795 2135 1698
2155 1697 2155 1795 2248 1795 2248 1697
2272 1686 2272 1776 2410 1776 2410 1686
2421 1680 2421 1776 2522 1776 2522 1680
2559 1656 2559 1764 2671 1764 2671 1656
2823 1633 2823 1746 2929 1746 2929 1633
3099 1628 3099 1727 3203 1727 3203 1628
3219 1610 3219 1721 3346 1721 3346 1610
3370 1611 3370 1697 3480 1697 3480 1611
3493 1591 3493 1705 3600 1705 3600 1591
3624 1596 3624 1697 3741 1697 3741 1596
3737 1565 3737 1687 3868 1687 3868 1565
3885 1564 3885 1675 4000 1675 4000 1564
3241 1743 3241 1852 3342 1852 3342 1743
3377 1753 3377 1841 3480 1841 3480 1753
3645 1749 3645 1820 3763 1820 3763 1749
3772 1708 3772 1803 3883 1803 3883 1708
4045 1692 4045 1766 4157 1766 4157 1692
4183 1684 4183 1778 4285 1778 4285 1684
1605 1860 1605 1966 1732 1966 1732 1860
695 2048 695 2145 795 2145 795 2048
836 2037 836 2142 946 2142 946 2037
964 2036 964 2135 1069 2135 1069 2036
1081 2032 1081 2128 1205 2128 1205 2032
1224 2012 1224 2110 1331 2110 1331 2012
1373 2007 1373 2098 1476 2098 1476 2007
1503 1994 1503 2099 1602 2099 1602 1994
1616 1991 1616 2083 1722 2083 1722 1991
1759 1965 1759 2045 1861 2045 1861 1965
1884 1954 1884 2075 2000 2075 2000 1954
2039 1954 2039 2060 2154 2060 2154 1954
2176 1962 2176 2053 2282 2053 2282 1962
2302 1955 2302 2055 2417 2055 2417 1955
2430 1938 2430 2038 2532 2038 2532 1938
2716 1913 2716 2011 2837 2011 2837 1913
2842 1902 2842 2008 2954 2008 2954 1902
2974 1900 2974 1994 3085 1994 3085 1900
3110 1894 3110 1989 3232 1989 3232 1894
3254 1894 3254 1986 3357 1986 3357 1894
3915 1831 3915 1922 4034 1922 4034 1831
4211 1808 4211 1905 4305 1905 4305 1808
4334 1806 4334 1898 4440 1898 4440 1806
4462 1801 4462 1898 4562 1898 4562 1801
692 2173 692 2262 809 2262 809 2173
970 2135 970 2239 1061 2239 1061 2135
1100 2129 1100 2229 1202 2229 1202 2129
1385 2112 1385 2205 1471 2205 1471 2112
1508 2111 1508 2200 1611 2200 1611 2111
1630 2098 1630 2204 1744 2204 1744 2098
1768 2096 1768 2187 1864 2187 1864 2096
1918 2080 1918 2179 2019 2179 2019 2080
2052 2089 2052 2174 2161 2174 2161 2089
2185 2068 2185 2162 2297 2162 2297 2068
2444 2055 2444 2151 2550 2151 2550 2055
2715 2038 2715 2132 2830 2132 2830 2038
2990 2014 2990 2110 3104 2110 3104 2014
3127 2009 3127 2105 3248 2105 3248 2009
3263 2007 3263 2100 3375 2100 3375 2007
3391 2000 3391 2094 3511 2094 3511 2000
3527 1986 3527 2076 3633 2076 3633 1986
3760 1839 3760 1952 3879 1952 3879 1839
3776 1948 3776 2063 3876 2063 3876 1948
3930 1945 3930 2054 4030 2054 4030 1945
4077 1955 4077 2041 4178 2041 4178 1955
4209 1935 4209 2048 4320 2048 4320 1935
4340 1929 4340 2018 4447 2018 4447 1929
968 2248 968 2366 1063 2366 1063 2248
1079 2256 1079 2349 1231 2349 1231 2256
1380 2229 1380 2329 1488 2329 1488 2229
1518 2230 1518 2320 1626 2320 1626 2230
1637 2203 1637 2315 1761 2315 1761 2203
1779 2201 1779 2308 1887 2308 1887 2201
1922 2194 1922 2308 2022 2308 2022 2194
2059 2192 2059 2286 2167 2286 2167 2192
2180 2188 2180 2276 2298 2276 2298 2188
2312 2183 2312 2276 2423 2276 2423 2183
2446 2179 2446 2265 2551 2265 2551 2179
2605 2167 2605 2261 2672 2261 2672 2167
2729 2151 2729 2247 2840 2247 2840 2151
2852 2138 2852 2246 2968 2246 2968 2138
2994 2131 2994 2236 3109 2236 3109 2131
3268 2107 3268 2218 3373 2218 3373 2107
3402 2118 3402 2201 3514 2201 3514 2118
3537 2093 3537 2198 3652 2198 3652 2093
3658 2088 3658 2183 3758 2183 3758 2088
3803 2076 3803 2174 3910 2174 3910 2076
3918 2067 3918 2174 4036 2174 4036 2067
4083 2082 4083 2166 4206 2166 4206 2082
4220 2068 4220 2166 4338 2166 4338 2068
4365 2066 4365 2146 4483 2146 4483 2066
4483 2030 4483 2127 4583 2127 4583 2030
852 2413 852 2505 957 2505 957 2413
976 2406 976 2518 1086 2518 1086 2406
1095 2390 1095 2498 1218 2498 1218 2390
1524 2380 1524 2464 1637 2464 1637 2380
1642 2352 1642 2457 1762 2457 1762 2352
1779 2361 1779 2466 1884 2466 1884 2361
2062 2341 2062 2437 2170 2437 2170 2341
2179 2318 2179 2433 2306 2433 2306 2318
2324 2326 2324 2426 2441 2426 2441 2326
2452 2324 2452 2407 2580 2407 2580 2324
2718 2289 2718 2403 2833 2403 2833 2289
2856 2296 2856 2388 2978 2388 2978 2296
2998 2273 2998 2375 3113 2375 3113 2273
3136 2258 3136 2364 3250 2364 3250 2258
3256 2252 3256 2359 3390 2359 3390 2252
3409 2254 3409 2342 3531 2342 3531 2254
3662 2245 3662 2328 3802 2328 3802 2245
3799 2222 3799 2315 3924 2315 3924 2222
3950 2206 3950 2306 4067 2306 4067 2206
4091 2200 4091 2291 4200 2291 4200 2200
4222 2172 4222 2282 4340 2282 4340 2172
4365 2180 4365 2269 4482 2269 4482 2180
863 2563 863 2642 980 2642 980 2563
1397 2516 1397 2603 1516 2603 1516 2516
1537 2511 1537 2592 1639 2592 1639 2511
1652 2509 1652 2603 1775 2603 1775 2509
1786 2490 1786 2589 1900 2589 1900 2490
1917 2475 1917 2588 2051 2588 2051 2475
2084 2475 2084 2571 2198 2571 2198 2475
2203 2460 2203 2570 2316 2570 2316 2460
2331 2445 2331 2542 2440 2542 2440 2445
2459 2449 2459 2549 2589 2549 2589 2449
2605 2442 2605 2537 2726 2537 2726 2442
2755 2430 2755 2538 2840 2538 2840 2430
2865 2405 2865 2515 2981 2515 2981 2405
3001 2407 3001 2493 3118 2493 3118 2407
3139 2401 3139 2481 3270 2481 3270 2401
3281 2395 3281 2476 3387 2476 3387 2395
3441 2375 3441 2474 3510 2474 3510 2375
3546 2375 3546 2466 3665 2466 3665 2375
3679 2356 3679 2463 3791 2463 3791 2356
3814 2354 3814 2441 3925 2441 3925 2354
3958 2329 3958 2441 4066 2441 4066 2329
4091 2315 4091 2428 4215 2428 4215 2315
4245 2316 4245 2412 4354 2412 4354 2316
4357 2295 4357 2418 4473 2418 4473 2295
4491 2289 4491 2408 4605 2408 4605 2289
744 2821 744 2911 861 2911 861 2821
857 2800 857 2916 973 2916 973 2800
1005 2801 1005 2898 1122 2898 1122 2801
1130 2797 1130 2891 1240 2891 1240 2797
1667 2774 1667 2849 1775 2849 1775 2774
1792 2747 1792 2851 1907 2851 1907 2747
1939 2743 1939 2846 2051 2846 2051 2743
2083 2742 2083 2824 2193 2824 2193 2742
2221 2729 2221 2822 2319 2822 2319 2729
2344 2726 2344 2811 2474 2811 2474 2726
2470 2704 2470 2801 2599 2801 2599 2704
2893 2685 2893 2779 3009 2779 3009 2685
3015 2664 3015 2767 3124 2767 3124 2664
3146 2668 3146 2765 3272 2765 3272 2668
3289 2671 3289 2731 3402 2731 3402 2671
3435 2647 3435 2734 3562 2734 3562 2647
3974 2606 3974 2695 4086 2695 4086 2606
4123 2595 4123 2701 4231 2701 4231 2595
4261 2580 4261 2670 4377 2670 4377 2580
1026 2949 1026 3033 1122 3033 1122 2949
1275 2918 1275 3021 1389 3021 1389 2918
1422 2909 1422 3005 1518 3005 1518 2909
1557 2898 1557 2998 1666 2998 1666 2898
1675 2891 1675 2993 1786 2993 1786 2891
3574 2650 3574 2746 3666 2746 3666 2650
3698 2625 3698 2723 3800 2723 3800 2625
2095 2884 2095 2971 2203 2971 2203 2884
2199 2858 2199 2972 2330 2972 2330 2858
2347 2867 2347 2952 2470 2952 2470 2867
2481 2848 2481 2958 2599 2958 2599 2848
2626 2840 2626 2934 2747 2934 2747 2840
2767 2839 2767 2941 2877 2941 2877 2839
2904 2817 2904 2911 3016 2911 3016 2817
3035 2810 3035 2897 3142 2897 3142 2810
3303 2798 3303 2883 3417 2883 3417 2798
3432 2770 3432 2885 3555 2885 3555 2770
3583 2767 3583 2866 3666 2866 3666 2767
3711 2775 3711 2858 3828 2858 3828 2775
3822 2730 3822 2851 3958 2851 3958 2730
3982 2740 3982 2839 4098 2839 4098 2740
4132 2733 4132 2832 4252 2832 4252 2733
4273 2729 4273 2820 4384 2820 4384 2729
4397 2699 4397 2811 4522 2811 4522 2699
4528 2687 4528 2797 4631 2797 4631 2687
1143 3049 1143 3147 1261 3147 1261 3049
1288 3046 1288 3148 1390 3148 1390 3046
1825 3005 1825 3119 1926 3119 1926 3005
1804 2881 1804 2992 1919 2992 1919 2881
1950 2877 1950 2980 2071 2980 2071 2877
2112 2989 2112 3090 2216 3090 2216 2989
2240 2986 2240 3090 2334 3090 2334 2986
2345 2978 2345 3066 2488 3066 2488 2978
2501 2973 2501 3067 2616 3067 2616 2973
2627 2960 2627 3041 2753 3041 2753 2960
2779 2958 2779 3055 2883 3055 2883 2958
2926 2934 2926 3034 3019 3034 3019 2934
3055 2941 3055 3025 3168 3025 3168 2941
3178 2915 3178 3021 3297 3021 3297 2915
3313 2904 3313 3001 3431 3001 3431 2904
3445 2895 3445 2999 3564 2999 3564 2895
3716 2892 3716 2967 3850 2967 3850 2892
3984 2877 3984 2951 4116 2951 4116 2877
4145 2851 4145 2957 4251 2957 4251 2851
4286 2845 4286 2936 4397 2936 4397 2845
4419 2840 4419 2929 4529 2929 4529 2840
4554 2821 4554 2914 4658 2914 4658 2821
1159 3180 1159 3284 1265 3284 1265 3180
1296 3182 1296 3275 1399 3275 1399 3182
2107 3138 2107 3220 2208 3220 2208 3138
2360 3098 2360 3215 2475 3215 2475 3098
2515 3112 2515 3190 2618 3190 2618 3112
2640 3085 2640 3186 2751 3186 2751 3085
2788 3087 2788 3180 2891 3180 2891 3087
3205 3064 3205 3155 3309 3155 3309 3064
3324 3058 3324 3143 3427 3143 3427 3058
3590 3040 3590 3127 3708 3127 3708 3040
3863 3007 3863 3099 3991 3099 3991 3007
4005 2992 4005 3087 4118 3087 4118 2992
4152 3012 4152 3082 4267 3082 4267 3012
4279 2964 4279 3076 4399 3076 4399 2964
4435 2949 4435 3049 4530 3049 4530 2949
4568 2953 4568 3048 4675 3048 4675 2953
3336 3179 3336 3289 3435 3289 3435 3179
3489 3181 3489 3271 3590 3271 3590 3181
3598 3167 3598 3274 3715 3274 3715 3167
3731 3171 3731 3255 3848 3255 3848 3171
3885 3160 3885 3256 4007 3256 4007 3160
4036 3144 4036 3241 4097 3241 4097 3144
4162 3135 4162 3234 4276 3234 4276 3135
4310 3118 4310 3215 4416 3215 4416 3118
4430 3105 4430 3208 4567 3208 4567 3105
4572 3092 4572 3206 4676 3206 4676 3092
3341 3304 3341 3427 3437 3427 3437 3304
3486 3310 3486 3412 3589 3412 3589 3310
3621 3306 3621 3414 3735 3414 3735 3306
3750 3293 3750 3388 3860 3388 3860 3293
4015 3281 4015 3375 4137 3375 4137 3281
4181 3269 4181 3362 4284 3362 4284 3269
4321 3255 4321 3346 4447 3346 4447 3255
4463 3255 4463 3349 4565 3349 4565 3255
4574 3243 4574 3334 4717 3334 4717 3243
3506 3433 3506 3528 3608 3528 3608 3433
3631 3441 3631 3533 3747 3533 3747 3441
3775 3420 3775 3531 3880 3531 3880 3420
3900 3427 3900 3510 4007 3510 4007 3427
4035 3404 4035 3506 4147 3506 4147 3404
4188 3410 4188 3489 4293 3489 4293 3410
3653 3553 3653 3662 3745 3662 3745 3553
3777 3546 3777 3656 3881 3656 3881 3546
4051 3552 4051 3630 4165 3630 4165 3552
4195 3527 4195 3619 4309 3619 4309 3527
4592 3382 4592 3465 4702 3465 4702 3382
4472 3513 4472 3615 4602 3615 4602 3513
4617 3513 4617 3596 4744 3596 4744 3513
3673 3712 3673 3779 3787 3779 3787 3712
3795 3698 3795 3777 3895 3777 3895 3698
3911 3686 3911 3770 4029 3770 4029 3686
4058 3660 4058 3765 4163 3765 4163 3660
4200 3661 4200 3759 4310 3759 4310 3661
4348 3665 4348 3739 4462 3739 4462 3665
4626 3624 4626 3713 4732 3713 4732 3624
3805 3801 3805 3904 3915 3904 3915 3801
3939 3803 3939 3905 4050 3905 4050 3803
4088 3780 4088 3897 4162 3897 4162 3780
4207 3767 4207 3894 4317 3894 4317 3767
4369 3762 4369 3865 4472 3865 4472 3762
4491 3732 4491 3855 4602 3855 4602 3732
4642 3749 4642 3829 4747 3829 4747 3749
3953 3932 3953 4020 4057 4020 4057 3932
4080 3938 4080 4021 4203 4021 4203 3938
4233 3916 4233 4016 4337 4016 4337 3916
4368 3912 4368 4001 4486 4001 4486 3912
4530 3880 4530 3981 4609 3981 4609 3880
3965 4039 3965 4146 4067 4146 4067 4039
4102 4039 4102 4140 4195 4140 4195 4039
4248 4038 4248 4129 4336 4129 4336 4038
4525 3998 4525 4114 4636 4114 4636 3998
4256 4158 4256 4260 4339 4260 4339 4158
4379 4156 4379 4245 4501 4245 4501 4156
2091 654 2091 749 2187 749 2187 654
1969 793 1969 884 2074 884 2074 793
1693 816 1693 900 1787 900 1787 816
3525 1752 3525 1828 3616 1828 3616 1752
1968 3146 1968 3230 2066 3230 2066 3146
1064 1504 1064 1598 1158 1598 1158 1504
1805 542 1805 642 1893 642 1893 542
1948 535 1948 641 2055 641 2055 535
2073 525 2073 638 2171 638 2171 525
2187 512 2187 625 2300 625 2300 512
607 625 607 727 722 727 722 625
751 606 751 722 853 722 853 606
875 601 875 719 985 719 985 601
1001 582 1001 701 1097 701 1097 582
1137 577 1137 687 1237 687 1237 577
1263 553 1263 681 1389 681 1389 553
1401 571 1401 677 1526 677 1526 571
1524 558 1524 660 1618 660 1618 558
622 749 622 851 713 851 713 749
611 867 611 988 733 988 733 867
633 998 633 1100 725 1100 725 998
631 1132 631 1237 745 1237 745 1132
748 738 748 840 843 840 843 738
870 728 870 837 968 837 968 728
1003 717 1003 837 1108 837 1108 717
1134 719 1134 818 1231 818 1231 719
1285 697 1285 803 1390 803 1390 697
1551 677 1551 784 1640 784 1640 677
1659 663 1659 779 1779 779 1779 663
1804 663 1804 765 1905 765 1905 663
1949 652 1949 760 2050 760 2050 652
2188 655 2188 765 2308 765 2308 655
757 856 757 984 872 984 872 856
999 842 999 952 1131 952 1131 842
1145 843 1145 947 1270 947 1270 843
1278 835 1278 953 1396 953 1396 835
1427 819 1427 934 1520 934 1520 819
1560 798 1560 918 1659 918 1659 798
1808 794 1808 901 1935 901 1935 794
2092 761 2092 873 2188 873 2188 761
772 993 772 1099 838 1099 838 993
882 988 882 1099 992 1099 992 988
1013 979 1013 1094 1142 1094 1142 979
1153 968 1153 1086 1268 1086 1268 968
1318 972 1318 1067 1410 1067 1410 972
1430 937 1430 1057 1512 1057 1512 937
1547 947 1547 1068 1678 1068 1678 947
1693 935 1693 1060 1787 1060 1787 935
1807 928 1807 1035 1928 1035 1928 928
1947 913 1947 1035 2088 1035 2088 913
2108 900 2108 1017 2213 1017 2213 900
2248 883 2248 1010 2338 1010 2338 883
2360 865 2360 1002 2463 1002 2463 865
2500 865 2500 997 2593 997 2593 865
2627 877 2627 975 2736 975 2736 877
2764 867 2764 978 2876 978 2876 867
2337 616 2337 757 2460 757 2460 616
2219 773 2219 872 2319 872 2319 773
2346 765 2346 852 2471 852 2471 765
2499 756 2499 857 2567 857 2567 756
794 1133 794 1228 846 1228 846 1133
1036 1126 1036 1213 1113 1213 1113 1126
1169 1121 1169 1226 1271 1226 1271 1121
2754 988 2754 1096 2899 1096 2899 988
3196 976 3196 1075 3264 1075 3264 976
660 1263 660 1385 757 1385 757 1263
1161 1234 1161 1349 1268 1349 1268 1234
1985 1174 1986.7365435835136 1282.461195125737 2078 1281 2076.2634564164864 1172.538804874263
2526 1133 2527.6221906506735 1234.318929374544 2610 1233 2608.3778093493265 1131.681070625456
2141 1285 2142.950641604417 1406.8333485468518 2195 1406 2193.049358395583 1284.1666514531482
2679 1235 2681.4225223009107 1386.3061154756165 2763 1385 2760.5774776990893 1233.6938845243835
2911 1255 2912.557277886384 1352.264602111717 3054 1350 3052.442722113616 1252.735397888283
3195 1225 3196.5970968900847 1324.7516210216293 3306 1323 3304.4029031099153 1223.2483789783707
3329 1235 3330.1886127713174 1309.2384832392142 3470 1307 3468.8113872286826 1232.7615167607858
3472 1200 3473.707349375268 1306.637780644746 3576 1305 3574.292650624732 1198.362219355254
3594 1200 3595.8255464777867 1314.0201458910105 3722 1312 3720.1744535222133 1197.9798541089895
2535 1393 2536.841157953169 1507.9952088227492 2599 1507 2597.158842046831 1392.0047911772508
2928 1384 2929.6542039166825 1487.318416818587 3012 1486 3010.3457960833175 1382.681583181413
1213 1631 1214.4758244518237 1723.1771761793082 1288 1722 1286.5241755481763 1629.8228238206918
1731 1586 1732.9167169942227 1705.714482196049 1840 1704 1838.0832830057773 1584.285517803951
2155 1554 2156.7332119697926 1662.253108896675 2235 1661 2233.2667880302074 1552.746891103325
4007 1427 4008.811077512653 1540.1164419670174 4141 1538 4139.188922487347 1424.8835580329826
1483 1729 1484.7355184715993 1837.3971685937179 1572 1836 1570.2644815284007 1727.6028314062821
2703 1638 2704.955254608031 1760.1214679409375 2775 1759 2773.044745391969 1636.8785320590625
2934 1622 2935.8934171794835 1740.2592202741675 3077 1738 3075.1065828205165 1619.7407797258325
4015 1543 4017.3005025100238 1686.6849924158319 4185 1684 4182.699497489976 1540.3150075841681
4188 1534 4190.054369741802 1662.3120098691231 4272 1661 4269.945630258198 1532.6879901308769
1192 1879 1193.7772703007938 1990.0049080919414 1319 1988 1317.2227296992062 1876.9950919080586
1472 1860 1473.8082584548893 1972.940369003965 1595 1971 1593.1917415451107 1858.059630996035
1747 1842 1748.7721447412227 1952.6847754318462 1854 1951 1852.2278552587773 1840.3152245681538
2015 1815 2017.1454228599032 1948.9990136984347 2142 1947 2139.8545771400973 1813.0009863015653
2147 1804 2149.032095038977 1930.920774479261 2269 1929 2266.967904961023 1802.079225520739
2546 1804 2547.723356008273 1911.6375243667676 2650 1910 2648.276643991727 1802.3624756332324
2671 1795 2672.6391049972576 1897.3753671528575 2821 1895 2819.3608950027424 1792.6246328471425
2823 1792 2824.4548311388917 1882.8659739544696 2941 1881 2939.5451688611083 1790.1340260455304
2952 1781 2953.3450912096655 1865.0118275973623 3079 1863 3077.6549087903345 1778.9881724026377
3098 1745 3099.7169490588094 1852.237358541649 3177 1851 3175.2830509411906 1743.762641458351
2578 1935 2579.588895994771 2034.2394087654775 2657 2033 2655.411104005229 1933.7605912345225
4063 1797 4064.913129102523 1916.4903893339822 4158 1915 4156.086870897477 1795.5096106660178
3624 1853 3625.4375431159942 1942.7861970674244 3737 1941 3735.5624568840058 1851.2138029325756
837 2149 838.8645966475516 2265.4591449019085 930 2264 928.1354033524484 2147.5408550980915
1211 2128 1212.556765330427 2225.2325888457076 1352 2223 1350.443234669573 2125.7674111542924
2334 2062 2335.6180902030164 2163.062823246468 2402 2162 2400.3819097969836 2060.937176753532
2589 2044 2590.6501034690264 2147.062310690511 2657 2146 2655.3498965309736 2042.9376893094893
2866 2010 2867.9069784310377 2129.1062301418683 2937 2128 2935.0930215689623 2008.8937698581317
3672 1955 3673.950641604417 2076.833348546852 3726 2076 3724.049358395583 1954.1666514531482
725 2264 726.957817387816 2386.2815342709846 807 2385 805.042182612184 2262.7184657290154
4485 1921 4486.508862829747 2015.2406901553702 4564 2014 4562.491137170253 1919.7593098446298
1240 2251 1241.8021077834037 2363.556209811851 1339 2362 1337.1978922165963 2249.443790188149
3142 2123 3143.7990324476614 2235.3641302157944 3229 2234 3227.2009675523386 2121.6358697842056
2599 2279 2600.9229850640427 2399.1059738638896 2670 2398 2668.0770149359573 2277.8940261361104
3537 2229 3538.7365435835136 2337.461195125737 3630 2336 3628.2634564164864 2227.538804874263
683 2409 684.7480760925484 2518.181493610951 821 2516 819.2519239074516 2406.818506389049
1235 2368 1236.917742106137 2487.7785087280677 1348 2486 1346.082257893863 2366.2214912719323
1369 2348 1371.2409501019745 2487.9654627645536 1494 2486 1491.7590498980255 2346.0345372354464
1912 2343 1913.88880417587 2460.9711008800823 2037 2459 2035.11119582413 2341.0288991199177
4494 2166 4495.625778542373 2267.543022236611 4592 2266 4590.374221457627 2164.456977763389
1533 2768 1534.7081182092038 2874.6858005437603 1640 2873 1638.2918817907962 2766.3141994562397
2621 2680 2622.976130522628 2803.425337690049 2712 2802 2710.023869477372 2678.574662309951
4404 2543 4406.184729307646 2679.4540193423377 4497 2678 4494.815270692354 2541.5459806576623
4510 2548 4511.712731212818 2654.973919937846 4635 2653 4633.287268787182 2546.026080062154
877 2928 879.3488960853509 3074.7075626906276 986 3073 983.6511039146491 2926.2924373093724
1154 2921 1155.5894085507282 3020.271422031487 1235 3019 1233.4105914492718 2919.728577968513
3157 2785 3158.518857670911 2879.8649488425553 3275 2878 3273.481142329089 2783.1350511574447
3877 2866 3878.5868457709425 2965.111355701439 3948 2964 3946.4131542290575 2864.888644298561
1948 3003 1949.7713759072872 3113.636755532832 2052 3112 2050.228624092713 3001.363244467168
1019 3050 1021.0600078573298 3178.6641557952275 1125 3177 1122.9399921426702 3048.3358442047725
907 3080 908.7670191816518 3190.3646427717513 994 3189 992.2329808183482 3078.6353572282487
1438 3032 1439.9062095971021 3151.058210242854 1506 3150 1504.0937904028979 3030.941789757146
1672 3007 1673.893417179484 3125.2592202741675 1815 3123 1813.106582820516 3004.7407797258325
3833 2592 3835.0912522894037 2722.615623340256 3936 2721 3933.9087477105963 2590.384376659744
4618 2280 4620.325457390968 2425.2436266114687 4698 2424 4695.674542609032 2278.7563733885313
2735 2667 2737.068977586579 2796.224387950394 2876 2794 2873.931022413421 2664.775612049606
3487 3025 3489.3071442561563 3169.0998231924045 3558 3168 3555.6928557438437 3023.9001768075955
3732 2987 3734.3460770275865 3133.5314897275757 3830 3132 3827.6539229724135 2985.4685102724243
3056 3055 3057.744744478827 3163.973407381889 3181 3162 3179.255255521173 3053.026592618111
1543 3014 1544.9215862758151 3134.018608223139 1671 3132 1669.0784137241849 3011.981391776861
3584 2873 3585.887522785977 2990.891067715058 3704 2989 3702.112477214023 2871.108932284942
1014 3177 1016.2076554460723 3314.885942155487 1134 3313 1131.792344553928 3175.114057844513
1674 3129 1676.169235230599 3264.4862888863254 1769 3263 1766.830764769401 3127.5137111136746
1806 3133 1808.1454228599032 3266.9990136984343 1933 3265 1930.8545771400968 3131.0009863015657
1392 3165 1394.3661841082485 3312.7873395776733 1506 3311 1503.6338158917515 3163.2126604223267
1529 3152 1531.1015034085456 3283.2558886604465 1672 3281 1669.8984965914544 3149.7441113395535
2234 3113 2235.655997862533 3216.43046324962 2325 3215 2323.344002137467 3111.56953675038
2938 3063 2940.084589061961 3193.1994508821326 3015 3192 3012.915410938039 3061.8005491178674
3220 3167 3222.069863818849 3296.279740325135 3302 3295 3299.930136181151 3165.720259674865
3909 3275 3910.827970377928 3389.17153806378 3984 3388 3982.172029622072 3273.82846193622
4329 3367 4330.918510940072 3486.826528627082 4445 3485 4443.081489059928 3365.173471372918
4458 3356 4460.203811276395 3493.645842660416 4563 3492 4560.796188723605 3354.354157339584
4352 3510 4353.764968957823 3620.2365897077134 4431 3619 4429.235031042177 3508.7634102922866
3900 3537 3901.711449822925 3643.8938867728225 4020 3642 4018.288550177075 3535.1061132271775
4515 3626 4516.3604464070695 3710.9708838960964 4577 3710 4575.6395535929305 3625.0291161039036
4638 3867 4639.7685568495235 3977.46068256978 4731 3976 4729.2314431504765 3865.53931743022
4390 4019 4391.620652982802 4120.222889576516 4468 4119 4466.379347017198 4017.7771104234844
4520 4132 4521.998544105097 4256.825247237189 4636 4255 4634.001455894903 4130.174752762811
4303 1673 4304.587240928566 1772.1360364917218 4438 1770 4436.412759071434 1670.8639635082782
# Transcript
*EIEROYKA*
OSTATTOYS****
ONTESEP*MELHT
TOQEAT*ONAPEFH
HS*MONGEGONENAI
EIANTOYQEATROYEPA**
EINIOYEKKERAMEWNTONIE
OYKAISTEFANWSAI***ONEP
NAS*WICRYSWISTEFAN*IAPO
RETHSENEKAKAIDIKAIOSYNHSKA
AYTWITONTAMIANTOYDHMOYAAA
EISQYSIANEKTWNEISTAKATAUHFI*
****K*MEN*NT**DHMWITONDE*RAM
TONKATAPRYTANEIANANA**AUAITOD
FISM*AENSTHLHILIQINHIKAISTHSAI*
I*RWITOYASKLHPIOYEISDETHNANAG*
THSSTHLHSDOYNAITONTAMIANTOYDH*
D*ACMASOQENOINOMOIKELEYOYSI
EYET**NAYTOKLEIDOYSFHTTIOSEIP
NOIEREYSTOYASKLHPIOYTOYENAST
IPERITWNIERWNWNEQYENTWIASKLH
I TOIS ALLOIS QEOIS TOIS MET AYTO
IBOYLHITOYS
*REYEINENTW
*NPROSAGAG
*RHMATISA
LLESQAIT
THIBOYL
*AAPAGG
*EROIS
**TOY

# Lines: x1 y1 x2 y2 x3 y3 x4 y4
658 387 1781 347
584 562 1804 471
578 683 2316 562
582 794 2486 678
578 928 2591 811
583 1048 2905 911
611 1168 3433 1010
648 1329 3592 1109
635 1450 3749 1236
624 1576 4182 1352
595 1717 4166 1464
643 1823 4329 1589
1136 1954 4451 1717
665 2076 4582 1839
675 2210 4755 1967
691 2341 4627 2066
643 2469 4736 2188
812 2591 4771 2322
652 2850 4803 2620
681 3013 4723 2738
841 3128 4732 2860
947 3247 4752 3000
3123 3237 4752 3135
3286 3375 4774 3276
3414 3480 4784 3420
3596 3615 4784 3554
3625 3752 4784 3660
3776 3848 4812 3762
3923 3970 4809 3906
3913 4069 4758 4047
4179 4223 4784 4162