# Baseline angle
0.06205355243449562
# Boxes: x1 y1 x2 y2 x3 y3 x4 y4
172 792 155.2072464859395 1062.269678676005 344 1074 360.7927535140605 803.7303213239949
376 812 360.8688876615562 1055.5265226931153 626 1072 641.1311123384438 828.4734773068845
652 828 636.0528722902905 1084.6598192666636 722 1090 737.9471277097095 833.3401807333364
762 818 745.4233321234008 1084.7919050187966 958 1098 974.5766678765991 831.2080949812035
990 852 974.5388834131189 1100.8377506648826 1122 1110 1137.4611165868812 861.1622493351174
1140 878 1126.3012391235422 1098.4736523548495 1344 1112 1357.6987608764578 891.5263476451504
1380 894 1365.5039404977713 1127.305713708905 1602 1142 1616.4960595022287 908.6942862910952
1616 910 1602.6495311690244 1124.8680928413937 1814 1138 1827.3504688309756 923.1319071586065
1826 912 1811.6592211263228 1142.8065615866442 2024 1156 2038.3407788736772 925.1934384133556
2018 928 2003.326311894528 1164.164543589425 2226 1178 2240.6736881054717 941.8354564105749
2242 930 2227.31165532668 1166.400432592347 2414 1178 2428.68834467332 941.599567407653
2898 950 2882.0030926200316 1207.4609943374564 3116 1222 3131.9969073799684 964.5390056625436
3150 972 3135.0787343838524 1212.1491607757378 3358 1226 3372.9212656161476 985.8508392242624
3358 992 3343.2417064192477 1229.5262198981395 3544 1242 3558.7582935807523 1004.4737801018604
3576 1008 3561.429931412692 1242.4968472312682 3650 1248 3664.570068587308 1013.5031527687318
3678 1000 3663.001094069577 1241.398736836868 3898 1256 3912.998905930423 1014.6012631631321
3922 1002 3906.2199045033326 1255.9715321724946 4132 1270 4147.780095496667 1016.0284678275056
4178 1036 4164.1305756813035 1259.2203819877855 4402 1274 4415.8694243186965 1050.7796180122145
4426 1036 4411.689986753698 1266.3114065652937 4632 1280 4646.310013246302 1049.6885934347063
518 1180 502.1191899685258 1435.5924744996378 734 1450 749.8808100314742 1194.4075255003622
742 1180 726.5681965488147 1428.3659726590386 946 1442 961.4318034511853 1193.6340273409614
976 1196 959.9045568227431 1455.0468711413398 1104 1464 1120.0954431772568 1204.9531288586602
1136 1212 1120.5758879556583 1460.2421839037008 1342 1474 1357.4241120443417 1225.7578160962992
1318 1208 1302.5136304550697 1457.2441824541556 1540 1472 1555.4863695449303 1222.7558175458444
1554 1208 1537.5540860397427 1472.6874961780559 1784 1488 1800.4459139602573 1223.3125038219441
1812 1230 1795.9492527721263 1488.3275156248205 2016 1502 2032.0507472278737 1243.6724843751795
1986 1256 1971.2794372076269 1492.9189646292043 2214 1508 2228.720562792373 1271.0810353707957
2208 1240 2192.04154965425 1496.842050560768 2436 1512 2451.95845034575 1255.157949439232
2452 1262 2436.3590760723578 1513.7316460686627 2666 1528 2681.6409239276422 1276.2683539313373
2682 1272 2666.9311451621447 1514.5245241426605 2916 1530 2931.0688548378553 1287.4754758573395
2938 1298 2922.6758762446257 1544.6329300843108 3170 1560 3185.3241237553743 1313.3670699156892
3194 1294 3177.5855779129565 1558.1806526489518 3400 1572 3416.4144220870435 1307.8193473510482
3436 1304 3419.6562530662286 1567.0431768354058 3596 1578 3612.3437469337714 1314.9568231645942
3620 1316 3604.559052650292 1564.513138429883 3886 1582 3901.440947349708 1333.486861570117
3928 1350 3913.6698175165243 1580.6360188002932 4000 1586 4014.3301824834757 1355.3639811997068
4012 1332 3996.374458886045 1583.4840685579875 4230 1598 4245.6255411139555 1346.5159314420125
4224 1344 4208.397533106576 1595.1127022919743 4448 1610 4463.602466893424 1358.8872977080257
4450 1372 4434.3744588860445 1623.4840685579875 4668 1638 4683.6255411139555 1386.5159314420125
476 1554 460.52059561607405 1803.1320822065713 732 1820 747.479404383926 1570.8679177934287
750 1554 734.0136890102328 1811.2904515511054 842 1818 857.9863109897672 1560.7095484488946
862 1552 846.4583381154855 1802.1340807570261 1134 1820 1149.5416618845145 1569.8659192429739
1160 1566 1143.8814826022124 1825.4182374073525 1282 1834 1298.1185173977876 1574.5817625926475
1292 1574 1276.5681965488145 1822.3659726590386 1496 1836 1511.4318034511855 1587.6340273409614
1498 1584 1483.4193350224912 1818.6673900176193 1698 1832 1712.5806649775088 1597.3326099823807
1706 1598 1691.0864257906965 1838.0253720204 1916 1852 1930.9135742093035 1611.9746279796
1932 1608 1917.4263001834954 1842.5552897700352 2166 1858 2180.5736998165044 1623.4447102299648
2224 1616 2208.9864375017287 1857.6346258397898 2408 1870 2423.0135624982713 1628.3653741602102
2422 1626 2407.0340384344695 1866.8685162922573 2554 1876 2568.9659615655305 1635.1314837077427
2566 1624 2549.5324643108906 1889.0354854285622 2726 1900 2742.4675356891094 1634.9645145714378
2744 1634 2729.0402773496344 1874.7681045524262 2942 1888 2956.9597226503656 1647.2318954475738
2974 1648 2958.5681965488147 1896.3659726590386 3178 1910 3193.4318034511853 1661.6340273409614
3210 1650 3194.3751851318843 1901.472380050234 3396 1914 3411.6248148681157 1662.527619949766
3404 1662 3388.336728097666 1914.0913238269227 3580 1926 3595.663271902334 1673.9086761730773
3610 1682 3594.799664999963 1926.6406214911544 3842 1942 3857.200335000037 1697.3593785088456
3832 1684 3817.2893073519886 1920.7601103506067 3966 1930 3980.7106926480114 1693.2398896493933
3986 1690 3970.2843407414393 1942.9344680987795 4084 1950 4099.715659258561 1697.0655319012205
4106 1704 4090.923453755301 1946.648312897998 4338 1962 4353.076546244699 1719.351687102002
4354 1720 4337.801663550418 1980.7028789917429 4584 1996 4600.198336449582 1735.2971210082571
466 1904 448.85895444045735 2179.875238189461 644 2192 661.1410455595427 1916.1247618105388
660 1920 645.2717458007832 2157.0427533845423 886 2172 900.7282541992168 1934.957246615458
852 1924 835.9954012131882 2181.584783092794 1068 2196 1084.0045987868118 1938.4152169072058
1080 1938 1063.6862924477634 2200.5597103218083 1280 2214 1296.3137075522366 1951.4402896781917
1306 1964 1292.115192867616 2187.467959498461 1526 2202 1539.884807132384 1978.5320405015393
1522 1962 1507.527014718302 2194.934347442892 1750 2210 1764.472985281698 1977.0656525571083
1744 1956 1727.2219030537874 2226.033789673083 1952 2240 1968.7780969462126 1969.966210326917
2120 1984 2105.085699544857 2224.0370605281532 2362 2240 2376.914300455143 1999.9629394718468
2378 1996 2362.954945628515 2238.141469368894 2586 2252 2601.045054371485 2009.858530631106
2648 2000 2631.988436052184 2257.6968833403785 2830 2270 2846.011563947816 2012.3031166596215
2852 2004 2835.849264483159 2263.93676944421 3030 2276 3046.150735516841 2016.0632305557897
3030 2010 3013.14644147703 2281.2483002109534 3154 2290 3170.85355852297 2018.7516997890468
3154 2036 3139.1549222064496 2274.9229617301144 3414 2292 3428.8450777935504 2053.0770382698856
3370 1972 3341.320620990164 2433.5780576500283 3670 2454 3698.679379009836 1992.4219423499712
3642 2056 3627.09411719754 2295.9015832650625 3854 2310 3868.90588280246 2070.0984167349375
3874 2062 3858.026166840563 2319.0896280714433 4098 2334 4113.973833159437 2076.9103719285567
808 2336 795.2992405730874 2540.4113948542613 1014 2554 1026.7007594269126 2349.5886051457387
1018 2340 1004.967057587132 2549.7576883492884 1202 2562 1215.0329424128681 2352.2423116507116
1194 2338 1180.890869764535 2548.9838873949116 1326 2558 1339.109130235465 2347.0161126050884
1352 2352 1338.7062760002875 2565.9548175230166 1436 2572 1449.2937239997125 2358.0451824769834
1466 2340 1451.8221931617181 2568.1836207090464 1642 2580 1656.1778068382819 2351.8163792909536
1670 2352 1655.148683291285 2591.023373469945 1864 2604 1878.851316708715 2364.976626530055
1896 2354 1880.8102613901647 2598.470078704803 2002 2606 2017.1897386098353 2361.529921295197
2010 2378 1996.2935477166986 2598.597441110187 2212 2612 2225.706452283301 2391.402558889813
2220 2384 2205.0710429770093 2624.2729495310755 2426 2638 2440.9289570229907 2397.7270504689245
2462 2402 2447.6053812784176 2633.6730828740083 2646 2646 2660.3946187215824 2414.3269171259917
360 2560 342.53228412382737 2841.1328084524107 614 2858 631.4677158761726 2576.8671915475893
606 2634 592.5187772526824 2850.972501682134 770 2862 783.4812227473176 2645.027498317866
768 2630 755.4545212016391 2831.912242732001 950 2844 962.5454787983609 2642.087757267999
926 2656 914.6147684407401 2839.2387328615673 1120 2852 1131.3852315592599 2668.7612671384327
1130 2634 1115.5823070578863 2866.0444491400212 1308 2878 1322.4176929421137 2645.9555508599788
1328 2626 1312.7633867032634 2871.2244997445828 1454 2880 1469.2366132967366 2634.7755002554172
1456 2650 1442.6579488217076 2864.7326155783026 1624 2876 1637.3420511782924 2661.2673844216974
1608 2680 1596.3210424890028 2867.966082579906 1790 2880 1801.6789575109972 2692.033917420094
1762 2680 1750.1573442077683 2870.6007119652572 1998 2886 2009.8426557922317 2695.3992880347428
1994 2674 1979.7921537801828 2902.6670872226437 2130 2912 2144.207846219817 2683.3329127773563
2208 2698 2194.8894172728565 2909.0072644104184 2404 2922 2417.1105827271435 2710.9927355895816
2524 2722 2512.321042489003 2909.966082579906 2706 2922 2717.678957510997 2734.033917420094
2692 2730 2680.4532488970235 2915.8382967236585 2844 2926 2855.5467511029765 2740.1617032763415
2860 2736 2848.988313444271 2913.226741558838 2958 2920 2969.011686555729 2742.773258441162
3040 2728 3026.378879437818 2947.224076293719 3232 2960 3245.621120562182 2740.775923706281
3246 2756 3233.50212213438 2957.146133184468 3376 2966 3388.49787786562 2764.853866815532
3382 2740 3367.660673618002 2970.7831845711376 3516 2980 3530.339326381998 2749.2168154288624
3514 2764 3500.0382787991794 2988.7058470518377 3714 3002 3727.9617212008206 2777.2941529481623
3758 2778 3743.5914509564086 3009.897283369177 3874 3018 3888.4085490435914 2786.102716630823
372 2924 360.25878498841433 3112.968081130361 570 3126 581.7412150115856 2937.031918869639
578 2930 564.8286122639463 3141.9858859453666 726 3152 739.1713877360537 2940.0141140546334
738 2940 725.6559502712526 3138.670358077714 908 3150 920.3440497287474 2951.329641922286
904 2942 891.6951335513103 3140.039725793272 1052 3150 1064.3048664486898 2951.960274206728
1052 2950 1040.2902768616284 3138.4612376012565 1226 3150 1237.7097231383716 2961.5387623987435
1216 2962 1204.390991396435 3148.8402952741135 1384 3160 1395.609008603565 2973.1597047258865
1400 2962 1387.6804769834623 3160.275614796194 1512 3168 1524.3195230165377 2969.724385203806
1530 2970 1517.8280662051702 3165.900251429271 1616 3172 1628.1719337948298 2976.099748570729
1624 2988 1612.4217570238097 3174.345140252763 1800 3186 1811.5782429761903 2999.654859747237
1798 2994 1786.7700490692919 3174.7395807393063 1968 3186 1979.2299509307081 3005.2604192606937
2004 3002 1992.204945140509 3191.834602417725 2188 3204 2199.7950548594913 3014.165397582275
2192 3000 2179.6790244917834 3198.298991811701 2368 3210 2380.3209755082166 3011.701008188299
3488 3062 3476.723174382391 3243.4940017790864 3678 3256 3689.276825617609 3074.5059982209136
346 3226 333.1754518177497 3432.4037034474177 552 3446 564.8245481822503 3239.5962965525823
554 3222 540.8286122639463 3433.9858859453666 702 3444 715.1713877360537 3232.0141140546334
708 3244 695.8566530950268 3439.4401619311807 898 3452 910.1433469049732 3256.5598380688193
896 3238 883.7797390265903 3434.6780494845575 1066 3446 1078.2202609734097 3249.3219505154425
1080 3238 1066.6418397621808 3452.991881596731 1276 3466 1289.3581602378192 3251.008118403269
1266 3258 1253.6090755843516 3457.4247791174935 1456 3470 1468.3909244156484 3270.5752208825065
1460 3262 1448.1426876399205 3452.8366009681795 1660 3466 1671.8573123600795 3275.1633990318205
1686 3276 1674.0580821646402 3468.198277276894 1864 3480 1875.9419178353598 3287.801722723106
1858 3284 1846.7308657892343 3465.3702130237484 2050 3478 2061.2691342107655 3296.6297869762516
2046 3284 2033.245400725182 3489.2779161416247 2238 3502 2250.7545992748182 3296.7220838583753
2230 3298 2217.988133257208 3491.3240645826863 2422 3504 2434.011866742792 3310.6759354173137
# Transcript
EPI ARCONTOS KASIANOY
STRATHGOYNTOS EPI TA O
OI PRYTANEIS THS ADRIAN
EAYTOYS ANEGRAUAN
ADRIANIDOS
AYTOKRATWR MAYR SEBHR*
QEOS ADRIANOSN 
QEOS KOMODOS