# Baseline angle
-0.0035183057116627836
# Boxes: x1 y1 x2 y2 x3 y3 x4 y4
854 630 854.6777372384128 822.6309131445521 1034 822 1033.3222627615871 629.3690868554479
1032 618 1032.655340222251 804.2650866406296 1108 804 1107.344659777749 617.7349133593704
1088 628 1088.6210487020035 804.5185263456542 1236 804 1235.3789512979965 627.4814736543458
1230 624 1230.6839568157834 818.398682126985 1344 818 1343.3160431842166 623.601317873015
1346 638 1346.6280357416626 816.504428482096 1490 816 1489.3719642583374 637.495571517904
1480 616 1480.6709482535377 806.7013034349513 1680 806 1679.3290517464623 615.2986965650487
1676 608 1676.6426287421812 790.6521465888575 1862 790 1861.3573712578188 607.3478534111425
1864 590 1864.7196099626713 794.5322528564923 2016 794 2015.2803900373287 589.4677471435077
2014 590 2014.6562809824752 776.5324756681244 2166 776 2165.343719017525 589.4675243318756
1124 1050 1124.4876265135845 1188.5963988126728 1294 1188 1293.5123734864155 1049.4036011873272
1286 1062 1286.4094817212379 1178.3855745373473 1396 1178 1395.5905182787621 1061.6144254626527
1372 1032 1372.5365357911983 1184.497713767765 1514 1184 1513.4634642088017 1031.502286232235
1650 1008 1650.5079687113614 1152.3781913881198 1758 1152 1757.4920312886386 1007.62180861188
1754 1008 1754.5151042921086 1154.4063128446924 1870 1154 1869.4848957078914 1007.5936871553076
1868 1008 1868.5646820046186 1168.497614740373 2010 1168 2009.4353179953814 1007.5023852596271
1154 1196 1154.466120743951 1328.4838882295348 1292 1328 1291.533879256049 1195.5161117704652
1270 1194 1270.459480300164 1324.5964978400648 1440 1324 1439.540519699836 1193.4035021599352
1430 1188 1430.5083648209297 1332.490776241802 1570 1332 1569.4916351790703 1187.509223758198
1602 1192 1602.3961760768157 1304.603757205052 1774 1304 1773.6038239231843 1191.396242794948
1750 1160 1750.493945118347 1300.3923140085262 1862 1300 1861.506054881653 1159.6076859914738
1856 1140 1856.5852222571798 1306.335699742661 1952 1306 1951.4147777428202 1139.664300257339
1926 1156 1926.4587871084195 1286.3994743461215 2040 1286 2039.5412128915805 1155.6005256538785
1174 1336 1174.5782847312166 1500.3638707129294 1278 1500 1277.4217152687834 1335.6361292870706
1258 1342 1258.4946383100914 1482.5893375024698 1426 1482 1425.5053616899086 1341.4106624975302
1398 1332 1398.5084886051695 1476.5259590085775 1548 1476 1547.4915113948305 1331.4740409914225
1548 1314 1548.5221656023118 1462.4133246411996 1666 1462 1665.4778343976882 1313.5866753588004
1664 1318 1664.543423803465 1472.4554696907862 1794 1472 1793.456576196535 1317.5445303092138
1782 1312 1782.5082410366895 1456.4555934750263 1912 1456 1911.4917589633105 1311.5444065249737
1892 1300 1892.4453576797575 1426.5824742470506 2058 1426 2057.5546423202422 1299.4175257529494
1158 1508 1158.4801690938132 1644.4768021624836 1294 1644 1293.5198309061868 1507.5231978375164
1284 1508 1284.4875522430402 1646.5752891526072 1448 1646 1447.5124477569598 1507.4247108473928
1434 1490 1434.515500401677 1636.5188976983743 1582 1636 1581.484499598323 1489.4811023016257
1628 1480 1628.4588613789635 1610.4205840061868 1748 1610 1747.5411386210365 1479.5794159938132
1736 1476 1736.4447387585574 1602.4065604131727 1852 1602 1851.5552612414426 1475.5934395868273
1838 1470 1838.4023956541866 1584.371526187485 1944 1584 1943.5976043458134 1469.628473812515
1934 1444 1934.543176234985 1598.385104157235 2044 1598 2043.456823765015 1443.614895842765
2040 1446 2040.5215466811114 1594.2374108073213 2108 1594 2107.4784533188886 1445.7625891926787
1238 1662 1238.4659474460148 1794.434632356049 1362 1794 1361.5340525539852 1661.565367643951
1340 1660 1340.4658236617747 1792.3994495892732 1454 1792 1453.5341763382253 1659.6005504107268
1460 1646 1460.5148814804763 1792.3429838644963 1558 1792 1557.4851185195237 1645.6570161355037
1550 1640 1550.5010559422465 1782.4133989117433 1668 1782 1667.4989440577535 1639.5866010882567
1642 1642 1642.5013530244225 1784.497837552005 1784 1784 1783.4986469755775 1641.502162447995
1768 1618 1768.4590594337476 1748.4768764330277 1904 1748 1903.5409405662524 1617.5231235669723
1898 1612 1898.5221903591598 1760.4203611945547 2018 1760 2017.4778096408402 1611.5796388054453
944 2680 944.529722049475 2830.561067504809 1104 2830 1103.4702779505249 2679.438932495191
1098 2644 1098.6629461831103 2832.4269026109496 1220 2832 1219.3370538168897 2643.5730973890504
1222 2662 1222.5637907580901 2822.2442988195885 1292 2822 1291.4362092419099 2661.7557011804115
1292 2656 1292.6070993795333 2828.5537586261257 1450 2828 1449.3929006204667 2655.4462413738743
1438 2658 1438.6002608809622 2828.6100758098146 1612 2828 1611.3997391190378 2657.3899241901854
1598 2664 1598.515698456461 2810.575190125215 1762 2810 1761.484301543539 2663.424809874785
1758 2660 1758.5215466811114 2808.2374108073213 1826 2808 1825.4784533188886 2659.7625891926787
1810 2666 1810.5082905503855 2810.469666581737 1944 2810 1943.4917094496145 2665.530333418263
1944 2654 1944.5358178426056 2806.2936537204664 2028 2806 2027.4641821573944 2653.7063462795336
584 2850 584.5084638483216 2994.5189224552223 732 2994 731.4915361516784 2849.4810775447777
908 2858 908.4870323492321 2996.42752153215 1030 2996 1029.512967650768 2857.57247846785
1038 2832 1038.6348247265378 3012.434038191697 1162 3012 1161.3651752734622 2831.565961808303
1154 2846 1154.5007093463742 2988.314887164772 1244 2988 1243.4992906536258 2845.685112835228
1246 2842 1246.5153766174367 2988.4837149315986 1384 2988 1383.4846233825633 2841.5162850684014
1374 2836 1374.5293754536028 2986.462555757837 1506 2986 1505.4706245463972 2835.537444242163
1518 2836 1518.543374289769 2990.441396584076 1644 2990 1643.456625710231 2835.558603415924
1652 2834 1652.5651523847307 2994.6313092541204 1832 2994 1831.4348476152693 2833.3686907458796
1830 2828 1830.572188938086 2990.631284497272 2010 2990 2009.427811061914 2827.368715502728
2004 2794 2004.6701560344013 2984.4761337275872 2140 2984 2139.3298439655987 2793.5238662724128
2140 2800 2140.6624015324537 2988.2720984371367 2218 2988 2217.3375984675463 2799.7279015628633
2222 2822 2222.536312979566 2974.434384787569 2346 2974 2345.463687020434 2821.565615212431
2342 2812 2342.593125300215 2980.5819543532425 2508 2980 2507.406874699785 2811.4180456467575
596 3012 596.5717680716698 3174.5116630902353 742 3174 741.4282319283302 3011.4883369097647
742 3012 742.585865935228 3178.5186501298945 890 3178 889.414134064772 3011.4813498701055
896 3012 896.585890692076 3178.525686683249 1046 3178 1045.414109307924 3011.474313316751
1040 3014 1040.53663481859 3166.5258599811855 1190 3166 1189.46336518141 3013.4741400188145
1194 3014 1194.5298705905632 3164.6032868249395 1366 3164 1365.4701294094368 3013.3967131750605
1368 3010 1368.5153766174367 3156.4837149315986 1506 3156 1505.4846233825633 3009.5162850684014
1554 3010 1554.4736771911143 3144.6316310931443 1734 3144 1733.5263228088857 3009.3683689068557
1742 3008 1742.5015015655106 3150.5400568721357 1896 3150 1895.4984984344894 3007.4599431278643
1888 2994 1888.5716690442778 3156.4835168768145 2026 3156 2025.4283309557222 2993.5164831231855
2026 2992 2026.5709015819893 3154.265383722806 2102 3154 2101.4290984180107 2991.734616277194
2100 3002 2100.5011797264865 3144.448581678519 2228 3144 2227.4988202735135 3001.551418321481
2226 3004 2226.5084143346257 3148.5048493485124 2370 3148 2369.4915856653743 3003.4951506514876
572 3200 572.5301676727393 3350.6877254652013 768 3350 767.4698323272607 3199.3122745347987
760 3190 760.5293754536029 3340.462555757837 892 3340 891.4706245463971 3189.537444242163
884 3182 884.5790769503529 3346.5890404202937 1052 3346 1051.420923049647 3181.4109595797063
1054 3184 1054.542780125417 3338.272519303553 1132 3338 1131.457219874583 3183.727480696447
1128 3182 1128.5083895777775 3326.4978127951567 1270 3326 1269.4916104222225 3181.5021872048433
1246 3188 1246.445927087262 3314.7443149742185 1458 3314 1457.554072912738 3187.2556850257815
1462 3170 1462.5578930197437 3328.568005030772 1624 3328 1623.4421069802563 3169.431994969228
1622 3164 1622.5931253002152 3332.5819543532425 1788 3332 1787.4068746997848 3163.4180456467575
1778 3172 1778.5080429819056 3316.3993010481854 1892 3316 1891.4919570180944 3171.6006989518146
1894 3182 1894.4453824366058 3308.5895108004056 2062 3308 2061.5546175633945 3181.4104891995944
2048 3162 2048.480020552725 3298.434582842353 2172 3298 2171.519979447275 3161.565417157647
2182 3154 2182.5506584116047 3310.511737360779 2328 3310 2327.4493415883953 3153.488262639221
2312 3152 2312.522586468728 3300.5329460482367 2464 3300 2463.477413531272 3151.4670539517633
2456 3158 2456.4730830267617 3292.462753812621 2588 3292 2587.5269169732383 3157.537246187379
2584 3140 2584.5787798681768 3304.504601780032 2728 3304 2727.4212201318232 3139.495398219968
566 3364 566.5016996202946 3506.5963492989767 736 3506 735.4983003797054 3363.4036507010233
730 3358 730.542854395961 3512.2936289636186 814 3512 813.457145604039 3357.7063710363814
802 3370 802.473008756218 3504.441644152556 928 3504 927.526991243782 3369.558355847444
926 3348 926.5366843322862 3500.539933087896 1080 3500 1079.4633156677137 3347.460066912104
1080 3352 1080.4872056471684 3490.476777405636 1216 3490 1215.5127943528316 3351.523222594364
1244 3344 1244.529251669363 3494.4273729910615 1366 3494 1365.470748330637 3343.5726270089385
1364 3338 1364.5145596414525 3484.2515086708795 1436 3484 1435.4854403585475 3337.7484913291205
1422 3356 1422.3955323987675 3468.420806817819 1542 3468 1541.6044676012325 3355.579193182181
1536 3338 1536.578730354481 3502.4905286733215 1676 3502 1675.421269645519 3337.5094713266785
1672 3342 1672.5088104441938 3486.617434202194 1848 3486 1847.4911895558062 3341.382565797806
1844 3330 1844.5572988553913 3488.399127750249 1958 3488 1957.4427011446087 3329.600872249751
1954 3330 1954.5715205031897 3492.441297556684 2080 3492 2079.4284794968103 3329.558702443316
2070 3324 2070.5781361901286 3488.3216513927987 2162 3488 2161.4218638098714 3323.6783486072013
2154 3322 2154.5507326821485 3478.5328470208447 2306 3478 2305.4492673178515 3321.4671529791553
2280 3330 2280.466739665151 3462.659802063413 2468 3462 2467.533260334849 3329.340197936587
2452 3312 2452.5719413696056 3474.5609189637207 2612 3474 2611.4280586303944 3311.4390810362793
2596 3332 2596.45891089266 3462.4346571128967 2720 3462 2719.54108910734 3331.5653428871033
2696 3316 2696.6071984069254 3488.581904839546 2862 3488 2861.3928015930746 3315.418095160454
542 3518 542.5370556850064 3670.6454813882224 726 3670 725.4629443149936 3517.3545186117776
718 3514 718.5856431235959 3680.455321149698 848 3680 847.4143568764041 3513.544678850302
830 3522 830.5578187491996 3680.546895370707 986 3680 985.4421812508004 3521.453104629293
974 3510 974.5999885556342 3680.5326737229084 1126 3680 1125.4000114443656 3509.4673262770916
1112 3514 1112.5082905503855 3658.469666581737 1246 3658 1245.4917094496145 3513.530333418263
1222 3504 1222.6345028875137 3684.34256299808 1320 3684 1319.3654971124863 3503.65743700192
1308 3516 1308.5440179678174 3670.624346971309 1486 3670 1485.4559820321826 3515.375653028691
1456 3510 1456.536709089134 3662.546969641251 1612 3662 1611.463290910866 3509.453030358749
1602 3510 1602.515698456461 3656.575190125215 1766 3656 1765.484301543539 3509.424809874785
1754 3522 1754.487081862928 3660.4415946388604 1880 3660 1879.512918137072 3521.5584053611396
1854 3498 1854.6208754040676 3674.4692704721683 1988 3674 1987.3791245959324 3497.5307295278317
1966 3500 1966.5928529748871 3668.5045522663363 2110 3668 2109.407147025113 3499.4954477336637
2100 3498 2100.543819913033 3652.5680545444684 2262 3652 2261.456180086967 3497.4319454555316
2242 3490 2242.493821334107 3630.3571312417507 2344 3630 2343.506178665893 3489.6428687582493
2332 3490 2332.5848756613077 3656.2371879956895 2400 3656 2399.4151243386923 3489.7628120043105
2390 3484 2390.5713719621017 3646.399078236553 2504 3646 2503.4286280378983 3483.600921763447
2494 3488 2494.571545260038 3650.448334110039 2622 3650 2621.428454739962 3487.551665889961
2614 3474 2614.5712976915574 3636.3779685764875 2722 3636 2721.4287023084426 3473.6220314235125
2718 3480 2718.557521667023 3638.462456730445 2850 3638 2849.442478332977 3479.537543269555
2834 3480 2834.606604242573 3652.4130275590232 2952 3652 2951.393395757427 3479.5869724409768
558 3686 558.5638402717863 3846.258371926299 632 3846 631.4361597282137 3685.741628073701
628 3682 628.5714709894936 3844.4272244499734 750 3844 749.4285290105064 3681.5727755500266
754 3690 754.5426068274808 3844.223263430067 818 3844 817.4573931725192 3689.776736569933
826 3690 826.5153766174367 3836.4837149315986 964 3836 963.4846233825633 3689.5162850684014
966 3684 966.5927044337991 3852.462332946205 1098 3852 1097.4072955662011 3683.537667053795
1098 3678 1098.578680840785 3842.4764555666115 1234 3842 1233.421319159215 3677.5235444333885
1224 3668 1224.6280852553587 3846.518501588806 1372 3846 1371.3719147446413 3667.481498411194
1368 3680 1368.5504851136684 3836.4624814872936 1500 3836 1499.4495148863316 3679.5375185127064
1492 3670 1492.586063990012 3836.5749425567356 1656 3836 1655.413936009988 3669.4250574432644
1648 3670 1648.5643106518983 3830.3920664400457 1760 3830 1759.4356893481017 3669.6079335599543
1740 3666 1740.5573731259356 3824.4202374103147 1860 3824 1859.4426268740644 3665.5797625896853
1868 3690 1868.4663435555829 3822.5472172097307 2024 3822 2023.5336564444171 3689.4527827902693
2022 3666 2022.5506831684525 3822.5187739141343 2170 3822 2169.4493168315475 3665.4812260858657
2170 3668 2170.522512198184 3816.511836388171 2316 3816 2315.477487801816 3667.488163611829
2306 3668 2306.5078449271214 3812.3430086213443 2404 3812 2403.4921550728786 3667.6569913786557
2402 3664 2402.529325939907 3814.448482651127 2530 3814 2529.470674060093 3663.551517348873
2536 3666 2536.5156241859167 3812.55408046515 2694 3812 2693.4843758140833 3665.44591953485
2690 3664 2690.5152528331964 3810.448532164823 2818 3810 2817.4847471668036 3663.551467835177
2802 3660 2802.5506584116047 3816.511737360779 2948 3816 2947.4493415883953 3659.488262639221
534 3862 534.5578435060476 4020.553931924062 692 4020 691.4421564939524 3861.446068075938
692 3854 692.5368823870702 4006.596225514737 862 4006 861.4631176129298 3853.403774485263
866 3850 866.5788293818728 4014.5186748867422 1014 4014 1013.4211706181272 3849.4813251132578
1020 3860 1020.4802186075092 3996.490875269194 1160 3996 1159.5197813924908 3859.509124730806
1164 3836 1164.5782104606726 4000.3427610528643 1262 4000 1261.4217895393274 3835.6572389471357
1254 3850 1254.5084390914735 3994.511885901867 1400 3994 1399.4915609085265 3849.488114098133
1382 3844 1382.5365357911983 3996.4977137677647 1524 3996 1523.4634642088017 3843.5022862322353
1866 3830 1866.5085381188655 3974.540032115288 2020 3974 2019.4914618811345 3829.459967884712
2018 3834 2018.5084638483218 3978.5189224552223 2166 3978 2165.4915361516787 3833.4810775447777
2154 3834 2154.5363624932625 3986.448457894279 2282 3986 2281.4636375067375 3833.551542105721
2278 3828 2278.487205647168 3966.476777405636 2414 3966 2413.512794352832 3827.523222594364
2400 3824 2400.480243364357 3960.4979118225488 2542 3960 2541.519756635643 3823.5020881774512
546 4030 546.6068765679014 4202.49042964593 686 4202 685.3931234320986 4029.5095703540705
686 4016 686.7757538484243 4236.489835481577 826 4236 825.2242461515757 4015.5101645184227
830 4028 830.5854203119637 4194.3919921695015 942 4194 941.4145796880363 4027.6080078304976
934 4036 934.4306656518471 4158.406609926868 1050 4158 1049.569334348153 4035.5933900731316
1044 4028 1044.5436713719453 4182.525835224337 1194 4182 1193.4563286280547 4027.4741647756623
1190 4028 1190.5014768086626 4170.5330203187805 1342 4170 1341.4985231913374 4027.4669796812195
1318 4020 1318.4803423917492 4156.526058035969 1468 4156 1467.5196576082508 4019.4739419640305
1474 4018 1474.5571998279993 4176.370981536828 1580 4176 1579.4428001720007 4017.6290184631716
1788 3994 1788.5576206944154 4152.490602943866 1928 4152 1927.4423793055846 3993.5093970561343
1932 3982 1932.5715205031897 4144.441297556684 2058 4144 2057.4284794968103 3981.558702443316
2070 3994 2070.5989982817136 4164.251211588704 2142 4164 2141.4010017182864 3993.7487884112966
2146 3984 2146.5644344361385 4144.427249206821 2268 4144 2267.4355655638615 3983.5727507931783
2276 3990 2276.5434485603128 4144.462506244141 2408 4144 2407.4565514396872 3989.5374937558586
2396 3992 2396.5365853048943 4144.511786874476 2542 4144 2541.4634146951057 3991.488213125525
2530 3972 2530.586435342732 4138.680490857062 2724 4138 2723.413564657268 3971.319509142938
2710 3962 2710.6135912822324 4136.398929695465 2824 4136 2823.3864087177676 3961.601070304535
# Transcript
OI PRYTANE*
TON **REA
TWN *WSFO
RWN AGNW
NA D*ONYSI
OY FLYEA
AFIDNAIOI
O**OFILOS AMFIOY
EYKLHS AMFIOY
MELITWN MEDONTOS
DIONYSIOS MELITWNOS
TELESIDHMOS CARIKLEOY*
ISIGENHS ASKLHPIADOY
ZWPYROS *NASOY
EYBOYLOS HFISODWR