# Baseline angle
-0.1509801202041896
# Boxes: x1 y1 x2 y2 x3 y3 x4 y4
644 987 645.4838315819046 1100.4713410681677 758 1099 756.5161684180954 985.5286589318322
778 959 779.649102829428 1085.1099385513255 941 1083 939.350897170572 956.8900614486745
958 930 959.6475640899479 1055.992268301893 1112 1054 1110.352435910052 928.0077316981067
1137 929 1153.772700266636 1039.2467106294891 1300 1017 1283.227299733364 906.7532893705109
1280 880 1300.677194272931 1015.9108919493457 1517 983 1496.322805727069 847.0891080506543
639 1137 661.1839690406388 1282.8149001983772 798 1262 775.8160309593612 1116.1850998016228
811 1093 836.2127970107359 1258.7233416214929 979 1237 953.7872029892641 1071.2766583785071
994 1064 1020.7935501072373 1240.1136083308613 1153 1220 1126.2064498927627 1043.8863916691387
1193 1054 1217.3401866614747 1213.9876867097628 1329 1197 1304.6598133385253 1037.0123132902372
1324 1034 1345.6085045163043 1176.0323803963602 1497 1153 1475.391495483696 1010.9676196036398
1496 996 1520.2268285679893 1155.2425856388963 1673 1132 1648.7731714320107 972.7574143611037
668 1309 686.7283727096458 1432.1013166549376 832 1410 813.2716272903542 1286.8986833450624
831 1272 853.571850640744 1420.364440215518 994 1399 971.428149359256 1250.635559784482
1025 1258 1044.624098381115 1386.988908237452 1130 1374 1110.375901618885 1245.011091762548
1184 1231 1205.3370366966208 1371.248026435096 1345 1350 1323.6629633033792 1209.751973564904
1362 1207 1384.8918652859281 1357.4678917423425 1526 1336 1503.1081347140719 1185.5321082576575
1537 1202 1558.1364915187944 1340.929845949159 1722 1316 1700.8635084812056 1177.070154050841
1709 1158 1733.7247660726928 1320.51552148822 1862 1301 1837.2752339273072 1138.48447851178
1868 1136 1895.9798172258597 1319.9109245457223 2040 1298 2012.0201827741403 1114.0890754542777
349 1512 375.8484548085612 1688.4744961201163 517 1667 490.1515451914388 1490.5255038798837
542 1450 571.0888038268017 1641.2002770615625 671 1626 641.9111961731983 1434.7997229384375
683 1449 708.991862399833 1619.844126894458 846 1599 820.008137600167 1428.155873105542
839 1456 858.3684020000144 1583.3082197085869 1005 1561 985.6315979999856 1433.6917802914131
1022 1418 1047.3581909852878 1584.6790140645023 1203 1561 1177.6418090147122 1394.3209859354977
1224 1411 1247.0631837676738 1562.5939655874743 1389 1541 1365.9368162323262 1389.4060344125257
1385 1380 1410.131967802218 1545.1920524301158 1556 1523 1530.868032197782 1357.8079475698842
1557 1358 1580.800306709044 1514.4390637722454 1702 1496 1678.199693290956 1339.5609362277546
1725 1335 1751.1502186279818 1506.8850000385285 1895 1485 1868.8497813720182 1313.1149999614715
1910 1335 1930.2087299662587 1467.8316829945009 2100 1442 2079.791270033741 1309.1683170054991
363 1706 387.51456083015654 1867.133845539905 533 1845 508.48543916984346 1683.866154460095
538 1677 565.0390934197269 1854.7275608900031 721 1831 693.9609065802731 1653.2724391099969
727 1659 755.0962310062814 1843.6761106015992 891 1823 862.9037689937186 1638.3238893984008
868 1610 897.8287359531575 1806.0638399776713 1056 1782 1026.1712640468422 1585.9361600223287
1033 1593 1059.111331867191 1764.629397935345 1221 1740 1194.888668132809 1568.370602064655
1221 1590 1245.2235263791024 1749.220880400213 1411 1724 1386.7764736208976 1564.779119599787
1405 1553 1430.9755979573495 1723.7372209547132 1587 1700 1561.0244020426505 1529.2627790452868
1574 1522 1604.1101103395017 1719.9133096549856 1735 1700 1704.8898896604983 1502.0866903450144
1733 1504 1762.0433126882372 1694.9012644810123 1906 1673 1876.9566873117628 1482.0987355189877
529 1875 550.9574993556187 2019.3263183103177 724 1993 702.0425006443813 1848.6736816896823
742 1843 766.6955393766123 2005.3234148474141 920 1982 895.3044606233877 1819.6765851525859
917 1821 942.0641008472973 1985.7459639397998 1085 1964 1059.9358991527029 1799.2540360602002
1080 1785 1106.6964564562356 1960.47541319974 1261 1937 1234.3035435437644 1761.52458680026
1254 1772 1278.6309746105783 1933.8990315957817 1416 1913 1391.3690253894217 1751.1009684042183
1424 1754 1449.9336555096224 1924.4615338665194 1591 1903 1565.0663444903776 1732.5384661334806
1594 1730 1617.6223838495246 1885.2695794497467 1764 1863 1740.3776161504754 1707.7304205502533
1755 1701 1777.8046782015874 1850.8948123272714 1902 1832 1879.1953217984126 1682.1051876727286
376 2068 397.2463009214423 2207.6516215276683 579 2180 557.7536990785577 2040.3483784723314
572 2026 594.9790523702692 2177.0409711574134 753 2153 730.0209476297308 2001.9590288425863
771 2021 790.3846664424981 2148.4151256483315 918 2129 898.6153335575019 2001.5848743516685
927 1963 953.383046188825 2136.415372150282 1081 2117 1054.6169538111749 1943.584627849718
1095 1970 1116.2788298064102 2109.865433407158 1260 2088 1238.72117019359 1948.1345665928422
1278 1941 1298.3833506368912 2074.9794620783164 1456 2051 1435.616649363109 1917.020537921684
1456 1912 1480.3562046020077 2072.0929723958343 1619 2051 1594.6437953979923 1890.9070276041655
445 2230 467.471701302806 2377.7061600993857 597 2358 574.5282986971939 2210.2938399006143
586 2197 613.2686187916833 2376.236227763073 766 2353 738.7313812083167 2173.763772236927
751 2175 777.6771363268155 2350.3484222749844 918 2329 891.3228636731845 2153.6515777250156
916 2161 939.3862540997944 2314.71750209931 1115 2288 1091.6137459002055 2134.28249790069
1110 2112 1138.7815049332637 2301.1804059821256 1278 2280 1249.2184950667363 2090.8195940178744
1284 2088 1307.8259847142872 2244.6078449206943 1463 2221 1439.1740152857128 2064.3921550793057
642 2394 658.8634360418146 2504.843115536917 763 2489 746.1365639581854 2378.156884463083
481 2405 502.4664127306393 2546.098413192034 628 2527 606.5335872693606 2385.901586807966
815 2369 835.9394950318056 2506.634990955578 965 2487 944.0605049681944 2349.365009044422
992 2344 1012.7521586095266 2480.4036314243745 1114 2465 1093.2478413904732 2328.5963685756255
1112 2318 1133.456259662028 2459.031677222311 1344 2427 1322.543740337972 2285.968322777689
1338 2275 1359.0299843050332 2413.229775609332 1492 2393 1470.9700156949668 2254.770224390668
1494 2246 1521.3525036871374 2425.787601939461 1704 2398 1676.6474963128626 2218.212398060539
491 2578 512.8573500176808 2721.668038194185 675 2697 653.1426499823192 2553.331961805815
663 2534 691.2901718063338 2719.9508806101694 829 2699 800.7098281936662 2513.0491193898306
824 2520 850.1502186279819 2691.8850000385282 994 2670 967.8497813720181 2498.1149999614718
1011 2494 1036.7979215997805 2663.5693568858874 1172 2643 1146.2020784002195 2473.4306431141126
509 2737 533.1106612895182 2895.4790198366927 648 2878 623.8893387104818 2719.5209801633073
648 2732 668.4997644173127 2866.744648134193 818 2844 797.5002355826873 2709.255351865807
826 2699 851.4034356219016 2865.97640639138 1009 2842 983.5965643780984 2675.02359360862
510 2922 532.5749063276802 3070.3845252005285 706 3044 683.4250936723198 2895.6154747994715
693 2891 719.0274469717369 3062.0780237589574 851 3042 824.9725530282631 2870.9219762410426
529 3089 553.9703093851826 3253.1294740473613 706 3230 681.0296906148174 3065.8705259526387
719 3073 747.7136379783428 3261.7343174918096 884 3241 855.2863620216572 3052.2656825081904
# Transcript
QEODW*
DROIED*
**ANIASNIK
EIPENPERIW
EYSENEUHF*
*DHAPOFAI*
OIHKONT*
OFILON*
AIFILON
NKAI
IDI
AI
EF