# Baseline angle
0
# Boxes: x1 y1 x2 y2 x3 y3 x4 y4
336 230 336 375 518 375 518 230
520 210 520 382 691 382 691 210
696 236 696 403 839 403 839 236
838 255 838 412 1016 412 1016 255
1014 263 1014 412 1178 412 1178 263
1183 270 1183 416 1380 416 1380 270
332 416 332 556 460 556 460 416
458 404 458 568 626 568 626 404
616 438 616 559 751 559 751 438
724 430 724 571 930 571 930 430
914 458 914 582 1035 582 1035 458
1034 448 1034 600 1208 600 1208 448
1211 460 1211 596 1344 596 1344 460
1338 455 1338 606 1506 606 1506 455
1508 478 1508 632 1676 632 1676 478
1676 480 1676 636 1863 636 1863 480
1858 471 1858 640 1979 640 1979 471
311 580 311 734 466 734 466 580
460 604 460 723 570 723 570 604
558 590 558 742 664 742 664 590
667 608 667 743 806 743 806 608
811 612 811 764 871 764 871 612
864 611 864 778 1043 778 1043 611
1047 618 1047 786 1215 786 1215 618
1224 636 1224 768 1292 768 1292 636
1294 630 1294 802 1458 802 1458 630
1460 639 1460 788 1531 788 1531 639
1531 654 1531 802 1735 802 1735 654
1740 668 1740 814 1954 814 1954 668
299 772 299 931 470 931 470 772
478 779 478 938 582 938 582 779
579 787 579 936 727 936 727 787
726 790 726 940 791 940 791 790
784 794 784 956 988 956 988 794
987 795 987 967 1162 967 1162 795
1186 814 1186 956 1358 956 1358 814
1352 824 1352 986 1528 986 1528 824
1531 835 1531 984 1632 984 1632 835
1622 840 1622 996 1695 996 1695 840
1700 843 1700 996 1904 996 1904 843
1894 843 1894 1006 2044 1006 2044 843
310 950 310 1084 466 1084 466 950
464 952 464 1104 614 1104 614 952
614 967 614 1111 794 1111 794 967
784 967 784 1119 924 1119 924 967
930 966 930 1130 1094 1130 1094 966
1090 983 1090 1138 1194 1138 1194 983
1188 974 1188 1138 1254 1138 1254 974
1250 1010 1250 1131 1372 1131 1372 1010
1378 998 1378 1175 1536 1175 1536 998
1540 1003 1540 1150 1664 1150 1664 1003
646 1146 646 1304 827 1304 827 1146
818 1158 818 1314 998 1314 998 1158
992 1179 992 1308 1128 1308 1128 1179
1126 1174 1126 1342 1299 1342 1299 1174
1295 1182 1295 1346 1458 1346 1458 1182
656 1326 656 1527 882 1527 882 1326
879 1331 879 1522 1075 1522 1075 1331
1072 1338 1072 1540 1211 1540 1211 1338
1202 1342 1202 1559 1411 1559 1411 1342
# Transcript
MENAND**
QEODOTOS CAR 
GORGIAS ISIDW*
ARCIAS CARIDH
DHMHTRIOS K*
**ALOS A
STRA*
** 