# Baseline angle
-0.04991901720813541
# Boxes: x1 y1 x2 y2 x3 y3 x4 y4
490 596 503.42532601835256 864.7186838846194 758 852 744.5746739816474 583.2813161153806
740 598 752.8722669586665 855.648762571264 946 846 933.1277330413335 588.351237428736
950 600 961.5615098632804 831.4129064674286 1190 820 1178.4384901367196 588.5870935325714
1144 560 1155.990155663084 799.992596451745 1356 790 1344.009844336916 550.007403548255
1356 574 1367.9055798287638 812.2997431939673 1494 806 1482.0944201712362 567.7002568060327
1484 570 1496.0700665992117 811.5920780252231 1608 806 1595.9299334007883 564.4079219747769
1558 584 1568.5748253255956 795.6636229108492 1762 786 1751.4251746744044 574.3363770891508
546 872 555.2341901610374 1056.8297332535678 772 1046 762.7658098389626 861.170266746432
762 864 770.5515807732717 1035.1667580649623 914 1028 905.4484192267283 856.8332419350378
904 852 913.099896239765 1034.1417325503658 996 1030 986.900103760235 847.8582674496341
978 872 985.9485675416305 1031.0969638752265 1128 1024 1120.0514324583694 864.9030361247733
1088 840 1096.8954146537528 1018.0488693605449 1258 1010 1249.1045853462472 831.9511306394551
1244 842 1252.387094002824 1009.8744232337064 1410 1002 1401.612905997176 834.1255767662936
1412 836 1420.5017839913185 1006.1700354758859 1544 1000 1535.4982160086815 829.8299645241141
1526 832 1533.8737936736998 989.6003048479602 1686 982 1678.1262063263002 824.3996951520398
1686 818 1694.8156611076265 994.4525380743709 1864 986 1855.1843388923735 809.5474619256291
550 1042 559.3688775573141 1229.52560967503 710 1222 700.6311224426859 1034.47439032497
694 1040 702.756062359284 1215.2596212547833 768 1212 759.243937640716 1036.7403787452167
752 1036 760.7161462387204 1210.4606680398701 850 1206 841.2838537612796 1031.5393319601299
818 1030 826.4868449567324 1199.871018699163 944 1194 935.5131550432676 1024.128981300837
922 1028 930.227665605572 1192.68333580501 1064 1186 1055.7723343944278 1021.3166641949899
1032 1046 1038.4085878592573 1174.273033574336 1204 1166 1197.5914121407427 1037.726966425664
1190 1026 1197.6247310689319 1178.6151167589264 1290 1174 1282.3752689310681 1021.3848832410736
1282 1008 1290.870516262776 1185.5505080660068 1442 1178 1433.129483737224 1000.4494919339932
1442 1002 1450.3273378644797 1168.6783561268148 1584 1162 1575.6726621355203 995.3216438731853
1582 1000 1590.1977875364 1164.0853022515644 1712 1158 1703.8022124636 993.9146977484357
1710 992 1718.7808033602591 1167.7548322620173 1874 1160 1865.2191966397409 984.2451677379827
434 1206 443.22438819464844 1390.6335390230565 576 1384 566.7756118053516 1199.3664609769435
572 1208 582.1313978812079 1410.788066437114 718 1404 707.8686021187921 1201.211933562886
706 1204 716.9288546474697 1422.749804155203 812 1418 801.0711453525303 1199.250195844797
792 1210 802.1513165939892 1413.1867554727446 946 1406 935.8486834060108 1202.8132445272554
916 1190 926.8639614409286 1407.4509145021 1076 1400 1065.1360385590713 1182.5490854979
1068 1184 1078.315803364437 1390.4790903040005 1208 1384 1197.684196635563 1177.5209096959995
1200 1176 1210.8589817627333 1393.3512422431925 1358 1386 1347.1410182372667 1168.6487577568075
1344 1172 1356.0051733926707 1412.29318837212 1522 1404 1509.9948266073293 1163.70681162788
1506 1170 1516.540046273229 1380.9674922421477 1656 1374 1645.459953726771 1163.0325077578523
1744 1334 1752.4668475489502 1503.4707545198805 1902 1496 1893.5331524510498 1326.5292454801195
1902 1340 1910.7260269001101 1514.6584374140334 2044 1508 2035.2739730998899 1333.3415625859666
440 1594 450.67457627950404 1807.660218376306 604 1800 593.325423720496 1586.339781623694
582 1570 595.5201759890665 1840.6171822348203 768 1832 754.4798240109335 1561.3828177651797
758 1586 769.9305569147414 1824.7996796321574 866 1820 854.0694430852586 1581.2003203678426
834 1576 845.3872211264436 1803.9243774056613 1004 1796 992.6127788735564 1568.0756225943387
984 1568 995.7011769377525 1802.2084551477983 1160 1794 1148.2988230622477 1559.7915448522015
1154 1550 1166.7876124293457 1805.9543341698343 1326 1798 1313.2123875706543 1542.0456658301657
1300 1542 1312.628184032094 1794.7632467411381 1448 1788 1435.371815967906 1535.2367532588619
1420 1552 1432.2893298298084 1797.9808077044631 1552 1792 1539.7106701701916 1546.0191922955369
1522 1524 1535.9288243810877 1802.7966080398542 1712 1794 1698.0711756189123 1515.2033919601458
1690 1518 1703.0667104932872 1779.5407060996176 1854 1772 1840.9332895067128 1510.4592939003824
1786 1512 1798.8922643664487 1770.0490267505465 1960 1762 1947.1077356335513 1503.9509732494535
512 1844 518.5781330029012 1975.6666158081516 632 1970 625.4218669970988 1838.3333841918484
604 1838 610.6628662272229 1971.3626193532332 718 1966 711.3371337727771 1832.6373806467668
680 1838 686.6529068708322 1971.163274835418 790 1966 783.3470931291678 1832.836725164582
774 1810 781.9984430185848 1970.095261607955 904 1964 896.0015569814152 1803.904738392045
882 1812 889.0166594640946 1952.4440751666314 1018 1946 1010.9833405359054 1805.5559248333686
1010 1812 1016.7724978425211 1947.5569841928532 1128 1942 1121.2275021574787 1806.4430158071468
1124 1808 1130.931926239773 1946.7480716215496 1266 1940 1259.068073760227 1801.2519283784504
1360 1804 1367.2658007638631 1949.430838399317 1516 1942 1508.7341992361369 1796.569161600683
1504 1792 1511.6497081549094 1945.1150531971166 1574 1942 1566.3502918450906 1788.8849468028834
1566 1784 1573.6695481726897 1937.512167089095 1684 1932 1676.3304518273103 1778.487832910905
1680 1790 1687.510198470439 1940.322654804051 1734 1938 1726.489801529561 1787.677345195949
1726 1792 1733.310696562622 1938.3294638731377 1860 1932 1852.689303437378 1785.6705361268623
1846 1770 1853.7791797879881 1925.706531928715 1968 1920 1960.2208202120119 1764.293468071285
624 2084 630.617970428464 2216.463993879413 760 2210 753.382029571536 2077.536006120587
750 2076 756.8274316926717 2212.656529328141 810 2210 803.1725683073283 2073.343470671859
806 2062 812.7027036527857 2196.159997424494 936 2190 929.2972963472143 2055.840002575506
930 2072 935.9701400930647 2191.497149359508 1046 2186 1040.0298599069354 2066.502850640492
1030 2064 1036.9768220385317 2203.64669709537 1150 2198 1143.0231779614683 2058.35330290463
1140 2052 1147.609792034346 2204.316099982204 1234 2200 1226.390207965654 2047.683900017796
1232 2048 1239.2409810678873 2192.934052248431 1338 2188 1330.7590189321127 2043.0659477515694
1318 2066 1324.2492381570062 2191.083521289292 1426 2186 1419.7507618429938 2060.916478710708
1406 2038 1413.93860818524 2196.8976193574117 1552 2190 1544.06139181476 2031.1023806425887
1548 2026 1555.8888900982874 2183.902471911987 1634 2180 1626.1111099017126 2022.097528088013
1628 2030 1635.8488952827229 2187.101943553422 1778 2180 1770.1511047172771 2022.8980564465778
1770 2014 1778.7110091705233 2188.3578454936587 1946 2180 1937.2889908294767 2005.6421545063415
1752 2014 1760.8906710605597 2191.9539225325934 1800 2190 1791.1093289394403 2012.0460774674068
# Transcript
*****
DHMOKRA
STRATHGOS
NIKANWR NEOS 
KHRYX THS E* **
QE
KHRYK*SKOS AT*
AYLHTHS NIKIAS
LITOYRGOS ISID
