# Baseline angle
0
# Boxes: x1 y1 x2 y2 x3 y3 x4 y4
772 573 772 752 949 752 949 573
942 569 942 763 1153 763 1153 569
1151 562 1151 761 1324 761 1324 562
1348 576 1348 746 1509 746 1509 576
1517 583 1517 747 1687 747 1687 583
1712 560 1712 733 1870 733 1870 560
1915 556 1915 736 2092 736 2092 556
2117 558 2117 728 2307 728 2307 558
2318 525 2318 713 2457 713 2457 525
2515 530 2515 718 2691 718 2691 530
2738 517 2738 712 2935 712 2935 517
677 847 677 1064 846 1064 846 847
895 856 895 1057 1125 1057 1125 856
1100 843 1100 1063 1295 1063 1295 843
1315 844 1315 1064 1511 1064 1511 844
1528 835 1528 1059 1737 1059 1737 835
1745 830 1745 1061 1876 1061 1876 830
1871 828 1871 1026 2064 1026 2064 828
2100 818 2100 1031 2305 1031 2305 818
582 1165 582 1388 798 1388 798 1165
800 1164 800 1376 920 1376 920 1164
927 1166 927 1355 1134 1355 1134 1166
1141 1174 1141 1367 1339 1367 1339 1174
1363 1156 1363 1369 1581 1369 1581 1156
1582 1139 1582 1344 1721 1344 1721 1139
1792 1138 1792 1348 2008 1348 2008 1138
2008 1135 2008 1344 2111 1344 2111 1135
2104 1137 2104 1331 2296 1331 2296 1137
2316 1127 2316 1332 2507 1332 2507 1127
2515 1120 2515 1327 2622 1327 2622 1120
2821 1105 2821 1305 3023 1305 3023 1105
531 1468 531 1658 726 1658 726 1468
747 1447 747 1648 921 1648 921 1447
921 1450 921 1637 1104 1637 1104 1450
1136 1450 1136 1665 1343 1665 1343 1450
1347 1459 1347 1633 1523 1633 1523 1459
1522 1411 1522 1627 1753 1627 1753 1411
1770 1415 1770 1621 1957 1621 1957 1415
1974 1407 1974 1641 2169 1641 2169 1407
2387 1410 2387 1603 2586 1603 2586 1410
2598 1408 2598 1603 2729 1603 2729 1408
2733 1431 2733 1619 2906 1619 2906 1431
2967 1406 2967 1617 3164 1617 3164 1406
1124 1715 1124 1931 1325 1931 1325 1715
1352 1718 1352 1914 1542 1914 1542 1718
1559 1705 1559 1915 1745 1915 1745 1705
1976 1695 1976 1914 2134 1914 2134 1695
2147 1693 2147 1905 2343 1905 2343 1693
2361 1687 2361 1892 2562 1892 2562 1687
2578 1674 2578 1887 2785 1887 2785 1674
2789 1669 2789 1884 2999 1884 2999 1669
3002 1668 3002 1878 3161 1878 3161 1668
719 2035 719 2224 934 2224 934 2035
943 2033 943 2228 1137 2228 1137 2033
1131 2026 1131 2230 1348 2230 1348 2026
1368 2032 1368 2223 1578 2223 1578 2032
1596 2027 1596 2223 1801 2223 1801 2027
1809 2013 1809 2210 2012 2210 2012 2013
2042 2004 2042 2222 2185 2222 2185 2004
2215 1989 2215 2186 2425 2186 2425 1989
2470 1985 2470 2185 2665 2185 2665 1985
2694 1976 2694 2170 2901 2170 2901 1976
2931 1966 2931 2178 3126 2178 3126 1966
1343 2329 1343 2534 1556 2534 1556 2329
1623 2303 1623 2516 1818 2516 1818 2303
1847 2298 1847 2492 2084 2492 2084 2298
2142 2297 2142 2489 2353 2489 2353 2297
1569 2588 1569 2817 1795 2817 1795 2588
1791 2581 1791 2774 2030 2774 2030 2581
2029 2580 2029 2774 2238 2774 2238 2580
2221 2563 2221 2780 2321 2780 2321 2563
2323 2561 2323 2778 2517 2778 2517 2561
2537 2555 2537 2767 2654 2767 2654 2555
2665 2568 2665 2746 2833 2746 2833 2568
2857 2545 2857 2721 3052 2721 3052 2545
1336 2918 1336 3068 1498 3068 1498 2918
1521 2895 1521 3084 1746 3084 1746 2895
1770 2899 1770 3082 1964 3082 1964 2899
1969 2884 1969 3087 2116 3087 2116 2884
2126 2883 2126 3104 2306 3104 2306 2883
2318 2885 2318 3093 2538 3093 2538 2885
2572 2857 2572 3071 2785 3071 2785 2857
2796 2886 2796 3065 2956 3065 2956 2886
1968 3180 1968 3361 2137 3361 2137 3180
2168 3174 2168 3354 2335 3354 2335 3174
2351 3164 2351 3373 2551 3373 2551 3164
2633 1126 2633 1327 2816 1327 2816 1126
2166 1405 2166 1619 2346 1619 2346 1405
1758 1695 1758 1910 1972 1910 1972 1695
# Transcript
OYS LAMPTREY
*RAFHNIOS
NIDOY PAIANIEY
OKLEOY KHTTIOS
EK KERAMEWN
TOY ACARNEYS
*QEYS
EYSINIOS
OYS RAMNO
LHN
