# Baseline angle
0
# Boxes: x1 y1 x2 y2 x3 y3 x4 y4
2184 666 2184 936 2380 936 2380 666
2360 672 2360 942 2448 942 2448 672
2444 692 2444 944 2628 944 2628 692
2622 678 2622 942 2784 942 2784 678
2772 686 2772 946 2886 946 2886 686
2872 694 2872 956 3074 956 3074 694
3052 720 3052 978 3256 978 3256 720
2186 956 2186 1152 2382 1152 2382 956
2372 956 2372 1154 2522 1154 2522 956
2506 972 2506 1152 2566 1152 2566 972
2546 968 2546 1146 2674 1146 2674 968
2674 986 2674 1160 2780 1160 2780 986
2776 980 2776 1168 2944 1168 2944 980
2930 968 2930 1164 3072 1164 3072 968
3068 978 3068 1176 3158 1176 3158 978
2178 1184 2178 1358 2306 1358 2306 1184
2288 1170 2288 1364 2356 1364 2356 1170
2354 1186 2354 1384 2532 1384 2532 1186
2518 1184 2518 1392 2664 1392 2664 1184
2624 1186 2624 1370 2796 1370 2796 1186
2776 1194 2776 1392 2870 1392 2870 1194
2848 1222 2848 1394 3008 1394 3008 1222
2964 1190 2964 1410 3112 1410 3112 1190
3086 1220 3086 1404 3228 1404 3228 1220
3202 1210 3202 1408 3306 1408 3306 1210
3278 1208 3278 1428 3436 1428 3436 1208
3386 1220 3386 1408 3554 1408 3554 1220
3518 1220 3518 1434 3678 1434 3678 1220
3638 1230 3638 1440 3778 1440 3778 1230
3742 1254 3742 1442 3916 1442 3916 1254
3878 1252 3878 1452 4050 1452 4050 1252
4238 1234 4238 1446 4420 1446 4420 1234
4420 1268 4420 1452 4562 1452 4562 1268
2162 2050 2162 2228 2310 2228 2310 2050
2292 2030 2292 2216 2430 2216 2430 2030
2408 2046 2408 2224 2540 2224 2540 2046
2510 2048 2510 2234 2708 2234 2708 2048
2704 2038 2704 2224 2856 2224 2856 2038
2856 2062 2856 2222 2998 2222 2998 2062
2962 2044 2962 2232 3138 2232 3138 2044
3106 2042 3106 2216 3262 2216 3262 2042
3248 2070 3248 2234 3376 2234 3376 2070
3348 2068 3348 2238 3490 2238 3490 2068
3460 2068 3460 2234 3640 2234 3640 2068
3626 2046 3626 2242 3762 2242 3762 2046
3738 2040 3738 2248 3898 2248 3898 2040
3880 2056 3880 2240 3998 2240 3998 2056
3978 2046 3978 2252 4126 2252 4126 2046
4088 2066 4088 2250 4272 2250 4272 2066
4244 2054 4244 2258 4384 2258 4384 2054
4332 2058 4332 2238 4522 2238 4522 2058
4492 2058 4492 2242 4670 2242 4670 2058
2222 2258 2222 2438 2318 2438 2318 2258
2300 2258 2300 2446 2356 2446 2356 2258
2340 2250 2340 2450 2440 2450 2440 2250
2434 2280 2434 2438 2572 2438 2572 2280
2538 2278 2538 2428 2640 2428 2640 2278
2632 2274 2632 2440 2776 2440 2776 2274
2770 2278 2770 2444 2900 2444 2900 2278
2848 2280 2848 2438 3002 2438 3002 2280
2976 2276 2976 2428 3110 2428 3110 2276
3096 2278 3096 2448 3270 2448 3270 2278
3222 2278 3222 2448 3294 2448 3294 2278
3272 2288 3272 2440 3402 2440 3402 2288
3362 2272 3362 2452 3498 2452 3498 2272
3484 2278 3484 2450 3604 2450 3604 2278
3590 2270 3590 2440 3646 2440 3646 2270
3628 2260 3628 2454 3788 2454 3788 2260
3768 2288 3768 2430 3898 2430 3898 2288
3862 2264 3862 2440 4012 2440 4012 2264
4010 2278 4010 2440 4168 2440 4168 2278
4136 2298 4136 2448 4272 2448 4272 2298
4230 2292 4230 2448 4358 2448 4358 2292
4330 2296 4330 2448 4430 2448 4430 2296
4414 2284 4414 2454 4486 2454 4486 2284
4464 2292 4464 2450 4560 2450 4560 2292
4534 2310 4534 2450 4662 2450 4662 2310
4630 2288 4630 2448 4770 2448 4770 2288
2186 2478 2186 2630 2342 2630 2342 2478
2328 2474 2328 2640 2442 2640 2442 2474
2414 2482 2414 2654 2572 2654 2572 2482
2538 2468 2538 2646 2714 2646 2714 2468
2696 2452 2696 2654 2834 2654 2834 2452
2790 2470 2790 2648 2952 2648 2952 2470
2938 2464 2938 2648 3072 2648 3072 2464
3050 2458 3050 2648 3218 2648 3218 2458
3222 2448 3222 2642 3368 2642 3368 2448
3358 2458 3358 2644 3512 2644 3512 2458
3504 2458 3504 2646 3640 2646 3640 2458
3624 2468 3624 2656 3760 2656 3760 2468
3738 2464 3738 2648 3902 2648 3902 2464
3868 2464 3868 2656 4042 2656 4042 2464
3996 2464 3996 2644 4152 2644 4152 2464
4118 2474 4118 2648 4272 2648 4272 2474
4338 2482 4338 2628 4484 2628 4484 2482
4476 2474 4476 2636 4642 2636 4642 2474
2176 2662 2176 2860 2352 2860 2352 2662
2316 2658 2316 2840 2426 2840 2426 2658
2408 2700 2408 2834 2540 2834 2540 2700
2498 2666 2498 2848 2660 2848 2660 2666
2656 2656 2656 2850 2810 2850 2810 2656
2786 2656 2786 2868 2934 2868 2934 2656
2910 2666 2910 2850 2994 2850 2994 2666
2962 2662 2962 2860 3112 2860 3112 2662
3082 2662 3082 2854 3208 2854 3208 2662
3188 2660 3188 2842 3314 2842 3314 2660
3280 2658 3280 2832 3434 2832 3434 2658
3398 2658 3398 2856 3536 2856 3536 2658
3516 2654 3516 2846 3594 2846 3594 2654
3578 2662 3578 2850 3706 2850 3706 2662
3674 2674 3674 2852 3834 2852 3834 2674
3800 2686 3800 2852 3962 2852 3962 2686
3916 2654 3916 2870 4048 2870 4048 2654
4026 2656 4026 2858 4162 2858 4162 2656
4122 2678 4122 2848 4292 2848 4292 2678
4270 2670 4270 2854 4416 2854 4416 2670
4390 2654 4390 2866 4476 2866 4476 2654
4444 2712 4444 2864 4578 2864 4578 2712
2444 2874 2444 3056 2584 3056 2584 2874
2560 2886 2560 3054 2680 3054 2680 2886
2660 2890 2660 3060 2790 3060 2790 2890
2772 2896 2772 3058 2932 3058 2932 2896
2900 2878 2900 3048 3040 3048 3040 2878
3012 2874 3012 3056 3168 3056 3168 2874
3140 2902 3140 3072 3284 3072 3284 2902
3238 2882 3238 3080 3358 3080 3358 2882
3340 2882 3340 3070 3482 3070 3482 2882
3464 2886 3464 3050 3624 3050 3624 2886
3594 2882 3594 3064 3782 3064 3782 2882
3740 2888 3740 3054 3890 3054 3890 2888
3864 2884 3864 3066 3992 3066 3992 2884
3978 2888 3978 3068 4096 3068 4096 2888
4062 2884 4062 3058 4190 3058 4190 2884
4162 2880 4162 3058 4332 3058 4332 2880
2232 3104 2232 3266 2354 3266 2354 3104
2318 3104 2318 3258 2428 3258 2428 3104
2420 3096 2420 3242 2522 3242 2522 3096
2518 3098 2518 3254 2648 3254 2648 3098
2640 3086 2640 3252 2762 3252 2762 3086
2758 3090 2758 3266 2896 3266 2896 3090
2868 3092 2868 3270 2940 3270 2940 3092
2924 3102 2924 3256 3042 3256 3042 3102
3018 3104 3018 3270 3140 3270 3140 3104
3102 3106 3102 3262 3230 3262 3230 3106
3202 3092 3202 3250 3328 3250 3328 3092
3300 3072 3300 3336 3458 3336 3458 3072
3472 3092 3472 3264 3576 3264 3576 3092
3564 3088 3564 3266 3654 3266 3654 3088
3654 3114 3654 3236 3756 3236 3756 3114
3746 3100 3746 3274 3852 3274 3852 3100
3840 3100 3840 3264 3980 3264 3980 3100
3968 3088 3968 3272 4098 3272 4098 3088
4076 3088 4076 3282 4228 3282 4228 3088
4210 3092 4210 3284 4314 3284 4314 3092
4296 3146 4296 3278 4434 3278 4434 3146
4422 3138 4422 3286 4544 3286 4544 3138
2168 3316 2168 3452 2300 3452 2300 3316
2260 3292 2260 3456 2386 3456 2386 3292
2408 3308 2408 3472 2584 3472 2584 3308
2554 3298 2554 3452 2698 3452 2698 3298
2684 3300 2684 3466 2846 3466 2846 3300
2828 3304 2828 3472 2956 3472 2956 3304
2930 3306 2930 3462 3062 3462 3062 3306
3042 3296 3042 3456 3138 3456 3138 3296
3098 3270 3098 3462 3172 3462 3172 3270
3154 3314 3154 3478 3278 3478 3278 3314
3250 3298 3250 3488 3424 3488 3424 3298
3492 3316 3492 3462 3626 3462 3626 3316
3620 3326 3620 3474 3752 3474 3752 3326
3720 3316 3720 3482 3876 3482 3876 3316
3850 3306 3850 3484 3910 3484 3910 3306
3882 3310 3882 3480 4026 3480 4026 3310
4008 3324 4008 3484 4192 3484 4192 3324
4184 3314 4184 3484 4328 3484 4328 3314
4324 3310 4324 3496 4392 3496 4392 3310
4374 3326 4374 3462 4514 3462 4514 3326
4482 3320 4482 3492 4624 3492 4624 3320
2294 3502 2294 3664 2438 3664 2438 3502
2434 3498 2434 3672 2580 3672 2580 3498
2604 3486 2604 3684 2778 3684 2778 3486
2760 3498 2760 3676 2884 3676 2884 3498
2870 3494 2870 3688 3018 3688 3018 3494
2992 3498 2992 3680 3130 3680 3130 3498
3096 3518 3096 3662 3220 3662 3220 3518
3204 3520 3204 3670 3292 3670 3292 3520
3258 3498 3258 3680 3380 3680 3380 3498
3360 3510 3360 3724 3488 3724 3488 3510
3476 3500 3476 3682 3608 3682 3608 3500
3582 3516 3582 3682 3714 3682 3714 3516
3684 3498 3684 3686 3798 3686 3798 3498
3784 3506 3784 3680 3902 3680 3902 3506
3890 3506 3890 3696 3972 3696 3972 3506
3952 3520 3952 3698 4090 3698 4090 3520
4058 3502 4058 3696 4208 3696 4208 3502
4200 3504 4200 3692 4340 3692 4340 3504
4320 3516 4320 3702 4432 3702 4432 3516
4412 3518 4412 3696 4538 3696 4538 3518
4504 3518 4504 3696 4636 3696 4636 3518
4596 3552 4596 3698 4730 3698 4730 3552
4694 3530 4694 3710 4798 3710 4798 3530
2336 3712 2336 3874 2476 3874 2476 3712
2412 3688 2412 3878 2566 3878 2566 3688
2526 3710 2526 3876 2682 3876 2682 3710
2676 3706 2676 3868 2818 3868 2818 3706
2784 3698 2784 3876 2928 3876 2928 3698
2902 3704 2902 3884 3038 3884 3038 3704
3012 3712 3012 3884 3124 3884 3124 3712
3098 3696 3098 3878 3254 3878 3254 3696
3194 3680 3194 3924 3350 3924 3350 3680
3300 3712 3300 3900 3506 3900 3506 3712
3458 3710 3458 3896 3526 3896 3526 3710
3494 3716 3494 3872 3630 3872 3630 3716
3592 3720 3592 3888 3746 3888 3746 3720
3714 3726 3714 3884 3904 3884 3904 3726
3878 3722 3878 3884 3988 3884 3988 3722
3972 3740 3972 3892 4098 3892 4098 3740
4066 3720 4066 3898 4208 3898 4208 3720
4196 3734 4196 3904 4308 3904 4308 3734
4260 3718 4260 3902 4392 3902 4392 3718
4354 3728 4354 3900 4468 3900 4468 3728
4430 3732 4430 3898 4568 3898 4568 3732
4526 3722 4526 3894 4630 3894 4630 3722
4602 3736 4602 3900 4736 3900 4736 3736
4710 3772 4710 3876 4784 3876 4784 3772
4742 3742 4742 3908 4848 3908 4848 3742
2244 3902 2244 4054 2382 4054 2382 3902
2392 3900 2392 4060 2550 4060 2550 3900
2528 3898 2528 4054 2654 4054 2654 3898
2642 3902 2642 4052 2734 4052 2734 3902
2708 3884 2708 4076 2836 4076 2836 3884
2808 3920 2808 4080 2932 4080 2932 3920
2910 3904 2910 4062 3060 4062 3060 3904
3008 3896 3008 4128 3146 4128 3146 3896
3126 3898 3126 4082 3286 4082 3286 3898
3254 3906 3254 4084 3414 4084 3414 3906
3374 3898 3374 4092 3498 4092 3498 3898
3468 3910 3468 4094 3592 4094 3592 3910
3558 3894 3558 4098 3702 4098 3702 3894
3674 3920 3674 4082 3808 4082 3808 3920
3794 3916 3794 4094 3862 4094 3862 3916
3834 3916 3834 4092 3968 4092 3968 3916
3940 3920 3940 4090 4074 4090 4074 3920
4050 3924 4050 4094 4222 4094 4222 3924
4192 3908 4192 4104 4306 4104 4306 3908
4296 3940 4296 4106 4416 4106 4416 3940
4392 3902 4392 4106 4562 4106 4562 3902
1400 4106 1400 4272 1534 4272 1534 4106
1526 4124 1526 4276 1602 4276 1602 4124
1568 4112 1568 4252 1708 4252 1708 4112
1782 4114 1782 4266 1928 4266 1928 4114
1904 4114 1904 4260 2098 4260 2098 4114
2084 4102 2084 4276 2236 4276 2236 4102
2186 4094 2186 4274 2274 4274 2274 4094
2264 4088 2264 4286 2384 4286 2384 4088
2358 4090 2358 4276 2464 4276 2464 4090
2412 4082 2412 4278 2546 4278 2546 4082
2502 4104 2502 4276 2628 4276 2628 4104
2584 4096 2584 4272 2724 4272 2724 4096
2698 4102 2698 4266 2824 4266 2824 4102
2830 4108 2830 4276 2994 4276 2994 4108
2974 4106 2974 4282 3098 4282 3098 4106
3082 4114 3082 4282 3214 4282 3214 4114
3186 4126 3186 4284 3304 4284 3304 4126
3276 4112 3276 4294 3406 4294 3406 4112
3370 4130 3370 4288 3554 4288 3554 4130
3544 4124 3544 4296 3658 4296 3658 4124
3632 4134 3632 4288 3758 4288 3758 4134
3722 4124 3722 4294 3872 4294 3872 4124
1172 4320 1172 4512 1350 4512 1350 4320
1336 4340 1336 4502 1466 4502 1466 4340
1448 4322 1448 4520 1610 4520 1610 4322
1564 4326 1564 4516 1708 4516 1708 4326
1672 4332 1672 4528 1828 4528 1828 4332
2002 4322 2002 4536 2176 4536 2176 4322
2248 4316 2248 4502 2392 4502 2392 4316
2374 4338 2374 4520 2524 4520 2524 4338
2506 4356 2506 4510 2632 4510 2632 4356
2618 4354 2618 4516 2768 4516 2768 4354
2738 4348 2738 4512 2860 4512 2860 4348
2834 4354 2834 4528 2972 4528 2972 4354
2940 4348 2940 4528 3074 4528 3074 4348
3022 4350 3022 4520 3166 4520 3166 4350
3132 4346 3132 4518 3284 4518 3284 4346
3264 4350 3264 4520 3410 4520 3410 4350
3382 4348 3382 4538 3508 4538 3508 4348
3496 4350 3496 4544 3606 4544 3606 4350
3572 4344 3572 4532 3714 4532 3714 4344
3694 4352 3694 4530 3832 4530 3832 4352
3782 4344 3782 4540 3944 4540 3944 4344
3912 4346 3912 4534 3990 4534 3990 4346
3978 4364 3978 4542 4120 4542 4120 4364
1190 4530 1190 4710 1346 4710 1346 4530
1326 4534 1326 4714 1454 4714 1454 4534
1436 4534 1436 4720 1576 4720 1576 4534
1556 4540 1556 4714 1704 4714 1704 4540
1824 4532 1824 4724 1950 4724 1950 4532
1914 4538 1914 4728 2052 4728 2052 4538
2030 4550 2030 4722 2174 4722 2174 4550
2126 4556 2126 4736 2286 4736 2286 4556
2240 4550 2240 4730 2344 4730 2344 4550
2316 4554 2316 4720 2462 4720 2462 4554
2432 4538 2432 4728 2572 4728 2572 4538
2522 4540 2522 4724 2694 4724 2694 4540
2818 4550 2818 4744 2974 4744 2974 4550
2964 4556 2964 4736 3070 4736 3070 4556
3070 4544 3070 4740 3200 4740 3200 4544
3174 4552 3174 4740 3320 4740 3320 4552
3292 4540 3292 4746 3438 4746 3438 4540
3410 4568 3410 4746 3554 4746 3554 4568
3522 4568 3522 4728 3672 4728 3672 4568
3650 4590 3650 4742 3782 4742 3782 4590
3742 4586 3742 4744 3872 4744 3872 4586
3836 4558 3836 4738 4020 4738 4020 4558
718 4716 718 4910 884 4910 884 4716
868 4720 868 4922 984 4922 984 4720
968 4712 968 4922 1030 4922 1030 4712
1006 4722 1006 4928 1176 4928 1176 4722
1152 4732 1152 4912 1304 4912 1304 4732
1278 4730 1278 4922 1420 4922 1420 4730
1396 4728 1396 4930 1522 4930 1522 4728
1510 4730 1510 4930 1686 4930 1686 4730
1758 4736 1758 4926 1836 4926 1836 4736
1830 4758 1830 4930 1958 4930 1958 4758
1932 4732 1932 4928 2066 4928 2066 4732
2038 4740 2038 4930 2164 4930 2164 4740
2122 4756 2122 4946 2186 4946 2186 4756
2150 4764 2150 4928 2314 4928 2314 4764
2282 4744 2282 4914 2410 4914 2410 4744
2386 4744 2386 4932 2546 4932 2546 4744
2516 4772 2516 4922 2652 4922 2652 4772
2618 4754 2618 4934 2684 4934 2684 4754
2678 4790 2678 4930 2792 4930 2792 4790
2760 4762 2760 4934 2884 4934 2884 4762
2876 4782 2876 4936 2994 4936 2994 4782
2960 4772 2960 4940 3076 4940 3076 4772
3046 4776 3046 4952 3180 4952 3180 4776
3178 4780 3178 4942 3308 4942 3308 4780
3290 4782 3290 4958 3378 4958 3378 4782
3342 4800 3342 4954 3470 4954 3470 4800
3456 4792 3456 4964 3596 4964 3596 4792
3568 4808 3568 4958 3714 4958 3714 4808
3696 4804 3696 4962 3856 4962 3856 4804
1108 4942 1108 5122 1262 5122 1262 4942
1254 4954 1254 5122 1418 5122 1418 4954
1408 4954 1408 5128 1564 5128 1564 4954
876 5164 876 5328 1026 5328 1026 5164
998 5174 998 5350 1158 5350 1158 5174
1134 5162 1134 5344 1258 5344 1258 5162
1238 5176 1238 5342 1402 5342 1402 5176
1348 5154 1348 5342 1512 5342 1512 5154
1476 5170 1476 5344 1614 5344 1614 5170
1590 5180 1590 5352 1730 5352 1730 5180
1712 5162 1712 5372 1880 5372 1880 5162
816 5334 816 5622 952 5622 952 5334
944 5392 944 5534 1062 5534 1062 5392
1060 5376 1060 5548 1176 5548 1176 5376
1136 5394 1136 5542 1266 5542 1266 5394
1232 5374 1232 5566 1386 5566 1386 5374
1364 5386 1364 5566 1516 5566 1516 5386
1456 5382 1456 5580 1622 5580 1622 5382
764 5570 764 5774 950 5774 950 5570
928 5578 928 5756 1050 5756 1050 5578
1008 5582 1008 5776 1136 5776 1136 5582
1124 5600 1124 5774 1242 5774 1242 5600
1232 5582 1232 5800 1420 5800 1420 5582
992 5812 992 5976 1136 5976 1136 5812
1106 5788 1106 5980 1282 5980 1282 5788
648 5986 648 6168 808 6168 808 5986
794 5996 794 6162 896 6162 896 5996
884 5996 884 6190 1020 6190 1020 5996
1004 6000 1004 6190 1134 6190 1134 6000
1112 6004 1112 6198 1230 6198 1230 6004
1186 6004 1186 6190 1256 6190 1256 6004
1232 6020 1232 6204 1382 6204 1382 6020
1346 6018 1346 6200 1490 6200 1490 6018
1468 6020 1468 6206 1626 6206 1626 6020
868 6202 868 6392 1034 6392 1034 6202
1010 6204 1010 6382 1196 6382 1196 6204
1192 6214 1192 6372 1332 6372 1332 6214
1330 6210 1330 6384 1388 6384 1388 6210
1364 6234 1364 6390 1494 6390 1494 6234
1464 6210 1464 6404 1626 6404 1626 6210
1656 6208 1656 6416 1802 6416 1802 6208
762 6424 762 6592 878 6592 878 6424
850 6434 850 6598 978 6598 978 6434
956 6420 956 6608 1098 6608 1098 6420
1078 6434 1078 6608 1234 6608 1234 6434
490 6640 490 6816 572 6816 572 6640
560 6644 560 6810 694 6810 694 6644
676 6622 676 6824 816 6824 816 6622
800 6636 800 6814 946 6814 946 6636
1124 6644 1124 6832 1274 6832 1274 6644
1272 6658 1272 6842 1422 6842 1422 6658
300 6868 300 7020 432 7020 432 6868
410 6858 410 7026 482 7026 482 6858
466 6870 466 7020 586 7020 586 6870
570 6806 570 7092 720 7092 720 6806
704 6838 704 7022 840 7022 840 6838
816 6840 816 7038 990 7038 990 6840
968 6850 968 7026 1110 7026 1110 6850
1078 6864 1078 7022 1206 7022 1206 6864
1194 6840 1194 7028 1362 7028 1362 6840
346 7052 346 7250 504 7250 504 7052
478 7050 478 7240 592 7240 592 7050
534 7058 534 7238 670 7238 670 7058
640 7066 640 7258 780 7258 780 7066
756 7044 756 7250 912 7250 912 7044
892 7060 892 7244 1030 7244 1030 7060
1010 7074 1010 7234 1186 7234 1186 7074
1176 7066 1176 7254 1330 7254 1330 7066
1316 7048 1316 7242 1456 7242 1456 7048
346 7282 346 7428 498 7428 498 7282
486 7274 486 7452 584 7452 584 7274
566 7256 566 7456 702 7456 702 7256
668 7274 668 7476 820 7476 820 7274
790 7280 790 7458 940 7458 940 7280
908 7264 908 7450 1036 7450 1036 7264
1016 7282 1016 7456 1180 7456 1180 7282
462 7482 462 7644 634 7644 634 7482
628 7458 628 7646 760 7646 760 7458
746 7450 746 7702 910 7702 910 7450
890 7484 890 7652 992 7652 992 7484
976 7498 976 7658 1116 7658 1116 7498
1082 7486 1082 7662 1222 7662 1222 7486
1198 7502 1198 7678 1274 7678 1274 7502
1260 7498 1260 7672 1362 7672 1362 7498
1352 7508 1352 7664 1486 7664 1486 7508
1466 7482 1466 7692 1620 7692 1620 7482
556 7686 556 7850 704 7850 704 7686
690 7682 690 7866 818 7866 818 7682
798 7690 798 7864 906 7864 906 7690
882 7700 882 7868 1014 7868 1014 7700
984 7688 984 7878 1166 7878 1166 7688
520 7896 520 8076 670 8076 670 7896
640 7884 640 8100 802 8100 802 7884
762 7888 762 8070 926 8070 926 7888
318 8090 318 8274 386 8274 386 8090
374 8098 374 8274 508 8274 508 8098
478 8114 478 8274 632 8274 632 8114
616 8098 616 8282 778 8282 778 8098
760 8106 760 8286 826 8286 826 8106
814 8108 814 8292 930 8292 930 8108
920 8122 920 8292 1066 8292 1066 8122
1040 8106 1040 8288 1200 8288 1200 8106
460 8328 460 8520 594 8520 594 8328
568 8326 568 8516 714 8516 714 8326
686 8328 686 8508 794 8508 794 8328
770 8346 770 8510 910 8510 910 8346
880 8334 880 8534 1068 8534 1068 8334
406 8344 406 8512 474 8512 474 8344
474 8552 474 8728 656 8728 656 8552
628 8540 628 8730 754 8730 754 8540
726 8532 726 8768 860 8768 860 8532
850 8544 850 8752 912 8752 912 8544
904 8532 904 8736 1074 8736 1074 8532
1034 8570 1034 8736 1176 8736 1176 8570
1154 8534 1154 8752 1322 8752 1322 8534
554 8748 554 8918 682 8918 682 8748
670 8756 670 8928 800 8928 800 8756
792 8768 792 8924 920 8924 920 8768
906 8786 906 8924 1022 8924 1022 8786
984 8758 984 8920 1124 8920 1124 8758
1096 8764 1096 8936 1230 8936 1230 8764
244 8902 244 9048 418 9048 418 8902
398 8902 398 9058 510 9058 510 8902
492 8902 492 9064 622 9064 622 8902
604 8898 604 9078 748 9078 748 8898
752 8912 752 9064 924 9064 924 8912
902 8900 902 9070 1064 9070 1064 8900
1036 8898 1036 9074 1196 9074 1196 8898
238 9040 238 9214 392 9214 392 9040
384 9036 384 9284 516 9284 516 9036
504 9056 504 9232 622 9232 622 9056
586 9066 586 9228 724 9228 724 9066
684 9058 684 9236 856 9236 856 9058
814 9050 814 9248 1002 9248 1002 9050
958 9054 958 9252 1144 9252 1144 9054
2268 5332 2268 5574 2534 5574 2534 5332
2540 5334 2540 5570 2722 5570 2722 5334
2026 5578 2026 5770 2206 5770 2206 5578
2214 5568 2214 5776 2282 5776 2282 5568
2266 5592 2266 5792 2422 5792 2422 5592
2398 5592 2398 5778 2536 5778 2536 5592
2500 5580 2500 5790 2678 5790 2678 5580
2644 5572 2644 5778 2784 5778 2784 5572
2746 5572 2746 5774 2878 5774 2878 5572
2856 5572 2856 5802 2982 5802 2982 5572
2952 5590 2952 5806 3094 5806 3094 5590
2010 5794 2010 5980 2204 5980 2204 5794
2552 5784 2552 5964 2626 5964 2626 5784
2626 5792 2626 5984 2782 5984 2782 5792
2768 5788 2768 5982 2920 5982 2920 5788
2886 5802 2886 5994 3066 5994 3066 5802
2568 6014 2568 6224 2762 6224 2762 6014
2726 6010 2726 6212 2858 6212 2858 6010
2838 6014 2838 6204 3016 6204 3016 6014
1868 6658 1868 6848 1990 6848 1990 6658
1990 6686 1990 6846 2126 6846 2126 6686
2102 6666 2102 6848 2258 6848 2258 6666
2242 6678 2242 6840 2370 6840 2370 6678
2342 6678 2342 6838 2494 6838 2494 6678
2728 6666 2728 6854 2902 6854 2902 6666
2882 6700 2882 6848 3000 6848 3000 6700
2980 6634 2980 6944 3146 6944 3146 6634
3128 6680 3128 6858 3216 6858 3216 6680
3192 6658 3192 6860 3308 6860 3308 6658
1864 6872 1864 7044 2014 7044 2014 6872
1998 6888 1998 7052 2126 7052 2126 6888
2086 6888 2086 7040 2254 7040 2254 6888
2224 6870 2224 7048 2360 7048 2360 6870
2306 6866 2306 7050 2436 7050 2436 6866
2518 6874 2518 7036 2686 7036 2686 6874
1866 7084 1866 7246 1994 7246 1994 7084
1968 7094 1968 7246 2050 7246 2050 7094
2028 7072 2028 7250 2190 7250 2190 7072
2170 7056 2170 7256 2312 7256 2312 7056
2274 7070 2274 7266 2432 7266 2432 7070
1884 7296 1884 7458 2076 7458 2076 7296
2060 7318 2060 7462 2190 7462 2190 7318
2158 7306 2158 7454 2292 7454 2292 7306
2264 7286 2264 7462 2424 7462 2424 7286
1848 7510 1848 7682 1988 7682 1988 7510
1964 7508 1964 7676 2058 7676 2058 7508
2030 7520 2030 7682 2198 7682 2198 7520
2188 7496 2188 7690 2336 7690 2336 7496
1844 7736 1844 7882 1988 7882 1988 7736
1970 7726 1970 7884 2060 7884 2060 7726
2050 7718 2050 7886 2110 7886 2110 7718
2094 7722 2094 7894 2248 7894 2248 7722
2232 7742 2232 7888 2358 7888 2358 7742
2330 7734 2330 7880 2484 7880 2484 7734
2800 7746 2800 7910 2934 7910 2934 7746
2916 7746 2916 7910 3050 7910 3050 7746
1844 7950 1844 8094 1988 8094 1988 7950
1962 7934 1962 8090 2062 8090 2062 7934
2028 7932 2028 8096 2148 8096 2148 7932
2126 7968 2126 8108 2268 8108 2268 7968
2222 7946 2222 8108 2346 8108 2346 7946
2446 7932 2446 8118 2512 8118 2512 7932
2506 7930 2506 8122 2632 8122 2632 7930
1826 8140 1826 8336 1972 8336 1972 8140
1930 8120 1930 8336 2088 8336 2088 8120
2070 8144 2070 8332 2184 8332 2184 8144
2172 8144 2172 8342 2294 8342 2294 8144
1838 8378 1838 8560 1960 8560 1960 8378
1934 8368 1934 8554 2046 8554 2046 8368
2004 8372 2004 8562 2120 8562 2120 8372
2088 8388 2088 8550 2188 8550 2188 8388
1826 8582 1826 8758 1950 8758 1950 8582
1932 8598 1932 8772 2048 8772 2048 8598
2024 8594 2024 8774 2162 8774 2162 8594
2124 8614 2124 8762 2270 8762 2270 8614
2246 8602 2246 8762 2376 8762 2376 8602
2348 8592 2348 8776 2486 8776 2486 8592
2464 8588 2464 8776 2618 8776 2618 8588
2606 8634 2606 8772 2740 8772 2740 8634
2708 8614 2708 8784 2842 8784 2842 8614
2818 8596 2818 8796 3002 8796 3002 8596
1832 8778 1832 8922 1966 8922 1966 8778
1962 8768 1962 8946 2068 8946 2068 8768
2024 8750 2024 8942 2148 8942 2148 8750
2138 8766 2138 8940 2290 8940 2290 8766
2454 8780 2454 8952 2566 8952 2566 8780
2540 8804 2540 8954 2674 8954 2674 8804
2662 8768 2662 8952 2832 8952 2832 8768
3386 4980 3386 5158 3566 5158 3566 4980
3540 4968 3540 5158 3686 5158 3686 4968
3656 4994 3656 5164 3786 5164 3786 4994
3766 4960 3766 5180 3854 5180 3854 4960
3848 4980 3848 5162 3970 5162 3970 4980
3968 4994 3968 5174 4098 5174 4098 4994
4100 4990 4100 5190 4268 5190 4268 4990
3400 5196 3400 5390 3540 5390 3540 5196
3492 5168 3492 5366 3636 5366 3636 5168
3616 5192 3616 5376 3780 5376 3780 5192
3758 5204 3758 5374 3882 5374 3882 5204
3864 5196 3864 5380 3962 5380 3962 5196
3938 5188 3938 5380 4002 5380 4002 5188
3988 5208 3988 5386 4130 5386 4130 5208
4106 5216 4106 5384 4256 5384 4256 5216
4216 5216 4216 5396 4364 5396 4364 5216
3406 5398 3406 5602 3546 5602 3546 5398
3532 5404 3532 5582 3708 5582 3708 5404
3690 5404 3690 5588 3792 5588 3792 5404
3782 5420 3782 5582 3900 5582 3900 5420
3884 5432 3884 5596 4028 5596 4028 5432
4010 5406 4010 5610 4128 5610 4128 5406
4106 5428 4106 5590 4238 5590 4238 5428
4210 5394 4210 5594 4382 5594 4382 5394
3404 5620 3404 5794 3538 5794 3538 5620
3530 5616 3530 5806 3590 5806 3590 5616
3576 5648 3576 5794 3682 5794 3682 5648
3646 5616 3646 5802 3796 5802 3796 5616
3786 5622 3786 5792 3918 5792 3918 5622
3892 5628 3892 5810 4050 5810 4050 5628
4028 5610 4028 5804 4114 5804 4114 5610
4102 5648 4102 5798 4224 5798 4224 5648
4208 5620 4208 5822 4370 5822 4370 5620
4434 5628 4434 5824 4592 5824 4592 5628
4570 5612 4570 5824 4688 5824 4688 5612
4672 5620 4672 5836 4752 5836 4752 5620
3408 5830 3408 5992 3536 5992 3536 5830
3508 5806 3508 5990 3642 5990 3642 5806
3608 5810 3608 6014 3780 6014 3780 5810
3756 5808 3756 5998 3886 5998 3886 5808
3872 5828 3872 5998 3960 5998 3960 5828
3940 5826 3940 6006 4082 6006 4082 5826
4072 5818 4072 6012 4234 6012 4234 5818
3402 6008 3402 6224 3542 6224 3542 6008
3528 5992 3528 6284 3666 6284 3666 5992
3668 6036 3668 6226 3758 6226 3758 6036
3744 6052 3744 6222 3872 6222 3872 6052
3382 6260 3382 6442 3548 6442 3548 6260
3544 6272 3544 6448 3724 6448 3724 6272
3706 6276 3706 6430 3858 6430 3858 6276
3836 6256 3836 6438 3896 6438 3896 6256
3886 6250 3886 6446 4064 6446 4064 6250
4036 6266 4036 6424 4168 6424 4168 6266
4148 6240 4148 6446 4312 6446 4312 6240
3382 6460 3382 6674 3540 6674 3540 6460
3516 6472 3516 6642 3634 6642 3634 6472
3600 6456 3600 6648 3738 6648 3738 6456
3726 6450 3726 6656 3856 6656 3856 6450
3824 6458 3824 6664 3982 6664 3982 6458
3970 6462 3970 6662 4130 6662 4130 6462
3398 6684 3398 6870 3544 6870 3544 6684
3520 6670 3520 6860 3586 6860 3586 6670
3568 6670 3568 6860 3740 6860 3740 6670
3390 6896 3390 7074 3536 7074 3536 6896
3524 6900 3524 7070 3660 7070 3660 6900
3604 6874 3604 7062 3750 7062 3750 6874
3704 6888 3704 7088 3876 7088 3876 6888
3384 7108 3384 7282 3500 7282 3500 7108
3480 7114 3480 7284 3610 7284 3610 7114
3688 7122 3688 7288 3832 7288 3832 7122
3816 7122 3816 7280 3958 7280 3958 7122
3936 7122 3936 7278 4082 7278 4082 7122
3830 7338 3830 7484 3958 7484 3958 7338
3940 7340 3940 7472 4058 7472 4058 7340
4034 7320 4034 7476 4190 7476 4190 7320
3646 7536 3646 7706 3718 7706 3718 7536
3368 7736 3368 7930 3546 7930 3546 7736
3508 7754 3508 7932 3678 7932 3678 7754
3670 7760 3670 7930 3808 7930 3808 7760
3800 7750 3800 7918 3880 7918 3880 7750
3866 7748 3866 7918 4024 7918 4024 7748
4008 7764 4008 7924 4140 7924 4140 7764
4130 7752 4130 7906 4274 7906 4274 7752
3380 7962 3380 8146 3498 8146 3498 7962
3498 7970 3498 8146 3636 8146 3636 7970
3606 7968 3606 8154 3684 8154 3684 7968
3670 7984 3670 8162 3830 8162 3830 7984
3806 7966 3806 8160 3986 8160 3986 7966
3368 8154 3368 8354 3530 8354 3530 8154
3496 8166 3496 8354 3622 8354 3622 8166
3580 8156 3580 8356 3720 8356 3720 8156
3686 8180 3686 8358 3838 8358 3838 8180
3824 8160 3824 8344 3942 8344 3942 8160
3926 8162 3926 8354 4084 8354 4084 8162
3396 8402 3396 8602 3530 8602 3530 8402
3496 8402 3496 8578 3634 8578 3634 8402
3608 8386 3608 8580 3778 8580 3778 8386
3758 8386 3758 8582 3904 8582 3904 8386
3894 8398 3894 8572 3954 8572 3954 8398
3940 8404 3940 8574 4072 8574 4072 8404
3532 8656 3532 8792 3652 8792 3652 8656
3648 8628 3648 8786 3706 8786 3706 8628
3692 8632 3692 8802 3806 8802 3806 8632
3800 8646 3800 8776 3902 8776 3902 8646
3886 8662 3886 8784 4002 8784 4002 8662
3990 8658 3990 8794 4124 8794 4124 8658
3550 8824 3550 8980 3686 8980 3686 8824
3670 8806 3670 8990 3790 8990 3790 8806
3764 8810 3764 8990 3894 8990 3894 8810
4284 8786 4284 8996 4440 8996 4440 8786
4422 8794 4422 8976 4532 8976 4532 8794
228 9332 228 9546 434 9546 434 9332
430 9320 430 9528 612 9528 612 9320
600 9318 600 9522 732 9522 732 9318
710 9298 710 9556 906 9556 906 9298
864 9326 864 9562 1058 9562 1058 9326
1066 9352 1066 9552 1272 9552 1272 9352
1262 9334 1262 9564 1450 9564 1450 9334
1436 9370 1436 9568 1606 9568 1606 9370
1586 9370 1586 9562 1794 9562 1794 9370
236 9534 236 9758 448 9758 448 9534
450 9540 450 9750 688 9750 688 9540
692 9536 692 9776 778 9776 778 9536
772 9540 772 9778 990 9778 990 9540
978 9548 978 9772 1166 9772 1166 9548
1176 9542 1176 9790 1358 9790 1358 9542
1336 9548 1336 9812 1530 9812 1530 9548
1530 9558 1530 9794 1722 9794 1722 9558
1700 9558 1700 9784 1894 9784 1894 9558
1862 9530 1862 9810 2106 9810 2106 9530
412 9758 412 10008 654 10008 654 9758
654 9778 654 10008 882 10008 882 9778
860 9760 860 10004 1122 10004 1122 9760
# Transcript
AISAROS
QHITYCHI
TIPATROYARCONTOSNE
KLEWNOSTOYMENESQEWS
*RIBOYNTOSDIOTEIMOYTOTRITON
*PLOMACOSASKLHPASCC
DROSPAIDEYTAIAPOLLWNIO*
*STEFANOYAQMONEYS
*GOYSKAISYNEFHBOYSANEQH***
OYDHMHTRIONPOSIDWNIOY
OSNESTORA)LEYKIONNESTOR*
*GAQOKLEA)DIODWRONEYKARPOY
NMARKON)ASKLHPIODWRON
*****SIO*SWSIKRATHNMHNODWROY
SYS**TAS*YNOOYNTASALLHLOIS
***MBAN*YSTARCHNABASKANTON
ARISTEANILARIWNADIOKLEAKITTON
*****NON
****TOBOYLON
***FERONTA
***MACON
******ON
**NANDRIWNA
****LWNIONK
***YCAN
*ISANNE
DIOFANTON
HRAKLEWNA
HRAKLAN
*PAFRODITON
**PERON
**SAN
ISQMIKON
*IKARON
**MAFILON
**KLHPAN
ARTEMAN
AFRODAN
QE
MISTOKLEA
Q**ISTO
OYS
ANQONSOFIA*
DHMYLN
ERMAN
POSA*
ERMA*
PRIMONLY
PRYTA*IN
KALL**
ERAT***
ABASKANTON
OLYM**KON
PYQIKON
EYPORIWNA
DWROQEON
DIONYSIONSKI
EYSKION
AFRO***
ZWSIMON
AGLAON
TIM**
OLYM***
BO*QON
****TON
*I******
ZWSIMON
GAION
AGAQAN
LHMNIC**
*QIKTON
*TAC**NE
STRATWNOS
EPIMELHQEN
TOS


# Lines: x1 y1 x2 y2 x3 y3 x4 y4
2050 786 3244 800
2076 1040 3066 1042
2028 1244 4504 1284
2070 2132 4658 2112
2138 2330 4716 2316
2132 2558 4622 2532
2106 2740 4546 2734
2368 2965 4302 2971
2158 3157 4510 3165
2118 3382 4600 3358
2226 3567 4776 3561
2300 3795 4848 3783
2210 3958 4546 3980
1377 4193 3877 4197
1158 4406 4074 4412
1168 4622 4026 4600
696 4831 3854 4851
1080 5028 1612 5036
842 5242 1908 5240
790 5458 1666 5474
748 5666 1466 5676
974 5878 1354 5890
664 6068 1656 6072
890 6284 1830 6286
766 6494 1250 6502
526 6702 1452 6722
318 6934 1402 6930
386 7118 1508 7124
392 7362 1228 7364
494 7554 1686 7570
592 7774 1200 7782
568 7970 984 7976
368 8174 1258 8178
462 8418 1122 8426
546 8630 1402 8628
618 8834 1298 8828
322 8972 1272 8978
314 9136 1216 9132
2284 5414 2748 5416
2044 5648 3120 5638
2020 5867 3076 5877
2604 6112 3022 6118
1881 6723 3315 6741
1850 6937 2692 6953
1922 7138 2492 7148
1870 7365 2424 7377
1827 7589 2349 7603
1783 7808 3023 7824
1822 8011 2664 8021
1813 8233 2309 8245
1842 8457 2240 8459
1806 8667 2988 8679
1840 8843 2866 8853
3400 5067 4278 5063
3392 5274 4380 5282
3410 5478 4400 5476
3406 5695 4740 5691
3405 5901 4247 5891
3410 6134 3874 6136
3376 6365 4320 6355
3389 6527 4137 6517
3403 6745 3781 6755
3403 6991 3905 6995
3394 7185 4110 7197
3827 7411 4229 7403
3604 7613 3784 7611
3310 7812 4286 7820
3361 8030 4031 8056
3368 8227 4140 8233
3415 8483 4109 8489
3510 8709 4190 8739
3540 8912 4542 8920
312 9448 1906 9446
320 9656 2130 9650
484 9886 1128 9898