# Baseline angle
6.318165116294742
# Boxes: x1 y1 x2 y2 x3 y3 x4 y4
2116 218 2109.5636986337836 401.9254184001357 2226 406 2232.4363013662164 222.0745815998643
2231 218 2225.17061958384 384.5818878033761 2380 390 2385.82938041616 223.4181121966239
2396 212 2389.732857876325 391.09147997955466 2530 396 2536.267142123675 216.90852002044534
2537 212 2530.8455685232525 387.8706312785978 2706 394 2712.1544314767475 218.12936872140222
1516 737 1511.8147394797463 856.5990909222686 1609 860 1613.1852605202537 740.4009090777314
1609 739 1605.2556521795912 845.999455171437 1691 849 1694.7443478204088 742.000544828563
1696 739 1692.3169931274927 844.2465603230013 1771 847 1774.6830068725073 741.7534396769987
1774 739 1770.1679215659915 848.5064679563804 1870 852 1873.8320784340085 742.4935320436196
1865 724 1860.3774960441178 856.0938728264914 1972 860 1976.6225039558822 727.9061271735086
1973 719 1967.847111370714 866.2502829164249 2075 870 2080.152888629286 722.7497170835751
2062 740 2057.7595139722052 861.1772293596898 2167 865 2171.2404860277948 743.8227706403102
2165 769 2161.205319024338 877.4377884800467 2263 881 2266.794680975662 772.5622115199533
2260 753 2256.141531900293 863.2605858928881 2363 867 2366.858468099707 756.7394141071119
2357 772 2353.3764061711368 875.5487577670157 2452 879 2455.6235938288632 775.4512422329843
2464 755 2459.770003492967 875.8774780918195 2549 879 2553.229996507033 758.1225219081805
2562 724 2556.0290730950696 894.6267570052465 2681 899 2686.9709269049304 728.3732429947535
2670 726 2664.3511597076263 887.4227263663863 2738 890 2743.6488402923737 728.5772736336137
2732 732 2726.375103197181 892.7385109942843 2791 895 2796.624896802819 734.2614890057157
2780 751 2776.2446443869426 858.314016711263 2853 861 2856.7553556130574 753.685983288737
2841 740 2836.0010752845037 882.8505701542343 2926 886 2930.9989247154963 743.1494298457657
1538 897 1534.1329702837886 1007.5052448683084 1634 1011 1637.8670297162114 900.4947551316916
1646 895 1641.7401311073509 1016.7311191366446 1678 1018 1682.2598688926491 896.2688808633554
1673 895 1669.1500935167974 1005.0159269174679 1783 1009 1786.8499064832026 898.9840730825321
1772 890 1767.869260171102 1008.0410934950944 1881 1012 1885.130739828898 893.9589065049056
1877 895 1872.6228598357231 1020.0822934327485 1956 1023 1960.3771401642769 897.9177065672515
1932 904 1927.921334686314 1020.5529986323261 2055 1025 2059.078665313686 908.4470013676739
2021 899 2016.661998654029 1022.9638524022563 2132 1027 2136.338001345971 903.0361475977437
2130 902 2125.7221165138585 1024.2459088360235 2233 1028 2237.2778834861415 905.7540911639766
2231 897 2227.030562613324 1010.4316730396864 2329 1014 2332.969437386676 900.5683269603136
1555 1034 1551.5438240537187 1132.764580900593 1644 1136 1647.4561759462813 1037.235419099407
1630 1029 1626.2004266720503 1137.5775936088583 1724 1141 1727.7995733279497 1032.4224063911417
1721 1027 1717.1894188794017 1135.8921551486844 1806 1139 1809.8105811205983 1030.1078448513156
1797 1036 1793.1625109418164 1145.6610833571476 1860 1148 1863.8374890581836 1038.3389166428524
1863 1040 1859.4089112771953 1142.6198834194936 1956 1146 1959.5910887228047 1043.3801165805064
1963 1042 1959.2568752676634 1148.964503889234 2046 1152 2049.7431247323366 1045.035496110766
2036 1038 2031.9276366709728 1154.3729114830203 2107 1157 2111.072363329027 1040.6270885169797
2108 1042 2104.203391120081 1150.4928807724966 2233 1155 2236.796608879919 1046.5071192275034
2244 1038 2239.5295320536497 1165.7492523567507 2361 1170 2365.4704679463503 1042.2507476432493
2350 1040 2345.8932036606566 1157.3568781229924 2450 1161 2454.1067963393434 1043.6431218770076
2459 1034 2454.588426825407 1160.0662600727208 2567 1164 2571.411573174593 1037.9337399272792
1651 1155 1647.0532830148063 1267.7824089497872 1739 1271 1742.9467169851937 1158.2175910502128
1748 1159 1744.0122162922432 1272.9559422727298 1831 1276 1834.9877837077568 1162.0440577272702
1836 1171 1832.4167680775147 1273.3953654543204 1964 1278 1967.5832319224853 1175.6046345456796
1968 1169 1964.1242221229857 1279.75523458202 2114 1285 2117.875777877014 1174.24476541798
2105 1183 2101.493490898466 1283.202914209203 2210 1287 2213.506509101534 1186.797085790797
1684 1297 1679.8379781531155 1415.9350165604135 1796 1420 1800.1620218468845 1301.0649834395865
1807 1292 1802.6571063017407 1416.103657531068 1914 1420 1918.3428936982593 1295.896342468932
1912 1294 1907.865590906886 1412.145947341703 2018 1416 2022.134409093114 1297.854052658297
2013 1294 2008.7049932808495 1416.735226786864 2102 1420 2106.2950067191505 1297.264773213136
2100 1285 2095.376977772231 1417.108683098447 2178 1420 2182.623022227769 1287.891316901553
2184 1313 2180.135416459933 1423.4353423039024 2282 1427 2285.864583540067 1316.5646576960976
2271 1311 2267.2512780991897 1418.1244500282928 2378 1422 2381.7487219008103 1314.8755499717072
2418 1288 2411.8225163941815 1464.5293749021612 2511 1468 2517.1774836058185 1291.4706250978388
2546 1345 2543.3716470339396 1420.1084965541488 2626 1423 2628.6283529660604 1347.8915034458512
2628 1322 2624.3653983784884 1425.8633193068417 2714 1429 2717.6346016215116 1325.1366806931583
2703 1308 2698.676862255192 1431.5391062775302 2769 1434 2773.323137744808 1310.4608937224698
1494 1423 1489.9772650100404 1537.9547191846577 1577 1541 1581.0227349899596 1426.0452808153423
1555 1429 1552.0485238776091 1513.3421477369204 1628 1516 1630.9514761223909 1431.6578522630796
1641 1439 1637.145719436396 1549.1409217743237 1776 1554 1779.854280563604 1443.8590782256763
1766 1469 1762.8858118030168 1557.9918502128226 1906 1563 1909.1141881969832 1474.0081497871774
2012 1464 2008.5899696728686 1561.445911710548 2053 1563 2056.410030327131 1465.554088289452
2046 1469 2042.5198805641644 1568.4487962726953 2144 1572 2147.4801194358356 1472.5512037273047
2161 1486 2157.9981907223564 1571.78048104553 2250 1575 2253.0018092776436 1489.21951895447
2257 1470 2254.0287679241574 1554.9066989904577 2371 1559 2373.9712320758426 1474.0933010095423
1626 1587 1622.8431902647933 1677.209814351632 1674 1679 1677.1568097352067 1588.790185648368
1678 1597 1674.764021267698 1689.4721681611554 1747 1692 1750.235978732302 1599.5278318388446
1747 1592 1743.8087572544773 1683.1937809916044 1824 1686 1827.1912427455227 1594.8062190083956
1967 1598 1963.6208786022585 1694.5626501218117 2119 1700 2122.3791213977415 1603.4373498781883
2123 1602 2119.6130218019393 1698.7871680869846 2240 1703 2243.3869781980607 1606.2128319130154
2248 1604 2244.3778158035075 1707.5084757465213 2287 1709 2290.6221841964925 1605.4915242534787
2291 1609 2287.4326682224514 1710.940998785683 2432 1716 2435.5673317775486 1614.059001214317
2443 1594 2438.754621619917 1715.3170344885013 2544 1719 2548.245378380083 1597.6829655114987
2538 1595 2533.4896884191585 1723.8878343974902 2651 1728 2655.5103115808415 1599.1121656025098
1470 1710 1465.9239674067567 1826.477765329629 1538 1829 1542.0760325932433 1712.522234670371
1541 1737 1537.7241776332069 1830.610750201895 1606 1833 1609.2758223667931 1739.389249798105
1597 1728 1593.5408596056877 1826.849293736955 1655 1829 1658.4591403943123 1730.150706263045
1651 1745 1647.707759216383 1839.079927142488 1674 1840 1677.292240783617 1745.920072857512
1684 1741 1680.7271420812376 1834.5260373655333 1780 1838 1783.2728579187624 1744.4739626344667
1770 1728 1766.5518673983363 1826.5347321971287 1837 1829 1840.4481326016637 1730.4652678028713
1882 1734 1878.3040574305867 1839.6162141552772 1975 1843 1978.6959425694133 1737.3837858447228
1998 1741 1994.0894573850812 1852.7486807556566 2087 1856 2090.910542614919 1744.2513192443434
2107 1740 2103.0642908074547 1852.4678474099612 2204 1856 2207.9357091925453 1743.5321525900388
2195 1741 2191.4737349450147 1841.7674654627406 2341 1847 2344.5262650549853 1746.2325345372594
2362 1750 2357.744318643454 1871.6114550180803 2426 1874 2430.255681356546 1752.3885449819197
2437 1741 2433.2040959362666 1849.4727397622496 2534 1853 2537.7959040637334 1744.5272602377504
2528 1751 2524.4536472639747 1852.3414962499426 2629 1856 2632.5463527360253 1754.6585037500574
1504 1872 1500.735703697742 1965.281378390113 1607 1969 1610.264296302258 1875.718621609887
1599 1857 1595.0403473179003 1970.1520627820635 1705 1974 1708.9596526820997 1860.8479372179365
1689 1860 1685.2089882885546 1968.332934633438 1790 1972 1793.7910117114454 1863.667065366562
1777 1872 1773.6284036749892 1968.3476116903028 1878 1972 1881.3715963250108 1875.6523883096972
1879 1869 1875.4529424477896 1970.3616372601896 2008 1975 2011.5470575522104 1873.6383627398104
2044 1872 2040.3297422801 1976.8822372290167 2158 1981 2161.6702577199 1876.1177627709833
2170 1877 2166.1689581097653 1986.476847412469 2324 1992 2327.8310418902347 1882.523152587531
2328 1880 2324.4426394713264 1981.6560577897685 2420 1985 2423.5573605286736 1883.3439422102315
2413 1881 2408.8933902049553 1998.351547384701 2456 2000 2460.1066097950447 1882.648452615299
2463 1877 2459.00346813144 1991.2059319864413 2596 1996 2599.99653186856 1881.7940680135587
2607 1876 2602.7062163689216 1998.700275504661 2697 2002 2701.2937836310784 1879.299724495339
2691 1877 2686.7367935707234 1998.826493449589 2806 2003 2810.2632064292766 1881.173506550411
1471 1999 1467.310172870947 2104.441457744263 1569 2108 1572.689827129053 2002.5585422557372
1575 1996 1570.8773035157199 2113.81124479163 1662 2117 1666.1226964842801 1999.1887552083701
1662 1995 1657.92956457523 2111.3178191905704 1706 2113 1710.07043542477 1996.6821808094298
1695 2003 1691.3003881663706 2108.721068001886 1785 2112 1788.6996118336294 2006.2789319981139
1778 1991 1774.4279624144615 2093.075473176203 1858 2096 1861.5720375855385 1993.924526823797
1889 2004 1884.6111472268894 2129.4169959828214 1987 2133 1991.3888527731106 2007.5830040171784
1951 2004 1947.2346731380678 2111.5989577071778 2073 2116 2076.7653268619324 2008.4010422928227
2093 2000 2088.748506179557 2121.4917908995153 2189 2125 2193.251493820443 2003.5082091004842
2201 2004 2196.646285053391 2128.4128883326025 2242 2130 2246.353714946609 2005.5871116673975
2247 2005 2243.0740755120314 2117.1882371523384 2352 2121 2355.9259244879686 2008.8117628476616
2348 2022 2344.469029137025 2122.901939853261 2433 2126 2436.530970862975 2025.0980601467393
2439 2021 2435.059398455167 2133.607652538773 2532 2137 2535.940601544833 2024.392347461227
1239 2141 1235.2212191692752 2248.9834218114092 1350 2253 1353.7787808307248 2145.0165781885908
1347 2138 1343.7835906768507 2229.9129476459093 1432 2233 1435.2164093231493 2141.0870523540907
1415 2145 1411.9307343340947 2232.70813230498 1506 2236 1509.0692656659053 2148.29186769502
1500 2141 1497.0001186266136 2226.72538875308 1562 2229 1564.9998813733864 2143.27461124692
1520 2133 1516.4304085906058 2235.0055706117973 1602 2238 1605.5695914093942 2135.9944293882027
1605 2133 1601.3653983784882 2236.8633193068413 1691 2240 1694.6346016215118 2136.1366806931587
1672 2133 1668.5039804192277 2232.9031629413325 1757 2236 1760.4960195807723 2136.0968370586675
1774 2136 1770.3917880441868 2239.1092013703337 1853 2242 1856.6082119558132 2138.8907986296663
1846 2130 1841.8399060573727 2248.879924267964 1931 2252 1935.1600939426273 2133.120075732036
1929 2148 1925.6523471645437 2243.6633963182007 2021 2247 2024.3476528354563 2151.3366036817993
2014 2148 2010.3790388915793 2251.4735244643184 2054 2253 2057.6209611084205 2149.5264755356816
2055 2133 2051.013439380315 2246.9209909905267 2139 2250 2142.986560619685 2136.0790090094733
2153 2143 2149.1403088122206 2253.295537175091 2255 2257 2258.8596911877794 2146.704462824909
2244 2155 2240.3659166503753 2258.848509034886 2359 2263 2362.6340833496247 2159.151490965114
804 2260 800.7105371201155 2354.000545044418 915 2358 918.2894628798845 2263.999454955582
909 2267 905.8957830518917 2355.706909216908 1000 2359 1003.1042169481083 2270.293090783092
996 2260 992.5069448672587 2359.8184501049714 1112 2364 1115.4930551327413 2264.1815498950286
1118 2267 1114.5536087582952 2365.48497064297 1215 2369 1218.4463912417048 2270.51502935703
1220 2267 1215.9943882430491 2381.4654012338174 1317 2385 1321.0056117569509 2270.5345987661826
1319 2270 1315.3309653681722 2374.847285946814 1434 2379 1437.6690346318278 2274.152714053186
1435 2267 1431.1894188794017 2375.892155148684 1520 2379 1523.8105811205983 2270.107844851316
1500 2276 1496.7799214126346 2368.0178014925177 1582 2371 1585.2200785873654 2278.9821985074823
1592 2272 1588.3783340753942 2375.4936654745657 1660 2378 1663.6216659246058 2274.5063345254343
1656 2279 1652.4538338082734 2380.336165511651 1700 2382 1703.5461661917266 2280.663834488349
1698 2276 1694.2593214438075 2382.8946013248287 1783 2386 1786.7406785561925 2279.1053986751713
1776 2277 1772.2857111095059 2383.1404833883207 1854 2386 1857.7142888904941 2279.8595166116793
1898 2293 1894.5474933179348 2391.6597270539846 1990 2395 1993.4525066820652 2296.3402729460154
1978 2286 1974.1158470507798 2396.994562819149 2060 2400 2063.88415294922 2289.005437180851
2050 2266 2045.605031786529 2391.5917523938365 2143 2395 2147.3949682134707 2269.4082476061635
2136 2286 2132.0361597817973 2399.271726900628 2210 2402 2213.9638402182027 2288.728273099372
2203 2294 2199.1619926699295 2403.6758936291035 2237 2405 2240.8380073300705 2295.3241063708965
2227 2290 2222.922039502499 2406.532857622079 2322 2410 2326.077960497501 2293.467142377921
2322 2300 2318.312619047091 2405.3715551798573 2422 2409 2425.687380952909 2303.6284448201427
2424 2308 2420.6885215348184 2402.6296681240697 2517 2406 2520.3114784651816 2311.3703318759303
2513 2318 2509.8215064070846 2408.8294578976197 2629 2413 2632.1784935929154 2322.1705421023803
2635 2314 2631.491749538507 2414.2526757633614 2710 2417 2713.508250461493 2316.7473242366386
2706 2315 2702.5317797172966 2414.1087629843305 2728 2415 2731.4682202827034 2315.8912370156695
2727 2315 2722.6081827788585 2440.5017088191835 2794 2443 2798.3918172211415 2317.4982911808165
2796 2321 2791.740131107351 2442.7311191366443 2828 2444 2832.259868892649 2322.2688808633557
2832 2338 2828.42673932639 2440.110424458406 2911 2443 2914.57326067361 2340.889575541594
634 2381 629.8117750317156 2500.68380375863 696 2503 700.1882249682844 2383.31619624137
690 2389 685.9606600489183 2504.429226863542 788 2508 792.0393399510817 2392.570773136458
777 2389 772.8785266037919 2506.776293509427 865 2510 869.1214733962081 2392.223706490573
851 2387 846.8411291454448 2505.8449729857607 937 2509 941.1588708545552 2390.1550270142393
933 2398 929.2766312211147 2504.3999526356965 975 2506 978.7233687788853 2399.6000473643035
979 2403 975.5904879447554 2500.4311014385926 1049 2503 1052.4095120552445 2405.5688985614074
1050 2407 1046.4679925932512 2507.931560397172 1077 2509 1080.5320074067488 2408.068439602828
1070 2410 1066.529146996854 2509.1839962870276 1147 2512 1150.470853003146 2412.8160037129724
1138 2408 1134.454870352047 2509.3065449677397 1240 2513 1243.545129647953 2411.6934550322603
1259 2372 1252.9396011215113 2545.1835313443485 1362 2549 1368.0603988784887 2375.8164686556515
1383 2393 1378.5940239938805 2518.906313933662 1467 2522 1471.4059760061195 2396.093686066338
1477 2397 1472.4891701472718 2525.9026446694456 1561 2529 1565.5108298527282 2400.0973553305544
1628 2401 1623.974114017711 2516.0447627593107 1737 2520 1741.025885982289 2404.9552372406893
1716 2406 1711.8098471274582 2525.7388960510802 1805 2529 1809.1901528725418 2409.2611039489198
1808 2407 1803.9846035384726 2521.7450114914404 1897 2525 1901.0153964615274 2410.2549885085596
1903 2408 1898.6387599806599 2532.627926764111 1995 2536 1999.3612400193401 2411.372073235889
1978 2421 1974.215103728915 2529.1581782224234 2084 2533 2087.784896271085 2424.8418217775766
2127 2418 2123.3390087127896 2522.6174372433497 2220 2526 2223.6609912872104 2421.3825627566503
2206 2410 2201.927636670973 2526.3729114830203 2277 2529 2281.072363329027 2412.6270885169797
2273 2411 2268.7509523557005 2532.42188833511 2371 2536 2375.2490476442995 2414.57811166489
2359 2420 2355.048390662518 2532.922214078599 2443 2536 2446.951609337482 2423.077785921401
2429 2420 2424.816480839705 2539.5493293681097 2552 2544 2556.183519160295 2424.4506706318903
2525 2423 2520.9078807175215 2539.937462736558 2637 2544 2641.0921192824785 2427.062537263442
2613 2427 2609.00346813144 2541.2059319864416 2746 2546 2749.99653186856 2431.7940680135584
545 2522 540.4493265127808 2652.0412267101856 625 2655 629.5506734872192 2524.9587732898144
630 2529 625.9024700933462 2646.092078137325 709 2649 713.0975299066538 2531.907921862675
695 2540 691.4132853575969 2642.4948885626377 763 2645 766.5867146424031 2542.5051114373623
763 2529 759.0967959135136 2640.538973062439 858 2644 861.9032040864864 2532.461026937561
861 2546 857.6923773433332 2640.51948353917 900 2642 903.3076226566668 2547.48051646083
890 2547 886.4426394713263 2648.6560577897685 982 2652 985.5573605286737 2550.3439422102315
967 2533 963.1085085223474 2644.204270512366 1043 2647 1046.8914914776526 2535.795729487634
1025 2552 1021.993298370068 2637.920286174342 1110 2641 1113.006701629932 2555.079713825658
1279 2559 1275.6273671312156 2655.3772322342143 1322 2657 1325.3726328687844 2560.6227677657857
1310 2547 1306.1170701388517 2657.959611536946 1393 2661 1396.8829298611483 2550.040388463054
1383 2554 1378.920816414427 2670.5678089042817 1477 2674 1481.079183585573 2557.4321910957183
1468 2550 1463.8699649872876 2668.020952484847 1549 2671 1553.1300350127124 2552.979047515153
1660 2552 1656.1642523017752 2661.611321802989 1753 2665 1756.8357476982248 2555.388678197011
1749 2549 1744.5578496236055 2675.940042127793 1832 2679 1836.4421503763945 2552.059957872207
1849 2560 1845.4597627043352 2661.166739838928 1955 2665 1958.5402372956648 2563.833260161072
1961 2569 1957.4468270074292 2670.5363936712038 2085 2675 2088.553172992571 2573.4636063287962
2083 2564 2079.3463472412222 2668.407729550132 2182 2672 2185.6536527587778 2567.592270449868
2173 2566 2169.1092133385328 2677.184129502119 2221 2679 2224.8907866614672 2567.815870497881
2228 2577 2224.0249654448503 2690.591619178745 2350 2695 2353.9750345551497 2581.408380821255
2356 2584 2352.1906419674738 2692.8572038664815 2442 2696 2445.8093580325262 2587.1427961335185
2448 2583 2444.2469040187884 2690.2494448851485 2580 2695 2583.7530959812116 2587.7505551148515
459 2654 454.6485446852364 2778.3483165064877 559 2782 563.3514553147636 2657.6516834935123
551 2673 547.0613263594239 2785.552560246323 617 2788 620.9386736405761 2675.447439753677
612 2670 608.066736983599 2782.3979448455557 711 2786 714.933263016401 2673.6020551544443
697 2683 693.4242931502455 2785.1803270228115 774 2788 777.5757068497545 2685.8196729771885
784 2673 780.1881957913297 2781.9271064308873 868 2785 871.8118042086703 2676.0728935691127
864 2676 860.1471290687665 2786.1006397538295 943 2789 946.8528709312335 2678.8993602461705
942 2683 938.6670242214084 2778.243980931766 1046 2782 1049.3329757785916 2686.756019068234
1039 2687 1035.1022065376887 2798.384357661672 1167 2803 1170.8977934623113 2691.615642338328
1163 2686 1159.3519444096955 2790.247783411073 1238 2793 1241.6480555903045 2688.752216588927
1251 2684 1246.7313829465481 2805.981108850356 1333 2809 1337.2686170534519 2687.018891149644
1333 2700 1329.6450086361112 2795.8731040114185 1419 2799 1422.3549913638888 2703.1268959885815
1422 2669 1416.1529780789447 2836.0860160261723 1528 2840 1533.8470219210553 2672.9139839738277
1510 2707 1506.395457308403 2810.0043475237253 1592 2813 1595.604542691597 2709.9956524762747
1589 2700 1585.2207008973885 2807.998232083365 1671 2811 1674.7792991026115 2703.001767916635
1664 2698 1659.4634852977586 2827.6366215957064 1727 2830 1731.5365147022414 2700.3633784042936
1740 2701 1736.3309653681722 2805.847285946814 1855 2810 1858.6690346318278 2705.152714053186
1852 2697 1847.9987623234506 2811.3404063769617 1924 2814 1928.0012376765494 2699.6595936230383
1920 2715 1916.6619453248215 2810.389116798869 2077 2816 2080.3380546751782 2720.610883201131
2041 2707 2037.2568752676634 2813.964503889234 2124 2817 2127.7431247323366 2710.035496110766
2130 2708 2126.0919035612255 2819.678778191251 2221 2823 2224.9080964387745 2711.321221808749
2211 2722 2207.3805937072398 2825.4290936484513 2338 2830 2341.6194062927602 2726.5709063515487
408 2803 403.1450679494181 2941.7357983879583 525 2946 529.854932050582 2807.2642016120417
521 2813 516.4793854426955 2942.182254927069 597 2945 601.5206145573045 2815.817745072931
580 2802 574.5797319938116 2956.8909853898194 692 2961 697.4202680061884 2806.1090146101806
687 2826 682.9318242070757 2942.253247364456 790 2946 794.0681757929243 2829.746752635544
779 2816 774.4762344503661 2945.2722985017217 881 2949 885.5237655496339 2819.7277014982783
868 2820 864.066736983599 2932.3979448455557 967 2936 970.933263016401 2823.6020551544443
551 2371 545.9912905799271 2514.1301804118575 628 2517 633.0087094200729 2373.8698195881425
979 2826 974.512408820641 2954.238570307591 1082 2958 1086.4875911793588 2829.761429692409
1067 2843 1062.7528802599584 2964.3667960426596 1138 2967 1142.2471197400416 2845.6332039573404
1146 2836 1142.2329317781089 2943.6487192613363 1238 2947 1241.7670682218911 2839.3512807386637
1238 2804 1231.8911958705157 2978.566772360508 1330 2982 1336.1088041294843 2807.433227639492
1324 2823 1319.5339061340514 2950.624257499895 1416 2954 1420.4660938659486 2826.375742500105
1420 2838 1415.9098086217787 2954.882370444108 1505 2958 1509.0901913782213 2841.117629555892
1493 2836 1488.7785651094716 2956.6328191163993 1585 2960 1589.2214348905284 2839.3671808836007
1553 2858 1549.4248114221323 2960.1655167508557 1659 2964 1662.5751885778677 2861.8344832491443
1649 2857 1644.66025729407 2981.0136139564147 1730 2984 1734.33974270593 2859.9863860435853
1779 2847 1775.308949782875 2952.4764090264657 1876 2956 1879.691050217125 2850.5235909735343
1880 2860 1876.5340393491424 2959.044191158216 1961 2962 1964.4659606508576 2862.955808841784
1957 2845 1952.5786421208306 2971.345870330344 2057 2975 2061.4213578791696 2848.654129669656
2055 2847 2050.663221742101 2970.9289011200535 2167 2975 2171.336778257899 2851.0710988799465
2152 2858 2147.641206156804 2982.5580241997054 2246 2986 2250.358793843196 2861.4419758002946
2239 2864 2234.6681140943897 2987.789095991242 2355 2992 2359.3318859056103 2868.210904008758
2340 2862 2336.307726694803 2967.511360308669 2436 2971 2439.692273305197 2865.488639691331
2419 2853 2415.507649683444 2952.798309094724 2507 2956 2510.492350316556 2856.201690905276
2509 2855 2505.5364855252865 2953.9742885938103 2592 2957 2595.4635144747135 2858.0257114061897
2612 2867 2608.5550183906657 2965.444688622476 2653 2967 2656.4449816093343 2868.555311377524
2646 2857 2641.89880082913 2974.1969319839336 2722 2977 2726.10119917087 2859.8030680160664
2726 2864 2721.809847127458 2983.7388960510802 2815 2987 2819.190152872542 2867.2611039489198
2821 2869 2816.1421035013873 3007.8205112243195 2907 3011 2911.8578964986127 2872.1794887756805
963 2955 959.2979419902266 3060.7909705662914 1051 3064 1054.7020580097735 2958.2090294337086
1046 2960 1041.882195868008 3077.6714396628186 1137 3081 1141.117804131992 2963.3285603371814
1129 2970 1125.6659876776348 3065.2736014756774 1175 3067 1178.3340123223652 2971.7263985243226
1165 2980 1161.6860753586745 3074.699570688476 1256 3078 1259.3139246413255 2983.300429311524
1266 2941 1260.5779906338528 3095.9407469439784 1348 3099 1353.4220093661472 2944.0592530560216
1351 2951 1346.3469188423162 3083.9676548815632 1433 3087 1437.6530811576838 2954.0323451184368
1436 2968 1432.029339525252 3081.4666243218894 1533 3085 1536.970660474748 2971.5333756781106
1511 2970 1506.7448369153406 3091.596644746124 1604 3095 1608.2551630846594 2973.403355253876
1582 2977 1578.2605445318795 3083.859650042625 1668 3087 1671.7394554681205 2980.140349957375
1660 2982 1655.8203366482198 3101.43914478321 1729 3104 1733.1796633517802 2984.56085521679
1804 2978 1799.8790448756788 3095.761483237471 1921 3100 1925.1209551243212 2982.238516762529
1902 2968 1897.2990318632076 3102.3360856257677 2002 3106 2006.7009681367924 2971.6639143742323
2009 2978 2004.9139961578817 3094.762706325543 2126 3099 2130.0860038421188 2982.237293674457
2126 2980 2120.568724201163 3135.2055469296456 2229 3139 2234.431275798837 2983.7944530703544
2238 2994 2233.646616780979 3118.403408798938 2365 3123 2369.353383219021 2998.596591201062
2353 2984 2348.348660202275 3116.9178933274047 2465 3121 2469.651339797725 2988.0821066725953
2458 2992 2453.6246011956823 3117.03253187859 2567 3121 2571.3753988043177 2995.96746812141
2558 2987 2553.19714246463 3124.2477035251895 2689 3129 2693.80285753537 2991.7522964748105
881 3122 877.0293395252519 3235.466624321889 978 3239 981.9706604747481 3125.533375678111
957 3120 953.7921522933551 3211.6682886704893 1049 3215 1052.2078477066448 3123.3317113295107
1046 3118 1042.2832649333618 3224.2103859527265 1122 3227 1125.7167350666382 3120.7896140472735
1117 3125 1113.3790388915793 3228.4735244643184 1157 3230 1160.6209611084207 3126.5264755356816
1154 3128 1150.5401547895026 3226.869434747202 1240 3230 1243.4598452104974 3131.130565252798
1242 3103 1236.54915479201 3258.7647674448917 1329 3262 1334.45084520799 3106.2352325551083
1332 3120 1328.0244471729638 3233.606429450701 1425 3237 1428.9755528270362 3123.393570549299
1420 3117 1415.825747272395 3236.2845293824425 1522 3240 1526.174252727605 3120.7154706175575
1524 3128 1520.622288234629 3224.522368101317 1620 3228 1623.377711765371 3131.477631898683
1595 3137 1591.766467443842 3229.4022655967497 1666 3232 1669.233532556158 3139.5977344032503
1785 3110 1780.7191520658273 3232.330621672385 1857 3235 1861.2808479341727 3112.669378327615
1676 3125 1671.89268538877 3242.3716883949483 1747 3245 1751.10731461123 3127.6283116050517
1857 3110 1852.7399445630524 3231.7364498749357 1946 3235 1950.2600554369476 3113.2635501250643
1959 3135 1955.4873754581058 3235.3776706202175 2059 3239 2062.512624541894 3138.6223293797825
2046 3150 2042.909050476386 3238.3277758509676 2205 3244 2208.090949523614 3155.6722241490324
2271 3132 2267.1642523017754 3241.611321802989 2364 3245 2367.8357476982246 3135.388678197011
2363 3132 2358.5786421208304 3258.345870330344 2463 3262 2467.4213578791696 3135.654129669656
2464 3128 2459.7025471047054 3250.8051293512694 2551 3254 2555.2974528952946 3131.1948706487306
2213 3128 2208.9779698262255 3242.9345781744105 2268 3245 2272.0220301737745 3130.0654218255895
2551 3139 2546.5933191776953 3264.9264549439094 2663 3269 2667.4066808223047 3143.0735450560906
2656 3147 2652.026893349108 3260.536526886295 2751 3264 2754.973106650892 3150.463473113705
970 3246 966.5978264731878 3343.221393745375 1046 3346 1049.4021735268122 3248.778606254625
1054 3248 1050.510095859588 3347.7284065303184 1144 3351 1147.489904140412 3251.2715934696816
1181 3250 1177.3930111322588 3353.074250088131 1261 3356 1264.6069888677412 3252.925749911869
1268 3255 1264.3500165054381 3359.3028757035236 1370 3363 1373.6499834945619 3258.6971242964764
1365 3251 1361.1184797712224 3361.919329516452 1392 3363 1395.8815202287776 3252.080670483548
1402 3243 1398.1520214210548 3352.960834625018 1485 3356 1488.8479785789452 3246.039165374982
1483 3238 1478.9956113311212 3352.4304499516147 1581 3356 1585.0043886688788 3241.5695500483853
1588 3239 1584.0864929370503 3350.833393592018 1646 3353 1649.9135070629497 3241.166606407982
1648 3256 1644.3087632385764 3361.481739764757 1802 3367 1805.6912367614236 3261.518260235243
1800 3253 1795.9533215204858 3368.63893455676 1892 3372 1896.0466784795142 3256.36106544324
1929 3263 1925.2004266720503 3371.5775936088585 2023 3375 2026.7995733279497 3266.4224063911415
2016 3267 2012.3717003631468 3370.6832321575357 2050 3372 2053.6282996368527 3268.3167678424643
2043 3272 2039.6528654364304 3367.648586046245 2164 3372 2167.3471345635694 3276.351413953755
2174 3277 2170.258098355735 3383.9295526070314 2258 3387 2261.741901644265 3280.0704473929686
2272 3260 2267.5541803593896 3387.0448959744017 2352 3390 2356.4458196406104 3262.9551040255983
2348 3260 2343.7165193453848 3382.405854975082 2475 3387 2479.2834806546152 3264.594145024918
2462 3272 2458.3550954020247 3376.1577398364207 2511 3378 2514.6449045979753 3273.8422601635793
2526 3268 2522.2526877315604 3375.0841680077983 2577 3377 2580.7473122684396 3269.9158319922017
2565 3287 2561.4807417458587 3387.5672373031875 2631 3390 2634.5192582541413 3289.4327626968125
2631 3282 2626.9594369608462 3397.4641781457453 2728 3401 2732.0405630391538 3285.5358218542547
2724 3270 2719.1880625762387 3407.507172772566 2819 3411 2823.8119374237613 3273.492827227434
2821 3272 2815.661347167051 3424.5587290158905 2914 3428 2919.338652832949 3275.4412709841095
1081 3360 1076.6301983641556 3484.8725857395316 1166 3488 1170.3698016358444 3363.1274142604684
1155 3374 1150.492839411488 3502.797790822837 1242 3506 1246.507160588512 3377.202209177163
1238 3389 1234.4964553464968 3489.118201372841 1374 3494 1377.5035446535032 3393.881798627159
1389 3386 1384.8191135601478 3505.4740960654126 1457 3508 1461.1808864398522 3388.5259039345874
1447 3394 1443.1134008746355 3505.0644653835543 1527 3508 1530.8865991253645 3396.9355346164457
1527 3398 1522.4830547069116 3527.0774010804607 1606 3530 1610.5169452930884 3400.9225989195393
1640 3384 1635.6614803821424 3507.978662674212 1722 3511 1726.3385196178576 3387.021337325788
1713 3374 1708.601362522313 3499.696606240445 1803 3503 1807.398637477687 3377.303393759555
1800 3379 1795.9293780309315 3495.3231499288613 1901 3499 1905.0706219690685 3382.6768500711387
1896 3379 1891.842352233517 3497.810021703558 1983 3501 1987.157647766483 3382.189978296442
1966 3399 1962.3556136739119 3503.142929564465 2044 3506 2047.6443863260881 3401.857070435535
2035 3413 2031.7222497289495 3506.665842494345 2127 3510 2130.2777502710505 3416.334157505655
2128 3398 2124.0476858463326 3510.942355088846 2240 3515 2243.9523141536674 3402.057644911154
1206 3500 1202.0471675744461 3612.957165360802 1289 3616 1292.9528324255539 3503.042834639198
1276 3536 1273.313270534069 3612.7766785662225 1394 3617 1396.686729465931 3540.2233214337775
1391 3536 1387.8510470651124 3625.9852963864587 1474 3629 1477.1489529348876 3539.0147036135413
1479 3536 1476.0160187715505 3621.2710220844424 1554 3624 1556.9839812284495 3538.7289779155576
1544 3524 1540.4996063388262 3624.028157798188 1654 3628 1657.5003936611738 3527.971842201812
1715 3526 1711.1544675971988 3635.890932060612 1800 3639 1803.8455324028012 3529.109067939388
1793 3511 1788.6253060118675 3636.012390868343 1874 3639 1878.3746939881325 3513.987609131657
1867 3521 1862.8717063472463 3638.9711909306884 1978 3643 1982.1282936527537 3525.0288090693116
1972 3526 1968.1813755347841 3635.1220038521487 2079 3639 2082.818624465216 3529.8779961478513
2069 3517 2064.9816390904416 3631.829724327802 2127 3634 2131.0183609095584 3519.170275672198
2130 3522 2125.948429168198 3637.7787396855715 2218 3641 2222.051570831802 3525.2212603144285
2208 3524 2203.7037701927775 3646.770178069067 2296 3650 2300.2962298072225 3527.229821930933
2298 3524 2293.763888052607 3645.052234502834 2378 3648 2382.236111947393 3526.947765497166
2374 3529 2369.5167829010425 3657.1135754507354 2452 3660 2456.4832170989575 3531.8864245492646
2445 3539 2441.5875234967248 3636.5158142749538 2484 3638 2487.4124765032752 3540.4841857250462
2480 3522 2475.5253445175467 3649.8689164753155 2565 3653 2569.4746554824533 3525.1310835246845
2562 3531 2557.9012470052744 3648.127029419528 2640 3651 2644.0987529947256 3533.872970580472
2628 3563 2625.1869193740504 3643.387322109703 2757 3648 2759.8130806259496 3567.612677890297
2747 3542 2743.2268163377485 3649.8234756723505 2834 3653 2837.7731836622515 3545.1765243276495
2837 3547 2833.4629136966646 3648.076696264275 2917 3651 2920.5370863033354 3549.923303735725
1303 3642 1298.2261648507708 3778.418352285985 1372 3781 1376.7738351492292 3644.581647714015
1377 3636 1372.027464950202 3778.0964522177264 1455 3781 1459.972535049798 3638.9035477822736
1451 3646 1446.5328695902779 3773.653878043807 1485 3775 1489.4671304097221 3647.346121956193
1488 3649 1483.2347264672753 3785.173693310565 1564 3788 1568.7652735327247 3651.826306689435
1557 3662 1552.6142982192189 3787.326952408169 1629 3790 1633.3857017807811 3664.673047591831
1640 3667 1636.2451626588295 3774.299206439307 1742 3778 1745.7548373411705 3670.700793560693
1744 3654 1739.9098086217787 3770.882370444108 1829 3774 1833.0901913782213 3657.117629555892
1827 3661 1822.975337105783 3776.0098114771076 1937 3780 1941.024662894217 3664.9901885228924
1933 3635 1926.8826342540112 3809.8114313359283 2018 3813 2024.1173657459888 3638.1885686640717
2016 3661 2011.8337906170127 3780.054680678978 2096 3783 2100.1662093829877 3663.945319321022
2102 3663 2097.846021497733 3781.705167856949 2192 3785 2196.153978502267 3666.294832143051
2200 3661 2195.707439456994 3783.665324222458 2291 3787 2295.292560543006 3664.334675777542
2289 3663 2284.492134595303 3791.8179318330845 2404 3796 2408.507865404697 3667.1820681669155
2402 3676 2398.122667307325 3786.799665397887 2461 3789 2464.877332692675 3678.200334602113
2465 3667 2460.5239348851765 3794.9091984958095 2606 3800 2610.4760651148235 3672.0908015041905
2596 3687 2592.2231470735323 3794.928329518959 2680 3798 2683.7768529264677 3690.071670481041
2678 3698 2674.678736830242 3792.909278381693 2763 3796 2766.321263169758 3701.090721618307
2754 3689 2750.487375458106 3789.3776706202175 2854 3793 2857.512624541894 3692.6223293797825
1303 3783 1299.6413393718951 3878.9779578580265 1386 3882 1389.3586606281049 3786.0220421419735
1466 3785 1461.4657449296044 3914.572049769592 1588 3919 1592.5342550703956 3789.427950230408
1585 3787 1580.4744930904071 3916.3220600558807 1657 3919 1661.5255069095929 3789.6779399441193
1644 3783 1640.0012084995947 3897.2705038125555 1718 3900 1721.9987915004053 3785.7294961874445
1718 3785 1713.736793570723 3906.8264934495887 1833 3911 1837.263206429277 3789.1735065504113
1820 3796 1815.6890931359128 3919.189593455502 1896 3922 1900.3109068640872 3798.810406544498
1890 3809 1886.0992420896575 3920.4690704980335 1987 3924 1990.9007579103425 3812.5309295019665
1983 3822 1979.3610242980867 3925.9883141636974 2094 3930 2097.6389757019133 3826.0116858363026
2081 3815 2077.2366010423248 3922.5438654147274 2176 3926 2179.7633989576752 3818.4561345852726
2172 3809 2167.655883213669 3933.138608813271 2278 3937 2282.344116786331 3812.861391186729
2263 3806 2258.808105767499 3925.7886576052388 2322 3928 2326.191894232501 3808.2113423947612
2304 3802 2299.403885709816 3933.339754889984 2404 3937 2408.596114290184 3805.660245110016
2389 3804 2384.498250035663 3932.64317542207 2509 3937 2513.501749964337 3808.35682457793
2491 3804 2487.1789293586403 3913.1919064165545 2596 3917 2599.8210706413597 3807.8080935834455
2600 3802 2595.914700974067 3918.7425653152964 2689 3922 2693.085299025933 3805.2574346847036
2685 3798 2680.0507036235713 3939.432377855872 2782 3943 2786.9492963764287 3801.567622144128
1444 3937 1439.7810112856155 4057.5629165519936 1538 4061 1542.2189887143845 3940.4370834480064
1527 3956 1523.7584240992244 4048.632114300214 1620 4052 1623.2415759007756 3959.367885699786
1659 3926 1655.1249269391708 4036.7350935717727 1777 4041 1780.8750730608292 3930.2649064282273
1770 3909 1764.1346317578636 4076.6102852592153 1861 4080 1866.8653682421364 3912.3897147407847
1868 3935 1863.9950930592343 4049.4452602235697 1937 4052 1941.0049069407657 3937.5547397764303
1937 3943 1933.0870112089372 4054.8185833200623 2024 4058 2027.9129887910628 3946.1814166799377
2018 3945 2013.7956883424802 4065.143501165559 2124 4069 2128.2043116575196 3948.856498834441
2113 3945 2108.810365399345 4064.7240857791244 2231 4069 2235.189634600655 3949.2759142208756
2220 3952 2215.8900526683274 4069.4469216976454 2346 4074 2350.1099473316726 3956.5530783023546
1581 4067 1576.7612553321642 4188.127467805531 1716 4193 1720.2387446678358 4071.872532194469
1711 4071 1706.7651111406788 4192.017283220632 1792 4195 1796.2348888593212 4073.982716779369
1796 4074 1791.0115648052654 4216.550818886364 1861 4219 1865.9884351947346 4076.449181113636
1855 4065 1850.2714191094371 4200.125154844478 1961 4204 1965.7285808905629 4068.874845155522
1939 4076 1934.5698939600277 4202.595860044055 2089 4208 2093.430106039972 4081.4041399559446
2072 4091 2067.865590906886 4209.145947341703 2178 4213 2182.134409093114 4094.854052658297
2181 4067 2175.1106882683093 4235.2945006313175 2281 4239 2286.8893117316907 4070.7054993686825
2278 4100 2273.9851218103595 4214.730201219485 2396 4219 2400.0148781896405 4104.269798780515
2391 4093 2386.5006962118073 4221.573272857664 2513 4226 2517.4993037881927 4097.426727142336
1718 4208 1713.2640805810047 4343.334862537696 1818 4347 1822.7359194189953 4211.665137462304
1881 4347 1877.105357530018 4458.294314087018 1983 4462 1986.894642469982 4350.705685912982
1987 4358 1983.610243898207 4454.866550185055 2016 4456 2019.389756101793 4359.133449814945
2013 4363 2009.1029113538739 4474.364216651425 2113 4478 2116.897088646126 4366.635783348575
2089 4350 2085.270329236456 4456.580039785003 2183 4460 2186.729670763544 4353.419960214997
2189 4352 2184.923967406756 4468.477765329629 2257 4471 2261.076032593244 4354.522234670371
2235 4356 2230.7797881975434 4476.597867834196 2328 4480 2332.2202118024566 4359.402132165804
2304 4369 2300.4800369296736 4469.587378313435 2398 4473 2401.5199630703264 4372.412621686565
2404 4363 2400.1544675971986 4472.890932060613 2489 4476 2492.8455324028014 4366.109067939387
2470 4360 2465.040400647108 4501.726798385451 2530 4504 2534.959599352892 4362.273201614549
2520 4365 2516.274516772559 4471.460375666438 2646 4476 2649.725483227441 4369.539624333562
2633 4363 2629.085788120865 4474.8535346022645 2719 4478 2722.914211879135 4366.1464653977355
2706 4365 2701.9423137278372 4480.953496096586 2789 4484 2793.0576862721628 4368.046503903414
2774 4350 2769.438836992019 4480.340977978056 2874 4484 2878.561163007981 4353.659022021944
2902 3540 2897.7184472496424 3662.350762682632 3002 3666 3006.2815527503576 3543.649237317368
# Transcript
**BOYS
ARKOYEYODOSARIST*
LISTRATOY
OYKLOLYMPOS
*TEMWN
*SSPOROSF*LLY
OYZW*IMOS
**IOY*WSIMOS
AKTIOYD*ODWROS
*ONTOSZWSIMOS
HSIOYATTIKOS
*MRAGDOYYGEINOS
*MOSDHMHTRIOYOYARIOSSWSIBIO*
*FRODEISIOSF*LO*LEOYSEYOLPAS
*YELPISTO**IONY**OYZWSIMOS
EYPLOYSMHNOFLOYPRWTAS
AGAQASNYNFDOTOYONHSASATTIKOY
*******SDIOFANTOYSTEFANOS
**ASDIOFANTOYKLDWROQEOS
OSNEIKERWSDIWNEPIGONOY
ODWROYEYTYCOS
TWNOSEYPOROSARISTWNOS
*YSIOYSTEFANOSIWNOS
YALYPOSANEIKHTOY
*OSAFRODAS
*PARAMONOS
***O*
*SISTRATOYMARA
# Lines: x1 y1 x2 y2 x3 y3 x4 y4
