# Baseline angle
-0.009034441315167285
# Boxes: x1 y1 x2 y2 x3 y3 x4 y4
854 228 854.8961823877153 327.1935166599639 987 326 986.1038176122847 226.80648334003612
868 428 869.1820040224602 558.8295468659757 961 558 959.8179959775398 427.17045313402434
674 423 675.1728068349195 552.8115605854402 765 552 763.8271931650805 422.18843941455975
463 437 463.83123074256514 529.0043750481598 575 528 574.168769257435 435.9956249518402
435 633 435.9700863636784 740.3735427031365 588 739 587.0299136363217 631.6264572968635
652 637 652.9033391025253 736.9856541974412 762 736 761.0966608974747 636.0143458025588
873 623 874.164099360834 751.8477780032388 968 751 966.835900639166 622.1522219967612
1096 625 1097.1227399517538 749.2699316966472 1127 749 1125.8772600482462 624.7300683033528
413 832 413.8537060631083 926.4920450953466 579 925 578.1462939368917 830.5079549046534
649 818 650.1392012222163 944.091939502469 771 943 769.8607987777837 816.908060497531
862 817 863.1818407846417 947.811478966531 953 947 951.8181592153583 816.188521033469
1048 821 1049.0298143986377 934.984511532712 1158 934 1156.9701856013623 820.015488467288
854 1010 855.1338959931162 1135.5047327705183 911 1135 909.8661040068838 1009.4952672294818
1043 1028 1043.9034207214345 1127.9946881471637 1154 1127 1153.0965792785655 1027.0053118528363
646 1021 647.0583037692616 1138.137843821264 773 1137 771.9416962307384 1019.8621561787362
651 1225 652.2018675379079 1358.0281305220483 766 1357 764.7981324620921 1223.9718694779517
845 1238 845.902604532342 1337.9043486499404 946 1337 945.097395467658 1237.0956513500596
1033 1217 1034.1670376415664 1346.1730001932424 1164 1345 1162.8329623584336 1215.8269998067576
664 1428 665.2082896825348 1561.7389625120247 747 1561 745.7917103174652 1427.2610374879753
882 1432 883.1596919397355 1560.3599447182335 923 1560 921.8403080602645 1431.6400552817665
448 2220 448.86557092545127 2315.8053016786316 538 2315 537.1344290745487 2219.1946983213684
632 2206 632.9783857432176 2314.2921555367266 776 2313 775.0216142567824 2204.7078444632734
460 2013 461.0780599165977 2132.324543489527 497 2132 495.9219400834023 2012.6754565104727
430 1838 431.0512286733608 1954.3547402335087 581 1953 579.9487713266392 1836.6452597664913
640 1828 640.9122914333383 1928.9765386288095 749 1928 748.0877085666617 1827.0234613711905
852 1819 853.1729700727378 1948.8296284848848 945 1948 943.8270299272622 1818.1703715151152
840 1635 841.2285612925288 1770.982715916709 950 1770 948.7714387074712 1634.017284083291
436 1627 437.1298407968571 1752.055885322489 554 1751 552.870159203143 1625.944114677511
630 1645 631.0421947236385 1760.354821852418 781 1759 779.9578052763615 1643.645178147582
468 1017 469.00287578728916 1128.0028242888843 580 1127 578.9971242127108 1015.9971757111156
639 221 640.1317996506787 346.27270011582476 781 345 779.8682003493213 219.72729988417527
1038 1810 1039.1559632191133 1937.9472330690935 1144 1937 1142.8440367808867 1809.0527669309065
658 2009 659.2019491568171 2142.0371644717707 774 2141 772.7980508431829 2007.9628355282296
828 2012 829.2753634193249 2153.162986816609 958 2152 956.7246365806751 2010.8370131833908
419 1405 420.3677433892789 1556.388019370575 574 1555 572.632256610721 1403.611980629425
1026 1431 1027.2494858537966 1569.2987409191717 1171 1568 1169.7505141462034 1429.7012590808283
# Transcript
TW
QHN
WQHI
WNKA
SAGO
NOF
TRIT
YAN
AQHN
IKA
OS
# Lines: x1 y1 x2 y2 x3 y3 x4 y4