# Baseline angle
0.21946178475701816
# Boxes: x1 y1 x2 y2 x3 y3 x4 y4
752 86 725.4358618255081 205.0926647811564 864 236 890.5641381744919 116.9073352188436
926 122 897.6742833672728 248.99019457995053 956 262 984.3257166327272 135.00980542004942
1054 148 1025.3568390934074 276.4133645787596 1158 306 1186.6431609065926 177.58663542124037
1220 186 1191.3046699066756 314.64725010617826 1296 338 1324.6953300933244 209.35274989382174
1354 218 1323.6079913107073 354.25382005938803 1448 382 1478.3920086892927 245.74617994061197
1512 248 1481.369424059235 385.32336763969124 1592 410 1622.630575940765 272.67663236030876
1654 286 1624.8797045904623 416.55245973936604 1730 440 1759.1202954095377 309.44754026063396
1952 322 1915.419909632253 485.9963025043204 2032 512 2068.5800903677473 348.0036974956796
402 176 378.31264600330326 282.1954312445963 494 308 517.6873539966967 201.8045687554037
1806 318 1777.5336891514964 445.6205082644994 1842 460 1870.4663108485036 332.3794917355006
544 198 518.0993943931937 314.1179075676654 670 348 695.9006056068063 231.88209243233462
744 242 713.7848413687964 377.46096374512774 770 390 800.2151586312036 254.53903625487226
864 272 837.0567003582594 392.79252604600845 968 422 994.9432996417406 301.20747395399155
1024 312 995.6380275249601 439.15273720966206 1116 466 1144.3619724750397 338.84726279033794
1190 352 1162.619004366511 474.754809997362 1222 488 1249.380995633489 365.245190002638
1314 392 1292.669674498073 487.628372657437 1384 508 1405.330325501927 412.371627342563
1480 418 1452.5242139996988 541.179775313575 1510 554 1537.4757860003012 430.82022468642504
216 272 189.8118406238732 389.4070720958458 318 418 344.1881593761268 300.5929279041542
840 426 812.0171889922091 551.4528759448101 940 580 967.9828110077909 454.54712405518995
688 392 665.6333458009063 492.27445397669715 772 516 794.3666541990937 415.72554602330285
534 350 507.33788878981215 469.5318986769109 626 496 652.6621112101878 376.4681013230891
368 300 338.55589497882943 432.00416689725796 482 464 511.44410502117057 331.99583310274204
992 456 964.1546005391016 580.8368308398027 1068 604 1095.8453994608985 479.16316916019736
1136 490 1107.4942506403 617.7973194737523 1216 642 1244.5057493597 514.2026805262477
1280 536 1256.2178556364909 642.6203965608092 1370 668 1393.7821443635091 561.3796034391908
1454 568 1422.9838972542184 707.0517660636261 1490 722 1521.0161027457816 582.9482339363739
1580 576 1544.74379209874 734.0610566568798 1670 762 1705.25620790126 603.9389433431202
1746 632 1715.042431778718 770.7893433771246 1846 800 1876.957568221282 661.2106566228754
1916 670 1884.6995261537818 810.3266620122652 1946 824 1977.3004738462182 683.6733379877348
180 416 151.1214545108188 545.4686435795214 288 576 316.8785454891812 446.5313564204786
354 458 328.2336232712024 573.5161310421995 438 598 463.7663767287976 482.4838689578005
504 500 480.31264600330326 606.1954312445963 596 632 619.6873539966967 525.8045687554037
664 526 636.393167790574 649.7672832594994 754 676 781.606832209426 552.2327167405006
814 578 789.0835539036284 689.7057117758239 898 714 922.9164460963716 602.2942882241761
976 606 949.5242868545528 724.6962366240263 1054 748 1080.4757131454473 629.3037633759737
1118 644 1090.4784101507348 767.3851236819107 1156 782 1183.5215898492652 658.6148763180893
1230 672 1206.4596055568472 777.5365804009647 1352 810 1375.5403944431528 704.4634195990353
1404 714 1380.3616325211513 819.9758142967191 1506 848 1529.6383674788487 742.0241857032809
166 572 141.17516160155674 683.2950150391524 234 704 258.82483839844326 592.7049849608476
302 612 279.5843592830584 712.4940709245743 376 734 398.4156407169416 633.5059290754257
466 646 439.7628541060252 763.6266890437231 558 790 584.2371458939748 672.3733109562769
790 726 765.9239365294028 833.9380982480726 820 846 844.0760634705972 738.0619017519274
614 678 588.469007853791 792.4608520414376 694 816 719.530992146209 701.5391479585624
926 754 898.2525735747977 878.3975969440482 1022 906 1049.7474264252025 781.6024030559518
1074 794 1052.9082417495456 888.5588250771337 1158 912 1179.0917582504544 817.4411749228663
1206 812 1178.3047427615295 936.1637114166296 1330 970 1357.6952572384705 845.8362885833704
1384 846 1352.614283793621 986.7088215898539 1466 1012 1497.385716206379 871.2911784101461
118 706 92.47219052267482 820.4465834618962 216 848 241.52780947732518 733.5534165381038
284 752 259.2241481194048 863.075398091275 362 886 386.7758518805952 774.924601908725
422 796 395.0108965092952 916.9978744143443 534 948 560.9891034907048 827.0021255856557
584 812 555.216244877631 941.0436782633085 694 972 722.783755122369 842.9563217366915
738 852 710.965092660331 973.2032227826801 858 1006 885.034907339669 884.7967772173199
906 896 877.4452641224519 1024.0169364216295 976 1046 1004.5547358775481 917.9830635783705
1056 930 1030.4136559981753 1044.7090061483977 1090 1058 1115.5863440018247 943.2909938516023
1180 962 1157.116772786765 1064.5903603465565 1280 1092 1302.883227213235 989.4096396534435
234 886 206.5827485241984 1008.9173526270736 328 1036 355.4172514758016 913.0826473729265
400 936 374.7043924363796 1049.4055730406758 476 1072 501.2956075636204 958.594426959324
534 958 508.23998860897007 1073.4875938831167 654 1106 679.7600113910299 990.5124061168833
700 994 676.6949901394358 1098.481301400203 818 1130 841.3050098605642 1025.518698599797
866 1042 846.0883473313722 1131.2681614937835 948 1154 967.9116526686278 1064.7318385062165
1030 1084 1009.3332070657584 1176.653615443946 1114 1200 1134.6667929342416 1107.346384556054
1170 1112 1144.1878194222381 1227.7214794105353 1262 1254 1287.8121805777619 1138.2785205894647
1318 1138 1291.5242868545527 1256.6962366240264 1396 1280 1422.4757131454473 1161.3037633759736
1460 1176 1434.6096020695675 1289.830538356889 1534 1312 1559.3903979304325 1198.169461643111
204 1036 175.4058256112554 1164.1937476308824 318 1196 346.5941743887446 1067.8062523691176
370 1072 341.3046699066755 1200.6472501061783 446 1224 474.6953300933245 1095.3527498938217
526 1106 498.81813310678695 1227.8620736263117 616 1254 643.181866893213 1132.1379263736883
682 1128 653.9682024743611 1253.6724928926874 772 1280 800.0317975256389 1154.3275071073126
842 1178 813.8244255897008 1304.3170751567775 920 1328 948.1755744102992 1201.6829248432225
986 1208 956.4089354252853 1340.6630177408897 1070 1366 1099.5910645747147 1233.3369822591103
336 1236 308.95554465367957 1357.2460285213042 402 1378 429.04445534632043 1256.7539714786958
150 1186 121.17044102866684 1315.249026631644 268 1348 296.8295589713332 1218.750973368356
466 1258 436.8370834103822 1388.7435395281605 568 1418 597.1629165896178 1287.2564604718395
626 1296 598.4453369773058 1419.5333977320806 744 1452 771.5546630226942 1328.4666022679194
798 1366 776.2936956997081 1463.3139653427475 878 1486 899.7063043002919 1388.6860346572525
924 1380 897.5732733724008 1498.476619676149 1012 1524 1038.4267266275992 1405.523380323851
1098 1416 1069.5336891514964 1543.6205082644992 1134 1558 1162.4663108485036 1430.3794917355008
1234 1452 1201.195610960322 1599.0690327535076 1304 1622 1336.804389039678 1474.9309672464924
1384 1480 1357.5764560412847 1598.4623510966076 1490 1628 1516.4235439587153 1509.5376489033924
1570 1524 1542.7106120644394 1646.3441132606906 1586 1656 1613.2893879355606 1533.6558867393094
308 1398 281.52428685455277 1516.6962366240264 386 1540 412.47571314544723 1421.3037633759736
438 1416 409.2620487265952 1544.8383298949725 540 1574 568.7379512734049 1445.1616701050275
608 1456 574.9144225287691 1604.329660122605 690 1630 723.0855774712309 1481.670339877395
732 1520 707.416911521913 1630.2111988793076 832 1658 856.583088478087 1547.7888011206924
880 1542 855.7012826223497 1650.9363029306687 986 1680 1010.2987173776503 1571.0636970693313
1040 1560 1012.6221870353947 1682.7405414178206 1090 1700 1117.3778129646053 1577.2594585821794
150 1366 124.70439243637958 1479.4055730406758 226 1502 251.29560756362042 1388.5944269593242
1190 1618 1164.4232040048269 1732.6662004097736 1278 1758 1303.5767959951731 1643.3337995902264
1346 1638 1319.1972945740358 1758.1622123614595 1444 1786 1470.8027054259642 1665.8377876385405
1496 1676 1468.2004043880656 1800.631482471467 1564 1822 1591.7995956119344 1697.368517528533
248 1540 225.6397111386741 1640.2459168176142 368 1672 390.3602888613259 1571.7540831823858
414 1578 389.0835539036284 1689.7057117758238 498 1714 522.9164460963716 1602.2942882241762
574 1622 550.9271920531406 1725.4402909789824 670 1752 693.0728079468594 1648.5597090210176
720 1660 699.8529627487836 1750.3234404945454 806 1774 826.1470372512164 1683.6765595054546
868 1694 842.4232040048267 1808.6662004097736 956 1834 981.5767959951733 1719.3337995902264
1030 1742 1005.6885519468143 1850.9933772488343 1064 1864 1088.3114480531856 1755.0066227511657
1162 1772 1137.9792883850187 1879.6899441411124 1238 1902 1262.0207116149813 1794.3100558588876
370 1718 343.1514907250716 1838.3675607297955 476 1868 502.8485092749284 1747.6324392702045
238 1690 206.47050690896089 1831.3534038539442 308 1854 339.5294930910391 1712.6465961460558
1286 1806 1261.5085192198414 1915.800502142636 1370 1940 1394.4914807801586 1830.199497857364
558 1766 528.0297739580366 1900.3628790057417 634 1924 663.9702260419634 1789.6371209942583
700 1800 669.9349835912244 1934.7878443219547 774 1958 804.0650164087756 1823.2121556780453
858 1844 831.8907176462662 1961.05344967734 872 1970 898.1092823537338 1852.94655032266
960 1888 937.2083804846934 1990.179663609885 1044 2014 1066.7916195153066 1911.820336390115
1122 1912 1099.6791496498706 2012.0691056083613 1198 2034 1220.3208503501294 1933.9308943916387
176 1844 149.99823868861375 1960.5714100429614 264 1986 290.00176131138625 1869.4285899570386
344 1878 316.9129234735992 1999.4371083100987 436 2026 463.0870765264008 1904.5628916899013
504 1920 481.2573670025414 2021.9600466620077 598 2048 620.7426329974586 1946.0399533379923
676 1962 652.6332729460526 2066.7579926662456 712 2080 735.3667270539474 1975.2420073337541
788 1996 764.4042537012316 2101.784734507925 864 2124 887.5957462987684 2018.2152654920753
930 2028 909.7581723819713 2118.748405810758 1014 2142 1034.2418276180285 2051.251594189242
310 2024 277.8101570101593 2168.3138924878936 384 2192 416.1898429898407 2047.6861075121064
466 2066 440.28260978905047 2181.296514094322 560 2208 585.7173902109496 2092.703485905678
618 2112 595.1593939668454 2214.3992805577623 692 2236 714.8406060331546 2133.6007194422377
258 2182 233.13254042147645 2293.4860948279465 352 2320 376.86745957852355 2208.5139051720535
422 2210 394.38998512169013 2333.781551839041 494 2356 521.6100148783098 2232.218448160959
# Transcript
*AINYNKAIE
NWIKAIOI
NPROXENOIKAI
NAQHNAIWN
BOLHITOYS
NLACWSIN
THMPRWTHN
AGAGEN
CHRMATISAI
LLESQAITHS
MONOTIDO
POSEIDA
NKAITO
*RGE
SK
