# Baseline angle
0
# Boxes: x1 y1 x2 y2 x3 y3 x4 y4
87 507 87 611 197 611 197 507
275 517 275 615 340 615 340 517
395 511 395 613 504 613 504 511
570 509 570 620 690 620 690 509
720 507 720 624 838 624 838 507
872 517 872 614 990 614 990 517
1029 506 1029 612 1152 612 1152 506
1193 512 1193 625 1301 625 1301 512
1354 515 1354 619 1421 619 1421 515
1481 527 1481 624 1585 624 1585 527
1675 528 1675 614 1790 614 1790 528
91 667 91 783 189 783 189 667
244 666 244 781 354 781 354 666
405 667 405 776 484 776 484 667
560 675 560 770 676 770 676 675
726 662 726 779 831 779 831 662
877 672 877 775 958 775 958 672
1039 666 1039 794 1144 794 1144 666
1165 670 1165 785 1288 785 1288 670
1352 673 1352 781 1454 781 1454 673
1485 660 1485 785 1624 785 1624 660
1663 678 1663 781 1778 781 1778 678
247 820 247 924 360 924 360 820
404 814 404 935 509 935 509 814
569 818 569 942 681 942 681 818
720 820 720 940 832 940 832 820
866 816 866 939 962 939 962 816
1024 818 1024 930 1145 930 1145 818
1186 816 1186 923 1306 923 1306 816
243 980 243 1091 350 1091 350 980
414 982 414 1090 515 1090 515 982
581 993 581 1096 661 1096 661 993
714 977 714 1100 822 1100 822 977
868 985 868 1093 980 1093 980 985
1042 972 1042 1089 1128 1089 1128 972
1174 997 1174 1095 1291 1095 1291 997
1671 995 1671 1096 1785 1096 1785 995
251 1121 251 1249 364 1249 364 1121
393 1130 393 1244 525 1244 525 1130
562 1135 562 1246 677 1246 677 1135
721 1148 721 1247 833 1247 833 1148
871 1148 871 1257 988 1257 988 1148
1024 1135 1024 1266 1127 1266 1127 1135
1189 1138 1189 1254 1263 1254 1263 1138
228 1289 228 1406 347 1406 347 1289
391 1279 391 1415 510 1415 510 1279
548 1268 548 1408 668 1408 668 1268
698 1281 698 1410 826 1410 826 1281
861 1284 861 1425 986 1425 986 1284
1046 1298 1046 1410 1125 1410 1125 1298
1181 1293 1181 1410 1303 1410 1303 1293
227 1464 227 1560 341 1560 341 1464
387 1463 387 1564 504 1564 504 1463
562 1471 562 1579 683 1579 683 1471
709 1464 709 1574 826 1574 826 1464
861 1454 861 1565 978 1565 978 1454
1007 1480 1007 1574 1160 1574 1160 1480
241 1619 241 1734 341 1734 341 1619
394 1609 394 1726 506 1726 506 1609
565 1624 565 1714 667 1714 667 1624
703 1608 703 1737 817 1737 817 1608
867 1621 867 1733 972 1733 972 1621
1015 1620 1015 1724 1134 1724 1134 1620
237 1784 237 1894 342 1894 342 1784
380 1786 380 1891 522 1891 522 1786
557 1785 557 1883 664 1883 664 1785
706 1767 706 1887 829 1887 829 1767
870 1775 870 1893 991 1893 991 1775
1491 1773 1491 1890 1629 1890 1629 1773
1669 1774 1669 1881 1750 1881 1750 1774
236 1939 236 2042 363 2042 363 1939
391 1938 391 2040 509 2040 509 1938
554 1940 554 2046 660 2046 660 1940
724 1933 724 2027 829 2027 829 1933
848 1925 848 2037 970 2037 970 1925
1034 1930 1034 2040 1112 2040 1112 1930
1503 1930 1503 2049 1635 2049 1635 1930
1655 1923 1655 2045 1786 2045 1786 1923
225 2085 225 2209 336 2209 336 2085
387 2085 387 2200 507 2200 507 2085
565 2096 565 2203 652 2203 652 2096
697 2084 697 2199 807 2199 807 2084
845 2087 845 2210 978 2210 978 2087
1509 2115 1509 2221 1588 2221 1588 2115
222 2285 222 2383 344 2383 344 2285
397 2263 397 2370 490 2370 490 2263
549 2269 549 2368 663 2368 663 2269
713 2253 713 2380 818 2380 818 2253
859 2257 859 2374 971 2374 971 2257
1486 2254 1486 2363 1596 2363 1596 2254
1654 2251 1654 2374 1784 2374 1784 2251
233 2421 233 2524 334 2524 334 2421
383 2416 383 2523 505 2523 505 2416
549 2431 549 2520 668 2520 668 2431
704 2412 704 2537 816 2537 816 2412
886 2416 886 2536 999 2536 999 2416
231 2564 231 2669 349 2669 349 2564
402 2568 402 2683 513 2683 513 2568
549 2581 549 2681 660 2681 660 2581
398 2711 398 2833 499 2833 499 2711
531 2721 531 2832 635 2832 635 2721
1540 2722 1540 2832 1642 2832 1642 2722
1651 2714 1651 2851 1781 2851 1781 2714
390 2879 390 2991 509 2991 509 2879
412 3026 412 3136 487 3136 487 3026
539 3036 539 3158 643 3158 643 3036
1512 3037 1512 3157 1628 3157 1628 3037
1682 3042 1682 3147 1790 3147 1790 3042
1646 3355 1646 3479 1767 3479 1767 3355
1506 3516 1506 3625 1631 3625 1631 3516
1679 3511 1679 3617 1748 3617 1748 3511
1479 3667 1479 3819 1608 3819 1608 3667
1658 3673 1658 3799 1764 3799 1764 3673
1484 3834 1484 3957 1607 3957 1607 3834
# Transcript
****
************PITHSANTIOC
***********SHIARISTONO
**********OSEGRAM*
**********THIEPID*A
*****EKKLHSI**
PEUHFIZ**
OXENTW****
SBOYTA****
HMOYP**AI
LATOTIHM
SGIGN**I
AIARG*OY
OPARE**
NKA***
*ST*OY
L***
IS*TO
***
***P
**AI
**EP
*E*
