# Baseline angle
0
# Boxes: x1 y1 x2 y2 x3 y3 x4 y4
229 297 229 381 315 381 315 297
388 281 388 372 475 372 475 281
520 273 520 369 623 369 623 273
670 257 670 351 760 351 760 257
816 267 816 347 899 347 899 267
956 252 956 344 1012 344 1012 252
1078 245 1078 337 1161 337 1161 245
1204 256 1204 324 1288 324 1288 256
1341 238 1341 333 1431 333 1431 238
242 447 242 536 335 536 335 447
403 444 403 529 484 529 484 444
682 423 682 522 768 522 768 423
823 423 823 517 917 517 917 423
960 418 960 508 1047 508 1047 418
1071 420 1071 502 1199 502 1199 420
1375 391 1375 481 1447 481 1447 391
1250 560 1250 639 1349 639 1349 560
1395 557 1395 643 1488 643 1488 557
1667 532 1667 625 1757 625 1757 532
1810 520 1810 601 1907 601 1907 520
1942 521 1942 611 2041 611 2041 521
140 752 140 870 208 870 208 752
270 774 270 864 368 864 368 774
423 750 423 852 510 852 510 750
565 747 565 834 661 834 661 747
711 745 711 837 765 837 765 745
821 738 821 828 920 828 920 738
978 736 978 827 1071 827 1071 736
1123 727 1123 831 1200 831 1200 727
1385 710 1385 785 1493 785 1493 710
1542 705 1542 788 1635 788 1635 705
1674 700 1674 774 1766 774 1766 700
1821 681 1821 768 1875 768 1875 681
1945 680 1945 756 2035 756 2035 680
2086 668 2086 761 2172 761 2172 668
2221 668 2221 745 2344 745 2344 668
2385 648 2385 737 2438 737 2438 648
2491 657 2491 739 2581 739 2581 657
2639 647 2639 736 2723 736 2723 647
2773 637 2773 720 2880 720 2880 637
140 944 140 1025 234 1025 234 944
296 925 296 1017 352 1017 352 925
430 921 430 1025 535 1025 535 921
584 914 584 1013 665 1013 665 914
719 902 719 1002 800 1002 800 902
839 889 839 992 932 992 932 889
980 907 980 982 1061 982 1061 907
1129 883 1129 970 1184 970 1184 883
1247 866 1247 967 1345 967 1345 866
1408 854 1408 958 1493 958 1493 854
1544 853 1544 947 1627 947 1627 853
1694 862 1694 965 1759 965 1759 862
1817 837 1817 922 1910 922 1910 837
1954 828 1954 919 2046 919 2046 828
2098 824 2098 929 2192 929 2192 824
2242 816 2242 913 2340 913 2340 816
2400 815 2400 897 2452 897 2452 815
2506 809 2506 897 2592 897 2592 809
2652 800 2652 886 2735 886 2735 800
2782 790 2782 881 2872 881 2872 790
2927 779 2927 857 3019 857 3019 779
137 1079 137 1180 242 1180 242 1079
295 1064 295 1169 394 1169 394 1064
434 1069 434 1173 502 1173 502 1069
565 1062 565 1154 657 1154 657 1062
720 1054 720 1138 805 1138 805 1054
843 1045 843 1135 945 1135 945 1045
992 1042 992 1125 1075 1125 1075 1042
1120 1026 1120 1109 1206 1109 1206 1026
1262 1022 1262 1113 1314 1113 1314 1022
1380 1023 1380 1113 1468 1113 1468 1023
1551 1001 1551 1106 1627 1106 1627 1001
1692 1006 1692 1086 1787 1086 1787 1006
1833 995 1833 1079 1920 1079 1920 995
1974 991 1974 1067 2051 1067 2051 991
2242 973 2242 1062 2289 1062 2289 973
2377 976 2377 1050 2458 1050 2458 976
2518 963 2518 1041 2607 1041 2607 963
2649 932 2649 1036 2764 1036 2764 932
2791 929 2791 1031 2873 1031 2873 929
2924 933 2924 1022 3014 1022 3014 933
3074 924 3074 1015 3158 1015 3158 924
316 1212 316 1318 389 1318 389 1212
429 1231 429 1306 523 1306 523 1231
568 1221 568 1310 665 1310 665 1221
711 1197 711 1290 806 1290 806 1197
849 1211 849 1288 956 1288 956 1211
139 1233 139 1334 224 1334 224 1233
992 1204 992 1281 1070 1281 1070 1204
1138 1189 1138 1286 1190 1286 1190 1189
1248 1178 1248 1272 1324 1272 1324 1178
1390 1169 1390 1271 1481 1271 1481 1169
1547 1171 1547 1252 1625 1252 1625 1171
1691 1157 1691 1245 1783 1245 1783 1157
1977 1127 1977 1236 2048 1236 2048 1127
2106 1121 2106 1226 2181 1226 2181 1121
2264 1109 2264 1212 2331 1212 2331 1109
2369 1112 2369 1216 2473 1216 2473 1112
2531 1114 2531 1199 2624 1199 2624 1114
2663 1101 2663 1196 2753 1196 2753 1101
2801 1107 2801 1194 2894 1194 2894 1107
2938 1086 2938 1177 3029 1177 3029 1086
3068 1070 3068 1163 3182 1163 3182 1070
159 1379 159 1474 214 1474 214 1379
291 1363 291 1469 380 1469 380 1363
430 1352 430 1449 520 1449 520 1352
563 1360 563 1444 654 1444 654 1360
737 1342 737 1434 800 1434 800 1342
868 1343 868 1427 949 1427 949 1343
1006 1336 1006 1428 1100 1428 1100 1336
1121 1328 1121 1434 1214 1434 1214 1328
1240 1333 1240 1426 1341 1426 1341 1333
1396 1322 1396 1433 1505 1433 1505 1322
1564 1316 1564 1427 1619 1427 1619 1316
1687 1300 1687 1401 1782 1401 1782 1300
1834 1313 1834 1397 1938 1397 1938 1313
1976 1296 1976 1386 2072 1386 2072 1296
2110 1291 2110 1375 2207 1375 2207 1291
2249 1282 2249 1366 2337 1366 2337 1282
2386 1271 2386 1361 2478 1361 2478 1271
2526 1262 2526 1359 2626 1359 2626 1262
2664 1272 2664 1344 2746 1344 2746 1272
2788 1260 2788 1336 2878 1336 2878 1260
2941 1247 2941 1337 3019 1337 3019 1247
3103 1230 3103 1314 3195 1314 3195 1230
157 1541 157 1627 245 1627 245 1541
300 1526 300 1629 395 1629 395 1526
449 1520 449 1613 537 1613 537 1520
577 1514 577 1594 676 1594 676 1514
743 1510 743 1596 793 1596 793 1510
878 1489 878 1581 963 1581 963 1489
1019 1483 1019 1579 1122 1579 1122 1483
1162 1485 1162 1575 1248 1575 1248 1485
1275 1492 1275 1567 1376 1567 1376 1492
1404 1460 1404 1556 1503 1556 1503 1460
1553 1468 1553 1543 1640 1543 1640 1468
1699 1450 1699 1543 1797 1543 1797 1450
1838 1451 1838 1545 1941 1545 1941 1451
2114 1422 2114 1523 2195 1523 2195 1422
2266 1430 2266 1505 2348 1505 2348 1430
2394 1412 2394 1509 2502 1509 2502 1412
2545 1404 2545 1510 2636 1510 2636 1404
2674 1403 2674 1496 2771 1496 2771 1403
2795 1400 2795 1487 2880 1487 2880 1400
2939 1380 2939 1468 3025 1468 3025 1380
3107 1347 3107 1467 3211 1467 3211 1347
304 1684 304 1766 402 1766 402 1684
450 1672 450 1750 572 1750 572 1672
600 1659 600 1755 692 1755 692 1659
739 1641 739 1739 836 1739 836 1641
873 1645 873 1732 957 1732 957 1645
1036 1636 1036 1711 1127 1711 1127 1636
1169 1633 1169 1713 1268 1713 1268 1633
1304 1630 1304 1709 1384 1709 1384 1630
1423 1612 1423 1698 1522 1698 1522 1612
1565 1604 1565 1681 1664 1681 1664 1604
1723 1590 1723 1673 1789 1673 1789 1590
1845 1586 1845 1667 1970 1667 1970 1586
2003 1572 2003 1665 2099 1665 2099 1572
2133 1555 2133 1661 2219 1661 2219 1555
2267 1552 2267 1649 2360 1649 2360 1552
2424 1549 2424 1639 2513 1639 2513 1549
2559 1550 2559 1640 2620 1640 2620 1550
2675 1532 2675 1627 2791 1627 2791 1532
2817 1511 2817 1628 2914 1628 2914 1511
2953 1527 2953 1620 3042 1620 3042 1527
3088 1512 3088 1586 3179 1586 3179 1512
3190 1510 3190 1590 3249 1590 3249 1510
149 1843 149 1921 277 1921 277 1843
295 1827 295 1909 398 1909 398 1827
466 1823 466 1895 568 1895 568 1823
606 1816 606 1894 699 1894 699 1816
742 1805 742 1885 834 1885 834 1805
870 1792 870 1869 962 1869 962 1792
1033 1787 1033 1864 1131 1864 1131 1787
1181 1780 1181 1862 1246 1862 1246 1780
1289 1773 1289 1860 1407 1860 1407 1773
1431 1755 1431 1841 1532 1841 1532 1755
1585 1751 1585 1836 1681 1836 1681 1751
1716 1749 1716 1826 1802 1826 1802 1749
1847 1720 1847 1826 1944 1826 1944 1720
2018 1715 2018 1822 2100 1822 2100 1715
2136 1709 2136 1812 2219 1812 2219 1709
2265 1704 2265 1788 2385 1788 2385 1704
2411 1688 2411 1802 2523 1802 2523 1688
2548 1694 2548 1772 2626 1772 2626 1694
2688 1677 2688 1777 2771 1777 2771 1677
2826 1664 2826 1759 2930 1759 2930 1664
2962 1659 2962 1750 3050 1750 3050 1659
3089 1655 3089 1738 3175 1738 3175 1655
3181 1643 3181 1736 3285 1736 3285 1643
324 1973 324 2073 416 2073 416 1973
466 1964 466 2059 563 2059 563 1964
630 1959 630 2050 709 2050 709 1959
746 1943 746 2036 846 2036 846 1943
865 1947 865 2032 994 2032 994 1947
1053 1931 1053 2020 1150 2020 1150 1931
1185 1921 1185 2022 1282 2022 1282 1921
1314 1915 1314 2014 1414 2014 1414 1915
1579 1909 1579 1995 1691 1995 1691 1909
1732 1890 1732 1974 1819 1974 1819 1890
1856 1890 1856 1973 1933 1973 1933 1890
1992 1885 1992 1965 2107 1965 2107 1885
2138 1879 2138 1965 2225 1965 2225 1879
2283 1850 2283 1945 2385 1945 2385 1850
2438 1841 2438 1928 2522 1928 2522 1841
2551 1842 2551 1923 2625 1923 2625 1842
2702 1830 2702 1921 2784 1921 2784 1830
2847 1815 2847 1894 2931 1894 2931 1815
2986 1814 2986 1888 3076 1888 3076 1814
3143 1785 3143 1876 3226 1876 3226 1785
757 2081 757 2188 856 2188 856 2081
898 2084 898 2188 984 2188 984 2084
1049 2081 1049 2167 1148 2167 1148 2081
1191 2068 1191 2159 1291 2159 1291 2068
1343 2061 1343 2160 1427 2160 1427 2061
1488 2051 1488 2144 1542 2144 1542 2051
1581 2057 1581 2132 1674 2132 1674 2057
1712 2034 1712 2124 1825 2124 1825 2034
1862 2018 1862 2129 1950 2129 1950 2018
2033 2016 2033 2115 2084 2115 2084 2016
2144 2013 2144 2120 2229 2120 2229 2013
2299 2007 2299 2092 2383 2092 2383 2007
2436 2000 2436 2097 2519 2097 2519 2000
2573 1984 2573 2085 2658 2085 2658 1984
2712 1967 2712 2066 2775 2066 2775 1967
2842 1976 2842 2062 2935 2062 2935 1976
2996 1959 2996 2052 3097 2052 3097 1959
3141 1956 3141 2040 3234 2040 3234 1956
317 2281 317 2370 419 2370 419 2281
475 2266 475 2359 534 2359 534 2266
619 2263 619 2347 711 2347 711 2263
783 2245 783 2338 868 2338 868 2245
916 2253 916 2337 998 2337 998 2253
1066 2243 1066 2325 1125 2325 1125 2243
1205 2229 1205 2319 1307 2319 1307 2229
1349 2225 1349 2316 1442 2316 1442 2225
1496 2208 1496 2312 1578 2312 1578 2208
1618 2204 1618 2306 1704 2306 1704 2204
1747 2197 1747 2306 1830 2306 1830 2197
1879 2187 1879 2294 1957 2294 1957 2187
2018 2182 2018 2283 2105 2283 2105 2182
2153 2177 2153 2277 2237 2277 2237 2177
2422 2160 2422 2262 2521 2262 2521 2160
2565 2145 2565 2229 2647 2229 2647 2145
2697 2139 2697 2227 2785 2227 2785 2139
2839 2135 2839 2223 2924 2223 2924 2135
2998 2110 2998 2200 3102 2200 3102 2110
3136 2118 3136 2203 3264 2203 3264 2118
490 2430 490 2507 574 2507 574 2430
629 2420 629 2508 720 2508 720 2420
782 2410 782 2490 881 2490 881 2410
939 2408 939 2488 1024 2488 1024 2408
1071 2401 1071 2488 1155 2488 1155 2401
1200 2381 1200 2488 1297 2488 1297 2381
1364 2378 1364 2472 1429 2472 1429 2378
1517 2372 1517 2471 1597 2471 1597 2372
1618 2371 1618 2450 1728 2450 1728 2371
1763 2357 1763 2444 1843 2444 1843 2357
1890 2352 1890 2441 1968 2441 1968 2352
2017 2353 2017 2427 2102 2427 2102 2353
2143 2350 2143 2427 2237 2427 2237 2350
2285 2330 2285 2413 2387 2413 2387 2330
2455 2329 2455 2404 2540 2404 2540 2329
2586 2334 2586 2409 2684 2409 2684 2334
2720 2317 2720 2409 2777 2409 2777 2317
2862 2298 2862 2406 2958 2406 2958 2298
3006 2296 3006 2395 3088 2395 3088 2296
3161 2280 3161 2378 3252 2378 3252 2280
515 2577 515 2669 598 2669 598 2577
630 2593 630 2662 715 2662 715 2593
798 2567 798 2660 891 2660 891 2567
937 2561 937 2645 1023 2645 1023 2561
1082 2569 1082 2640 1164 2640 1164 2569
1210 2560 1210 2641 1303 2641 1303 2560
1381 2530 1381 2635 1455 2635 1455 2530
1512 2523 1512 2611 1596 2611 1596 2523
1639 2531 1639 2614 1726 2614 1726 2531
1762 2531 1762 2602 1858 2602 1858 2531
1916 2526 1916 2592 1999 2592 1999 2526
2033 2510 2033 2597 2121 2597 2121 2510
2162 2504 2162 2596 2255 2596 2255 2504
2313 2482 2313 2575 2393 2575 2393 2482
2459 2475 2459 2559 2546 2559 2546 2475
2604 2460 2604 2562 2691 2562 2691 2460
2720 2459 2720 2557 2800 2557 2800 2459
2822 2460 2822 2541 2960 2541 2960 2460
3015 2446 3015 2534 3075 2534 3075 2446
3186 2435 3186 2523 3269 2523 3269 2435
510 2726 510 2829 586 2829 586 2726
655 2738 655 2818 745 2818 745 2738
801 2722 801 2814 894 2814 894 2722
348 2741 348 2833 449 2833 449 2741
952 2713 952 2816 1029 2816 1029 2713
1076 2714 1076 2803 1169 2803 1169 2714
1224 2701 1224 2798 1285 2798 1285 2701
1362 2693 1362 2779 1457 2779 1457 2693
1507 2688 1507 2779 1610 2779 1610 2688
1636 2676 1636 2784 1725 2784 1725 2676
1775 2674 1775 2757 1866 2757 1866 2674
1914 2655 1914 2750 2005 2750 2005 2655
2045 2657 2045 2751 2128 2751 2128 2657
2180 2651 2180 2730 2269 2730 2269 2651
2341 2640 2341 2734 2391 2734 2391 2640
2437 2621 2437 2723 2535 2723 2535 2621
2585 2627 2585 2707 2706 2707 2706 2627
2754 2591 2754 2696 2807 2696 2807 2591
2871 2599 2871 2687 2974 2687 2974 2599
3014 2585 3014 2683 3092 2683 3092 2585
3153 2589 3153 2670 3273 2670 3273 2589
654 2899 654 2988 753 2988 753 2899
809 2889 809 2972 900 2972 900 2889
949 2888 949 2972 1030 2972 1030 2888
1084 2873 1084 2971 1181 2971 1181 2873
1216 2850 1216 2960 1304 2960 1304 2850
1341 2863 1341 2954 1434 2954 1434 2863
1513 2838 1513 2945 1587 2945 1587 2838
1646 2844 1646 2926 1740 2926 1740 2844
1801 2834 1801 2922 1882 2922 1882 2834
1924 2822 1924 2924 2015 2924 2015 2822
2045 2806 2045 2920 2136 2920 2136 2806
2193 2799 2193 2891 2292 2891 2292 2799
2344 2791 2344 2900 2450 2900 2450 2791
2483 2788 2483 2888 2566 2888 2566 2788
2614 2789 2614 2885 2703 2885 2703 2789
2759 2779 2759 2863 2835 2863 2835 2779
2895 2768 2895 2860 2969 2860 2969 2768
3040 2755 3040 2850 3099 2850 3099 2755
3188 2750 3188 2832 3277 2832 3277 2750
377 3050 377 3143 483 3143 483 3050
534 3056 534 3142 620 3142 620 3056
683 3046 683 3142 776 3142 776 3046
842 3030 842 3139 930 3139 930 3030
957 3028 957 3118 1038 3118 1038 3028
1098 3020 1098 3123 1193 3123 1193 3020
1226 3021 1226 3112 1315 3112 1315 3021
1365 3014 1365 3094 1456 3094 1456 3014
1518 3002 1518 3094 1595 3094 1595 3002
1652 2980 1652 3092 1720 3092 1720 2980
1789 2997 1789 3076 1877 3076 1877 2997
1932 2973 1932 3073 2015 3073 2015 2973
2061 2974 2061 3069 2153 3069 2153 2974
2210 2965 2210 3048 2303 3048 2303 2965
2345 2961 2345 3049 2438 3049 2438 2961
2470 2959 2470 3044 2586 3044 2586 2959
2616 2944 2616 3039 2704 3039 2704 2944
2753 2920 2753 3029 2837 3029 2837 2920
2870 2933 2870 3021 3017 3021 3017 2933
3037 2916 3037 3007 3134 3007 3134 2916
3190 2908 3190 2997 3270 2997 3270 2908
3279 2904 3279 2998 3328 2998 3328 2904
379 3215 379 3314 474 3314 474 3215
539 3209 539 3298 623 3298 623 3209
705 3197 705 3299 789 3299 789 3197
828 3187 828 3272 919 3272 919 3187
968 3181 968 3285 1076 3285 1076 3181
1098 3175 1098 3256 1220 3256 1220 3175
1241 3166 1241 3257 1333 3257 1333 3166
1370 3145 1370 3246 1465 3246 1465 3145
1518 3155 1518 3234 1604 3234 1604 3155
1655 3147 1655 3232 1735 3232 1735 3147
1797 3131 1797 3223 1886 3223 1886 3131
1928 3129 1928 3215 2018 3215 2018 3129
2071 3122 2071 3199 2161 3199 2161 3122
2225 3113 2225 3205 2288 3205 2288 3113
2339 3101 2339 3194 2441 3194 2441 3101
2496 3100 2496 3185 2576 3185 2576 3100
2631 3089 2631 3174 2735 3174 2735 3089
2774 3076 2774 3162 2855 3162 2855 3076
2906 3069 2906 3158 2995 3158 2995 3069
3036 3056 3036 3147 3161 3147 3161 3056
393 3373 393 3450 486 3450 486 3373
553 3348 553 3447 632 3447 632 3348
701 3347 701 3429 796 3429 796 3347
835 3346 835 3419 921 3419 921 3346
971 3341 971 3411 1089 3411 1089 3341
1133 3329 1133 3401 1224 3401 1224 3329
1254 3311 1254 3410 1338 3410 1338 3311
1381 3305 1381 3404 1468 3404 1468 3305
1528 3294 1528 3402 1605 3402 1605 3294
1659 3295 1659 3392 1749 3392 1749 3295
1786 3294 1786 3380 1913 3380 1913 3294
1937 3279 1937 3371 2037 3371 2037 3279
2076 3273 2076 3370 2156 3370 2156 3273
2198 3270 2198 3371 2292 3371 2292 3270
2347 3255 2347 3358 2444 3358 2444 3255
2497 3246 2497 3334 2598 3334 2598 3246
2641 3231 2641 3339 2726 3339 2726 3231
2770 3226 2770 3311 2854 3311 2854 3226
2896 3222 2896 3318 2993 3318 2993 3222
3044 3207 3044 3300 3108 3300 3108 3207
387 3522 387 3598 520 3598 520 3522
544 3498 544 3594 650 3594 650 3498
697 3493 697 3585 788 3585 788 3493
824 3498 824 3574 958 3574 958 3498
1005 3477 1005 3573 1063 3573 1063 3477
1124 3475 1124 3563 1215 3563 1215 3475
1252 3466 1252 3560 1354 3560 1354 3466
1393 3469 1393 3545 1505 3545 1505 3469
1518 3467 1518 3550 1634 3550 1634 3467
1681 3456 1681 3556 1735 3556 1735 3456
1802 3435 1802 3532 1893 3532 1893 3435
1952 3430 1952 3530 2018 3530 2018 3430
2073 3417 2073 3516 2169 3516 2169 3417
2222 3417 2222 3504 2311 3504 2311 3417
2361 3402 2361 3493 2414 3493 2414 3402
2493 3405 2493 3489 2591 3489 2591 3405
2645 3390 2645 3490 2728 3490 2728 3390
2783 3387 2783 3483 2868 3483 2868 3387
2905 3384 2905 3462 2995 3462 2995 3384
3063 3367 3063 3464 3116 3464 3116 3367
3205 3348 3205 3457 3287 3457 3287 3348
710 3637 710 3733 815 3733 815 3637
847 3645 847 3738 972 3738 972 3645
997 3635 997 3729 1079 3729 1079 3635
1129 3635 1129 3717 1224 3717 1224 3635
1276 3619 1276 3710 1352 3710 1352 3619
1423 3610 1423 3708 1461 3708 1461 3610
1553 3612 1553 3702 1635 3702 1635 3612
1661 3609 1661 3698 1785 3698 1785 3609
1817 3587 1817 3677 1914 3677 1914 3587
1953 3583 1953 3683 2034 3683 2034 3583
2091 3580 2091 3654 2188 3654 2188 3580
2200 3568 2200 3656 2285 3656 2285 3568
2334 3552 2334 3637 2430 3637 2430 3552
2496 3545 2496 3643 2574 3643 2574 3545
2623 3544 2623 3640 2713 3640 2713 3544
2785 3536 2785 3617 2864 3617 2864 3536
2897 3534 2897 3615 2982 3615 2982 3534
3022 3523 3022 3613 3106 3613 3106 3523
3147 3518 3147 3610 3237 3610 3237 3518
3252 3513 3252 3599 3347 3599 3347 3513
# Transcript
***
*OYS ADIKOY*
*LE*SASQ*I
** **** **DE*S AD*****
IA KAI H SY*MACIA TWI DHM
OIS EYBOIEYSIN EPAINESA*
HRITON KAI HRAKL*IODWRON
PROQYMOI HSAN *ERI TON DHM
I EPOIOYN O TI EDYNANTO AGA
YS KAI EGGONOYS *ROXENOYS
*HMO TO* AQHNAIWN EPAINESAI
WN AQHNAIWN TOS PEMFQENTAS
S EK TWN SY*MACWN KAI KALE
* **YTANEION EIS AYRION A
DIA TOIS PRESBES* TON TAM
*ATA UHFISMATA ANALISKO
**KONTA DRACMAS EKASTWI A
*PROXENIAN EAN KAI TWI DHM
***A THS BOYLHS EN STHLHI L
*N AKROPOLEI DEKA HMERWN EI
*HS STHLHS DOYNAI TON TAM*
DRACMAS EK TWN KATA UHFI*
WN TWI DHMWI EINAI DE TOIS
* TWN AKIDWN KAQA EPAGGEL
*****