# Baseline angle
-0.03415450654224306
# Boxes: x1 y1 x2 y2 x3 y3 x4 y4
544 324 548.0138788552994 441.475506738365 679 437 674.9861211447006 319.524493261635
681 302 685.2411137459877 426.1260646885653 806 422 801.7588862540123 297.8739353114347
825 286 829.3175321859718 412.36262819357387 957 408 952.6824678140282 281.63737180642613
991 290 995.2352833620375 413.95542493243056 1111 410 1106.7647166379625 286.04457506756944
518 487 521.9479551064255 602.546094794399 655 598 651.0520448935745 482.453905205601
679 458 683.7751884734025 597.7570046100269 823 593 818.2248115265975 453.2429953899731
854 461 858.460186099146 591.5377269801769 962 588 957.539813900854 457.4622730198231
991 466 995.4044453170661 594.9063432596251 1139 590 1134.5955546829337 461.0936567403749
1156 444 1160.7352301382255 582.5875309306822 1295 578 1290.2647698617745 439.4124690693178
1300 432 1304.766714211556 571.50898561381 1466 566 1461.233285788444 426.49101438619016
496 634 500.57858330357107 768.0028967293557 647 763 642.4214166964289 628.9971032706443
667 646 671.1912033478582 768.6653207241482 837 763 832.8087966521418 640.3346792758518
842 631 846.8492747598067 772.9253122125816 991 768 986.1507252401933 626.0746877874184
1019 622 1023.0226648414617 739.7326490722105 1103 737 1098.9773351585382 619.2673509277895
1147 614 1151.4479018826135 744.1782007926506 1303 739 1298.5520981173865 608.8217992073494
374 638 379.04852380753425 785.756799333335 489 782 483.95147619246575 634.243200666665
1329 586 1334.3095749251336 741.397067869117 1463 737 1457.6904250748664 581.602932130883
352 818 356.0745148483809 937.2501602021664 539 931 534.925485151619 811.7498397978336
556 782 560.9219640655789 926.0527339255677 621 924 616.0780359344211 779.9472660744323
676 787 680.1007919863938 907.0192218044161 827 902 822.8992080136062 781.9807781955839
851 787 854.967778411856 903.126269965257 1005 898 1001.032221588144 781.873730034743
1022 782 1025.924633570625 896.86353576986 1139 893 1135.075366429375 778.13646423014
1149 746 1154.4259517002947 904.8031050534703 1295 900 1289.5740482997053 741.1968949465297
1319 739 1324.2786334799605 893.4914944619594 1485 888 1479.7213665200395 733.5085055380406
403 958 406.9389382164214 1073.2821945222117 503 1070 499.0610617835786 954.7178054777883
532 953 535.749017783014 1062.723731011274 674 1058 670.250982216986 948.2762689887262
681 919 686.0280770534716 1066.1583774872202 837 1061 831.9719229465284 913.8416225127798
868 905 872.8096281489455 1045.7649618708654 983 1042 978.1903718510545 901.2350381291346
1007 905 1011.9752918736042 1050.613496344379 1147 1046 1142.0247081263958 900.386503655621
1180 898 1184.8011538870992 1038.5169428746483 1317 1034 1312.1988461129008 893.4830571253517
1339 893 1343.9962812558247 1039.227799466464 1497 1034 1492.0037187441753 887.772200533536
1485 746 1489.9574889974376 891.0924537383462 1639 886 1634.0425110025624 740.9075462616538
379 1092 383.615043408378 1227.0699865550196 532 1222 527.3849565916219 1086.9300134449804
542 1099 546.1915150721743 1221.6744440617765 683 1217 678.8084849278257 1094.3255559382235
710 1075 714.8317836079561 1216.4133929441773 844 1212 839.1682163920439 1070.5866070558227
868 1070 872.1926811489643 1192.7085720130035 1010 1188 1005.8073188510357 1065.2914279869965
1029 1068 1033.325694723502 1194.6015238521625 1168 1190 1163.674305276498 1063.3984761478375
1180 1054 1184.971793643234 1199.511112490698 1317 1195 1312.028206356766 1049.488887509302
1331 1039 1336.327066076984 1194.9089871375213 1480 1190 1474.672933923016 1034.0910128624787
376 1267 380.09262944886353 1386.7803261458275 520 1382 515.9073705511365 1262.2196738541725
549 1248 553.5079952475371 1379.9369729804819 698 1375 693.4920047524629 1243.0630270195181
722 1222 726.6588116982414 1358.3509674256736 854 1354 849.3411883017586 1217.6490325743264
871 1202 876.002423364091 1348.4075625602272 1005 1344 999.997576635909 1197.5924374397728
998 1219 1001.5664055346629 1323.379158545326 1159 1318 1155.4335944653371 1213.620841454674
1178 1205 1181.67959580377 1312.691935213627 1319 1308 1315.32040419623 1200.308064786373
1339 1190 1343.1430824751508 1311.2569513862147 1497 1306 1492.8569175248492 1184.7430486137853
1514 1174 1518.0844669113335 1293.5414304872388 1651 1289 1646.9155330886665 1169.4585695127612
391 1418 395.3843102873196 1546.3170447511384 551 1541 546.6156897126804 1412.6829552488616
575 1406 579.3236742942381 1532.542391287337 683 1529 678.6763257057619 1402.457608712663
722 1397 726.7293997542753 1535.4168911745476 856 1531 851.2706002457247 1392.5831088254524
892 1356 897.0601845754346 1504.0980788456045 1017 1500 1011.9398154245654 1351.9019211543955
1031 1351 1036.0718453433349 1499.4393583578742 1166 1495 1160.9281546566651 1346.5606416421258
1180 1342 1184.8755518978196 1484.6943738148314 1293 1481 1288.1244481021804 1338.3056261851686
1324 1330 1329.1464742578967 1480.623547236399 1523 1474 1517.8535257421033 1323.376452763601
417 1584 420.4418662219714 1684.7342257023843 559 1680 555.5581337780286 1579.2657742976157
592 1541 596.6652655308237 1677.5398538570653 671 1675 666.3347344691763 1538.4601461429347
719 1558 723.1865390406981 1680.5288089192404 885 1675 880.8134609593019 1552.4711910807596
1531 1332 1535.504497017167 1463.8345891268011 1677 1459 1672.495502982833 1327.1654108731989
885 1524 889.2714317425284 1649.013391420466 1036 1644 1031.7285682574714 1518.986608579534
1067 1495 1072.040361270004 1642.5179036747465 1175 1639 1169.959638729996 1491.4820963252535
1195 1495 1199.249276283518 1619.364960347154 1327 1615 1322.750723716482 1490.635039652846
1353 1493 1357.9198628158406 1636.9912359614555 1504 1632 1499.0801371841594 1488.0087640385445
1526 1474 1530.9543024913835 1618.9991932222938 1648 1615 1643.0456975086165 1470.0008067777062
415 1697 420.5023701402788 1858.0396685584788 568 1853 562.4976298597212 1691.9603314415212
583 1692 587.9082020479402 1835.649956449186 724 1831 719.0917979520598 1687.350043550814
748 1704 752.1530345381033 1825.5482216712874 856 1822 851.8469654618967 1700.4517783287126
911 1675 916.1905542720762 1826.9136514446814 1060 1822 1054.809445727924 1670.0863485553186
1070 1666 1074.9659632592839 1811.3404727345633 1202 1807 1197.0340367407161 1661.6595272654367
1211 1644 1216.154094167269 1794.8465616190174 1358 1790 1352.845905832731 1639.1534383809826
1365 1654 1368.8998342337181 1768.1377254564657 1490 1764 1486.1001657662819 1649.8622745435343
441 1889 445.4082552717524 2018.0178504509342 563 2014 558.5917447282476 1884.9821495490658
583 1850 587.4245803468128 1979.4956417681115 719 1975 714.5754196531872 1845.5043582318885
743 1843 747.7588633983422 1982.2792132928496 873 1978 868.2411366016578 1838.7207867071504
1523 1661 1526.3155373838576 1758.0369182329584 1703 1752 1699.6844626161424 1654.9630817670416
887 1843 891.2346599134054 1966.9371782571736 1065 1961 1060.7653400865947 1837.0628217428264
1060 1829 1064.648317007131 1965.0438158646311 1183 1961 1178.351682992869 1824.9561841353689
1214 1802 1219.2693048656402 1956.2184708521438 1372 1951 1366.7306951343598 1796.7815291478562
1389 1795 1394.7366014917072 1962.894994216041 1538 1958 1532.2633985082928 1790.105005783959
455 2028 459.8895448192998 2171.1039092295546 580 2167 575.1104551807002 2023.8960907704452
604 1992 609.9235663229025 2165.366955149268 767 2160 761.0764336770975 1986.6330448507322
784 1990 789.501827512121 2151.0237872825087 878 2148 872.498172487879 1986.976212717491
# Transcript
PONT
*OYOS EM
QHNAIWN
WI TE DHMW
THRIAN E
YMBHSOM*
A TOY DHMO
AIA KAI MA
AI AYTON A
NAIWN EQA
NEQETO A
ZEI**