# Baseline angle
6.318165116294742
# Boxes: x1 y1 x2 y2 x3 y3 x4 y4
2107 205 2100.5636986337836 388.9254184001357 2217 393 2223.4363013662164 209.0745815998643
2222 205 2216.17061958384 371.5818878033761 2371 377 2376.82938041616 210.4181121966239
2387 199 2380.732857876325 378.09147997955466 2521 383 2527.267142123675 203.90852002044534
2528 199 2521.8455685232525 374.8706312785978 2697 381 2703.1544314767475 205.12936872140222
1507 724 1502.8147394797463 843.5990909222686 1600 847 1604.1852605202537 727.4009090777314
1600 726 1596.2556521795912 832.999455171437 1682 836 1685.7443478204088 729.000544828563
1687 726 1683.3169931274927 831.2465603230013 1762 834 1765.6830068725073 728.7534396769987
1765 726 1761.1679215659915 835.5064679563804 1861 839 1864.8320784340085 729.4935320436196
1856 711 1851.3774960441178 843.0938728264914 1963 847 1967.6225039558822 714.9061271735086
1964 706 1958.847111370714 853.2502829164249 2066 857 2071.152888629286 709.7497170835751
2053 727 2048.7595139722052 848.1772293596898 2158 852 2162.2404860277948 730.8227706403102
2156 756 2152.205319024338 864.4377884800467 2254 868 2257.794680975662 759.5622115199533
2251 740 2247.141531900293 850.2605858928881 2354 854 2357.858468099707 743.7394141071119
2348 759 2344.3764061711368 862.5487577670157 2443 866 2446.6235938288632 762.4512422329843
2455 742 2450.770003492967 862.8774780918195 2540 866 2544.229996507033 745.1225219081805
2553 711 2547.0290730950696 881.6267570052465 2672 886 2677.9709269049304 715.3732429947535
2661 713 2655.3511597076263 874.4227263663863 2729 877 2734.6488402923737 715.5772736336137
2723 719 2717.375103197181 879.7385109942843 2782 882 2787.624896802819 721.2614890057157
2771 738 2767.2446443869426 845.314016711263 2844 848 2847.7553556130574 740.685983288737
2832 727 2827.0010752845037 869.8505701542343 2917 873 2921.9989247154963 730.1494298457657
1529 884 1525.1329702837886 994.5052448683084 1625 998 1628.8670297162114 887.4947551316916
1637 882 1632.7401311073509 1003.7311191366446 1669 1005 1673.2598688926491 883.2688808633554
1664 882 1660.1500935167974 992.0159269174679 1774 996 1777.8499064832026 885.9840730825321
1763 877 1758.869260171102 995.0410934950944 1872 999 1876.130739828898 880.9589065049056
1868 882 1863.6228598357231 1007.0822934327485 1947 1010 1951.3771401642769 884.9177065672515
1923 891 1918.921334686314 1007.5529986323261 2046 1012 2050.078665313686 895.4470013676739
2012 886 2007.661998654029 1009.9638524022563 2123 1014 2127.338001345971 890.0361475977437
2121 889 2116.7221165138585 1011.2459088360235 2224 1015 2228.2778834861415 892.7540911639766
2222 884 2218.030562613324 997.4316730396864 2320 1001 2323.969437386676 887.5683269603136
1546 1021 1542.5438240537187 1119.764580900593 1635 1123 1638.4561759462813 1024.235419099407
1621 1016 1617.2004266720503 1124.5775936088583 1715 1128 1718.7995733279497 1019.4224063911417
1712 1014 1708.1894188794017 1122.8921551486844 1797 1126 1800.8105811205983 1017.1078448513156
1788 1023 1784.1625109418164 1132.6610833571476 1851 1135 1854.8374890581836 1025.3389166428524
1854 1027 1850.4089112771953 1129.6198834194936 1947 1133 1950.5910887228047 1030.3801165805064
1954 1029 1950.2568752676634 1135.964503889234 2037 1139 2040.7431247323366 1032.035496110766
2027 1025 2022.9276366709728 1141.3729114830203 2098 1144 2102.072363329027 1027.6270885169797
2099 1029 2095.203391120081 1137.4928807724966 2224 1142 2227.796608879919 1033.5071192275034
2235 1025 2230.5295320536497 1152.7492523567507 2352 1157 2356.4704679463503 1029.2507476432493
2341 1027 2336.8932036606566 1144.3568781229924 2441 1148 2445.1067963393434 1030.6431218770076
2450 1021 2445.588426825407 1147.0662600727208 2558 1151 2562.411573174593 1024.9337399272792
1642 1142 1638.0532830148063 1254.7824089497872 1730 1258 1733.9467169851937 1145.2175910502128
1739 1146 1735.0122162922432 1259.9559422727298 1822 1263 1825.9877837077568 1149.0440577272702
1827 1158 1823.4167680775147 1260.3953654543204 1955 1265 1958.5832319224853 1162.6046345456796
1959 1156 1955.1242221229857 1266.75523458202 2105 1272 2108.875777877014 1161.24476541798
2096 1170 2092.493490898466 1270.202914209203 2201 1274 2204.506509101534 1173.797085790797
1675 1284 1670.8379781531155 1402.9350165604135 1787 1407 1791.1620218468845 1288.0649834395865
1798 1279 1793.6571063017407 1403.103657531068 1905 1407 1909.3428936982593 1282.896342468932
1903 1281 1898.865590906886 1399.145947341703 2009 1403 2013.134409093114 1284.854052658297
2004 1281 1999.7049932808495 1403.735226786864 2093 1407 2097.2950067191505 1284.264773213136
2091 1272 2086.376977772231 1404.108683098447 2169 1407 2173.623022227769 1274.891316901553
2175 1300 2171.135416459933 1410.4353423039024 2273 1414 2276.864583540067 1303.5646576960976
2262 1298 2258.2512780991897 1405.1244500282928 2369 1409 2372.7487219008103 1301.8755499717072
2409 1275 2402.8225163941815 1451.5293749021612 2502 1455 2508.1774836058185 1278.4706250978388
2537 1332 2534.3716470339396 1407.1084965541488 2617 1410 2619.6283529660604 1334.8915034458512
2619 1309 2615.3653983784884 1412.8633193068417 2705 1416 2708.6346016215116 1312.1366806931583
2694 1295 2689.676862255192 1418.5391062775302 2760 1421 2764.323137744808 1297.4608937224698
1485 1410 1480.9772650100404 1524.9547191846577 1568 1528 1572.0227349899596 1413.0452808153423
1546 1416 1543.0485238776091 1500.3421477369204 1619 1503 1621.9514761223909 1418.6578522630796
1632 1426 1628.145719436396 1536.1409217743237 1767 1541 1770.854280563604 1430.8590782256763
1757 1456 1753.8858118030168 1544.9918502128226 1897 1550 1900.1141881969832 1461.0081497871774
2003 1451 1999.5899696728686 1548.445911710548 2044 1550 2047.4100303271312 1452.554088289452
2037 1456 2033.5198805641644 1555.4487962726953 2135 1559 2138.4801194358356 1459.5512037273047
2152 1473 2148.9981907223564 1558.78048104553 2241 1562 2244.0018092776436 1476.21951895447
2248 1457 2245.0287679241574 1541.9066989904577 2362 1546 2364.9712320758426 1461.0933010095423
1617 1574 1613.8431902647933 1664.209814351632 1665 1666 1668.1568097352067 1575.790185648368
1669 1584 1665.764021267698 1676.4721681611554 1738 1679 1741.235978732302 1586.5278318388446
1738 1579 1734.8087572544773 1670.1937809916044 1815 1673 1818.1912427455227 1581.8062190083956
1958 1585 1954.6208786022585 1681.5626501218117 2110 1687 2113.3791213977415 1590.4373498781883
2114 1589 2110.6130218019393 1685.7871680869846 2231 1690 2234.3869781980607 1593.2128319130154
2239 1591 2235.3778158035075 1694.5084757465213 2278 1696 2281.6221841964925 1592.4915242534787
2282 1596 2278.4326682224514 1697.940998785683 2423 1703 2426.5673317775486 1601.059001214317
2434 1581 2429.754621619917 1702.3170344885013 2535 1706 2539.245378380083 1584.6829655114987
2529 1582 2524.4896884191585 1710.8878343974902 2642 1715 2646.5103115808415 1586.1121656025098
1461 1697 1456.9239674067567 1813.477765329629 1529 1816 1533.0760325932433 1699.522234670371
1532 1724 1528.7241776332069 1817.610750201895 1597 1820 1600.2758223667931 1726.389249798105
1588 1715 1584.5408596056877 1813.849293736955 1646 1816 1649.4591403943123 1717.150706263045
1642 1732 1638.707759216383 1826.079927142488 1665 1827 1668.292240783617 1732.920072857512
1675 1728 1671.7271420812376 1821.5260373655333 1771 1825 1774.2728579187624 1731.4739626344667
1761 1715 1757.5518673983363 1813.5347321971287 1828 1816 1831.4481326016637 1717.4652678028713
1873 1721 1869.3040574305867 1826.6162141552772 1966 1830 1969.6959425694133 1724.3837858447228
1989 1728 1985.0894573850812 1839.7486807556566 2078 1843 2081.910542614919 1731.2513192443434
2098 1727 2094.0642908074547 1839.4678474099612 2195 1843 2198.9357091925453 1730.5321525900388
2186 1728 2182.4737349450147 1828.7674654627406 2332 1834 2335.5262650549853 1733.2325345372594
2353 1737 2348.744318643454 1858.6114550180803 2417 1861 2421.255681356546 1739.3885449819197
2428 1728 2424.2040959362666 1836.4727397622496 2525 1840 2528.7959040637334 1731.5272602377504
2519 1738 2515.4536472639747 1839.3414962499426 2620 1843 2623.5463527360253 1741.6585037500574
1495 1859 1491.735703697742 1952.281378390113 1598 1956 1601.264296302258 1862.718621609887
1590 1844 1586.0403473179003 1957.1520627820635 1696 1961 1699.9596526820997 1847.8479372179365
1680 1847 1676.2089882885546 1955.332934633438 1781 1959 1784.7910117114454 1850.667065366562
1768 1859 1764.6284036749892 1955.3476116903028 1869 1959 1872.3715963250108 1862.6523883096972
1870 1856 1866.4529424477896 1957.3616372601896 1999 1962 2002.5470575522104 1860.6383627398104
2035 1859 2031.3297422801 1963.8822372290167 2149 1968 2152.6702577199 1863.1177627709833
2161 1864 2157.1689581097653 1973.476847412469 2315 1979 2318.8310418902347 1869.523152587531
2319 1867 2315.4426394713264 1968.6560577897685 2411 1972 2414.5573605286736 1870.3439422102315
2404 1868 2399.8933902049553 1985.351547384701 2447 1987 2451.1066097950447 1869.648452615299
2454 1864 2450.00346813144 1978.2059319864413 2587 1983 2590.99653186856 1868.7940680135587
2598 1863 2593.7062163689216 1985.700275504661 2688 1989 2692.2937836310784 1866.299724495339
2682 1864 2677.7367935707234 1985.826493449589 2797 1990 2801.2632064292766 1868.173506550411
1462 1986 1458.310172870947 2091.441457744263 1560 2095 1563.689827129053 1989.5585422557372
1566 1983 1561.8773035157199 2100.81124479163 1653 2104 1657.1226964842801 1986.1887552083701
1653 1982 1648.92956457523 2098.3178191905704 1697 2100 1701.07043542477 1983.6821808094298
1686 1990 1682.3003881663706 2095.721068001886 1776 2099 1779.6996118336294 1993.2789319981139
1769 1978 1765.4279624144615 2080.075473176203 1849 2083 1852.5720375855385 1980.924526823797
1880 1991 1875.6111472268894 2116.4169959828214 1978 2120 1982.3888527731106 1994.5830040171784
1942 1991 1938.2346731380678 2098.5989577071778 2064 2103 2067.7653268619324 1995.4010422928227
2084 1987 2079.748506179557 2108.4917908995153 2180 2112 2184.251493820443 1990.5082091004842
2192 1991 2187.646285053391 2115.4128883326025 2233 2117 2237.353714946609 1992.5871116673975
2238 1992 2234.0740755120314 2104.1882371523384 2343 2108 2346.9259244879686 1995.8117628476616
2339 2009 2335.469029137025 2109.901939853261 2424 2113 2427.530970862975 2012.0980601467393
2430 2008 2426.059398455167 2120.607652538773 2523 2124 2526.940601544833 2011.392347461227
1230 2128 1226.2212191692752 2235.9834218114092 1341 2240 1344.7787808307248 2132.0165781885908
1338 2125 1334.7835906768507 2216.9129476459093 1423 2220 1426.2164093231493 2128.0870523540907
1406 2132 1402.9307343340947 2219.70813230498 1497 2223 1500.0692656659053 2135.29186769502
1491 2128 1488.0001186266136 2213.72538875308 1553 2216 1555.9998813733864 2130.27461124692
1511 2120 1507.4304085906058 2222.0055706117973 1593 2225 1596.5695914093942 2122.9944293882027
1596 2120 1592.3653983784882 2223.8633193068413 1682 2227 1685.6346016215118 2123.1366806931587
1663 2120 1659.5039804192277 2219.9031629413325 1748 2223 1751.4960195807723 2123.0968370586675
1765 2123 1761.3917880441868 2226.1092013703337 1844 2229 1847.6082119558132 2125.8907986296663
1837 2117 1832.8399060573727 2235.879924267964 1922 2239 1926.1600939426273 2120.120075732036
1920 2135 1916.6523471645437 2230.6633963182007 2012 2234 2015.3476528354563 2138.3366036817993
2005 2135 2001.3790388915793 2238.4735244643184 2045 2240 2048.6209611084205 2136.5264755356816
2046 2120 2042.013439380315 2233.9209909905267 2130 2237 2133.986560619685 2123.0790090094733
2144 2130 2140.1403088122206 2240.295537175091 2246 2244 2249.8596911877794 2133.704462824909
2235 2142 2231.3659166503753 2245.848509034886 2350 2250 2353.6340833496247 2146.151490965114
795 2247 791.7105371201155 2341.000545044418 906 2345 909.2894628798845 2250.999454955582
900 2254 896.8957830518917 2342.706909216908 991 2346 994.1042169481083 2257.293090783092
987 2247 983.5069448672587 2346.8184501049714 1103 2351 1106.4930551327413 2251.1815498950286
1109 2254 1105.5536087582952 2352.48497064297 1206 2356 1209.4463912417048 2257.51502935703
1211 2254 1206.9943882430491 2368.4654012338174 1308 2372 1312.0056117569509 2257.5345987661826
1310 2257 1306.3309653681722 2361.847285946814 1425 2366 1428.6690346318278 2261.152714053186
1426 2254 1422.1894188794017 2362.892155148684 1511 2366 1514.8105811205983 2257.107844851316
1491 2263 1487.7799214126346 2355.0178014925177 1573 2358 1576.2200785873654 2265.9821985074823
1583 2259 1579.3783340753942 2362.4936654745657 1651 2365 1654.6216659246058 2261.5063345254343
1647 2266 1643.4538338082734 2367.336165511651 1691 2369 1694.5461661917266 2267.663834488349
1689 2263 1685.2593214438075 2369.8946013248287 1774 2373 1777.7406785561925 2266.1053986751713
1767 2264 1763.2857111095059 2370.1404833883207 1845 2373 1848.7142888904941 2266.8595166116793
1889 2280 1885.5474933179348 2378.6597270539846 1981 2382 1984.4525066820652 2283.3402729460154
1969 2273 1965.1158470507798 2383.994562819149 2051 2387 2054.88415294922 2276.005437180851
2041 2253 2036.6050317865293 2378.5917523938365 2134 2382 2138.3949682134707 2256.4082476061635
2127 2273 2123.0361597817973 2386.271726900628 2201 2389 2204.9638402182027 2275.728273099372
2194 2281 2190.1619926699295 2390.6758936291035 2228 2392 2231.8380073300705 2282.3241063708965
2218 2277 2213.922039502499 2393.532857622079 2313 2397 2317.077960497501 2280.467142377921
2313 2287 2309.312619047091 2392.3715551798573 2413 2396 2416.687380952909 2290.6284448201427
2415 2295 2411.6885215348184 2389.6296681240697 2508 2393 2511.3114784651816 2298.3703318759303
2504 2305 2500.8215064070846 2395.8294578976197 2620 2400 2623.1784935929154 2309.1705421023803
2626 2301 2622.491749538507 2401.2526757633614 2701 2404 2704.508250461493 2303.7473242366386
2697 2302 2693.5317797172966 2401.1087629843305 2719 2402 2722.4682202827034 2302.8912370156695
2718 2302 2713.6081827788585 2427.5017088191835 2785 2430 2789.3918172211415 2304.4982911808165
2787 2308 2782.740131107351 2429.7311191366443 2819 2431 2823.259868892649 2309.2688808633557
2823 2325 2819.42673932639 2427.110424458406 2902 2430 2905.57326067361 2327.889575541594
625 2368 620.8117750317156 2487.68380375863 687 2490 691.1882249682844 2370.31619624137
681 2376 676.9606600489183 2491.429226863542 779 2495 783.0393399510817 2379.570773136458
768 2376 763.8785266037919 2493.776293509427 856 2497 860.1214733962081 2379.223706490573
842 2374 837.8411291454448 2492.8449729857607 928 2496 932.1588708545552 2377.1550270142393
924 2385 920.2766312211147 2491.3999526356965 966 2493 969.7233687788853 2386.6000473643035
970 2390 966.5904879447554 2487.4311014385926 1040 2490 1043.4095120552445 2392.5688985614074
1041 2394 1037.4679925932512 2494.931560397172 1068 2496 1071.5320074067488 2395.068439602828
1061 2397 1057.529146996854 2496.1839962870276 1138 2499 1141.470853003146 2399.8160037129724
1129 2395 1125.454870352047 2496.3065449677397 1231 2500 1234.545129647953 2398.6934550322603
1250 2359 1243.9396011215113 2532.1835313443485 1353 2536 1359.0603988784887 2362.8164686556515
1374 2380 1369.5940239938805 2505.906313933662 1458 2509 1462.4059760061195 2383.093686066338
1468 2384 1463.4891701472718 2512.9026446694456 1552 2516 1556.5108298527282 2387.0973553305544
1619 2388 1614.974114017711 2503.0447627593107 1728 2507 1732.025885982289 2391.9552372406893
1707 2393 1702.8098471274582 2512.7388960510802 1796 2516 1800.1901528725418 2396.2611039489198
1799 2394 1794.9846035384726 2508.7450114914404 1888 2512 1892.0153964615274 2397.2549885085596
1894 2395 1889.6387599806599 2519.627926764111 1986 2523 1990.3612400193401 2398.372073235889
1969 2408 1965.215103728915 2516.1581782224234 2075 2520 2078.784896271085 2411.8418217775766
2118 2405 2114.3390087127896 2509.6174372433497 2211 2513 2214.6609912872104 2408.3825627566503
2197 2397 2192.927636670973 2513.3729114830203 2268 2516 2272.072363329027 2399.6270885169797
2264 2398 2259.7509523557005 2519.42188833511 2362 2523 2366.2490476442995 2401.57811166489
2350 2407 2346.048390662518 2519.922214078599 2434 2523 2437.951609337482 2410.077785921401
2420 2407 2415.816480839705 2526.5493293681097 2543 2531 2547.183519160295 2411.4506706318903
2516 2410 2511.9078807175215 2526.937462736558 2628 2531 2632.0921192824785 2414.062537263442
2604 2414 2600.00346813144 2528.2059319864416 2737 2533 2740.99653186856 2418.7940680135584
536 2509 531.4493265127808 2639.0412267101856 616 2642 620.5506734872192 2511.9587732898144
621 2516 616.9024700933462 2633.092078137325 700 2636 704.0975299066538 2518.907921862675
686 2527 682.4132853575969 2629.4948885626377 754 2632 757.5867146424031 2529.5051114373623
754 2516 750.0967959135136 2627.538973062439 849 2631 852.9032040864864 2519.461026937561
852 2533 848.6923773433332 2627.51948353917 891 2629 894.3076226566668 2534.48051646083
881 2534 877.4426394713263 2635.6560577897685 973 2639 976.5573605286737 2537.3439422102315
958 2520 954.1085085223474 2631.204270512366 1034 2634 1037.8914914776526 2522.795729487634
1016 2539 1012.993298370068 2624.920286174342 1101 2628 1104.006701629932 2542.079713825658
1270 2546 1266.6273671312156 2642.3772322342143 1313 2644 1316.3726328687844 2547.6227677657857
1301 2534 1297.1170701388517 2644.959611536946 1384 2648 1387.8829298611483 2537.040388463054
1374 2541 1369.920816414427 2657.5678089042817 1468 2661 1472.079183585573 2544.4321910957183
1459 2537 1454.8699649872876 2655.020952484847 1540 2658 1544.1300350127124 2539.979047515153
1651 2539 1647.1642523017752 2648.611321802989 1744 2652 1747.8357476982248 2542.388678197011
1740 2536 1735.5578496236055 2662.940042127793 1823 2666 1827.4421503763945 2539.059957872207
1840 2547 1836.4597627043352 2648.166739838928 1946 2652 1949.5402372956648 2550.833260161072
1952 2556 1948.4468270074292 2657.5363936712038 2076 2662 2079.553172992571 2560.4636063287962
2074 2551 2070.3463472412222 2655.407729550132 2173 2659 2176.6536527587778 2554.592270449868
2164 2553 2160.1092133385328 2664.184129502119 2212 2666 2215.8907866614672 2554.815870497881
2219 2564 2215.0249654448503 2677.591619178745 2341 2682 2344.9750345551497 2568.408380821255
2347 2571 2343.1906419674738 2679.8572038664815 2433 2683 2436.8093580325262 2574.1427961335185
2439 2570 2435.2469040187884 2677.2494448851485 2571 2682 2574.7530959812116 2574.7505551148515
450 2641 445.6485446852364 2765.3483165064877 550 2769 554.3514553147636 2644.6516834935123
542 2660 538.0613263594239 2772.552560246323 608 2775 611.9386736405761 2662.447439753677
603 2657 599.066736983599 2769.3979448455557 702 2773 705.933263016401 2660.6020551544443
688 2670 684.4242931502455 2772.1803270228115 765 2775 768.5757068497545 2672.8196729771885
775 2660 771.1881957913297 2768.9271064308873 859 2772 862.8118042086703 2663.0728935691127
855 2663 851.1471290687665 2773.1006397538295 934 2776 937.8528709312335 2665.8993602461705
933 2670 929.6670242214084 2765.243980931766 1037 2769 1040.3329757785916 2673.756019068234
1030 2674 1026.1022065376887 2785.384357661672 1158 2790 1161.8977934623113 2678.615642338328
1154 2673 1150.3519444096955 2777.247783411073 1229 2780 1232.6480555903045 2675.752216588927
1242 2671 1237.7313829465481 2792.981108850356 1324 2796 1328.2686170534519 2674.018891149644
1324 2687 1320.6450086361112 2782.8731040114185 1410 2786 1413.3549913638888 2690.1268959885815
1413 2656 1407.1529780789447 2823.0860160261723 1519 2827 1524.8470219210553 2659.9139839738277
1501 2694 1497.395457308403 2797.0043475237253 1583 2800 1586.604542691597 2696.9956524762747
1580 2687 1576.2207008973885 2794.998232083365 1662 2798 1665.7792991026115 2690.001767916635
1655 2685 1650.4634852977586 2814.6366215957064 1718 2817 1722.5365147022414 2687.3633784042936
1731 2688 1727.3309653681722 2792.847285946814 1846 2797 1849.6690346318278 2692.152714053186
1843 2684 1838.9987623234506 2798.3404063769617 1915 2801 1919.0012376765494 2686.6595936230383
1911 2702 1907.6619453248215 2797.389116798869 2068 2803 2071.3380546751782 2707.610883201131
2032 2694 2028.2568752676634 2800.964503889234 2115 2804 2118.7431247323366 2697.035496110766
2121 2695 2117.0919035612255 2806.678778191251 2212 2810 2215.9080964387745 2698.321221808749
2202 2709 2198.3805937072398 2812.4290936484513 2329 2817 2332.6194062927602 2713.5709063515487
399 2790 394.1450679494181 2928.7357983879583 516 2933 520.854932050582 2794.2642016120417
512 2800 507.4793854426955 2929.182254927069 588 2932 592.5206145573045 2802.817745072931
571 2789 565.5797319938116 2943.8909853898194 683 2948 688.4202680061884 2793.1090146101806
678 2813 673.9318242070757 2929.253247364456 781 2933 785.0681757929243 2816.746752635544
770 2803 765.4762344503661 2932.2722985017217 872 2936 876.5237655496339 2806.7277014982783
859 2807 855.066736983599 2919.3979448455557 958 2923 961.933263016401 2810.6020551544443
542 2358 536.9912905799271 2501.1301804118575 619 2504 624.0087094200729 2360.8698195881425
970 2813 965.512408820641 2941.238570307591 1073 2945 1077.4875911793588 2816.761429692409
1058 2830 1053.7528802599584 2951.3667960426596 1129 2954 1133.2471197400416 2832.6332039573404
1155 2825 1151.2329317781089 2932.6487192613363 1247 2936 1250.7670682218911 2828.3512807386637
1229 2791 1222.8911958705157 2965.566772360508 1321 2969 1327.1088041294843 2794.433227639492
1315 2810 1310.5339061340514 2937.624257499895 1407 2941 1411.4660938659486 2813.375742500105
1411 2825 1406.9098086217787 2941.882370444108 1496 2945 1500.0901913782213 2828.117629555892
1484 2823 1479.7785651094716 2943.6328191163993 1576 2947 1580.2214348905284 2826.3671808836007
1544 2845 1540.4248114221323 2947.1655167508557 1650 2951 1653.5751885778677 2848.8344832491443
1640 2844 1635.66025729407 2968.0136139564147 1721 2971 1725.33974270593 2846.9863860435853
1770 2834 1766.308949782875 2939.4764090264657 1867 2943 1870.691050217125 2837.5235909735343
1871 2847 1867.5340393491424 2946.044191158216 1952 2949 1955.4659606508576 2849.955808841784
1948 2832 1943.5786421208306 2958.345870330344 2048 2962 2052.4213578791696 2835.654129669656
2046 2834 2041.663221742101 2957.9289011200535 2158 2962 2162.336778257899 2838.0710988799465
2143 2845 2138.641206156804 2969.5580241997054 2237 2973 2241.358793843196 2848.4419758002946
2230 2851 2225.6681140943897 2974.789095991242 2346 2979 2350.3318859056103 2855.210904008758
2331 2849 2327.307726694803 2954.511360308669 2427 2958 2430.692273305197 2852.488639691331
2410 2840 2406.507649683444 2939.798309094724 2498 2943 2501.492350316556 2843.201690905276
2500 2842 2496.5364855252865 2940.9742885938103 2583 2944 2586.4635144747135 2845.0257114061897
2603 2854 2599.5550183906657 2952.444688622476 2644 2954 2647.4449816093343 2855.555311377524
2637 2844 2632.89880082913 2961.1969319839336 2713 2964 2717.10119917087 2846.8030680160664
2717 2851 2712.809847127458 2970.7388960510802 2806 2974 2810.190152872542 2854.2611039489198
2812 2856 2807.1421035013873 2994.8205112243195 2898 2998 2902.8578964986127 2859.1794887756805
954 2942 950.2979419902266 3047.7909705662914 1042 3051 1045.7020580097735 2945.2090294337086
1037 2947 1032.882195868008 3064.6714396628186 1128 3068 1132.117804131992 2950.3285603371814
1120 2957 1116.6659876776348 3052.2736014756774 1166 3054 1169.3340123223652 2958.7263985243226
1156 2967 1152.6860753586745 3061.699570688476 1247 3065 1250.3139246413255 2970.300429311524
1257 2928 1251.5779906338528 3082.9407469439784 1339 3086 1344.4220093661472 2931.0592530560216
1342 2938 1337.3469188423162 3070.9676548815632 1424 3074 1428.6530811576838 2941.0323451184368
1427 2955 1423.029339525252 3068.4666243218894 1524 3072 1527.970660474748 2958.5333756781106
1502 2957 1497.7448369153406 3078.596644746124 1595 3082 1599.2551630846594 2960.403355253876
1573 2964 1569.2605445318795 3070.859650042625 1659 3074 1662.7394554681205 2967.140349957375
1651 2969 1646.8203366482198 3088.43914478321 1720 3091 1724.1796633517802 2971.56085521679
1795 2965 1790.8790448756788 3082.761483237471 1912 3087 1916.1209551243212 2969.238516762529
1893 2955 1888.2990318632076 3089.3360856257677 1993 3093 1997.7009681367924 2958.6639143742323
2000 2965 1995.9139961578817 3081.762706325543 2117 3086 2121.0860038421188 2969.237293674457
2117 2967 2111.568724201163 3122.2055469296456 2220 3126 2225.431275798837 2970.7944530703544
2229 2981 2224.646616780979 3105.403408798938 2356 3110 2360.353383219021 2985.596591201062
2359 2971 2354.348660202275 3103.9178933274047 2471 3108 2475.651339797725 2975.0821066725953
2455 2977 2450.6246011956823 3102.03253187859 2564 3106 2568.3753988043177 2980.96746812141
2549 2974 2544.19714246463 3111.2477035251895 2680 3116 2684.80285753537 2978.7522964748105
872 3109 868.0293395252519 3222.466624321889 969 3226 972.9706604747481 3112.533375678111
948 3107 944.7921522933551 3198.6682886704893 1040 3202 1043.2078477066448 3110.3317113295107
1037 3105 1033.2832649333618 3211.2103859527265 1113 3214 1116.7167350666382 3107.7896140472735
1108 3112 1104.3790388915793 3215.4735244643184 1148 3217 1151.6209611084207 3113.5264755356816
1145 3115 1141.5401547895026 3213.869434747202 1231 3217 1234.4598452104974 3118.130565252798
1233 3090 1227.54915479201 3245.7647674448917 1320 3249 1325.45084520799 3093.2352325551083
1323 3107 1319.0244471729638 3220.606429450701 1416 3224 1419.9755528270362 3110.393570549299
1411 3104 1406.825747272395 3223.2845293824425 1513 3227 1517.174252727605 3107.7154706175575
1515 3115 1511.622288234629 3211.522368101317 1611 3215 1614.377711765371 3118.477631898683
1586 3124 1582.766467443842 3216.4022655967497 1657 3219 1660.233532556158 3126.5977344032503
1776 3097 1771.7191520658273 3219.330621672385 1848 3222 1852.2808479341727 3099.669378327615
1667 3112 1662.89268538877 3229.3716883949483 1738 3232 1742.10731461123 3114.6283116050517
1848 3097 1843.7399445630524 3218.7364498749357 1937 3222 1941.2600554369476 3100.2635501250643
1950 3122 1946.4873754581058 3222.3776706202175 2050 3226 2053.512624541894 3125.6223293797825
2037 3137 2033.909050476386 3225.3277758509676 2196 3231 2199.090949523614 3142.6722241490324
2262 3119 2258.1642523017754 3228.611321802989 2355 3232 2358.8357476982246 3122.388678197011
2354 3119 2349.5786421208304 3245.345870330344 2454 3249 2458.4213578791696 3122.654129669656
2455 3115 2450.7025471047054 3237.8051293512694 2542 3241 2546.2974528952946 3118.1948706487306
2204 3115 2199.9779698262255 3229.9345781744105 2259 3232 2263.0220301737745 3117.0654218255895
2542 3126 2537.5933191776953 3251.9264549439094 2654 3256 2658.4066808223047 3130.0735450560906
2647 3134 2643.026893349108 3247.536526886295 2742 3251 2745.973106650892 3137.463473113705
961 3233 957.5978264731878 3330.221393745375 1037 3333 1040.4021735268122 3235.778606254625
1045 3235 1041.510095859588 3334.7284065303184 1135 3338 1138.489904140412 3238.2715934696816
1172 3237 1168.3930111322588 3340.074250088131 1252 3343 1255.6069888677412 3239.925749911869
1259 3242 1255.3500165054381 3346.3028757035236 1361 3350 1364.6499834945619 3245.6971242964764
1356 3238 1352.1184797712224 3348.919329516452 1383 3350 1386.8815202287776 3239.080670483548
1393 3230 1389.1520214210548 3339.960834625018 1476 3343 1479.8479785789452 3233.039165374982
1474 3225 1469.9956113311212 3339.4304499516147 1572 3343 1576.0043886688788 3228.5695500483853
1579 3226 1575.0864929370503 3337.833393592018 1637 3340 1640.9135070629497 3228.166606407982
1639 3243 1635.3087632385764 3348.481739764757 1793 3354 1796.6912367614236 3248.518260235243
1791 3240 1786.9533215204858 3355.63893455676 1883 3359 1887.0466784795142 3243.36106544324
1920 3250 1916.2004266720503 3358.5775936088585 2014 3362 2017.7995733279497 3253.4224063911415
2007 3254 2003.3717003631468 3357.6832321575357 2041 3359 2044.6282996368527 3255.3167678424643
2034 3259 2030.6528654364304 3354.648586046245 2155 3359 2158.3471345635694 3263.351413953755
2165 3264 2161.258098355735 3370.9295526070314 2249 3374 2252.741901644265 3267.0704473929686
2263 3247 2258.5541803593896 3374.0448959744017 2343 3377 2347.4458196406104 3249.9551040255983
2339 3247 2334.7165193453848 3369.405854975082 2466 3374 2470.2834806546152 3251.594145024918
2453 3259 2449.3550954020247 3363.1577398364207 2502 3365 2505.6449045979753 3260.8422601635793
2517 3255 2513.2526877315604 3362.0841680077983 2568 3364 2571.7473122684396 3256.9158319922017
2556 3274 2552.4807417458587 3374.5672373031875 2622 3377 2625.5192582541413 3276.4327626968125
2622 3269 2617.9594369608462 3384.4641781457453 2719 3388 2723.0405630391538 3272.5358218542547
2715 3257 2710.1880625762387 3394.507172772566 2810 3398 2814.8119374237613 3260.492827227434
2812 3259 2806.661347167051 3411.5587290158905 2905 3415 2910.338652832949 3262.4412709841095
1072 3347 1067.6301983641556 3471.8725857395316 1157 3475 1161.3698016358444 3350.1274142604684
1146 3361 1141.492839411488 3489.797790822837 1233 3493 1237.507160588512 3364.202209177163
1229 3376 1225.4964553464968 3476.118201372841 1365 3481 1368.5035446535032 3380.881798627159
1380 3373 1375.8191135601478 3492.4740960654126 1448 3495 1452.1808864398522 3375.5259039345874
1438 3381 1434.1134008746355 3492.0644653835543 1518 3495 1521.8865991253645 3383.9355346164457
1518 3385 1513.4830547069116 3514.0774010804607 1597 3517 1601.5169452930884 3387.9225989195393
1631 3371 1626.6614803821424 3494.978662674212 1713 3498 1717.3385196178576 3374.021337325788
1704 3361 1699.601362522313 3486.696606240445 1794 3490 1798.398637477687 3364.303393759555
1791 3366 1786.9293780309315 3482.3231499288613 1892 3486 1896.0706219690685 3369.6768500711387
1885 3368 1880.842352233517 3486.810021703558 1972 3490 1976.157647766483 3371.189978296442
1962 3379 1958.3556136739119 3483.142929564465 2040 3486 2043.6443863260884 3381.857070435535
2042 3389 2038.7222497289495 3482.665842494345 2134 3486 2137.2777502710505 3392.334157505655
2119 3385 2115.0476858463326 3497.942355088846 2231 3502 2234.9523141536674 3389.057644911154
1197 3487 1193.0471675744461 3599.957165360802 1280 3603 1283.9528324255539 3490.042834639198
1267 3523 1264.313270534069 3599.7766785662225 1385 3604 1387.686729465931 3527.2233214337775
1382 3523 1378.8510470651124 3612.9852963864587 1465 3616 1468.1489529348876 3526.0147036135413
1470 3523 1467.0160187715505 3608.2710220844424 1545 3611 1547.9839812284495 3525.7289779155576
1535 3511 1531.4996063388262 3611.028157798188 1645 3615 1648.5003936611738 3514.971842201812
1706 3513 1702.1544675971988 3622.890932060612 1791 3626 1794.8455324028012 3516.109067939388
1784 3498 1779.6253060118675 3623.012390868343 1865 3626 1869.3746939881325 3500.987609131657
1858 3508 1853.8717063472463 3625.9711909306884 1969 3630 1973.1282936527537 3512.0288090693116
1963 3513 1959.1813755347841 3622.1220038521487 2070 3626 2073.818624465216 3516.8779961478513
2060 3504 2055.9816390904416 3618.829724327802 2118 3621 2122.0183609095584 3506.170275672198
2121 3509 2116.948429168198 3624.7787396855715 2209 3628 2213.051570831802 3512.2212603144285
2199 3511 2194.7037701927775 3633.770178069067 2287 3637 2291.2962298072225 3514.229821930933
2289 3511 2284.763888052607 3632.052234502834 2369 3635 2373.236111947393 3513.947765497166
2365 3516 2360.5167829010425 3644.1135754507354 2443 3647 2447.4832170989575 3518.8864245492646
2436 3526 2432.5875234967248 3623.5158142749538 2475 3625 2478.4124765032752 3527.4841857250462
2471 3509 2466.5253445175467 3636.8689164753155 2556 3640 2560.4746554824533 3512.1310835246845
2553 3518 2548.9012470052744 3635.127029419528 2631 3638 2635.0987529947256 3520.872970580472
2619 3550 2616.1869193740504 3630.387322109703 2748 3635 2750.8130806259496 3554.612677890297
2738 3529 2734.2268163377485 3636.8234756723505 2825 3640 2828.7731836622515 3532.1765243276495
2828 3534 2824.4629136966646 3635.076696264275 2908 3638 2911.5370863033354 3536.923303735725
1294 3629 1289.2261648507708 3765.418352285985 1363 3768 1367.7738351492292 3631.581647714015
1368 3623 1363.027464950202 3765.0964522177264 1446 3768 1450.972535049798 3625.9035477822736
1442 3633 1437.5328695902779 3760.653878043807 1476 3762 1480.4671304097221 3634.346121956193
1479 3636 1474.2347264672753 3772.173693310565 1555 3775 1559.7652735327247 3638.826306689435
1548 3649 1543.6142982192189 3774.326952408169 1620 3777 1624.3857017807811 3651.673047591831
1631 3654 1627.2451626588295 3761.299206439307 1733 3765 1736.7548373411705 3657.700793560693
1735 3641 1730.9098086217787 3757.882370444108 1820 3761 1824.0901913782213 3644.117629555892
1818 3645 1813.975337105783 3760.0098114771076 1928 3764 1932.024662894217 3648.9901885228924
1924 3622 1917.8826342540112 3796.8114313359283 2009 3800 2015.1173657459888 3625.1885686640717
2007 3648 2002.8337906170127 3767.054680678978 2087 3770 2091.1662093829877 3650.945319321022
2093 3650 2088.846021497733 3768.705167856949 2183 3772 2187.153978502267 3653.294832143051
2191 3648 2186.707439456994 3770.665324222458 2282 3774 2286.292560543006 3651.334675777542
2280 3650 2275.492134595303 3778.8179318330845 2395 3783 2399.507865404697 3654.1820681669155
2393 3663 2389.122667307325 3773.799665397887 2452 3776 2455.877332692675 3665.200334602113
2456 3654 2451.5239348851765 3781.9091984958095 2597 3787 2601.4760651148235 3659.0908015041905
2587 3674 2583.2231470735323 3781.928329518959 2671 3785 2674.7768529264677 3677.071670481041
2669 3685 2665.678736830242 3779.909278381693 2754 3783 2757.321263169758 3688.090721618307
2745 3676 2741.487375458106 3776.3776706202175 2845 3780 2848.512624541894 3679.6223293797825
1294 3770 1290.6413393718951 3865.9779578580265 1377 3869 1380.3586606281049 3773.0220421419735
1484 3770 1479.4657449296044 3899.572049769592 1606 3904 1610.5342550703956 3774.427950230408
1592 3776 1587.4744930904071 3905.3220600558807 1664 3908 1668.5255069095929 3778.6779399441193
1651 3770 1647.0012084995947 3884.2705038125555 1725 3887 1728.9987915004053 3772.7294961874445
1722 3772 1717.736793570723 3893.8264934495887 1837 3898 1841.263206429277 3776.1735065504113
1816 3778 1811.6890931359128 3901.189593455502 1892 3904 1896.3109068640872 3780.810406544498
1881 3796 1877.0992420896575 3907.4690704980335 1978 3911 1981.9007579103425 3799.5309295019665
1986 3804 1982.3610242980867 3907.9883141636974 2097 3912 2100.6389757019133 3808.0116858363026
2072 3802 2068.2366010423248 3909.5438654147274 2167 3913 2170.7633989576752 3805.4561345852726
2163 3796 2158.655883213669 3920.138608813271 2269 3924 2273.344116786331 3799.861391186729
2291 3796 2286.808105767499 3915.7886576052388 2350 3918 2354.191894232501 3798.2113423947612
2322 3796 2317.403885709816 3927.339754889984 2422 3931 2426.596114290184 3799.660245110016
2402 3791 2397.498250035663 3919.64317542207 2522 3924 2526.501749964337 3795.35682457793
2507 3798 2503.1789293586403 3907.1919064165545 2612 3911 2615.8210706413597 3801.8080935834455
2591 3789 2586.914700974067 3905.7425653152964 2680 3909 2684.085299025933 3792.2574346847036
2701 3779 2696.0507036235713 3920.432377855872 2798 3924 2802.9492963764287 3782.567622144128
1435 3924 1430.7810112856155 4044.5629165519936 1529 4048 1533.2189887143845 3927.4370834480064
1518 3943 1514.7584240992244 4035.632114300214 1611 4039 1614.2415759007756 3946.367885699786
1654 3909 1650.1249269391708 4019.7350935717727 1772 4024 1775.8750730608292 3913.2649064282273
1783 3894 1777.1346317578636 4061.6102852592153 1874 4065 1879.8653682421364 3897.3897147407847
1859 3922 1854.9950930592343 4036.4452602235697 1928 4039 1932.0049069407657 3924.5547397764303
1928 3930 1924.0870112089372 4041.8185833200623 2015 4045 2018.9129887910628 3933.1814166799377
2009 3932 2004.7956883424802 4052.143501165559 2115 4056 2119.2043116575196 3935.856498834441
2104 3932 2099.810365399345 4051.7240857791244 2222 4056 2226.189634600655 3936.2759142208756
2211 3939 2206.8900526683274 4056.4469216976454 2337 4061 2341.1099473316726 3943.5530783023546
1572 4054 1567.7612553321642 4175.127467805531 1707 4180 1711.2387446678358 4058.872532194469
1702 4058 1697.7651111406788 4179.017283220632 1783 4182 1787.2348888593212 4060.982716779369
1803 4061 1798.0115648052654 4203.550818886364 1868 4206 1872.9884351947346 4063.449181113636
1846 4052 1841.2714191094371 4187.125154844478 1952 4191 1956.7285808905629 4055.874845155522
1953 4063 1948.5698939600277 4189.595860044055 2103 4195 2107.430106039972 4068.4041399559446
2079 4075 2074.865590906886 4193.145947341703 2185 4197 2189.134409093114 4078.854052658297
2188 4054 2182.1106882683093 4222.2945006313175 2288 4226 2293.8893117316907 4057.7054993686825
2269 4087 2264.9851218103595 4201.730201219485 2387 4206 2391.0148781896405 4091.269798780515
2382 4080 2377.5006962118073 4208.573272857664 2504 4213 2508.4993037881927 4084.426727142336
1709 4195 1704.2640805810047 4330.334862537696 1809 4334 1813.7359194189953 4198.665137462304
1872 4334 1868.105357530018 4445.294314087018 1974 4449 1977.894642469982 4337.705685912982
1978 4345 1974.610243898207 4441.866550185055 2007 4443 2010.389756101793 4346.133449814945
2004 4350 2000.1029113538739 4461.364216651425 2104 4465 2107.897088646126 4353.635783348575
2080 4337 2076.270329236456 4443.580039785003 2174 4447 2177.729670763544 4340.419960214997
2180 4339 2175.923967406756 4455.477765329629 2248 4458 2252.076032593244 4341.522234670371
2226 4343 2221.7797881975434 4463.597867834196 2319 4467 2323.2202118024566 4346.402132165804
2295 4356 2291.4800369296736 4456.587378313435 2389 4460 2392.5199630703264 4359.412621686565
2395 4350 2391.1544675971986 4459.890932060613 2480 4463 2483.8455324028014 4353.109067939387
2461 4347 2456.040400647108 4488.726798385451 2521 4491 2525.959599352892 4349.273201614549
2511 4352 2507.274516772559 4458.460375666438 2637 4463 2640.725483227441 4356.539624333562
2624 4350 2620.085788120865 4461.8535346022645 2710 4465 2713.914211879135 4353.1464653977355
2697 4352 2692.9423137278372 4467.953496096586 2780 4471 2784.0576862721628 4355.046503903414
2765 4337 2760.438836992019 4467.340977978056 2865 4471 2869.561163007981 4340.659022021944
2895 3527 2890.7184472496424 3649.350762682632 2995 3653 2999.2815527503576 3530.649237317368
# Transcript
**BOYS
ARKOYEYODOSARIST*
LISTRATOY
OYKLOLYMPOS
*TEMWN
*SSPOROSF*LLY
OYZW*IMOS
**IOY*WSIMOS
AKTIOYD*ODWROS
*ONTOSZWSIMOS
HSIOYATTIKOS
*MRAGDOYYGEINOS
*MOSDHMHTRIOYOYARIOSSWSIBIO*
*FRODEISIOSF*LO*LEOYSEYOLPAS
*YELPISTO**IONY**OYZWSIMOS
EYPLOYSMHNOFLOYPRWTAS
AGAQASNYNFDOTOYONHSASATTIKOY
*******SDIOFANTOYSTEFANOS
**ASDIOFANTOYKLDWROQEOS
OSNEIKERWSDIWNEPIGONOY
ODWROYEYTYCOS
TWNOSEYPOROSARISTWNOS
*YSIOYSTEFANOSIWNOS
YALYPOSANEIKHTOY
*OSAFRODAS
*PARAMONOS
***O*
*SISTRATOYMARA
