# Baseline angle
12.373009960223014
# Boxes: x1 y1 x2 y2 x3 y3 x4 y4
139 947 159.5496669463285 1051.9485501639244 241 1036 220.4503330536715 931.0514498360756
224 934 244.9228673716832 1040.8545101808838 331 1024 310.0771326283168 917.1454898191163
301 925 320.3034777405041 1023.5841769250397 405 1007 385.6965222594959 908.4158230749603
372 905 395.3532567703942 1024.2666745431904 458 1012 434.6467432296058 892.7333254568096
438 896 459.6336870820181 1006.4847149050009 600 979 578.3663129179819 868.5152850949991
541 871 566.0517928108344 998.9412139073052 673 978 647.9482071891656 850.0587860926948
642 852 666.2315425670624 975.7521399879901 762 957 737.7684574329376 833.2478600120099
720 834 746.805677291857 970.8984215311114 828 955 801.194322708143 818.1015784688886
793 820 817.6166033725419 945.7186717748833 903 929 878.3833966274581 803.2813282251167
838 813 864.105451613919 946.322321252743 973 925 946.894548386081 791.677678747257
1069 805 1090.8921599577372 916.804753503888 1238 888 1216.1078400422628 776.195246496112
1163 806 1179.6686975589284 891.1281748993526 1308 866 1291.3313024410716 780.8718251006474
119 1084 146.88574396750508 1226.41439568221 292 1198 264.11425603249495 1055.58560431779
244 1060 267.44560711593704 1179.7383140542915 404 1153 380.55439288406296 1033.2616859457085
375 1061 393.7786250689826 1156.9037185473098 475 1141 456.2213749310174 1045.0962814526902
431 1042 452.6982859988407 1152.814625977545 559 1132 537.3017140011593 1021.1853740224551
510 1051 526.0567915580626 1133.0031292333958 618 1115 601.9432084419374 1032.9968707666042
584 1030 602.2827901739091 1123.371455932322 691 1106 672.7172098260909 1012.6285440676779
668 1003 685.9715787614923 1094.782078030825 787 1075 769.0284212385077 983.217921969175
748 986 767.7663413990878 1086.9480531873073 839 1073 819.2336586009122 972.0519468126927
806 966 824.504338353097 1060.5029175885109 919 1042 900.495661646903 947.497082411489
901 950 924.2187619205506 1068.5798001752282 1014 1051 990.7812380794494 932.4201998247718
1007 970 1027.2872406105678 1073.6083209750595 1107 1058 1086.7127593894322 954.3916790249407
1074 949 1101.405722912598 1088.962895427134 1234 1063 1206.594277087402 923.0371045728659
1201 923 1227.2122722434713 1056.8678614908595 1344 1034 1317.7877277565287 900.1321385091404
1320 894 1347.044382867368 1032.1175071801085 1460 1010 1432.955617132632 871.8824928198914
1432 868 1458.2201791635543 1001.9082426708154 1565 981 1538.7798208364457 847.0917573291846
1543 848 1570.4294436728478 988.0840389670019 1673 968 1645.5705563271522 827.9159610329981
155 1197 183.20620585616206 1341.0510163965596 352 1308 323.7937941438379 1163.9489836034404
419 1176 442.96516277126005 1298.391720209147 542 1279 518.03483722874 1156.6082797908527
548 1140 575.6220512840165 1281.06769916916 816 1234 788.3779487159835 1092.93230083084
1111 1084 1131.8991466114335 1190.733366641016 1248 1168 1227.1008533885665 1061.266633358984
798 1106 821.9902270876665 1228.5197253819113 937 1206 913.0097729123335 1083.4802746180887
914 1086 938.6864993055628 1212.0756350703016 1031 1194 1006.3135006944372 1067.9243649296984
977 1077 1005.3274967697239 1221.6704573616914 1116 1200 1087.672503230276 1055.3295426383086
186 1408 209.18183722401935 1526.3912232325301 298 1509 274.8181627759807 1390.6087767674699
270 1396 289.00017324817037 1493.0351802034986 376 1476 356.99982675182963 1378.9648197965014
338 1377 356.07839939104457 1469.3276182689415 465 1448 446.92160060895543 1355.6723817310585
433 1352 453.2582228341196 1455.460125212317 522 1442 501.74177716588036 1338.539874787683
493 1337 510.56936055968947 1426.7279222511236 596 1410 578.4306394403105 1320.2720777488764
686 1281 707.7075364750808 1391.8618687903972 850 1364 828.2924635249192 1253.1381312096028
825 1239 847.2310455904454 1352.5354655352307 947 1333 924.7689544095546 1219.4645344647693
903 1234 924.4688308995696 1343.6427831414 1035 1322 1013.5311691004304 1212.3572168586
976 1223 997.6007158455284 1333.316328552281 1132 1307 1110.3992841544716 1196.683671447719
916 751 954.2086907392469 946.1343886603559 1103 917 1064.791309260753 721.8656113396441
1201 1198 1223.3589770763626 1312.1888203561334 1352 1287 1329.6410229236374 1172.8111796438666
191 1529 208.58390805212807 1618.8022172868505 371 1587 353.4160919478719 1497.1977827131495
353 1489 372.3773271335667 1587.961330810436 459 1571 439.6226728664333 1472.038669189564
533 1443 556.4693278761865 1562.8594575941593 663 1542 639.5306721238135 1422.1405424058407
602 1430 622.775168585558 1536.1002024100912 705 1520 684.224831414442 1413.8997975899088
700 1425 723.0671096743838 1542.8053018144578 814 1525 790.9328903256162 1407.1946981855422
771 1404 799.8853206777351 1551.5193020921413 920 1528 891.1146793222649 1380.4806979078587
879 1373 912.8397161684277 1545.8217376520408 963 1536 929.1602838315723 1363.1782623479592
927 1374 955.0070348810669 1517.0338366473418 1042 1500 1013.9929651189332 1356.9661633526582
1018 1368 1043.646541415377 1498.9786355804533 1161 1476 1135.353458584623 1345.0213644195467
209 1623 230.94885195447662 1735.094283396476 354 1711 332.0511480455234 1598.905716603524
330 1606 348.08630631112777 1698.3679994488975 447 1679 428.91369368887223 1586.6320005511025
438 1586 453.99614610128174 1667.69340875083 575 1644 559.0038538987181 1562.30659124917
557 1564 576.114900797806 1661.6211016215711 661 1645 641.885099202194 1547.3788983784289
705 1529 725.4428463167762 1633.403009925808 799 1619 778.5571536832238 1514.596990074192
782 1521 802.9386812118495 1627.9352725407955 869 1615 848.0613187881505 1508.0647274592045
844 1512 861.0445078881679 1599.0474638733933 943 1583 925.9554921118321 1495.9525361266067
928 1498 947.1307146379723 1595.701863981483 1012 1583 992.8692853620277 1485.298136018517
993 1487 1010.4216617735642 1575.973614480331 1092 1560 1074.5783382264356 1471.026385519669
1073 1472 1091.853818018202 1568.2877340656028 1221 1543 1202.146181981798 1446.7122659343972
203 1733 219.3772534467197 1816.6397499477453 335 1794 318.6227465532803 1710.3602500522547
302 1719 317.80622560242676 1799.7234718144648 393 1785 377.19377439757324 1704.2765281855352
349 1693 369.50483532971396 1797.7195920412705 460 1780 439.49516467028604 1675.2804079587295
410 1688 427.11835728123054 1775.4246177587897 511 1759 493.88164271876946 1671.5753822412103
873 1605 892.5579971561816 1704.884024933949 989 1686 969.4420028438184 1586.115975066051
983 1592 1011.0611169739216 1735.3100375828483 1125 1713 1096.9388830260784 1569.6899624171517
1106 1578 1125.443269606546 1677.2981035158766 1224 1658 1204.556730393454 1558.7018964841234
1191 1559 1208.6023317961792 1648.8963086038436 1300 1631 1282.3976682038208 1541.1036913961564
588 1668 606.0863063111277 1760.3679994488975 705 1741 686.9136936888723 1648.6320005511025
698 1653 716.2260981771699 1746.0819260397343 829 1724 810.7739018228301 1630.9180739602657
811 1624 830.3483093571186 1722.813135047694 906 1708 886.6516906428814 1609.186864952306
240 1822 255.84315029895805 1902.9120487571631 332 1888 316.15684970104195 1807.0879512428369
310 1799 328.24847538126255 1892.1962079467055 365 1885 346.75152461873745 1791.8037920532945
345 1794 363.59004812628444 1888.9406432438411 445 1873 426.40995187371556 1778.0593567561589
577 1757 594.1724393740851 1844.7008186942962 705 1823 687.8275606259149 1735.2991813057038
690 1737 706.6290857500835 1821.9258746908615 742 1815 725.3709142499165 1730.0741253091385
720 1731 738.2577258575026 1824.2434507595578 811 1810 792.7422741424974 1716.7565492404422
774 1731 791.7790483587524 1821.7988121373785 898 1801 880.2209516412476 1710.2011878626215
865 1704 884.18345317467 1801.971203284093 930 1793 910.81654682533 1695.028796715907
925 1704 948.3796646429576 1823.4015413488512 1073 1799 1049.6203353570424 1679.5984586511488
1056 1680 1083.955639900526 1822.7713589776283 1236 1793 1208.044360099474 1650.2286410223717
317 1904 342.65049487541853 2034.9988261704314 455 2013 429.34950512458147 1882.0011738295686
240 1939 262.49742538624776 2053.895885314074 359 2035 336.50257461375224 1920.1041146859263
427 1877 453.0882942175957 2010.2346972599348 536 1994 509.91170578240434 1860.7653027400652
513 1896 533.664394495964 2001.5344715819967 613 1986 592.335605504036 1880.4655284180033
587 1870 611.2763741836769 1993.981098110644 698 1977 673.7236258163231 1853.018901889356
643 1854 670.1762678133271 1992.7910525909892 807 1966 779.8237321866729 1827.2089474090108
778 1852 799.1325551707463 1959.9254000671388 906 1939 884.8674448292537 1831.0745999328612
879 1852 899.6736449722041 1957.5817143948493 1015 1935 994.3263550277959 1829.4182856051507
1004 1854 1025.2301253240585 1962.4236974924029 1104 1947 1082.7698746759415 1838.5763025075971
1064 1819 1087.395478483124 1938.482303708763 1192 1918 1168.604521516876 1798.517696291237
535 2010 556.5796049891636 2120.2085139694946 670 2098 648.4203950108364 1987.7914860305054
738 1998 761.9533023911353 2120.3311484392134 876 2098 852.0466976088647 1975.6688515607866
840 1977 861.5505872127154 2087.060318206752 964 2067 942.4494127872846 1956.9396817932477
943 1972 962.9021798050883 2073.641789188166 1053 2056 1033.0978201949117 1954.358210811834
1025 1951 1047.5303966227375 2066.064271666794 1150 2046 1127.4696033772625 1930.935728333206
1129 1929 1153.8381515517297 2055.850133431072 1245 2038 1220.1618484482703 1911.1498665689278
# Transcript
********
BOYSANEGRAUAN
ALEXANDROSSYNHQH*
A*L*WNSYN****
KO*NTO**PAGA*O*
MH*ASEPIKT**
PA*WN*YBOYLA*
AGAQ**DORYFOR
NIK***AISCINH*
LASTRATOSN
T*ASEYS
# Lines: x1 y1 x2 y2 x3 y3 x4 y4
100 1025 1333 776
107 1142 1678 873
148 1303 1580 1026
195 1462 1637 1168
162 1602 1563 1273
238 1683 1265 1491
174 1773 1359 1557
216 1871 1294 1717
205 2002 1264 1834
507 2072 1364 1945