# Baseline angle
-0.15588810165329836
# Boxes: x1 y1 x2 y2 x3 y3 x4 y4
1055 521 1078.832844885606 672.643880207643 1242 647 1218.167155114394 495.3561197923571
1196 513 1216.1955761343568 641.5006277153426 1353 620 1332.8044238656432 491.4993722846574
1320 488 1342.5706451397725 631.6127421721296 1461 613 1438.4293548602275 469.38725782787037
1428 472 1452.183322135238 625.8739005981516 1585 605 1560.816677864762 451.1260994018484
1546 436 1569.6882155508695 586.7236311305164 1727 562 1703.3117844491305 411.2763688694836
1697 408 1721.0453066667217 560.9957342997112 1861 539 1836.9546933332783 386.0042657002888
136 947 164.13395444508254 1126.0110260908923 336 1099 307.8660455549175 919.9889739091076
432 907 457.9779610870028 1072.2928485048599 638 1044 612.0220389129972 878.7071514951401
605 866 632.9411153321006 1043.7840273213906 797 1018 769.0588846678994 840.2159726786094
747 842 776.6939394413139 1030.9369153009177 929 1007 899.3060605586861 818.0630846990823
899 850 920.8585945532993 989.0820990888047 1055 968 1033.1414054467007 828.9179009111953
1020 809 1048.085744666837 987.7042763985169 1218 961 1189.914255333163 782.2957236014831
1198 783 1224.4796815375917 951.4852007511811 1393 925 1366.5203184624083 756.5147992488189
1360 749 1385.1957274783929 909.3156441380366 1559 882 1533.8042725216071 721.6843558619634
1515 716 1539.9873100572136 874.9895235426061 1629 861 1604.0126899427864 702.0104764573939
1592 695 1618.733958161259 865.1031147704306 1823 833 1796.266041838741 662.8968852295694
1785 660 1813.7561993412846 842.9702525681523 1979 817 1950.2438006587154 634.0297474318477
188 1211 220.01653537802144 1414.7151535551995 390 1388 357.98346462197856 1184.2848464448005
354 1180 384.62932896558567 1374.8886217651266 473 1361 442.37067103441433 1166.1113782348734
439 1162 467.6904985401367 1344.5522108082753 643 1317 614.3095014598633 1134.4477891917247
603 1156 630.3361425282749 1329.9346998981407 719 1316 691.6638574717251 1142.0653001018593
669 1124 697.7408399636134 1306.8725237557155 856 1282 827.2591600363866 1099.1274762442845
831 1120 859.3201796918443 1300.1959420817084 1026 1274 997.6798203081557 1093.8040579182916
992 1078 1022.605224076463 1272.7352469189386 1110 1259 1079.394775923537 1064.2647530810614
1062 1064 1089.2137053679562 1237.1556554256288 1262 1210 1234.7862946320438 1036.8443445743712
1225 1030 1253.5524830716204 1211.6740445098349 1436 1183 1407.4475169283796 1001.3259554901651
1410 999 1438.3617756038698 1179.4606089953977 1594 1155 1565.6382243961302 974.5393910046023
1584 972 1615.3394668373537 1171.4070946068782 1777 1146 1745.6605331626463 946.5929053931219
642 1418 670.6772708076967 1600.468045250903 820 1577 791.3227291923033 1394.531954749097
808 1398 833.1451671243899 1557.9939381771046 954 1539 928.8548328756101 1379.0060618228954
914 1367 942.2807154250502 1546.9448384230836 1101 1522 1072.7192845749498 1342.0551615769164
1067 1361 1090.440771723948 1510.1491929034448 1295 1478 1271.559228276052 1328.8508070965552
1275 1308 1301.1752824209734 1474.548366797983 1521 1440 1494.8247175790266 1273.451633202017
1495 1288 1522.432781015292 1462.5495922963833 1685 1437 1657.567218984708 1262.4504077036167
318 1784 345.161232299248 1956.8217792231237 554 1924 526.838767700752 1751.1782207768763
523 1714 553.2549657573568 1906.5066195419217 741 1877 710.7450342426432 1684.4933804580783
719 1697 748.8035867302449 1886.6345802430408 931 1858 901.1964132697551 1668.3654197569592
880 1665 908.0526753357369 1843.4938625050868 1013 1827 984.9473246642631 1648.5061374949132
981 1646 1009.0616397777144 1824.5509015523294 1178 1798 1149.9383602222858 1619.4490984476706
1143 1604 1170.697934795642 1780.2367156044484 1344 1753 1316.302065204358 1576.7632843955516
1318 1580 1347.0322302783175 1764.7265851650332 1498 1741 1468.9677697216825 1556.2734148349668
769 1971 797.5524830716204 2152.674044509835 980 2124 951.4475169283796 1942.3259554901651
# Transcript
ATOSCA*
D*MANQHSTIMA
FILISTIAHSF*
GRAMMA*
LYSIASL
Y*
# Lines: x1 y1 x2 y2 x3 y3 x4 y4
