# Baseline angle
-0.03415450654224306
# Boxes: x1 y1 x2 y2 x3 y3 x4 y4
554 317 558.0138788552994 434.475506738365 689 430 684.9861211447006 312.524493261635
691 295 695.2411137459877 419.1260646885653 816 415 811.7588862540123 290.8739353114347
835 279 839.3175321859718 405.36262819357387 967 401 962.6824678140282 274.63737180642613
1001 283 1005.2352833620375 406.95542493243056 1121 403 1116.7647166379625 279.04457506756944
528 480 531.9479551064255 595.546094794399 665 591 661.0520448935745 475.453905205601
689 451 693.7751884734025 590.7570046100269 833 586 828.2248115265975 446.2429953899731
864 454 868.460186099146 584.5377269801769 972 581 967.539813900854 450.4622730198231
1001 459 1005.4044453170661 587.9063432596251 1149 583 1144.5955546829337 454.0936567403749
1166 437 1170.7352301382255 575.5875309306822 1305 571 1300.2647698617745 432.4124690693178
1310 425 1314.766714211556 564.50898561381 1476 559 1471.233285788444 419.49101438619016
506 627 510.5785833035711 761.0028967293557 657 756 652.4214166964289 621.9971032706443
677 639 681.1912033478582 761.6653207241482 847 756 842.8087966521418 633.3346792758518
852 624 856.8492747598067 765.9253122125816 1001 761 996.1507252401933 619.0746877874184
1029 615 1033.0226648414618 732.7326490722105 1113 730 1108.9773351585382 612.2673509277895
1157 607 1161.4479018826135 737.1782007926506 1313 732 1308.5520981173865 601.8217992073494
384 631 389.04852380753425 778.756799333335 499 775 493.95147619246575 627.243200666665
1339 579 1344.3095749251336 734.397067869117 1473 730 1467.6904250748664 574.602932130883
362 811 366.0745148483809 930.2501602021664 549 924 544.925485151619 804.7498397978336
566 775 570.9219640655789 919.0527339255677 631 917 626.0780359344211 772.9472660744323
686 780 690.1007919863938 900.0192218044161 837 895 832.8992080136062 774.9807781955839
861 780 864.967778411856 896.126269965257 1015 891 1011.032221588144 774.873730034743
1032 775 1035.924633570625 889.86353576986 1149 886 1145.075366429375 771.13646423014
1159 739 1164.4259517002947 897.8031050534703 1305 893 1299.5740482997053 734.1968949465297
1329 732 1334.2786334799605 886.4914944619594 1495 881 1489.7213665200395 726.5085055380406
413 951 416.9389382164214 1066.2821945222117 513 1063 509.0610617835787 947.7178054777883
542 946 545.749017783014 1055.723731011274 684 1051 680.250982216986 941.2762689887262
691 912 696.0280770534716 1059.1583774872202 847 1054 841.9719229465284 906.8416225127798
878 898 882.8096281489455 1038.7649618708654 993 1035 988.1903718510545 894.2350381291346
1017 898 1021.9752918736042 1043.613496344379 1157 1039 1152.0247081263958 893.386503655621
1190 891 1194.8011538870992 1031.5169428746483 1327 1027 1322.1988461129008 886.4830571253517
1349 886 1353.9962812558247 1032.227799466464 1507 1027 1502.0037187441753 880.772200533536
1495 739 1499.9574889974376 884.0924537383462 1649 879 1644.0425110025624 733.9075462616538
389 1085 393.615043408378 1220.0699865550196 542 1215 537.3849565916219 1079.9300134449804
552 1092 556.1915150721743 1214.6744440617765 693 1210 688.8084849278257 1087.3255559382235
720 1068 724.8317836079561 1209.4133929441773 854 1205 849.1682163920439 1063.5866070558227
878 1063 882.1926811489643 1185.7085720130035 1020 1181 1015.8073188510357 1058.2914279869965
1039 1061 1043.325694723502 1187.6015238521625 1178 1183 1173.674305276498 1056.3984761478375
1190 1047 1194.971793643234 1192.511112490698 1327 1188 1322.028206356766 1042.488887509302
1341 1032 1346.327066076984 1187.9089871375213 1490 1183 1484.672933923016 1027.0910128624787
386 1260 390.09262944886353 1379.7803261458275 530 1375 525.9073705511365 1255.2196738541725
559 1241 563.5079952475371 1372.9369729804819 708 1368 703.4920047524629 1236.0630270195181
732 1215 736.6588116982414 1351.3509674256736 864 1347 859.3411883017586 1210.6490325743264
881 1195 886.002423364091 1341.4075625602272 1015 1337 1009.997576635909 1190.5924374397728
1008 1212 1011.5664055346629 1316.379158545326 1169 1311 1165.4335944653371 1206.620841454674
1188 1198 1191.67959580377 1305.691935213627 1329 1301 1325.32040419623 1193.308064786373
1349 1183 1353.1430824751508 1304.2569513862147 1507 1299 1502.8569175248492 1177.7430486137853
1524 1167 1528.0844669113335 1286.5414304872388 1661 1282 1656.9155330886665 1162.4585695127612
401 1411 405.3843102873196 1539.3170447511384 561 1534 556.6156897126804 1405.6829552488616
585 1399 589.3236742942381 1525.542391287337 693 1522 688.6763257057619 1395.457608712663
732 1390 736.7293997542753 1528.4168911745476 866 1524 861.2706002457247 1385.5831088254524
902 1349 907.0601845754346 1497.0980788456045 1027 1493 1021.9398154245655 1344.9019211543955
1041 1344 1046.0718453433349 1492.4393583578742 1176 1488 1170.9281546566651 1339.5606416421258
1190 1335 1194.8755518978196 1477.6943738148314 1303 1474 1298.1244481021804 1331.3056261851686
1334 1323 1339.1464742578967 1473.623547236399 1533 1467 1527.8535257421033 1316.376452763601
427 1577 430.4418662219714 1677.7342257023843 569 1673 565.5581337780286 1572.2657742976157
602 1534 606.6652655308237 1670.5398538570653 681 1668 676.3347344691763 1531.4601461429347
729 1551 733.1865390406981 1673.5288089192404 895 1668 890.8134609593019 1545.4711910807596
1541 1325 1545.504497017167 1456.8345891268011 1687 1452 1682.495502982833 1320.1654108731989
895 1517 899.2714317425284 1642.013391420466 1046 1637 1041.7285682574714 1511.986608579534
1077 1488 1082.040361270004 1635.5179036747465 1185 1632 1179.959638729996 1484.4820963252535
1205 1488 1209.249276283518 1612.364960347154 1337 1608 1332.750723716482 1483.635039652846
1363 1486 1367.9198628158406 1629.9912359614555 1514 1625 1509.0801371841594 1481.0087640385445
1536 1467 1540.9543024913835 1611.9991932222938 1658 1608 1653.0456975086165 1463.0008067777062
425 1690 430.5023701402788 1851.0396685584788 578 1846 572.4976298597212 1684.9603314415212
593 1685 597.9082020479402 1828.649956449186 734 1824 729.0917979520598 1680.350043550814
758 1697 762.1530345381033 1818.5482216712874 866 1815 861.8469654618967 1693.4517783287126
921 1668 926.1905542720762 1819.9136514446814 1070 1815 1064.809445727924 1663.0863485553186
1080 1659 1084.9659632592839 1804.3404727345633 1212 1800 1207.0340367407161 1654.6595272654367
1221 1637 1226.154094167269 1787.8465616190174 1368 1783 1362.845905832731 1632.1534383809826
1375 1647 1378.8998342337181 1761.1377254564657 1500 1757 1496.1001657662819 1642.8622745435343
451 1882 455.4082552717524 2011.0178504509342 573 2007 568.5917447282476 1877.9821495490658
593 1843 597.4245803468128 1972.4956417681115 729 1968 724.5754196531872 1838.5043582318885
753 1836 757.7588633983422 1975.2792132928496 883 1971 878.2411366016578 1831.7207867071504
1533 1654 1536.3155373838576 1751.0369182329584 1713 1745 1709.6844626161424 1647.9630817670416
897 1836 901.2346599134054 1959.9371782571736 1075 1954 1070.7653400865947 1830.0628217428264
1070 1822 1074.648317007131 1958.0438158646311 1193 1954 1188.351682992869 1817.9561841353689
1224 1795 1229.2693048656402 1949.2184708521438 1382 1944 1376.7306951343598 1789.7815291478562
1399 1788 1404.7366014917072 1955.894994216041 1548 1951 1542.2633985082928 1783.105005783959
465 2021 469.8895448192998 2164.1039092295546 590 2160 585.1104551807002 2016.8960907704452
614 1985 619.9235663229025 2158.366955149268 777 2153 771.0764336770975 1979.6330448507322
794 1983 799.501827512121 2144.0237872825087 888 2141 882.498172487879 1979.976212717491
# Transcript
PONT
*OYOS EM
QHNAIWN
WI TE DHMW
THRIAN E
YMBHSOM*
A TOY DHMO
AIA KAI MA
AI AYTON A
NAIWN EQA
NEQETO A
ZEI**
