# Baseline angle
-0.06725613449554269
# Boxes: x1 y1 x2 y2 x3 y3 x4 y4
723 384 732.3124474652749 522.2535887475227 840 515 830.6875525347251 376.7464112524773
943 382 950.895290804508 499.21432974508906 1058 492 1050.104709195492 374.78567025491094
1143 358 1152.0223456749366 491.94670661305497 1270 484 1260.9776543250634 350.05329338694503
1192 560 1200.8003386065625 690.6507659868694 1255 687 1246.1996613934375 556.3492340131306
555 610 563.9823916024457 743.3535441895859 688 735 679.0176083975543 601.6464558104141
759 589 769.2609246901062 741.3347828339519 893 733 882.7390753098938 580.6652171660481
955 577 963.4640298811737 702.6578907641641 1092 694 1083.5359701188263 568.3421092358359
375 851 383.54845459754955 977.9112691119584 501 970 492.45154540245045 843.0887308880416
574 830 581.417578225784 940.1221578273723 702 932 694.582421774216 821.8778421726277
999 811 1005.7327984329829 910.9558439545102 1109 904 1102.2672015670169 804.0441560454898
1182 783 1189.8108660881321 898.9609513972948 1308 891 1300.1891339118679 775.0390486027052
1397 980 1405.5529711689437 1106.9783226128145 1524 1099 1515.4470288310563 972.0216773871855
1201 982 1208.184801723456 1088.6663330355623 1322 1081 1314.815198276544 974.3336669644378
386 1071 392.95723686257963 1174.2878808288442 516 1166 509.0427631374204 1062.7121191711558
568 1023 577.6484100396127 1166.2413249747876 700 1158 690.3515899603873 1014.7586750252125
785 1017 793.9198546729838 1149.4251142618361 919 1141 910.0801453270162 1008.5748857381637
996 1014 1003.9494896612387 1132.0189717553624 1123 1124 1115.0505103387613 1005.9810282446375
389 1267 396.7271364418136 1381.7178921337365 541 1372 533.2728635581864 1257.2821078662635
590 1226 599.0841875343413 1360.8648174565687 701 1354 691.9158124656587 1219.1351825434313
763 1205 771.8805956705502 1336.842270922603 918 1327 909.1194043294498 1195.157729077397
1012 1193 1021.1557576065917 1328.9273543860306 1124 1322 1114.8442423934084 1186.0726456139694
1198 1187 1206.0603187359227 1306.6643520240575 1305 1300 1296.9396812640773 1180.3356479759425
1206 1407 1214.3525057364327 1531.002191411233 1348 1522 1339.6474942635673 1397.997808588767
1232 1633 1240.5362950234812 1759.730746777862 1385 1750 1376.4637049765188 1623.269253222138
1254 1842 1262.6780450278675 1970.8351824683139 1379 1963 1370.3219549721325 1834.1648175316861
1261 2020 1270.316268966612 2158.3103231641426 1364 2152 1354.683731033388 2013.689676835857
882 2061 890.2375062414055 2183.2948966371223 954 2179 945.7624937585945 2056.7051033628777
664 2082 671.7083750861796 2196.439359046076 797 2188 789.2916249138204 2073.560640953924
842 1859 850.8392514579451 1990.228470330662 973 1982 964.1607485420549 1850.771529669338
1055 1830 1065.2918456198086 1982.7938382557086 1181 1975 1170.7081543801914 1822.2061617442914
1031 1652 1038.1319930068398 1757.8823291937608 1170 1749 1162.8680069931602 1643.1176708062392
1018 1426 1026.6599787422906 1554.5669684648894 1139 1547 1130.3400212577094 1418.4330315351106
195 1474 203.53559995342405 1600.720427693626 333 1592 324.464400046576 1465.279572306374
399 1459 408.3176591067263 1597.3309613326148 532 1589 522.6823408932736 1450.6690386673852
622 1464 629.443982584092 1574.5141597482732 741 1567 733.556017415908 1456.4858402517268
801 1422 811.6903451236082 1580.7100044107233 941 1572 930.3096548763918 1413.2899955892767
669 1670 677.809371749351 1800.7848729885816 734 1797 725.190628250649 1666.2151270114184
828 1657 837.2325393202933 1794.0672639005845 957 1786 947.7674606797067 1648.9327360994155
219 1699 227.0738684501053 1818.865512526626 329 1812 320.9261315498947 1692.134487473374
239 1911 246.35886279765913 2020.2504623162429 354 2013 346.6411372023409 1903.7495376837571
428 1687 435.850820160623 1803.5541138207639 548 1796 540.149179839377 1679.4458861792361
433 1914 440.9237803729877 2031.6372889186975 584 2022 576.0762196270122 1904.3627110813025
634 1889 642.253836235817 2011.5373334766346 769 2003 760.746163764183 1880.4626665233654
224 1265 233.17625525339113 1401.2316646376032 296 1397 286.8237447466089 1260.7683353623968
1428 1177 1436.8552325333505 1308.4657270813789 1518 1303 1509.1447674666495 1171.5342729186211
1447 1389 1455.9344456082747 1521.641732844081 1510 1518 1501.0655543917253 1385.358267155919
1478 1621 1487.3742893246797 1760.1716995910365 1579 1754 1569.6257106753203 1614.8283004089635
1063 2044 1072.0178291035422 2177.879653112199 1189 2170 1179.9821708964578 2036.1203468878011
793 824 799.8081900065704 925.0751153005923 890 919 883.1918099934296 817.9248846994077
# Transcript
ROE
SEPI
SHKON*
*DEDOCQ
IMENEPI
NTOYSAI
OSINOTI
HMONTO*
WIPR*