# Baseline angle
0.1396725525766529
# Boxes: x1 y1 x2 y2 x3 y3 x4 y4
765 47 749.9444540230045 154.08986712313222 856 169 871.0555459769955 61.91013287686778
882 83 868.0861226032787 181.9691960596569 975 197 988.9138773967213 98.03080394034312
995 81 980.5390499168562 183.8605156693998 1074 197 1088.4609500831436 94.13948433060017
1254 95 1236.540445798981 219.18954066980882 1349 235 1366.459554201019 110.81045933019118
472 171 453.4225388224215 303.1411958112895 552 317 570.5774611775785 184.85880418871056
580 196 562.7039335471438 319.026654830014 719 341 736.2960664528562 217.97334516998598
767 213 750.9103173709182 327.4456652342272 890 347 906.0896826290818 232.5543347657728
917 239 902.6443919891627 341.1112191282437 1037 360 1051.3556080108372 257.8887808717563
1084 247 1068.1754211015837 359.5599864727807 1178 375 1193.8245788984163 262.4400135272193
1260 262 1240.7998016130925 398.5707160094651 1379 418 1398.2001983869075 281.4292839905349
279 316 262.7058759829697 431.8998536843388 363 446 379.2941240170303 330.1001463156612
437 308 415.9538153548977 457.70118789027754 539 475 560.0461846451022 325.29881210972246
572 347 555.4020084684001 465.0612586448777 683 483 699.5979915315999 364.9387413551223
774 353 755.5925961382281 483.9315807378219 877 501 895.4074038617719 370.0684192621781
899 380 881.1762427526736 506.7801113402107 1025 527 1042.8237572473263 400.21988865978926
1066 393 1046.2483492149076 533.4931884416566 1185 553 1204.7516507850924 412.5068115583435
1237 413 1218.1424329115664 547.1335848498336 1331 563 1349.8575670884336 428.8664151501663
1349 433 1331.0987151848651 560.3315637383956 1471 580 1488.9012848151349 452.66843626160437
98 451 81.73807019923021 566.670856718919 205 584 221.2619298007698 468.329143281081
244 466 228.01598625420394 579.694044091599 344 596 359.98401374579606 482.3059559084009
403 487 386.6949267035634 602.9777357404599 522 622 538.3050732964366 506.02226425954
566 503 550.9141228516461 610.3056122787997 691 630 706.0858771483539 522.6943877212003
717 529 702.7391115930423 630.4374800417368 849 651 863.2608884069577 549.5625199582632
899 523 880.6423092015388 653.5779724826082 969 666 987.3576907984612 535.4220275173918
1032 552 1015.6474034961341 668.3157675844494 1177 691 1193.352596503866 574.6842324155506
1213 561 1194.4784946423965 692.743182923875 1303 708 1321.5215053576035 576.256817076125
1339 592 1316.2519349529136 753.8066370308413 1467 775 1489.7480650470864 613.1933629691587
1515 613 1499.2507588135109 725.0241104858201 1620 742 1635.7492411864891 629.9758895141799
210 613 186.04993084090182 783.3564738041796 340 805 363.9500691590982 634.6435261958204
380 615 358.1222570458578 770.6160493610131 496 790 517.8777429541421 634.3839506389869
540 660 521.2327728036835 793.4909985857753 660 813 678.7672271963165 679.5090014142247
702 672 685.6949267035634 787.9777357404599 821 807 837.3050732964366 691.0222642595401
887 683 867.2161549986472 823.7221854070763 983 840 1002.7838450013528 699.2778145929237
1019 708 999.0545302953863 849.8718194371188 1128 868 1147.9454697046137 726.1281805628812
1179 710 1158.0679168507293 858.8895857042244 1294 878 1314.9320831492707 729.1104142957756
1320 752 1301.4397308584923 884.0189091229674 1408 899 1426.5602691415077 766.9810908770326
1656 773 1636.369020278383 912.6348570219307 1767 931 1786.630979721617 791.3651429780693
1473 764 1454.4244018673235 896.1279440015373 1610 918 1628.5755981326765 785.8720559984627
187 787 170.6993064153259 902.9465829180115 292 920 308.3006935846741 804.0534170819885
533 808 513.586600801619 946.0872101044736 641 964 660.413399198381 825.9127898955264
695 804 677.5576378350519 928.0672539814868 798 945 815.4423621649481 820.9327460185132
851 852 832.4784946423966 983.743182923875 941 999 959.5215053576034 867.256817076125
1002 846 982.015766511482 988.1475456362112 1109 1006 1128.984233488518 863.8524543637888
1181 871 1160.5849851767725 1016.211686648677 1280 1033 1300.4150148232275 887.788313351323
1320 896 1302.3206754198636 1021.75276399849 1425 1039 1442.6793245801364 913.2472360015099
1460 907 1439.0247733550623 1056.1964647257653 1587 1077 1607.9752266449377 927.8035352742347
1626 939 1607.0777176680663 1073.593903382145 1738 1092 1756.9222823319337 957.4060966178548
189 932 169.3583978099559 1071.71041447658 271 1086 290.64160219004407 946.2895855234201
344 972 328.43581830950717 1082.7077851352549 487 1105 502.56418169049283 994.2922148647452
508 951 486.97100739096857 1100.5789012019554 618 1119 639.0289926090314 969.4210987980446
674 968 653.4686938250596 1114.0388652459544 767 1130 787.5313061749404 983.9611347540458
817 997 797.847324820522 1133.2326841654756 910 1149 929.1526751794781 1012.7673158345243
956 999 932.9374449699168 1163.0435994460295 1082 1184 1105.062555030083 1019.9564005539705
1147 1025 1126.871333844292 1168.174892977932 1275 1189 1295.128666155708 1045.825107022068
1296 1060 1275.899475159769 1202.9747242334886 1397 1220 1417.100524840231 1077.0252757665114
1448 1075 1426.3548397492834 1228.9616921664583 1576 1250 1597.6451602507166 1096.0383078335417
1620 1094 1601.6141678860615 1224.7781412270515 1717 1241 1735.3858321139385 1110.2218587729485
187 1077 165.87409793120787 1227.2682166996867 292 1245 313.12590206879213 1094.7317833003133
311 1119 293.1374789687693 1246.0558375393032 435 1266 452.8625210312307 1138.9441624606968
493 1145 478.27613604207215 1249.7306180196222 594 1266 608.7238639579278 1161.2693819803778
618 1140 597.3974090139155 1286.5459130119386 750 1308 770.6025909860845 1161.4540869880614
802 1163 783.08428723571 1297.5471741484723 893 1313 911.91571276429 1178.4528258515277
937 1166 916.0053914631103 1315.3343278253117 1063 1336 1083.9946085368897 1186.6656721746883
1141 1205 1120.6862743482957 1349.4912183284973 1231 1365 1251.3137256517043 1220.5087816715027
1278 1213 1260.596401618956 1336.7915277823943 1383 1354 1400.403598381044 1230.2084722176057
1429 1247 1413.403624093247 1357.9367821006745 1549 1377 1564.596375906753 1266.0632178993255
1601 1247 1582.7173201024868 1377.0444210971195 1746 1400 1764.2826798975132 1269.9555789028805
319 1278 299.6878899731422 1415.366741784294 418 1432 437.3121100268578 1294.633258215706
472 1284 452.3733999901456 1423.603704199482 569 1440 588.6266000098544 1300.396295800518
668 1314 649.4397308584923 1446.0189091229674 756 1461 774.5602691415077 1328.9810908770326
794 1289 769.6107168936464 1462.4805958600703 880 1478 904.3892831063536 1304.5194041399297
950 1345 932.8721278180485 1466.8302915662987 1055 1484 1072.1278721819515 1362.1697084337013
1114 1362 1096.044949220771 1489.714000214586 1219 1507 1236.955050779229 1379.285999785414
1244 1396 1226.5726400152414 1519.960543704389 1362 1539 1379.4273599847586 1415.039456295611
1427 1398 1407.4143536299312 1537.3124015891653 1519 1553 1538.5856463700688 1413.6875984108347
1605 1413 1584.199537193611 1560.9533722283772 1677 1574 1697.800462806389 1426.0466277716228
107 1432 91.98946056357337 1538.7697362918389 243 1560 258.0105394364266 1453.2302637081611
300 1425 277.12502113277367 1587.709373082768 393 1604 415.87497886722633 1441.290626917232
443 1469 423.2289673229555 1609.6310515412026 561 1629 580.7710326770444 1488.3689484587974
639 1484 619.2614883501952 1624.399729974311 716 1638 735.7385116498048 1497.600270025689
775 1507 759.6643481121496 1616.0822561616765 880 1633 895.3356518878504 1523.9177438383235
922 1511 902.5284551257627 1649.5007994031123 1027 1667 1046.4715448742372 1528.4992005968877
1101 1526 1079.0319171537408 1682.2586356250715 1191 1698 1212.9680828462592 1541.7413643749285
1236 1566 1217.5710243903948 1697.0850202485924 1345 1715 1363.4289756096052 1583.9149797514076
1414 1568 1397.7490194786365 1683.5929746627978 1486 1696 1502.2509805213635 1580.4070253372022
1555 1580 1532.5038995482914 1740.0144167367403 1696 1763 1718.4961004517086 1602.9855832632597
100 1563 80.30649489076409 1703.0795991430177 222 1723 241.69350510923593 1582.9204008569823
279 1597 260.2609141191606 1730.290829841332 372 1746 390.7390858808394 1612.709170158668
578 1633 561.0487547014991 1753.5739472591583 685 1771 701.9512452985009 1650.4260527408417
729 1637 708.9876251960047 1779.3477143806545 863 1801 883.0123748039953 1658.6522856193455
897 1660 876.0485349587772 1809.0274488037705 1011 1828 1031.951465041223 1678.9725511962295
1059 1687 1039.5284551257628 1825.5007994031123 1164 1843 1183.4715448742372 1704.4992005968877
1202 1723 1186.8344054279564 1830.8726410882089 1330 1851 1345.1655945720436 1743.1273589117911
1378 1740 1362.4942907963427 1850.291871235144 1460 1864 1475.5057092036573 1753.708128764856
1517 1763 1500.4148207927083 1880.9701247790042 1650 1902 1666.5851792072917 1784.0298752209958
94 1725 75.25434455151682 1858.3375590750047 208 1877 226.74565544848318 1743.6624409249953
235 1755 217.05557168919825 1882.6384427599367 369 1904 386.94442831080175 1776.3615572400633
401 1765 384.356675116852 1883.383714077643 531 1904 547.643324883148 1785.616285922357
548 1803 530.7708386465254 1925.5507598864783 662 1944 679.2291613534746 1821.4492401135217
723 1805 702.6106098253891 1950.02941891693 866 1973 886.3893901746109 1827.97058108307
889 1849 872.501107784042 1966.3563667359222 998 1984 1014.498892215958 1866.6436332640778
1065 1828 1045.5328348375251 1966.469646580664 1156 1982 1175.4671651624749 1843.530353419336
1189 1877 1175.8010627496265 1970.8838377876705 1326 1992 1339.1989372503735 1898.1161622123295
1349 1862 1328.6237489606765 2006.9359604495844 1450 2024 1470.3762510393235 1879.0640395504156
1502 1902 1485.339483080781 2020.506000765965 1624 2040 1640.660516919219 1921.493999234035
50 1889 33.30915190942265 2007.7217459216324 206 2032 222.69084809057733 1913.2782540783676
233 1891 211.22354621738097 2045.8955810408336 340 2064 361.77645378261894 1909.1044189591667
403 1937 385.9777967013343 2058.0786704236707 485 2072 502.0222032986657 1950.9213295763293
533 1946 515.9796597462364 2067.065418613918 672 2089 689.0203402537636 1967.9345813860816
712 1944 693.1252408754956 2078.2558715381556 798 2093 816.8747591245044 1958.7441284618444
874 1988 859.2695664744283 2092.7773472532945 996 2112 1010.7304335255717 2007.222652746705
1023 2005 1005.1418586805319 2132.024684716855 1133 2150 1150.8581413194681 2022.9753152831454
1156 2017 1137.2349626595646 2150.475422174551 1269 2169 1287.7650373404354 2035.524577825449
1324 2046 1307.9750326144185 2159.9853467019157 1429 2177 1445.0249673855817 2063.0146532980843
1475 2045 1458.1347148818534 2164.9625138175484 1622 2188 1638.8652851181466 2068.0374861824516
54 2030 35.46973521887158 2161.805488568772 172 2181 190.53026478112844 2049.194511431228
214 2034 195.28872862365856 2167.0929856983607 344 2188 362.71127137634153 2054.9070143016393
367 2074 348.9286578690583 2202.541178811863 466 2219 484.0713421309417 2090.458821188137
506 2097 489.72931077570513 2212.733162363816 641 2234 657.270689224295 2118.266837636184
704 2101 686.8183618539547 2223.212728042489 792 2238 809.1816381460453 2115.787271957511
832 2122 814.3141058522198 2247.799493232163 958 2268 975.6858941477802 2142.200506767837
1013 2160 994.5882164264656 2290.9627335602704 1130 2310 1148.4117835735344 2179.0372664397296
1166 2179 1150.1560392096314 2291.697849572327 1259 2307 1274.8439607903686 2194.302150427673
1307 2188 1289.65016758305 2311.4090913062046 1429 2331 1446.34983241695 2207.5909086937954
201 2198 183.77083864652536 2320.5507598864783 315 2339 332.22916135347464 2216.4492401135217
367 2213 349.33567760005326 2338.6460537213925 487 2358 504.66432239994674 2232.3539462786075
506 2225 483.8852946306696 2382.3015593780165 624 2402 646.1147053693304 2244.6984406219835
664 2265 646.2387681402926 2391.3353692191235 779 2410 796.7612318597074 2283.6646307808765
826 2280 808.5920219071936 2403.822680604843 945 2423 962.4079780928064 2299.177319395157
973 2291 951.6909014801136 2442.5712902405 1097 2463 1118.3090985198864 2311.4287097595
1145 2322 1127.7342647185023 2444.8109096743465 1250 2462 1267.2657352814977 2339.1890903256535
1301 2343 1281.9808082083057 2478.283218879876 1408 2496 1427.0191917916943 2360.716781120124
1458 2362 1439.1552452358749 2496.0424509839604 1574 2515 1592.8447547641251 2380.9575490160396
336 2387 316.8126139374009 2523.479582143592 477 2546 496.1873860625991 2409.520417856408
496 2422 477.90270640946244 2550.725771145082 615 2570 633.0972935905376 2441.274228854918
662 2427 643.8361281210601 2556.199341487146 742 2570 760.1638718789399 2440.800658512854
800 2446 777.1422131688446 2608.587086394446 901 2626 923.8577868311554 2463.412913605554
975 2486 956.4115895430152 2618.2190778674108 1090 2637 1108.5884104569848 2504.7809221325892
1109 2525 1093.3476682732714 2636.334794988089 1219 2654 1234.6523317267286 2542.665205011911
1278 2502 1258.5759783331919 2640.1627675591226 1357 2654 1376.4240216668081 2515.8372324408774
1414 2528 1397.4170106485897 2645.95454836778 1540 2666 1556.5829893514103 2548.04545163222
325 2565 308.89750504660987 2679.5367991001003 426 2696 442.10249495339013 2581.4632008998997
468 2584 448.97423864066184 2719.329948113549 596 2740 615.0257613593382 2604.670051886451
636 2574 612.2978425354963 2742.593081731055 729 2759 752.7021574645037 2590.406918268945
763 2614 743.2936825664557 2754.1707330088916 863 2771 882.7063174335443 2630.8292669911084
975 2635 955.20553253022 2775.7977428617255 1042 2788 1061.7944674697799 2647.2022571382745
1078 2643 1059.4934968225862 2774.6364726467773 1183 2792 1201.5065031774138 2660.3635273532227
1267 2671 1247.3649673775997 2810.663685242907 1328 2822 1347.6350326224003 2682.336314757093
1414 2689 1396.732074862621 2811.8264860855707 1526 2830 1543.267925137379 2707.1735139144293
159 2679 139.6319341531671 2816.7647546717085 248 2832 267.3680658468329 2694.2352453282915
311 2687 289.3829810647606 2840.761523422015 412 2858 433.6170189352394 2704.238476577985
445 2710 427.63516540286037 2833.515801583302 552 2851 569.3648345971396 2727.484198416698
607 2738 586.5418416811056 2883.518565670218 718 2902 738.4581583188944 2756.481434329782
748 2767 728.7504153607613 2903.9219996632064 836 2919 855.2495846392387 2782.0780003367936
916 2778 896.7050820092131 2915.2444550959717 1023 2933 1042.2949179907869 2795.7555449040283
1074 2809 1056.9734169895717 2930.1098232461186 1170 2946 1187.0265830104283 2824.8901767538814
1240 2805 1220.015766511482 2947.1475456362114 1347 2965 1366.984233488518 2822.8524543637886
1412 2828 1394.6483045381478 2951.422343115956 1477 2963 1494.3516954618522 2839.577656884044
119 2851 99.05891000714877 2992.8406666146707 214 3009 233.94108999285123 2867.1593333853293
277 2851 256.08729874268136 2999.7517226046784 393 3019 413.91270125731864 2870.2482773953216
424 2868 401.2906987368179 3029.5309108317488 554 3051 576.7093012631822 2889.4690891682512
588 2910 570.5576378350518 3034.067253981487 691 3051 708.4423621649482 2926.932746018513
721 2908 699.2191665056184 3062.9267338632817 842 3083 863.7808334943816 2928.0732661367183
897 2937 876.418980761749 3083.392473501168 1023 3104 1043.581019238251 2957.607526498832
1044 2948 1024.2914927105744 3088.186309420116 1151 3106 1170.7085072894256 2965.813690579884
1189 2944 1169.0220092681466 3086.1031410040105 1339 3110 1358.9779907318534 2967.8968589959895
1370 2965 1346.7392463386332 3130.45338326394 1500 3152 1523.2607536613668 2986.54661673606
222 3028 202.88795164932824 3163.943706156631 374 3188 393.1120483506718 3052.056293843369
426 3043 404.29888392930826 3197.359705053873 544 3217 565.7011160706918 3062.640294946127
561 3040 535.1867525466361 3223.609232373314 666 3242 691.8132474533639 3058.390767626686
744 3083 726.2497174196989 3209.2574871630027 824 3223 841.7502825803011 3096.7425128369973
859 3106 840.2046314882061 3239.6911673302184 1006 3263 1024.7953685117939 3129.3088326697816
1038 3122 1018.8817088926636 3257.988110788832 1147 3276 1166.1182911073365 3140.011889211168
1185 3131 1164.0053914631103 3280.3343278253114 1311 3301 1331.9946085368897 3151.6656721746886
1347 3169 1327.9420444244013 3304.558945078969 1452 3322 1471.0579555755987 3186.441054921031
193 3190 174.2865387677773 3323.108562109585 330 3345 348.7134612322227 3211.891437890415
363 3228 346.69273684768217 3343.993312151684 489 3364 505.30726315231783 3248.006687848316
510 3253 493.54611432461087 3370.0362359046294 664 3394 680.4538856753892 3276.9637640953706
689 3251 669.162062223574 3392.1069464847383 832 3415 851.837937776426 3273.8930535152617
859 3293 842.0421851338552 3413.620676492831 987 3434 1003.9578148661448 3313.379323507169
203 3349 188.11451133881127 3454.8802520496647 317 3473 331.88548866118873 3367.1197479503353
353 3368 341.5804707194191 3449.226936248922 468 3467 479.4195292805809 3385.773063751078
487 3379 477.1032075710922 3449.3957324281946 645 3473 654.8967924289078 3402.6042675718054
31 2186 13.557637835051793 2310.067253981487 134 2327 151.4423621649482 2202.932746018513
# Transcript
*LLY*E
*IWNOSE
*IKAIDEKA
KKLHSIAEND*
*NEPEUHFIZE
*S*POLYEYKT
*IOSEIPENEP
*HNOSEPIDAM
**OCOYAPOLL
NTWIDHMWIT
ME*OYNTAIT
HNHQENKAIP
ANEDEXATOT
QENTAYPOA*
NAYSTASAQH*
MWIEPAIN*
*NWSAICRY
ONAYTWNEI*
OYSAYTOYS
*SKAIDHMO
*YLWNT
RYT*

