# Baseline angle
6.261455031036467
# Boxes: x1 y1 x2 y2 x3 y3 x4 y4
616 787 618.7163574765348 911.9836811130349 756 909 753.2836425234652 784.0163188869651
731 746 735.7763068544782 965.7650412197065 863 963 858.2236931455218 743.2349587802935
853 778 855.7036099508717 902.3971483403004 966 900 963.2963900491283 775.6028516596996
962 771 964.6261642477072 891.8337553953335 1049 890 1046.3738357522927 769.1662446046665
1046 771 1048.4537985805719 883.9029525602243 1090 883 1087.5462014194281 770.0970474397757
1099 770 1101.593104248415 889.3126152490921 1208 887 1205.406895751585 767.6873847509079
1201 752 1203.9694846195794 888.6304405696383 1325 886 1322.0305153804206 749.3695594303617
1311 757 1313.5539065515818 874.5090704344972 1429 872 1426.4460934484182 754.4909295655028
1422 750 1424.5104596795275 865.5100146956573 1540 863 1537.4895403204725 747.4899853043427
1533 748 1535.5435196788194 865.0311548418987 1629 863 1626.4564803211806 745.9688451581013
677 950 679.8013681276651 1078.8951486587741 767 1077 764.1986318723349 948.104851341226
757 961 759.1109449099378 1058.1277410097782 811 1057 808.8890550900622 959.8722589902218
816 958 818.2970023638964 1063.688523489676 942 1061 939.7029976361036 955.3114765103238
943 944 945.5255732874331 1060.2054144606964 1047 1058 1044.4744267125668 941.7945855393036
1051 925 1053.633718336989 1046.1813303717688 1154 1044 1151.366281663011 922.8186696282314
1146 912 1148.6686614292594 1034.7891144499501 1277 1032 1274.3313385707406 909.2108855500496
1268 910 1270.8410325257366 1040.7201670972279 1396 1038 1393.1589674742634 907.2798329027721
1388 911 1390.7428076477051 1037.2006931548954 1492 1035 1489.2571923522949 908.7993068451046
1485 910 1487.36217810132 1018.6873569101043 1565 1017 1562.63782189868 908.3126430898957
982 1091 984.8646444840842 1222.8065887107564 1114 1220 1111.1353555159158 1088.1934112892436
1081 1095 1083.713524693054 1219.8533404968716 1215 1217 1212.286475306946 1092.1466595031284
1566 916 1567.666083887289 992.6590182166135 1644 991 1642.333916112711 914.3409817833865
1195 1092 1197.8193090897096 1221.7206392278079 1323 1219 1320.1806909102904 1089.2793607721921
1307 1095 1309.6766985078052 1218.1589124867496 1363 1217 1360.3233014921948 1093.8410875132504
1356 1088 1358.7395027336443 1214.0486291027048 1453 1212 1450.2604972663557 1085.9513708972952
1451 1081 1453.5576890255647 1198.6831077348834 1531 1197 1528.4423109744353 1079.3168922651166
1516 1085 1518.3787026716238 1194.4476771710565 1631 1192 1628.6212973283762 1082.5523228289435
2085 1040 2088.621665260318 1206.6382499004305 2164 1205 2160.378334739682 1038.3617500995695
2165 1060 2167.8126992615876 1189.416511123427 2279 1187 2276.1873007384124 1057.583488876573
2275 1052 2278.0280505288815 1191.3251458856855 2339 1190 2335.9719494711185 1050.6748541143145
2338 1048 2340.96995675016 1184.6521640056656 2463 1182 2460.03004324984 1045.3478359943344
2456 1051 2458.809394347527 1180.2644470712366 2563 1178 2560.190605652473 1048.7355529287634
2071 747 2073.679525861944 870.2890032907444 2179 868 2176.320474138056 744.7109967092556
2159 738 2161.7928643478813 866.5038769981159 2277 864 2274.2071356521187 735.4961230018841
2246 736 2248.7423300877826 862.1787199066996 2395 859 2392.2576699122174 732.8212800933004
2372 746 2374.026878519968 839.2597203360934 2478 837 2475.973121480032 743.7402796639066
2078 914 2080.699360775651 1038.2016374160555 2182 1036 2179.300639224349 911.7983625839445
2169 919 2171.6157719456023 1039.3555899905666 2280 1037 2277.3842280543977 916.6444100094336
2260 898 2262.7069148649325 1022.5492123924909 2380 1020 2377.2930851350675 895.4507876075091
2382 895 2384.896760222216 1028.2842819849434 2490 1026 2487.103239777784 892.7157180150566
2486 896 2488.7607540390914 1023.0264335360976 2582 1021 2579.2392459609086 893.9735664639024
1379 1246 1381.7602764791693 1373.0044602879018 1520 1370 1517.2397235208307 1242.9955397120982
1511 1246 1513.495818202202 1360.8363383666456 1644 1358 1641.504181797798 1243.1636616333544
2113 1243 2115.841504656317 1373.741890533255 2242 1371 2239.158495343683 1240.258109466745
2236 1219 2239.088499531162 1361.106495133673 2290 1360 2286.911500468838 1217.893504866327
2290 1231 2292.8358390893554 1361.4812093009284 2407 1359 2404.1641609106446 1228.5187906990716
2405 1228 2407.722972733998 1353.2880590295842 2513 1351 2510.277027266002 1225.7119409704158
2108 1403 2111.000650667209 1541.0644371596022 2252 1538 2248.999349332791 1399.9355628403978
2239 1398 2241.595937031896 1517.4429558652555 2354 1515 2351.404062968104 1395.5570441347445
2345 1394 2347.7073869955125 1518.570935828518 2466 1516 2463.2926130044875 1391.429064171482
2137 1557 2140.1413835854764 1701.5397697808885 2257 1699 2253.8586164145236 1554.4602302191115
2236 1555 2238.909041046641 1688.8493411338193 2324 1687 2321.090958953359 1553.1506588661807
2315 1563 2317.675748817303 1686.115215802527 2415 1684 2412.324251182697 1560.884784197473
2409 1574 2411.4929908480635 1688.706247562651 2490 1687 2487.5070091519365 1572.293752437349
# Transcript
*******OFORIKWNCWELPA
********EIMHEDWKENGLYKW
**********TWDIALOISIDW
*************NEDION
POL*
EYPO*

