# Baseline angle
0.008468949597138176
# Boxes: x1 y1 x2 y2 x3 y3 x4 y4
670 570 668.5871103284563 736.8277601880828 807 738 808.4128896715437 571.1722398119172
896 598 894.7404765103801 746.718960092612 1046 748 1047.2595234896198 599.281039907388
1126 594 1124.6385670889294 754.751973614528 1272 756 1273.3614329110706 595.248026385472
1367 607 1365.6453860415575 766.9468218630245 1490 768 1491.3546139584425 608.0531781369755
1622 619 1620.7706211765937 764.1596113003302 1720 765 1721.2293788234063 619.8403886996698
1796 626 1794.698564115452 779.6677902177089 1952 781 1953.301435884548 627.3322097822911
205 794 203.71428194109183 945.8118989196579 344 947 345.2857180589082 795.1881010803421
437 804 435.8088703601667 944.6433169618422 596 946 597.1911296398333 805.3566830381578
692 801 690.7948792682829 943.295323179015 774 944 775.2051207317171 801.704676820985
900 820 898.8241578574512 958.8382369317312 1036 960 1037.1758421425488 821.1617630682688
1118 832 1116.7735617536887 976.8124009694058 1257 978 1258.2264382463113 833.1875990305942
1351 839 1349.745932756549 987.0747106895856 1459 988 1460.254067243451 839.9252893104144
1585 864 1583.9523335695826 987.7038160381126 1737 989 1738.0476664304174 865.2961839618874
1817 858 1815.8240144146662 996.8551740210446 1951 998 1952.1759855853338 859.1448259789554
189 1006 187.67258471034143 1162.735323410785 337 1164 338.32741528965863 1007.2646765892152
436 1032 434.7564812215902 1178.829194615934 573 1180 574.2435187784098 1033.170805384066
642 1037 640.7407633959502 1185.6850859139852 796 1187 797.2592366040498 1038.3149140860148
886 1043 884.5528058214742 1213.8782845704527 1017 1215 1018.4471941785258 1044.1217154295473
1117 1065 1115.6983489512743 1218.693195851679 1270 1220 1271.3016510487257 1066.306804148321
1343 1067 1341.782747512271 1210.7277872442314 1492 1212 1493.217252487729 1068.2722127557686
1555 1083 1553.766097308528 1228.6937696228194 1708 1230 1709.233902691472 1084.3062303771806
1796 1097 1794.808368310419 1237.702596774439 1948 1239 1949.191631689581 1098.297403225561
2009 1087 2007.6361285615824 1248.0399041328556 2121 1249 2122.3638714384174 1087.9600958671444
185 1246 183.77470929596967 1390.6769042548988 340 1392 341.22529070403033 1247.3230957451012
416 1274 414.9006616449317 1403.8050082456375 556 1405 557.0993383550683 1275.1949917543625
638 1272 636.7486581694666 1419.7529059926312 784 1421 785.2513418305334 1273.2470940073688
872 1283 870.749733990355 1430.625877822781 1033 1432 1034.2502660096452 1284.374122177219
1090 1289 1088.6313178079463 1450.6079366339716 1253 1452 1254.3686821920537 1290.3920633660284
1311 1292 1309.7587763061522 1438.5582011869199 1480 1440 1481.2412236938478 1293.4417988130801
1568 1300 1566.6718674964159 1456.8200088573517 1706 1458 1707.3281325035841 1301.1799911426483
1994 1321 1992.6823442400641 1476.582961328357 2160 1478 2161.317655759936 1322.417038671643
411 1513 409.7918615494607 1655.6516420637136 569 1657 570.2081384505392 1514.3483579362864
625 1506 623.6575123772345 1664.5149978069257 799 1666 800.3424876227655 1507.4850021930743
858 1515 856.7082519237822 1667.5238966799377 1031 1669 1032.2917480762178 1516.4761033200623
1088 1538 1086.799612880192 1679.7363992316732 1236 1681 1237.200387119808 1539.2636007683268
1312 1535 1310.6474659619416 1694.7012340679803 1464 1696 1465.3525340380584 1536.2987659320197
1537 1549 1535.612731126604 1712.8025697182907 1677 1714 1678.387268873396 1550.1974302817093
1767 1555 1765.7067457745384 1707.7017361177282 1919 1709 1920.2932542254616 1556.2982638822718
164 1716 162.71535776198027 1867.6848707498075 318 1869 319.2846422380197 1717.3151292501925
408 1712 406.59744362931957 1877.6076497484014 571 1879 572.4025563706804 1713.3923502515986
634 1733 632.7410502815205 1881.6512117353584 792 1883 793.2589497184795 1734.3487882646416
862 1739 860.6223472135417 1901.6671447251758 1018 1903 1019.3776527864583 1740.3328552748242
1118 1733 1116.4062585921781 1921.18193291442 1213 1922 1214.5937414078219 1733.81806708558
1292 1754 1290.555459512999 1924.564948418155 1460 1926 1461.444540487001 1755.435051581845
1535 1765 1533.5881861493447 1931.7007320182324 1687 1933 1688.4118138506553 1766.2992679817676
185 1944 183.73602978404134 2093.2440098613265 273 2094 274.26397021595864 1944.755990138673
369 1969 367.8771924885607 2101.576142375729 536 2103 537.1228075114393 1970.423857624271
615 1976 613.8011907508283 2117.550091249226 785 2119 786.1988092491717 1977.449908750774
813 2001 811.8620484340613 2135.3642853165265 1005 2137 1006.1379515659387 2002.6357146834732
1070 1996 1068.8085834745964 2136.677191140469 1225 2138 1226.1914165254036 1997.322808859531
1276 1999 1274.7325817368637 2148.6511400139657 1434 2150 1435.2674182631363 2000.348859986034
377 2174 375.69059762054326 2328.6084386837197 540 2330 541.3094023794567 2175.3915613162803
603 2201 601.7920049922459 2343.6347049744004 763 2345 764.2079950077541 2202.3652950255996
840 2204 838.7068892173236 2356.684799028415 994 2358 995.2931107826764 2205.315200971585
1061 2219 1059.825664006695 2357.6603974939408 1218 2359 1219.174335993305 2220.3396025060592
1301 2238 1299.9581484227144 2361.017223911803 1416 2362 1417.0418515772856 2238.982776088197
358 2485 356.95297906211556 2608.627599136202 519 2610 520.0470209378844 2486.372400863798
597 2471 595.8757580607096 2603.7455132688633 744 2605 745.1242419392904 2472.2544867311367
802 2456 800.6833483395601 2611.4644017031633 982 2613 983.3166516604399 2457.5355982968367
1044 2465 1042.5618481372715 2634.8106079345916 1183 2636 1184.4381518627285 2466.1893920654084
815 2691 813.5117540832568 2866.7254921596696 964 2868 965.4882459167432 2692.2745078403304
# Transcript
KTHSIK
EPITHSAK
HSPRYTANE
LOSMNHSN
*AMMATEY*
EKTHIME*
IATWNP*
NDHMO
DOXE
*E