# Baseline angle
5.743272890815789
# Boxes: x1 y1 x2 y2 x3 y3 x4 y4
278 746 278.836233424535 953.8175073142799 482 953 481.163766575465 745.1824926857201
136 1092 136.72062751659718 1271.087572688913 407 1270 406.2793724834029 1090.912427311087
419 1008 419.6709168561789 1174.733670976811 602 1174 601.3290831438211 1007.2663290231891
623 864 623.7204008373373 1043.0312392329977 880 1042 879.2795991626627 862.9687607670023
878 775 878.6999255356734 948.9427961877236 1113 948 1112.3000744643266 774.0572038122764
194 1368 194.62444447090223 1523.184532920642 489 1522 488.37555552909777 1366.815467079358
491 1234 491.7282541773881 1414.98292103089 736 1414 735.2717458226119 1233.01707896911
1012 1313 1011.1752551407785 1108.037586653525 772 1109 772.8247448592215 1313.962413346475
976 989 976.9010516841538 1212.9258913458193 1207 1212 1206.0989483158462 988.0741086541806
1197 859 1197.9529565373966 1095.8250854009436 1403 1095 1402.0470434626034 858.1749145990564
1432 809 1432.7278332016197 989.8783017556188 1651 989 1650.2721667983803 808.1216982443812
374 1579 374.7762323606056 1771.906274187068 600 1771 599.2237676393944 1578.093725812932
626 1478 626.8362334245351 1685.81750731428 830 1685 829.1637665754649 1477.18249268572
873 1344 873.8840982681226 1563.7126937425 1051 1563 1050.1159017318773 1343.2873062575
1084 1238 1084.7599751737298 1426.8661007697742 1300 1426 1299.2400248262702 1237.1338992302258
1312 1126 1312.8331001319193 1333.0388335110372 1571 1332 1570.1668998680807 1124.9611664889628
1559 1020 1559.9209279049164 1248.865453114746 1775 1248 1774.0790720950836 1019.134546885254
1780 912 1780.8450582471282 1122.0106182089523 2032 1121 2031.1549417528718 910.9893817910477
227 1923 366.25572847716484 2155.359871742904 492 2080 352.7442715228353 1847.6401282570962
460 1824 610.6142873674621 2075.312580660487 783 1972 632.3857126325379 1720.6874193395129
706 1732 840.8387524879654 1956.9897765549697 996 1864 861.1612475120346 1639.0102234450303
942 1607 1074.017967718035 1827.2830603966977 1228 1735 1095.982032281965 1514.716939603302
1192 1487 1330.903890363818 1718.7728003183706 1454 1645 1315.096109636182 1413.2271996816294
1451 1382 1590.086649266543 1614.0777488878941 1692 1553 1552.913350733457 1320.9222511121059
1612 1307 1758.191231515106 1550.9323407105471 1980 1418 1833.808768484894 1174.0676592894529
309 2197 435.01848020167023 2407.272411893615 604 2306 477.98151979832977 2095.727588106385
608 2106 719.9191162493854 2292.74643967376 868 2204 756.0808837506147 2017.2535603262402
878 1957 985.5401394049173 2136.439749248363 1038 2105 930.4598605950827 1925.5602507516369
1078 1853 1204.4670176466416 2064.020834269665 1348 1978 1221.5329823533584 1766.9791657303351
1304 1740 1441.5795575499528 1969.5630398572412 1571 1892 1433.4204424500472 1662.4369601427588
1551 1623 1682.0576327438305 1841.6806608841134 1805 1768 1673.9423672561695 1549.3193391158866
1722 1520 1850.493506721411 1734.4022013893596 1998 1646 1869.506493278589 1431.5977986106404
481 2400 616.3763894356158 2625.8868689300293 743 2550 607.6236105643842 2324.1131310699707
753 2299 877.7230267378008 2507.110839052014 958 2459 833.2769732621992 2250.889160947986
946 2189 1078.276146431335 2409.713853250717 1253 2305 1120.723853568665 2084.286146749283
1195 2101 1312.2088476758997 2296.57280056577 1460 2208 1342.7911523241003 2012.4271994342298
1407 1989 1528.2618258254383 2191.3355348051596 1684 2098 1562.738174174562 1895.6644651948407
1639 1874 1757.9710781742115 2072.5132300694395 1909 1982 1790.0289218257885 1783.4867699305605
1883 1766 1994.040280948913 1951.2800292076774 2133 1868 2021.959719051087 1682.7199707923226
302 2786 431.9777989511623 3002.8788675624896 627 2886 497.0222010488377 2669.1211324375104
580 2644 685.6629699855094 2820.307534507159 823 2738 717.3370300144906 2561.692465492841
833 2523 949.0672737647595 2716.667988674164 1082 2637 965.9327262352405 2443.332011325836
1032 2412 1147.9675345015562 2605.5015653416444 1319 2503 1203.0324654984438 2309.4984346583556
1300 2300 1417.3900866128354 2495.875212944792 1549 2417 1431.6099133871646 2221.124787055208
1517 2193 1631.7429409508943 2384.4582282130345 1771 2301 1656.2570590491057 2109.5417717869655
1777 2070 1889.2937538495707 2257.3715539558157 1965 2212 1852.7062461504293 2024.6284460441843
424 3014 532.3040357842935 3194.714374476911 682 3105 573.6959642157065 2924.285625523089
685 2862 809.176269995415 3069.198529533945 948 2986 823.823730004585 2778.801470466055
939 2736 1059.1278517432443 2936.4434038660606 1175 2867 1054.8721482567557 2666.5565961339394
1166 2654 1272.715444393971 2832.063676399756 1428 2739 1321.284555606029 2560.936323600244
1405 2527 1526.5260844018956 2729.7764724211847 1683 2636 1561.4739155981044 2433.2235275788153
1644 2409 1769.864600648941 2619.0156509436197 1865 2562 1739.135399351059 2351.9843490563803
541 3232 655.8259605904159 3423.596753450038 812 3330 697.1740394095841 3138.403246549962
799 3097 912.5952871765973 3286.543271559423 1057 3200 943.4047128234027 3010.456728440577
1031 2990 1153.8473772841824 3194.9811605013115 1314 3099 1191.1526227158176 2894.0188394986885
1279 2873 1392.2388891658825 3061.948591563385 1549 2968 1435.7611108341175 2779.051408436615
1532 2770 1639.9552376025254 2950.1323754333803 1777 2868 1669.0447623974746 2687.8676245666197
1770 2643 1877.0824821652102 2821.676109729304 1985 2757 1877.9175178347898 2578.323890270696
727 3427 835.9566116530395 3608.803252089505 869 3589 760.0433883469605 3407.196747910495
921 3319 1047.2042790359737 3529.5824328441413 1185 3447 1058.7957209640263 3236.4175671558587
1172 3228 1297.7587815225806 3437.839082849094 1451 3346 1325.2412184774194 3136.160917150906
1390 3116 1518.1295088817503 3329.794840440814 1703 3219 1574.8704911182497 3005.205159559186
1625 3011 1735.8575220461883 3195.9750806381544 1896 3100 1785.1424779538117 2915.0249193618456
825 3627 945.6822083145763 3828.368394336637 978 3809 857.3177916854237 3607.631605663363
1021 3557 1123.9252048551007 3728.7393435858903 1277 3637 1174.0747951448993 3465.2606564141097
1312 3449 1411.591102590148 3615.176114100583 1512 3555 1412.408897409852 3388.823885899417
1553 3333 1648.1984460535766 3491.846597960673 1698 3462 1602.8015539464234 3303.153402039327
1104 3761 1241.3076991445491 3990.1094212887083 1395 3898 1257.6923008554509 3668.8905787112917
1408 3670 1531.2098551580539 3875.585985259355 1659 3799 1535.7901448419461 3593.414014740645
887 3878 1034.3647247078202 4123.890412602685 1166 4045 1018.6352752921797 3799.109587397315
1625 3537 1754.3814618166189 3752.883828998451 1881 3677 1751.6185381833811 3461.116171001549
1246 4020 1355.190470913712 4202.193465895501 1489 4122 1379.809529086288 3939.8065341044994
1482 3894 1598.4191118781062 4088.2550600986974 1734 4007 1617.5808881218938 3812.7449399013026
1738 3786 1848.7790623040344 3970.844163972655 1977 3894 1866.2209376959656 3709.155836027345
1348 4233 1470.5967983998282 4437.563048599799 1585 4369 1462.4032016001718 4164.436951400201
1551 4123 1699.9320365770934 4371.505604012818 1896 4254 1747.0679634229066 4005.494395987181
1462 4446 1580.0892029421611 4643.041747222354 1732 4552 1613.9107970578389 4354.958252777646
# Transcript
I*
XIQE*
MOSEPE*
*SEIPEEP
EWNYMID*
OTIANHR
*RITONDH
WNEUHFI*
*OLHNDI*
TOSTAE
*IZONT
ITRI*
SDEE
*YGC
SQ
D