# Baseline angle
0
# Boxes: x1 y1 x2 y2 x3 y3 x4 y4
759 716 759 805 835 805 835 716
859 721 859 807 958 807 958 721
1061 693 1061 804 1145 804 1145 693
1144 712 1144 802 1209 802 1209 712
1207 709 1207 808 1289 808 1289 709
1276 709 1276 819 1364 819 1364 709
1356 718 1356 816 1435 816 1435 718
1421 706 1421 814 1514 814 1514 706
313 993 313 1058 394 1058 394 993
949 996 949 1081 1020 1081 1020 996
1014 977 1014 1066 1105 1066 1105 977
910 1117 910 1218 1005 1218 1005 1117
1019 1105 1019 1215 1066 1215 1066 1105
1064 1123 1064 1210 1148 1210 1148 1123
1152 1109 1152 1224 1230 1224 1230 1109
1227 1131 1227 1216 1314 1216 1314 1131
1295 1120 1295 1209 1373 1209 1373 1120
1379 1111 1379 1202 1450 1202 1450 1111
249 1243 249 1330 339 1330 339 1243
331 1237 331 1325 435 1325 435 1237
424 1192 424 1348 476 1348 476 1192
206 1380 206 1471 331 1471 331 1380
331 1381 331 1482 435 1482 435 1381
432 1355 432 1515 499 1515 499 1355
248 1495 248 1600 299 1600 299 1495
296 1513 296 1615 387 1615 387 1513
375 1518 375 1602 476 1602 476 1518
469 1513 469 1597 530 1597 530 1513
531 1521 531 1605 626 1605 626 1521
618 1510 618 1608 662 1608 662 1510
657 1515 657 1609 755 1609 755 1515
745 1518 745 1598 831 1598 831 1518
829 1518 829 1603 907 1603 907 1518
904 1526 904 1611 981 1611 981 1526
977 1504 977 1602 1054 1602 1054 1504
291 1640 291 1735 376 1735 376 1640
369 1646 369 1738 465 1738 465 1646
559 1649 559 1732 642 1732 642 1649
651 1634 651 1728 752 1728 752 1634
750 1662 750 1741 834 1741 834 1662
825 1651 825 1746 921 1746 921 1651
921 1649 921 1756 986 1756 986 1649
987 1649 987 1755 1079 1755 1079 1649
1057 1659 1057 1750 1156 1750 1156 1659
262 1773 262 1885 345 1885 345 1773
348 1758 348 1882 426 1882 426 1758
412 1760 412 1863 517 1863 517 1760
507 1761 507 1873 603 1873 603 1761
598 1764 598 1873 699 1873 699 1764
691 1764 691 1870 778 1870 778 1764
772 1763 772 1868 852 1868 852 1763
849 1766 849 1874 933 1874 933 1766
932 1770 932 1862 1037 1862 1037 1770
240 1913 240 2017 322 2017 322 1913
321 1913 321 2003 429 2003 429 1913
417 1907 417 2009 510 2009 510 1907
500 1903 500 2007 576 2007 576 1903
581 1900 581 2009 680 2009 680 1900
676 1907 676 2015 794 2015 794 1907
790 1914 790 2023 888 2023 888 1914
880 1907 880 2015 959 2015 959 1907
953 1897 953 2018 1068 2018 1068 1897
203 2045 203 2156 303 2156 303 2045
297 2049 297 2152 406 2152 406 2049
390 2034 390 2138 480 2138 480 2034
480 2038 480 2148 590 2148 590 2038
597 2045 597 2133 682 2133 682 2045
680 2041 680 2150 758 2150 758 2041
750 2041 750 2147 828 2147 828 2041
820 2048 820 2142 859 2142 859 2048
852 2063 852 2144 930 2144 930 2063
916 2051 916 2147 991 2147 991 2051
232 2187 232 2283 331 2283 331 2187
333 2184 333 2283 397 2283 397 2184
381 2181 381 2291 452 2291 452 2181
449 2195 449 2282 541 2282 541 2195
542 2193 542 2285 629 2285 629 2193
629 2193 629 2300 719 2300 719 2193
718 2202 718 2294 806 2294 806 2202
803 2185 803 2297 905 2297 905 2185
896 2202 896 2303 986 2303 986 2202
973 2175 973 2299 1076 2299 1076 2175
173 2335 173 2433 279 2433 279 2335
255 2309 255 2428 336 2428 336 2309
347 2320 347 2436 440 2436 440 2320
445 2316 445 2450 544 2450 544 2316
249 2462 249 2560 350 2560 350 2462
347 2468 347 2565 424 2565 424 2468
434 2476 434 2559 510 2559 510 2476
513 2471 513 2556 600 2556 600 2471
609 2449 609 2572 700 2572 700 2449
697 2454 697 2570 801 2570 801 2454
781 2465 781 2564 890 2564 890 2465
885 2449 885 2558 1023 2558 1023 2449
220 2591 220 2698 339 2698 339 2591
331 2597 331 2702 414 2702 414 2597
407 2589 407 2702 513 2702 513 2589
508 2605 508 2705 580 2705 580 2605
573 2603 573 2718 623 2718 623 2603
637 2605 637 2696 699 2696 699 2605
699 2609 699 2713 787 2713 787 2609
775 2583 775 2694 874 2694 874 2583
280 2736 280 2838 383 2838 383 2736
376 2719 376 2820 473 2820 473 2719
460 2747 460 2820 547 2820 547 2747
530 2738 530 2823 595 2823 595 2738
590 2733 590 2832 688 2832 688 2733
656 2719 656 2821 744 2821 744 2719
742 2730 742 2831 832 2831 832 2730
829 2730 829 2831 925 2831 925 2730
919 2710 919 2828 1029 2828 1029 2710
231 2869 231 2973 338 2973 338 2869
331 2855 331 2971 414 2971 414 2855
390 2863 390 2962 479 2962 479 2863
479 2868 479 2967 564 2967 564 2868
549 2841 549 2964 628 2964 628 2841
625 2871 625 2975 722 2975 722 2871
716 2882 716 2978 814 2978 814 2882
800 2843 800 2970 915 2970 915 2843
200 2993 200 3101 268 3101 268 2993
265 2982 265 3097 305 3097 305 2982
308 2991 308 3105 400 3105 400 2991
392 2996 392 3100 480 3100 480 2996
479 2990 479 3111 572 3111 572 2990
572 3001 572 3100 685 3100 685 3001
679 3008 679 3103 764 3103 764 3008
761 3001 761 3095 839 3095 839 3001
831 2999 831 3105 924 3105 924 2999
924 2988 924 3100 1008 3100 1008 2988
1000 3010 1000 3103 1087 3103 1087 3010
1079 2991 1079 3097 1164 3097 1164 2991
1170 3001 1170 3106 1267 3106 1267 3001
249 3119 249 3251 361 3251 361 3119
362 3124 362 3243 473 3243 473 3124
468 3127 468 3239 569 3239 569 3127
572 3122 572 3232 601 3232 601 3122
606 3136 606 3234 707 3234 707 3136
708 3132 708 3243 801 3243 801 3132
800 3133 800 3245 904 3245 904 3133
879 3121 879 3253 1028 3253 1028 3121
210 3272 210 3367 375 3367 375 3272
348 3275 348 3381 435 3381 435 3275
432 3255 432 3373 528 3373 528 3255
530 3249 530 3378 609 3378 609 3249
601 3244 601 3376 645 3376 645 3244
646 3280 646 3376 730 3376 730 3280
725 3250 725 3375 829 3375 829 3250
248 3395 248 3503 348 3503 348 3395
347 3382 347 3508 438 3508 438 3382
432 3370 432 3503 514 3503 514 3370
514 3379 514 3485 587 3485 587 3379
601 3379 601 3500 687 3500 687 3379
682 3397 682 3502 724 3502 724 3397
714 3391 714 3508 828 3508 828 3391
829 3397 829 3508 921 3508 921 3397
883 3364 883 3510 995 3510 995 3364
285 3513 285 3629 370 3629 370 3513
362 3518 362 3636 468 3636 468 3518
455 3525 455 3629 539 3629 539 3525
535 3546 535 3651 642 3651 642 3546
625 3535 625 3650 721 3650 721 3535
697 3524 697 3634 801 3634 801 3524
231 3689 231 3801 333 3801 333 3689
327 3671 327 3798 452 3798 452 3671
435 3668 435 3793 513 3793 513 3668
528 3674 528 3786 581 3786 581 3674
587 3682 587 3787 697 3787 697 3682
702 3680 702 3786 784 3786 784 3680
781 3680 781 3792 868 3792 868 3680
159 3810 159 3879 308 3879 308 3810
288 3809 288 3877 372 3877 372 3809
378 3812 378 3911 479 3911 479 3812
477 3818 477 3903 525 3903 525 3818
525 3812 525 3908 620 3908 620 3812
611 3818 611 3899 713 3899 713 3818
710 3810 710 3900 786 3900 786 3810
792 3815 792 3916 888 3916 888 3815
885 3807 885 3905 933 3905 933 3807
933 3803 933 3911 1009 3911 1009 3803
994 3793 994 3914 1099 3914 1099 3793
165 3942 165 4027 271 4027 271 3942
271 3926 271 4035 359 4035 359 3926
356 3920 356 4060 434 4060 434 3920
601 3926 601 4054 719 4054 719 3926
707 3933 707 4052 812 4052 812 3933
808 3939 808 4044 921 4044 921 3939
1165 3928 1165 4044 1260 4044 1260 3928
1258 3923 1258 4030 1336 4030 1336 3923
1333 3914 1333 4041 1379 4041 1379 3914
1365 3916 1365 4038 1463 4038 1463 3916
1457 3924 1457 4031 1579 4031 1579 3924
1573 3918 1573 4034 1674 4034 1674 3918
1654 3904 1654 4026 1770 4026 1770 3904
218 4067 218 4185 330 4185 330 4067
325 4068 325 4174 418 4174 418 4068
414 4078 414 4186 508 4186 508 4078
804 4084 804 4183 885 4183 885 4084
891 4062 891 4188 998 4188 998 4062
325 4216 325 4310 417 4310 417 4216
401 4208 401 4319 511 4319 511 4208
517 4194 517 4316 562 4316 562 4194
556 4192 556 4327 643 4327 643 4192
651 4200 651 4316 677 4316 677 4200
901 4228 901 4332 994 4332 994 4228
978 4214 978 4316 1063 4316 1063 4214
224 4334 224 4428 314 4428 314 4334
313 4337 313 4442 407 4442 407 4337
393 4337 393 4435 485 4435 485 4337
477 4335 477 4439 525 4439 525 4335
517 4348 517 4441 595 4441 595 4348
603 4343 603 4455 673 4455 673 4343
663 4359 663 4449 747 4449 747 4359
738 4357 738 4444 832 4444 832 4357
821 4368 821 4456 902 4456 902 4368
882 4335 882 4445 963 4445 963 4335
958 4343 958 4449 1068 4449 1068 4343
209 4484 209 4586 294 4586 294 4484
302 4487 302 4596 403 4596 403 4487
392 4484 392 4591 486 4591 486 4484
488 4484 488 4585 572 4585 572 4484
555 4495 555 4582 640 4582 640 4495
635 4481 635 4602 718 4602 718 4481
711 4490 711 4596 783 4596 783 4490
770 4489 770 4599 860 4599 860 4489
860 4498 860 4588 949 4588 949 4498
925 4468 925 4574 1045 4574 1045 4468
180 4620 180 4735 250 4735 250 4620
253 4637 253 4721 343 4721 343 4637
332 4641 332 4731 417 4731 417 4641
419 4631 419 4736 524 4736 524 4631
605 4634 605 4728 666 4728 666 4634
658 4620 658 4739 751 4739 751 4620
737 4607 737 4727 821 4727 821 4607
814 4621 814 4741 918 4741 918 4621
1067 4628 1067 4744 1167 4744 1167 4628
1146 4607 1146 4733 1278 4733 1278 4607
256 4763 256 4857 337 4857 337 4763
331 4759 331 4853 399 4853 399 4759
402 4758 402 4853 467 4853 467 4758
452 4759 452 4853 537 4853 537 4759
670 4749 670 4837 790 4837 790 4749
782 4759 782 4854 863 4854 863 4759
855 4741 855 4874 985 4874 985 4741
187 5013 187 5121 262 5121 262 5013
248 4983 248 5157 324 5157 324 4983
240 5166 240 5244 282 5244 282 5166
276 5174 276 5267 366 5267 366 5174
372 5168 372 5275 414 5275 414 5168
420 5179 420 5286 493 5286 493 5179
480 5159 480 5247 593 5247 593 5159
183 5289 183 5405 282 5405 282 5289
364 5308 364 5399 463 5399 463 5308
455 5304 455 5401 511 5401 511 5304
741 5295 741 5393 806 5393 806 5295
812 5303 812 5411 897 5411 897 5303
883 5295 883 5407 978 5407 978 5295
210 5438 210 5546 311 5546 311 5438
308 5429 308 5532 390 5532 390 5429
387 5441 387 5531 473 5531 473 5441
486 5425 486 5536 564 5536 564 5425
553 5443 553 5546 645 5546 645 5443
637 5430 637 5532 685 5532 685 5430
770 5439 770 5543 859 5543 859 5439
845 5429 845 5540 947 5540 947 5429
193 5570 193 5683 272 5683 272 5570
265 5571 265 5680 376 5680 376 5571
350 5562 350 5674 431 5674 431 5562
424 5565 424 5666 499 5666 499 5565
485 5571 485 5678 580 5678 580 5571
580 5573 580 5675 683 5675 683 5573
654 5576 654 5683 749 5683 749 5576
742 5563 742 5675 840 5675 840 5563
832 5585 832 5672 918 5672 918 5585
891 5571 891 5681 986 5681 986 5571
325 5694 325 5795 383 5795 383 5694
384 5702 384 5795 465 5795 465 5702
452 5698 452 5824 556 5824 556 5698
545 5681 545 5822 634 5822 634 5681
612 5963 612 6072 718 6072 718 5963
691 5955 691 6072 764 6072 764 5955
763 5971 763 6067 840 6067 840 5971
839 5979 839 6072 933 6072 933 5979
1034 5975 1034 6078 1122 6078 1122 5975
665 6123 665 6213 753 6213 753 6123
744 6113 744 6216 820 6216 820 6113
# Transcript
*****KO*TRATOY
O*****OY
******XITELOY*
*OS)
WN)
IOSISIDOTOY
*AQ*NAGOROY
SBAKCYLOY
OSZHNWNOS
SDHMHTRIOY
CRYSOGONOY
OYS)
*AQOPODOS
MOSTITOY
*OSGLAYKOY
SGLAYKOY
RIOSSWKRATOYS
FWKIWNOS
WTHRIDA
OSYGEINOY
*YLADOY
ZWSIMOY
WNDIONYSIOY
OS)SWT***ARIANOY
SPA***OY
*OSISI***OY
HSDIOGENOYS
OSSTAFYLOY
YNOS*LEYS***OY
*STRA*NOS
R)
*IKIOY
A*TI***ROY
EOSHQI*OY
OSARCELAOY
*IOS)
**********
***FROD**O*
******OY
# Lines: x1 y1 x2 y2 x3 y3 x4 y4
