# Baseline angle
5.999475239874775
# Boxes: x1 y1 x2 y2 x3 y3 x4 y4
600 505 641.4033967418836 646.998898819136 734 620 692.5966032581164 478.001101180864
699 492 732.2747815896169 606.1206450675835 815 582 781.7252184103831 467.8793549324166
632 681 667.1999875583429 801.7234155905774 776 770 740.8000124416571 649.2765844094226
737 651 775.6934662752554 783.7048028652077 881 753 842.3065337247446 620.2951971347923
151 1011 184.4651558966585 1125.773561110485 266 1102 232.5348441033415 987.2264388895152
221 967 257.7903113286467 1093.1776594913101 351 1066 314.2096886713533 939.8223405086898
305 915 364.0269118526945 1117.4412764013118 465 1088 405.9730881473055 885.5587235986883
415 945 441.33369057145285 1035.3151759818645 487 1022 460.66630942854715 931.6848240181356
446 922 478.25616886424706 1032.627166350671 549 1012 516.743831135753 901.3728336493291
511 907 540.0430329142722 1006.6072548806766 597 990 567.9569670857278 890.3927451193234
561 896 590.6478204923824 997.6814607881415 641 983 611.3521795076176 881.3185392118585
660 848 696.0735042685232 971.719266673014 798 942 761.9264957314768 818.280733326986
767 824 801.4727431109695 942.2292262528491 888 917 853.5272568890305 798.7707737471509
158 1180 188.1724888740375 1283.480886398188 303 1250 272.82751112596253 1146.519113601812
271 1139 305.0803808620185 1255.8835635373819 411 1225 376.9196191379815 1108.1164364626181
373 1113 405.4680060695973 1224.3536924875525 513 1193 480.5319939304027 1081.6463075124475
468 1076 504.56686048842886 1201.411302724764 578 1180 541.4331395115712 1054.588697275236
687 1012 726.9697826216366 1149.0821131825435 837 1117 797.0302173783634 979.9178868174564
798 998 830.3223219305992 1108.8540477979604 943 1076 910.6776780694008 965.1459522020396
299 1298 335.90350705827774 1424.565880512374 379 1412 342.09649294172226 1285.434119487626
350 1287 382.4012648794364 1398.1247939851467 472 1372 439.5987351205636 1260.8752060148533
426 1265 460.21503948995803 1382.3453946524257 554 1355 519.784960510042 1237.6546053475743
514 1243 549.8837180852903 1366.0683676852288 629 1343 593.1162819147097 1219.9316323147712
722 1172 757.7374458224833 1294.5667059405207 866 1263 830.2625541775167 1140.4332940594793
842 1154 870.9414508195088 1253.2588644892776 961 1227 932.0585491804912 1127.7411355107224
372 1441 408.6109625326636 1566.5625570229572 510 1537 473.3890374673364 1411.4374429770428
463 1428 494.19168972321614 1534.9763821702168 597 1505 565.8083102767839 1398.0236178297832
545 1404 578.1401229616772 1517.6588139525395 673 1490 639.8598770383228 1376.3411860474605
738 1333 775.6852909371356 1462.2471206677274 900 1426 862.3147090628644 1296.7528793322726
846 1324 877.0013154161743 1430.3234661273154 981 1400 949.9986845838257 1293.6765338726846
539 1574 575.140833582493 1697.9501822305358 671 1670 634.859166417507 1546.0498177694642
631 1560 664.7222713938612 1675.6553756557919 763 1647 729.2777286061388 1531.3446243442081
780 1505 818.3347686832893 1636.4745979285015 940 1601 901.6652313167107 1469.5254020714985
910 1486 942.4128785143039 1597.1646246148114 1015 1576 982.5871214856961 1464.8353753851886
855 1638 901.8783852304334 1798.776158599734 1004 1769 957.1216147695666 1608.223841400266
# Transcript
EY*
ME
NOFILOYYG
*WNOSKO
*IKOYKO
QOYAS
OYNI
G
# Lines: x1 y1 x2 y2 x3 y3 x4 y4
