# Baseline angle
0.2334886970847172
# Boxes: x1 y1 x2 y2 x3 y3 x4 y4
1727 124 1727.6213375475022 325.39298858559164 1855 325 1854.3786624524978 123.60701141440835
2448 247 2483.766068921995 96.61266986455118 2313 56 2277.233931078005 206.38733013544882
2565 474 2603.8735508470622 310.5464894248106 2446 273 2407.1264491529378 436.4535105751894
2372 431 2410.240839349512 270.20688224209357 2258 234 2219.759160650488 394.79311775790643
2198 406 2240.0126444155558 229.3473899699408 2104 197 2061.9873555844442 373.65261003005924
2025 375 2068.8572454632513 190.5913061986719 1915 154 1871.1427545367487 338.408693801328
2252 202 2280.3902068489415 82.62631598353232 2139 49 2110.6097931510585 168.37368401646768
1879 18 1854.4738910296544 121.12612366502147 2081 175 2105.5261089703454 71.87387633497855
1697 359 1658.3734656350452 521.4148683546927 1808 557 1846.6265343649548 394.58513164530734
1884 388 1846.8846340533883 544.060784982677 1998 580 2035.1153659466117 423.93921501732297
2053 425 2017.7924583879374 573.0388631811496 2169 609 2204.2075416120624 460.9611368188502
2240 460 2201.68497646287 621.1050436208902 2340 654 2378.31502353713 492.8949563791098
2407 497 2368.9294508272496 657.0770903664877 2541 698 2579.0705491727504 537.9229096335123
2591 544 2555.3216182841143 694.0186274736452 2694 727 2729.6783817158857 576.9813725263548
1627 557 1593.2378614016984 698.9613068054867 1770 741 1803.7621385983016 599.0386931945133
1824 604 1792.7261348477075 735.4987423842094 1942 771 1973.2738651522925 639.5012576157906
2012 615 1972.5375812584425 780.9295520615707 2120 816 2159.4624187415575 650.0704479384293
2199 659 2165.6357883767687 799.2881238929281 2320 836 2353.3642116232313 695.7118761070719
2374 676 2336.2835341992654 834.5882587848308 2502 874 2539.7164658007346 715.4117412151692
2599 723 2561.631740905974 880.1241371037108 2641 899 2678.368259094026 741.8758628962892
2734 730 2697.8908086067527 881.8300738843803 2871 923 2907.1091913932473 771.1699261156197
264 511 217.6519389730115 705.8819471886995 441 759 487.3480610269885 564.1180528113005
513 560 474.384426535809 722.3687805219672 620 757 658.6155734641911 594.6312194780329
673 601 635.1010120628756 760.355718492022 806 801 843.8989879371244 641.644281507978
901 636 861.250534349873 803.1365121638279 970 829 1009.749465650127 661.8634878361721
1227 688 1187.4718158538608 854.2060790579233 1359 895 1398.5281841461392 728.7939209420767
1428 717 1389.4476498226627 879.1029424917087 1553 918 1591.5523501773373 755.8970575082913
1619 736 1580.3283509731266 898.6045641686416 1767 943 1805.6716490268734 780.3954358313584
1838 791 1794.8547344573722 972.4149971888727 1873 991 1916.1452655426278 809.5850028111273
1958 815 1919.8965681249588 975.215353864664 2104 1019 2142.103431875041 858.784646135336
2166 836 2125.122518829244 1007.8795339051514 2277 1044 2317.877481170756 872.1204660948486
2335 871 2293.8755023471367 1043.9181761256482 2454 1082 2495.1244976528633 909.0818238743517
2532 916 2493.384426535809 1078.3687805219672 2639 1113 2677.615573464191 950.6312194780329
2725 928 2680.7460986205424 1114.0765322308398 2836 1151 2880.2539013794576 964.9234677691603
2892 973 2855.6218703231184 1125.960891770328 3045 1171 3081.3781296768816 1018.0391082296719
234 740 199.73159647785604 884.0900235622529 418 936 452.26840352214396 791.9099764377471
508 757 469.076728884576 920.6625718066282 563 943 601.9232711154239 779.3374281933718
1055 846 1011.7973878358257 1027.6561253185941 1152 1061 1195.2026121641743 879.3438746814059
1216 881 1173.35337302803 1060.3183473303893 1336 1099 1378.64662697197 919.6816526696107
1438 932 1395.539708341012 1110.5348541740568 1490 1133 1532.460291658988 954.4651458259432
1567 946 1531.7266929833554 1094.3153901775024 1707 1136 1742.2733070166444 987.6846098224976
1769 985 1731.4015619899371 1143.0919815909451 1895 1182 1932.5984380100629 1023.9080184090549
1950 1009 1910.407321508143 1175.4772615712288 2085 1217 2124.592678491857 1050.5227384287712
2138 1056 2100.5743942844274 1213.3652652334322 2242 1247 2279.4256057155726 1089.6347347665678
2300 1063 2255.9821542018863 1248.0839778430682 2407 1284 2451.0178457981137 1098.9160221569318
2467 1113 2430.376124899875 1266.9941895077777 2607 1309 2643.623875100125 1155.0058104922223
2664 1132 2626.1739251916288 1291.0491371120852 2832 1340 2869.8260748083712 1180.9508628879148
2885 1178 2846.91976098535 1338.1178337161662 3002 1375 3040.08023901465 1214.8821662838338
3053 1220 3013.2273414894817 1387.2340323123258 3151 1420 3190.7726585105183 1252.7659676876742
35 887 -7.6065965455075855 1066.150029448629 202 1116 244.60659654550756 936.8499705513711
263 934 219.58198299714525 1116.5618485239618 377 1154 420.4180170028548 971.4381514760383
450 963 410.19191666946244 1130.3829847765965 602 1176 641.8080833305376 1008.6170152234035
965 1060 927.5925029093623 1217.2891230171228 1124 1264 1161.407497090638 1106.7108769828774
1187 1096 1144.9641627240528 1272.7501301785574 1310 1312 1352.0358372759472 1135.2498698214426
1369 1134 1330.3077002304635 1296.6913953510455 1504 1338 1542.6922997695365 1175.3086046489545
1552 1157 1514.658268313944 1314.0125960207702 1687 1355 1724.341731686056 1197.9874039792298
1778 1189 1738.5645872954262 1354.8159984639312 1794 1368 1833.4354127045738 1202.1840015360688
1899 1213 1856.384984671457 1392.1854283152602 2028 1433 2070.615015328543 1253.8145716847398
2092 1233 2049.225655395459 1412.8553678739534 2197 1448 2239.774344604541 1268.1446321260466
2251 1282 2211.493737655388 1448.1139033924724 2375 1487 2414.506262344612 1320.8860966075276
2449 1319 2408.423068756306 1489.6157970040747 2553 1524 2593.576931243694 1353.3842029959253
2653 1336 2606.175222203881 1532.8864213817321 2737 1564 2783.824777796119 1367.1135786182679
2814 1377 2769.477160336908 1564.2073501167874 2941 1605 2985.522839663092 1417.7926498832126
3005 1425 2965.322176419762 1591.835275266938 3130 1631 3169.677823580238 1464.164724733062
384 1180 344.97426760111097 1344.0933957502984 538 1390 577.025732398889 1225.9066042497016
599 1214 562.6037616981832 1367.0370339866377 697 1399 733.3962383018168 1245.9629660133623
963 1272 928.3387537382422 1417.7418285426231 1085 1455 1119.661246261758 1309.2581714573769
1151 1303 1112.3941163777083 1465.3280371722888 1275 1504 1313.6058836222917 1341.6719628277112
1342 1339 1303.9210320442141 1499.1124892331188 1438 1531 1476.0789679557859 1370.8875107668812
1508 1358 1470.122933864403 1517.2635428265712 1633 1556 1670.877066135597 1396.7364571734288
1695 1394 1660.1014270980345 1540.7397274134416 1842 1584 1876.8985729019655 1437.2602725865584
1896 1442 1860.8472628917557 1589.8084240175226 1992 1621 2027.1527371082443 1473.1915759824774
2056 1466 2018.7666062627166 1622.5570621765626 2172 1659 2209.2333937372837 1502.4429378234374
2222 1490 2182.698181593305 1655.2542680198303 2333 1691 2372.301818406695 1525.7457319801697
2399 1535 2364.2523375909973 1681.1051867213796 2532 1721 2566.7476624090027 1574.8948132786204
2596 1572 2562.944757086866 1710.98898812522 2748 1755 2781.055242913134 1616.01101187478
2792 1600 2759.0311732341106 1738.6256299464633 2933 1780 2965.9688267658894 1641.3743700535367
206 1332 165.65912433764942 1501.6232426163033 306 1535 346.3408756623506 1365.3767573836967
406 1379 367.591412591454 1540.4984561832307 458 1562 496.408587408546 1400.5015438167693
564 1403 524.8381311855042 1567.6658151604938 665 1601 704.1618688144958 1436.3341848395062
1108 1501 1070.4125228907008 1659.0458937582196 1230 1697 1267.5874771092992 1538.9541062417804
1327 1565 1289.4808304130108 1722.7586777957729 1383 1745 1420.5191695869892 1587.2413222042271
1476 1566 1441.1891143041435 1712.371024751638 1591 1748 1625.8108856958565 1601.628975248362
1666 1607 1630.974980524327 1754.2714034739586 1777 1789 1812.025019475673 1641.7285965260414
1829 1615 1791.282263140401 1773.593603267878 1978 1818 2015.717736859599 1659.406396732122
2062 1664 2021.8770712940582 1832.7068304448414 2103 1852 2143.122928705942 1683.2931695551583
2165 1707 2131.107601651399 1849.509016315145 2335 1898 2368.892398348601 1755.490983684855
2373 1712 2335.571852166699 1869.3759541995264 2519 1913 2556.428147833301 1755.6240458004736
2572 1754 2534.4028330488013 1912.086637107898 2677 1946 2714.5971669511987 1787.913362892102
2767 1795 2727.5046985561517 1961.067815559747 2887 1999 2926.4953014438483 1832.932184440253
2961 1819 2911.174807168722 2028.5024124603124 3031 2057 3080.825192831278 1847.4975875396876
3112 1841 3071.272158263343 2012.2503376961367 3230 2050 3270.727841736657 1878.7496623038633
131 1519 87.67808898628982 1701.1577469955268 251 1740 294.3219110137102 1557.8422530044732
321 1579 279.4459637286398 1753.724278053336 453 1795 494.5540362713602 1620.275721946664
537 1620 499.39441426576576 1778.1220359745291 604 1803 641.6055857342342 1644.8779640254709
693 1642 657.4906374020118 1791.3079445652738 837 1834 872.5093625979882 1684.6920554347262
904 1666 867.4225106206576 1819.7991492107817 986 1848 1022.5774893793424 1694.2008507892183
1070 1699 1031.4134960615077 1861.2465504729323 1228 1908 1266.5865039384923 1745.7534495270677
1291 1745 1248.1552843844336 1925.1512602877958 1319 1942 1361.8447156155664 1761.8487397122042
1420 1764 1376.6548961258984 1946.255267144025 1569 1992 1612.3451038741016 1809.744732855975
1634 1793 1596.3480285449832 1951.3170762715251 1759 1990 1796.6519714550168 1831.6829237284749
1831 1824 1789.5446118355126 1998.3094875588072 1927 2031 1968.4553881644874 1856.6905124411928
1996 1848 1954.0944224743523 2024.202420668899 2092 2057 2133.9055775256475 1880.797579331101
2183 1882 2142.413378914406 2052.656540353753 2270 2083 2310.586621085594 1912.343459646247
2337 1915 2299.346757486119 2073.3224207545722 2483 2117 2520.653242513881 1958.6775792454278
2541 1956 2500.402418013642 2126.7026281864787 2632 2158 2672.597581986358 1987.2973718135217
2728 1978 2681.442889428651 2173.7609479788316 2817 2206 2863.557110571349 2010.2390520211684
2915 2045 2880.372907499397 2190.5982205613996 3004 2220 3038.627092500603 2074.4017794386004
3105 2064 3065.2092328645467 2231.3101745286353 3148 2251 3187.7907671354533 2083.6898254713647
105 1762 66.63017195905223 1923.3354827845176 225 1961 263.36982804094777 1799.6645172154824
287 1788 252.01755306851751 1935.092396626104 403 1971 437.9824469314825 1823.907603373896
470 1827 434.3313081260135 1976.977884123967 590 2014 625.6686918739865 1864.022115876033
671 1846 633.3261067434557 2004.4092519369763 804 2045 841.6738932565443 1886.5907480630237
864 1889 822.3937013425498 2063.9440282508695 974 2100 1015.6062986574502 1925.0559717491308
1051 1911 1013.1971180520203 2069.951616963587 1190 2112 1227.8028819479798 1953.0483830364128
1264 1932 1219.600272363036 2118.689694990713 1305 2139 1349.399727636964 1952.3103050092866
1401 1963 1362.040033005693 2126.8168687539455 1531 2167 1569.9599669943073 2003.183131246054
1598 1978 1547.6162798587895 2189.8508794146114 1687 2223 1737.3837201412105 2011.1491205853883
1763 2028 1718.905427896541 2213.4065926721464 1898 2256 1942.094572103459 2070.5934073278536
1982 2069 1943.3540859512461 2231.496355054049 2059 2259 2097.6459140487536 2096.503644945951
2126 2100 2085.036102681999 2272.242892083908 2248 2311 2288.963897318001 2138.757107916092
2318 2127 2276.502039291322 2301.4884944066616 2409 2333 2450.497960708678 2158.5115055933384
2469 2153 2429.480234636896 2319.170680191292 2639 2369 2678.519765363104 2202.829319808708
2699 2196 2654.5854982856804 2382.75181627258 2807 2419 2851.4145017143196 2232.24818372742
2870 2227 2826.701281846681 2409.060226847029 2961 2441 3004.298718153319 2258.939773152971
3007 2266 2972.4238988266234 2411.3838148469135 3139 2451 3173.5761011733766 2305.6161851530865
3199 2266 3155.954174994096 2446.9968747259954 3362 2496 3405.045825005904 2315.0031252740046
81 1959 47.315858765908146 2100.6333474933617 175 2131 208.68414123409187 1989.3666525066385
239 1990 200.71531704743316 2150.9774690888084 369 2191 407.28468295256687 2030.0225309111918
633 2045 590.6964954992822 2222.8756035814577 751 2261 793.3035045007178 2083.1243964185423
825 2086 783.3705084821584 2261.0415483993675 964 2304 1005.6294915178416 2128.9584516006325
1012 2122 971.0896361269532 2294.017797403328 1135 2333 1175.9103638730467 2160.982202596672
1202 2136 1160.1176153347437 2312.1049005204013 1269 2338 1310.8823846652563 2161.8950994795987
1351 2172 1307.700010787817 2354.065571330076 1463 2391 1506.299989212183 2208.934428669924
1533 2223 1495.5402405232721 2380.508873214656 1670 2422 1707.4597594767279 2264.491126785344
1718 2232 1678.1286933826088 2399.6488228068547 1852 2441 1891.8713066173912 2273.3511771931453
1903 2278 1859.7425833320076 2459.8865644822213 2020 2498 2063.2574166679924 2316.1134355177787
2085 2319 2043.5020392913223 2493.4884944066616 2176 2525 2217.497960708678 2350.5115055933384
2275 2326 2228.559646160459 2521.270015267993 2383 2558 2429.440353839541 2362.729984732007
2448 2371 2409.46957162419 2533.010766826258 2565 2570 2603.53042837581 2407.989233173742
2635 2376 2587.700568923465 2574.8822191233685 2769 2618 2816.299431076535 2419.1177808766315
614 2256 564.9242753980798 2462.351086932191 698 2494 747.0757246019202 2287.648913067809
789 2292 748.4314875393411 2462.5803981374434 931 2506 971.5685124606589 2335.4196018625566
1000 2323 956.6174078171643 2505.412896059691 1060 2530 1103.3825921828357 2347.587103940309
1139 2343 1101.9162456968152 2498.9278659675474 1262 2537 1299.0837543031848 2381.0721340324526
1348 2376 1308.7723657809224 2540.9423421568463 1473 2580 1512.2276342190776 2415.0576578431537
1533 2422 1497.148785989624 2572.745343831158 1658 2611 1693.851214010376 2460.254656168842
1715 2419 1668.4660822890428 2614.6634278303336 1775 2640 1821.5339177109572 2444.3365721696664
1847 2470 1809.8930528364237 2626.025386116046 1999 2671 2036.1069471635763 2514.974613883954
2052 2506 2015.2387174254038 2660.57195340102 2160 2695 2196.761282574596 2540.42804659898
2236 2544 2199.3664350579757 2698.034932857456 2359 2736 2395.6335649420243 2581.965067142544
2421 2551 2379.338896838731 2726.1744674144966 2551 2767 2592.661103161269 2591.8255325855034
2613 2599 2569.6258266001996 2781.3774971930598 2711 2815 2754.3741733998004 2632.6225028069402
2819 2626 2767.074770855884 2844.3325373187095 2875 2870 2926.925229144116 2651.6674626812905
2966 2666 2920.778683434776 2856.144269930423 3122 2904 3167.221316565224 2713.855730069577
784 2484 739.8763583708422 2669.5288227211813 868 2700 912.1236416291578 2514.4711772788187
926 2520 888.6388886301451 2677.0940827201266 1027 2710 1064.361111369855 2552.9059172798734
1115 2544 1072.2463061381218 2723.7685366915493 1233 2762 1275.7536938618782 2582.2314633084507
1286 2561 1242.6026337398084 2743.4750173415578 1413 2784 1456.3973662601916 2601.5249826584422
1475 2578 1427.3271058676505 2778.4525374043824 1581 2815 1628.6728941323495 2614.5474625956176
1653 2623 1607.619354158778 2813.814209489116 1785 2856 1830.380645841222 2665.185790510884
1857 2669 1808.0423031887517 2874.854809738305 1939 2906 1987.9576968112483 2700.145190261695
2018 2700 1964.2727423523788 2925.9096142421236 2095 2957 2148.727257647621 2731.0903857578764
2198 2736 2157.379225153251 2906.8001483349763 2318 2945 2358.620774846749 2774.1998516650237
2385 2777 2340.63776067177 2963.532066075047 2515 3005 2559.36223932823 2818.467933924953
2570 2818 2523.742168296849 3012.5025555608017 2673 3048 2719.257831703151 2853.4974444391983
2740 2851 2702.155816566694 3010.1252793283948 2853 3046 2890.844183433306 2886.8747206716052
2906 2880 2865.893908860129 3048.636032711579 3023 3086 3063.106091139871 2917.363967288421
3129 2928 3090.864956481532 3088.3482728797935 3266 3130 3304.135043518468 2969.6517271202065
3311 2918 3262.909799208781 3120.207207016298 3405 3154 3453.090200791219 2951.792792983702
3465 2954 3415.018812440303 3164.1583310845626 3633 3216 3682.981187559697 3005.8416689154374
# Transcript
THN
POSQE
*GETHNA
AQHNAIW
*AUAI*YTWITHMPRO
**LI*NHITONPRAMMA
SKATHSAIENAKROP
**SEPETAMENALLA
*HIB**HIENAIDEKAIG*
*KAIOIKIASEPICAREI
EKGONOISKAIPROSODO*
OL*NKAITONDHMON
**IOIDEPRYTANEIS
**YONTESPROSAPONTW*