# Baseline angle
0
# Boxes: x1 y1 x2 y2 x3 y3 x4 y4
1581 115 1581 335 1816 335 1816 115
1829 121 1829 346 1951 346 1951 121
1953 125 1953 317 2159 317 2159 125
505 402 505 581 768 581 768 402
764 388 764 584 945 584 945 388
946 380 946 577 1124 577 1124 380
1107 368 1107 576 1276 576 1276 368
1268 353 1268 563 1452 563 1452 353
1445 337 1445 550 1618 550 1618 337
1602 344 1602 547 1798 547 1798 344
1798 347 1798 532 2018 532 2018 347
2010 333 2010 530 2266 530 2266 333
1562 559 1562 776 1708 776 1708 559
1701 551 1701 765 1917 765 1917 551
1896 548 1896 760 2123 760 2123 548
478 823 478 1021 674 1021 674 823
658 835 658 1018 739 1018 739 835
736 836 736 1001 950 1001 950 836
945 815 945 1007 1113 1007 1113 815
1070 805 1070 1009 1306 1009 1306 805
1284 796 1284 984 1461 984 1461 796
1446 793 1446 989 1554 989 1554 793
1522 779 1522 985 1724 985 1724 779
1687 772 1687 971 1895 971 1895 772
1856 781 1856 951 2020 951 2020 781
1993 764 1993 970 2213 970 2213 764
1515 1007 1515 1180 1737 1180 1737 1007
1746 999 1746 1191 1924 1191 1924 999
1918 979 1918 1169 2097 1169 2097 979
2075 989 2075 1167 2280 1167 2280 989
430 1232 430 1437 613 1437 613 1232
595 1245 595 1440 705 1440 705 1245
671 1239 671 1435 856 1435 856 1239
837 1239 837 1433 905 1433 905 1239
887 1233 887 1430 1005 1430 1005 1233
961 1215 961 1427 1179 1427 1179 1215
1147 1217 1147 1423 1297 1423 1297 1217
1261 1219 1261 1401 1467 1401 1467 1219
1440 1205 1440 1409 1648 1409 1648 1205
1631 1193 1631 1401 1760 1401 1760 1193
1712 1188 1712 1405 1937 1405 1937 1188
1902 1181 1902 1382 2099 1382 2099 1181
2076 1177 2076 1381 2264 1381 2264 1177
1369 1403 1369 1592 1556 1592 1556 1403
1550 1404 1550 1583 1734 1583 1734 1404
1725 1389 1725 1574 1904 1574 1904 1389
1903 1379 1903 1557 2126 1557 2126 1379
2097 1382 2097 1557 2267 1557 2267 1382
478 1604 478 1838 631 1838 631 1604
592 1636 592 1818 683 1818 683 1636
646 1610 646 1818 849 1818 849 1610
811 1638 811 1815 973 1815 973 1638
943 1628 943 1805 1125 1805 1125 1628
1121 1611 1121 1787 1300 1787 1300 1611
1294 1610 1294 1792 1406 1792 1406 1610
1355 1586 1355 1780 1546 1780 1546 1586
1491 1594 1491 1778 1671 1778 1671 1594
1630 1602 1630 1782 1800 1782 1800 1602
1775 1577 1775 1775 1966 1775 1966 1577
1930 1588 1930 1769 2146 1769 2146 1588
2113 1559 2113 1775 2313 1775 2313 1559
446 1835 446 2019 713 2019 713 1835
702 1832 702 2004 921 2004 921 1832
896 1822 896 2001 1009 2001 1009 1822
994 1818 994 2006 1069 2006 1069 1818
1053 1823 1053 2000 1282 2000 1282 1823
1279 1808 1279 1992 1457 1992 1457 1808
1446 1786 1446 1983 1626 1983 1626 1786
1601 1787 1601 1966 1717 1966 1717 1787
1702 1787 1702 1976 1847 1976 1847 1787
1836 1796 1836 1969 1995 1969 1995 1796
1966 1778 1966 1956 2117 1956 2117 1778
2106 1778 2106 1958 2269 1958 2269 1778
482 2025 482 2205 733 2205 733 2025
713 2022 713 2205 795 2205 795 2022
781 2030 781 2187 933 2187 933 2030
898 2010 898 2195 1122 2195 1122 2010
1113 2015 1113 2194 1308 2194 1308 2015
1293 2003 1293 2173 1393 2173 1393 2003
1371 2001 1371 2173 1554 2173 1554 2001
1541 1987 1541 2175 1760 2175 1760 1987
1753 1976 1753 2167 1842 2167 1842 1976
1840 1969 1840 2166 2019 2166 2019 1969
2002 1963 2002 2148 2215 2148 2215 1963
2202 1971 2202 2142 2410 2142 2410 1971
506 2223 506 2404 609 2404 609 2223
577 2222 577 2404 771 2404 771 2222
765 2221 765 2396 847 2396 847 2221
807 2207 807 2399 1039 2399 1039 2207
1008 2212 1008 2376 1170 2376 1170 2212
1127 2203 1127 2375 1325 2375 1325 2203
1295 2211 1295 2382 1452 2382 1452 2211
1422 2188 1422 2377 1616 2377 1616 2188
1596 2181 1596 2370 1780 2370 1780 2181
1762 2175 1762 2371 1941 2371 1941 2175
1924 2172 1924 2355 2004 2355 2004 2172
1999 2166 1999 2363 2115 2363 2115 2166
2093 2164 2093 2349 2261 2349 2261 2164
2260 2165 2260 2355 2418 2355 2418 2165
466 2424 466 2597 714 2597 714 2424
681 2414 681 2579 760 2579 760 2414
735 2413 735 2578 894 2578 894 2413
888 2410 888 2575 1105 2575 1105 2410
1074 2404 1074 2571 1243 2571 1243 2404
1228 2389 1228 2545 1391 2545 1391 2389
1375 2387 1375 2554 1536 2554 1536 2387
1524 2378 1524 2550 1691 2550 1691 2378
1688 2367 1688 2555 1903 2555 1903 2367
1871 2364 1871 2554 1964 2554 1964 2364
1947 2363 1947 2542 2120 2542 2120 2363
2104 2341 2104 2534 2246 2534 2246 2341
2222 2346 2222 2525 2424 2525 2424 2346
494 2613 494 2787 619 2787 619 2613
625 2606 625 2778 784 2778 784 2606
759 2588 759 2780 927 2780 927 2588
902 2582 902 2756 1063 2756 1063 2582
1066 2567 1066 2763 1190 2763 1190 2567
1173 2565 1173 2754 1349 2754 1349 2565
1331 2562 1331 2741 1489 2741 1489 2562
1482 2556 1482 2732 1620 2732 1620 2556
1602 2554 1602 2734 1772 2734 1772 2554
1769 2552 1769 2719 1956 2719 1956 2552
1939 2546 1939 2723 2086 2723 2086 2546
2068 2538 2068 2714 2274 2714 2274 2538
2263 2521 2263 2701 2408 2701 2408 2521
303 2817 303 3003 456 3003 456 2817
484 2809 484 3004 643 3004 643 2809
642 2814 642 3002 734 3002 734 2814
716 2810 716 2993 851 2993 851 2810
829 2810 829 2989 1016 2989 1016 2810
1016 2796 1016 2968 1202 2968 1202 2796
1197 2789 1197 2972 1359 2972 1359 2789
1351 2780 1351 2977 1523 2977 1523 2780
1532 2763 1532 2974 1704 2974 1704 2763
1708 2757 1708 2960 1907 2960 1907 2757
1899 2743 1899 2965 2098 2965 2098 2743
2059 2751 2059 2934 2172 2934 2172 2751
2154 2738 2154 2951 2317 2951 2317 2738
2308 2746 2308 2931 2481 2931 2481 2746
2435 2729 2435 2934 2593 2934 2593 2729
493 3009 493 3201 678 3201 678 3009
672 2999 672 3183 823 3183 823 2999
788 3004 788 3172 957 3172 957 3004
925 2990 925 3175 1090 3175 1090 2990
1028 2978 1028 3163 1251 3163 1251 2978
1207 2990 1207 3155 1375 3155 1375 2990
1348 2981 1348 3149 1559 3149 1559 2981
1543 2986 1543 3134 1693 3134 1693 2986
1667 2971 1667 3143 1848 3143 1848 2971
1839 2960 1839 3142 2002 3142 2002 2960
1981 2962 1981 3142 2153 3142 2153 2962
2119 2962 2119 3131 2201 3131 2201 2962
2181 2964 2181 3118 2323 3118 2323 2964
2303 2946 2303 3117 2503 3117 2503 2946
2503 2948 2503 3109 2690 3109 2690 2948
930 3196 930 3361 1098 3361 1098 3196
1100 3180 1100 3353 1217 3353 1217 3180
1209 3175 1209 3350 1369 3350 1369 3175
1368 3174 1368 3346 1603 3346 1603 3174
1656 3160 1656 3322 1849 3322 1849 3160
1836 3140 1836 3335 1953 3335 1953 3140
1954 3141 1954 3326 2132 3326 2132 3141
2116 3152 2116 3318 2270 3318 2270 3152
2273 3131 2273 3313 2452 3313 2452 3131
2448 3128 2448 3296 2627 3296 2627 3128
2603 3140 2603 3313 2748 3313 2748 3140
1369 3360 1369 3519 1579 3519 1579 3360
1560 3335 1560 3503 1701 3503 1701 3335
1680 3331 1680 3526 1851 3526 1851 3331
1825 3327 1825 3511 1974 3511 1974 3327
1924 3344 1924 3503 2075 3503 2075 3344
2067 3322 2067 3511 2168 3511 2168 3322
2165 3322 2165 3495 2341 3495 2341 3322
2340 3320 2340 3485 2415 3485 2415 3320
2406 3324 2406 3489 2571 3489 2571 3324
2557 3309 2557 3477 2710 3477 2710 3309
2710 3324 2710 3484 2811 3484 2811 3324
# Transcript
ARC*
MENNEASZW
BAS**
TIMOSTRATOS
POLE
ARCIKLHSQRASY
QESMO*
FILOSTRATOSDA
DWRIWNARHOYP*
DIODWROSINWP
ISIDOTOSEPIKTH
DIODOTOSDIOFA
KLEOFANHSDHMH*
KHRYXTHSEXARHOY
EYQYDOMOSHLIODW
*HRYXARCONTO
*******DHSGORGIOYA

# Lines: x1 y1 x2 y2 x3 y3 x4 y4
