# Baseline angle
0
# Boxes: x1 y1 x2 y2 x3 y3 x4 y4
314 484 314 644 454 644 454 484
454 500 454 652 594 652 594 500
562 462 562 650 706 650 706 462
700 476 700 654 848 654 848 476
852 490 852 658 1010 658 1010 490
992 486 992 662 1144 662 1144 486
1140 508 1140 694 1272 694 1272 508
1266 528 1266 706 1410 706 1410 528
1422 522 1422 704 1508 704 1508 522
1496 546 1496 694 1664 694 1664 546
2508 554 2508 740 2620 740 2620 554
2618 572 2618 724 2748 724 2748 572
2750 576 2750 738 2872 738 2872 576
2864 588 2864 746 2984 746 2984 588
2986 584 2986 738 3116 738 3116 584
3116 604 3116 774 3260 774 3260 604
3264 616 3264 780 3394 780 3394 616
3378 604 3378 788 3518 788 3518 604
268 650 268 824 404 824 404 650
390 680 390 826 510 826 510 680
510 672 510 820 574 820 574 672
566 680 566 844 718 844 718 680
738 684 738 828 896 828 896 684
968 686 968 860 1132 860 1132 686
1134 702 1134 874 1296 874 1296 702
1298 716 1298 856 1420 856 1420 716
1392 686 1392 864 1560 864 1560 686
1574 720 1574 888 1710 888 1710 720
1716 738 1716 904 1884 904 1884 738
2464 750 2464 938 2596 938 2596 750
2624 766 2624 960 2770 960 2770 766
2772 754 2772 960 2958 960 2958 754
2982 792 2982 984 3132 984 3132 792
3124 774 3124 990 3250 990 3250 774
3246 794 3246 1006 3390 1006 3390 794
3374 782 3374 1012 3602 1012 3602 782
298 894 298 1098 444 1098 444 894
448 896 448 1074 616 1074 616 896
644 898 644 1086 802 1086 802 898
818 926 818 1104 980 1104 980 926
1004 928 1004 1120 1154 1120 1154 928
1182 928 1182 1128 1336 1128 1336 928
1360 930 1360 1138 1524 1138 1524 930
1562 942 1562 1136 1802 1136 1802 942
1816 954 1816 1156 2004 1156 2004 954
2238 1008 2238 1184 2392 1184 2392 1008
2434 998 2434 1196 2586 1196 2586 998
2576 1028 2576 1202 2652 1202 2652 1028
2652 1048 2652 1208 2802 1208 2802 1048
2792 1028 2792 1202 2954 1202 2954 1028
2958 1034 2958 1216 3104 1216 3104 1034
3114 1042 3114 1230 3262 1230 3262 1042
300 1156 300 1334 466 1334 466 1156
478 1160 478 1346 598 1346 598 1160
570 1170 570 1344 656 1344 656 1170
650 1174 650 1354 802 1354 802 1174
816 1178 816 1322 934 1322 934 1178
936 1172 936 1356 1116 1356 1116 1172
1116 1178 1116 1374 1264 1374 1264 1178
1296 1192 1296 1374 1508 1374 1508 1192
1504 1216 1504 1366 1634 1366 1634 1216
1634 1194 1634 1386 1796 1386 1796 1194
2172 1234 2172 1422 2334 1422 2334 1234
2322 1244 2322 1402 2400 1402 2400 1244
2382 1264 2382 1432 2520 1432 2520 1264
2510 1212 2510 1410 2662 1410 2662 1212
2646 1254 2646 1412 2784 1412 2784 1254
2776 1254 2776 1408 2934 1408 2934 1254
2942 1260 2942 1452 3130 1452 3130 1260
292 1408 292 1590 416 1590 416 1408
418 1416 418 1584 586 1584 586 1416
614 1424 614 1598 700 1598 700 1424
724 1428 724 1604 872 1604 872 1428
880 1438 880 1630 1028 1630 1028 1438
1026 1436 1026 1620 1182 1620 1182 1436
1170 1446 1170 1626 1308 1626 1308 1446
1506 1478 1506 1644 1676 1644 1676 1478
2152 1478 2152 1644 2290 1644 2290 1478
2278 1496 2278 1666 2346 1666 2346 1496
2370 1502 2370 1662 2520 1662 2520 1502
2520 1494 2520 1658 2690 1658 2690 1494
2692 1518 2692 1674 2848 1674 2848 1518
2856 1502 2856 1674 3016 1674 3016 1502
272 1616 272 1776 426 1776 426 1616
440 1620 440 1786 564 1786 564 1620
566 1628 566 1796 734 1796 734 1628
788 1644 788 1814 930 1814 930 1644
974 1646 974 1808 1120 1808 1120 1646
1352 1672 1352 1820 1500 1820 1500 1672
1132 1656 1132 1824 1322 1824 1322 1656
1518 1678 1518 1836 1692 1836 1692 1678
266 1790 266 1938 410 1938 410 1790
438 1798 438 1954 608 1954 608 1798
634 1808 634 1954 758 1954 758 1808
770 1818 770 1966 838 1966 838 1818
856 1822 856 1978 992 1978 992 1822
1000 1832 1000 1984 1122 1984 1122 1832
1134 1842 1134 1982 1278 1982 1278 1842
1286 1842 1286 2004 1430 2004 1430 1842
1462 1852 1462 2000 1588 2000 1588 1852
1616 1876 1616 2008 1714 2008 1714 1876
2038 1918 2038 2048 2168 2048 2168 1918
2190 1906 2190 2054 2304 2054 2304 1906
236 1974 236 2158 422 2158 422 1974
440 1966 440 2126 558 2126 558 1966
592 1968 592 2152 712 2152 712 1968
724 1962 724 2154 862 2154 862 1962
870 1992 870 2136 998 2136 998 1992
1030 2002 1030 2158 1208 2158 1208 2002
1212 1998 1212 2168 1382 2168 1382 1998
1438 2018 1438 2182 1556 2182 1556 2018
1560 2044 1560 2190 1700 2190 1700 2044
2040 2068 2040 2202 2226 2202 2226 2068
308 2196 308 2396 436 2396 436 2196
466 2238 466 2370 582 2370 582 2238
548 2206 548 2400 746 2400 746 2206
754 2214 754 2422 920 2422 920 2214
964 2236 964 2410 1118 2410 1118 2236
1152 2240 1152 2422 1270 2422 1270 2240
1274 2262 1274 2422 1426 2422 1426 2262
1472 2300 1472 2428 1590 2428 1590 2300
1654 2264 1654 2450 1796 2450 1796 2264
1964 2310 1964 2416 2080 2416 2080 2310
2116 2278 2116 2458 2276 2458 2276 2278
198 2452 198 2628 390 2628 390 2452
406 2464 406 2638 560 2638 560 2464
568 2492 568 2650 714 2650 714 2492
720 2466 720 2658 882 2658 882 2466
866 2472 866 2658 1062 2658 1062 2472
1070 2516 1070 2662 1214 2662 1214 2516
1232 2496 1232 2670 1428 2670 1428 2496
1420 2508 1420 2674 1660 2674 1660 2508
1828 2558 1828 2704 1972 2704 1972 2558
1988 2538 1988 2730 2146 2730 2146 2538
2144 2554 2144 2742 2322 2742 2322 2554
2322 2560 2322 2744 2498 2744 2498 2560
2488 2586 2488 2732 2606 2732 2606 2586
3172 2592 3172 2812 3346 2812 3346 2592
170 2684 170 2924 380 2924 380 2684
400 2704 400 2914 604 2914 604 2704
610 2708 610 2940 794 2940 794 2708
804 2742 804 2916 976 2916 976 2742
972 2720 972 2918 1148 2918 1148 2720
1154 2740 1154 2974 1368 2974 1368 2740
1358 2738 1358 2966 1524 2966 1524 2738
1534 2760 1534 2966 1772 2966 1772 2760
2016 2770 2016 3038 2146 3038 2146 2770
2134 2780 2134 3014 2304 3014 2304 2780
2302 2792 2302 3004 2540 3004 2540 2792
2534 2800 2534 2986 2776 2986 2776 2800
2772 2816 2772 3040 2964 3040 2964 2816
2954 2814 2954 3052 3044 3052 3044 2814
3042 2822 3042 3060 3236 3060 3236 2822
3212 2850 3212 3062 3422 3062 3422 2850
174 2970 174 3154 354 3154 354 2970
328 2988 328 3176 410 3176 410 2988
396 2990 396 3194 550 3194 550 2990
538 3034 538 3186 674 3186 674 3034
656 2998 656 3194 842 3194 842 2998
850 2998 850 3198 938 3198 938 2998
928 3014 928 3208 1138 3208 1138 3014
1168 3046 1168 3210 1318 3210 1318 3046
1326 3034 1326 3238 1538 3238 1538 3034
1646 3078 1646 3258 1826 3258 1826 3078
1942 3068 1942 3242 2122 3242 2122 3068
2138 3058 2138 3268 2326 3268 2326 3058
2326 3078 2326 3292 2548 3292 2548 3078
2548 3094 2548 3296 2718 3296 2718 3094
2720 3126 2720 3290 2896 3290 2896 3126
2882 3140 2882 3296 3018 3296 3018 3140
1898 3280 1898 3492 2088 3492 2088 3280
2066 3300 2066 3512 2226 3512 2226 3300
2216 3328 2216 3486 2306 3486 2306 3328
2310 3328 2310 3508 2474 3508 2474 3328
2484 3332 2484 3518 2640 3518 2640 3332
2646 3350 2646 3536 2790 3536 2790 3350
# Transcript
TOYSDEEPIW*****ROFANTHS
SAITW*PLOYTW****THNTRAP
KATATHNMATEIANTO*
KRITODHMON*DIOYLAM**
EPIKRAT*N*SIANAK***
QRASYLLO*********
ANTIGENHSX**OK*******
PYRROSPYQ**W*******
BOYLARCOSOY*******
APOLLODW*ONA***LOD*
ETEOKLHS*REMWNIDO
FILOTIMOSAK*SSTOQ***
*****ARISTO****

