# Baseline angle
-0.0016044269911223985
# Boxes: x1 y1 x2 y2 x3 y3 x4 y4
1020 268 1020.1864324103628 384.198650000162 1144 384 1143.8135675896372 267.801349999838
1178 264 1178.157516735511 362.1762343961415 1288 362 1287.842483264489 263.8237656038585
1332 258 1332.1735970164611 366.19867059363213 1456 366 1455.8264029835389 257.80132940636787
1490 254 1490.179994119942 366.18582490299525 1606 366 1605.820005880058 253.81417509700478
1656 256 1656.1478695966146 348.16341444734223 1758 348 1757.8521304033854 255.83658555265774
868 420 868.1639550259321 522.1890594933083 986 522 985.8360449740679 419.8109405066917
1020 412 1020.170372722883 518.1890491965733 1138 518 1137.829627277117 411.81095080342675
1172 412 1172.1800250101471 524.2050779938479 1300 524 1299.8199749898529 411.79492200615204
1332 402 1332.170372722883 508.18904919657325 1450 508 1449.829627277117 401.81095080342675
1500 394 1500.160730732354 494.1794380962495 1612 494 1611.839269267646 393.8205619037505
1650 390 1650.154302738668 486.17303069603355 1758 486 1757.845697261332 389.82696930396645
1804 380 1804.183249303725 494.2146993909068 1938 494 1937.816750696275 379.7853006090932
714 550 714.2024766527402 676.1986242583243 838 676 837.7975233472598 549.8013757416757
872 552 872.1864221136278 668.1922323032111 992 668 991.8135778863722 551.8077676967889
1020 544 1020.1703881679855 650.1986757419996 1144 650 1143.8296118320143 543.8013242580004
1170 550 1170.1446864899767 640.179463838087 1282 640 1281.8553135100233 549.820536161913
1326 534 1326.1864118168926 650.1858146062601 1442 650 1441.8135881831074 533.8141853937399
1502 526 1502.1863809266877 642.1665615154075 1606 642 1605.8136190733123 525.8334384845925
1672 522 1672.1510629999875 616.1537827535484 1768 616 1767.8489370000125 521.8462172464516
1806 510 1806.1864478554655 626.2082765455884 1936 626 1935.8135521445345 509.7917234544116
1974 508 1974.1864375587302 624.2018588486374 2100 624 2099.81356244127 507.79814115136253
2290 500 2290.180035306882 612.2114956907989 2422 612 2421.819964693118 499.78850430920113
560 690 560.176821310039 800.2082919906909 690 800 689.823178689961 689.7917080093091
718 698 718.1671896162451 802.205098587318 846 802 845.8328103837549 697.794901412682
888 686 888.1798911525914 798.1216479334861 964 798 963.8201088474086 685.8783520665139
1024 686 1024.1639292840944 788.173015250931 1132 788 1131.8360707159056 685.826984749069
1168 676 1168.186422113628 792.1922323032111 1288 792 1287.813577886372 675.8077676967889
1326 668 1326.1736124615636 776.2082971390585 1456 776 1455.8263875384364 667.7917028609415
1502 662 1502.189589775163 780.1665563670399 1606 780 1605.810410224837 661.8334436329601
1652 664 1652.176800716569 774.1954565967891 1774 774 1773.823199283431 663.8045434032109
1798 658 1798.1639601742995 760.1922683417838 1918 760 1917.8360398257005 657.8077316582162
2002 650 2002.1766359688081 760.0927734455745 2060 760 2059.823364031192 649.9072265544255
2124 632 2124.2281577372787 774.2050007683351 2252 774 2251.7718422627213 631.7949992316649
2292 632 2292.2088016790753 762.1408546890311 2380 762 2379.7911983209247 631.8591453109689
2442 632 2442.186411816893 748.1858146062601 2558 748 2557.813588183107 631.8141853937399
2592 622 2592.212092901432 754.192191116271 2712 754 2711.787907098568 621.807808883729
566 832 566.1703366843103 938.166587257245 670 938 669.8296633156897 831.833412742755
708 824 708.2025178396804 950.2242950461281 848 950 847.7974821603196 823.7757049538719
868 822 868.176790419834 932.1890388998381 986 932 985.823209580166 821.8109611001619
1010 818 1010.1832287102549 932.201863997005 1136 932 1135.816771289745 817.798136002995
1170 818 1170.1832544520926 932.2179082393823 1306 932 1305.8167455479074 817.7820917606177
1342 806 1342.196007472114 928.1665460703049 1446 928 1445.803992527886 805.8334539296951
1482 792 1482.2024612076375 918.1889977128981 1600 918 1599.7975387923625 791.8110022871019
1640 798 1640.2025178396802 924.2242950461281 1780 924 1779.7974821603198 797.7757049538719
1812 788 1812.1896515555734 906.2050625487454 1940 906 1939.8103484444266 787.7949374512546
1974 776 1974.2024818011078 902.2018331067998 2100 902 2099.7975181988927 775.7981668932002
2150 780 2150.1862934044398 896.1120110913247 2220 896 2219.8137065955602 779.8879889086753
2290 774 2290.192824365476 894.1825954610497 2404 894 2403.807175634524 773.8174045389503
2450 778 2450.1478850417175 870.1730409927686 2558 870 2557.8521149582825 777.8269590072314
858 980 858.1575630708188 1078.2051140324206 986 1078 985.8424369291812 979.7948859675794
1034 980 1034.147843854777 1072.1473702049648 1126 1072 1125.852156145223 979.852629795035
1158 972 1158.1543130354032 1068.1794483929846 1270 1068 1269.8456869645968 971.8205516070155
1342 956 1342.157496142041 1054.1633990022397 1444 1054 1443.842503857959 955.8366009977602
1496 946 1496.1735609778884 1054.176208654304 1606 1054 1605.8264390221116 945.823791345696
1648 942 1648.16713813257 1046.1730101025635 1756 1046 1755.83286186743 941.8269898974365
1812 938 1812.1832390069899 1052.2082816939558 1942 1052 1941.8167609930101 937.791718306044
1980 920 1980.1894919561803 1038.1055882460064 2046 1038 2045.8105080438197 919.8944117539937
2142 922 2142.1767749747314 1032.1794123544119 2254 1032 2253.8232250252686 921.8205876455881
2292 904 2292.186422113628 1020.1922323032111 2412 1020 2411.813577886372 903.8077676967889
2444 894 2444.2089149431613 1024.2114493554911 2576 1024 2575.7910850568387 893.7885506445087
870 1104 870.1543130354032 1200.1794483929846 982 1200 981.8456869645968 1103.8205516070154
1010 1096 1010.1832750455626 1210.2307436332842 1154 1210 1153.8167249544372 1095.7692563667158
1172 1100 1172.1543181837706 1196.18265724146 1286 1196 1285.8456818162294 1099.81734275854
1314 1082 1314.199272952632 1206.2018382551673 1440 1206 1439.800727047368 1081.7981617448327
1482 1076 1482.1832441553574 1190.2114905424314 1614 1190 1613.8167558446426 1075.7885094575686
1650 1070 1650.1479210802897 1162.1955029320968 1772 1162 1771.8520789197103 1069.8044970679032
1812 1064 1812.1832390069899 1178.2082816939558 1942 1178 1941.8167609930101 1063.7917183060442
1976 1064 1976.1671741711427 1168.1954720418917 2098 1168 2097.8328258288575 1063.8045279581083
2144 1038 2144.2217297435927 1176.1985933681192 2268 1176 2267.7782702564073 1037.8014066318808
2308 1036 2308.2087656405033 1166.118392749703 2382 1166 2381.7912343594967 1035.881607250297
2448 1038 2448.2442534633315 1190.237063511252 2596 1190 2595.7557465366685 1037.762936488748
714 1234 714.2153738270522 1368.2371098465596 862 1368 861.7846261729478 1233.7628901534404
884 1232 884.1960846976268 1354.2146787974366 1018 1354 1017.8039153023732 1231.7853212025634
1028 1230 1028.1960332139515 1352.1825903126821 1142 1352 1141.8039667860485 1229.8174096873179
1162 1228 1162.2056957979505 1356.2050368069079 1290 1356 1289.7943042020495 1227.7949631930921
1316 1224 1316.2088994980586 1354.2018228100649 1442 1354 1441.7911005019414 1223.7981771899351
1502 1208 1502.2119796373458 1340.121596449811 1578 1340 1577.7880203626542 1207.878403550189
1654 1200 1654.2024818011078 1326.2018331067998 1780 1326 1779.7975181988922 1199.7981668932002
1822 1206 1822.167127835835 1310.1665924056126 1926 1310 1925.832872164165 1205.8334075943874
1984 1186 1984.192824365476 1306.1825954610497 2098 1306 2097.807175634524 1185.8174045389503
2180 1188 2180.1990876114014 1312.086319710051 2234 1312 2233.8009123885986 1187.913680289949
714 1386 714.2345857309648 1532.211408168551 846 1532 845.7654142690352 1385.788591831449
874 1378 874.2506711602823 1534.2370532145171 1022 1534 1021.7493288397177 1377.7629467854829
1036 1380 1036.2248819600256 1520.1632908865217 1138 1520 1137.7751180399744 1379.8367091134783
1176 1364 1176.2313202504465 1508.1761159836885 1286 1508 1285.7686797495535 1363.8238840163115
1336 1366 1336.189589775163 1484.16655636704 1440 1484 1439.810410224837 1365.83344363296
1492 1362 1492.1831875233147 1476.1761932092013 1602 1476 1601.8168124766853 1361.8238067907987
1642 1346 1642.2057163914208 1474.2178722008096 1778 1474 1777.7942836085792 1345.7821277991904
1824 1336 1824.2087862339731 1466.1312281436049 1906 1466 1905.7912137660269 1335.8687718563951
1990 1326 1990.234518802187 1472.1696931383701 2096 1472 2095.765481197813 1325.8303068616299
# Transcript
MONTO
*ONAYTON
*AYTOYTOYD*M*
KAIOIALLOIFILO
*ONEYERGETEINO*
DOTESOTICAR
*OYDHMOYAXIA
IMELEISQAI*
HNTHNAEIB**