# Baseline angle
5.9295361006671845
# Boxes: x1 y1 x2 y2 x3 y3 x4 y4
524 343 565.4740929481098 455.34431746508943 626 433 584.5259070518902 320.65568253491057
587 322 634.671422025046 451.1315370463841 719 420 671.328577974954 290.8684629536159
661 297 709.4411445932685 428.21654844549084 794 397 745.5588554067315 265.78345155450916
748 269 798.4405752801418 405.63257227792496 876 377 825.5594247198582 240.367427722075
518 497 561.0939295073994 613.7321031819722 601 599 557.9060704926006 482.2678968180278
561 487 609.720573032429 618.9734594481524 718 579 669.279426967571 447.02654055184763
681 463 730.3354270917545 596.6389656648162 835 558 785.6645729082455 424.36103433518383
812 428 864.8499086732323 571.1589335881349 933 546 880.1500913267677 402.8410664118651
404 656 476.28738991884603 851.8108521366869 576 815 503.71261008115397 619.1891478633131
523 652 580.9585382116285 808.9971023792205 627 792 569.0414617883715 635.0028976207795
572 642 626.1040110337237 788.5560247287912 717 755 662.8959889662763 608.4439752712088
660 611 715.5584447710619 761.495770095227 809 727 753.4415552289381 576.504229904773
764 590 817.1945742459211 734.0925578283537 896 705 842.8054257540789 560.9074421716463
845 564 902.8873867413075 720.8043684867677 1008 682 950.1126132586925 525.1956315132323
365 884 408.0939295073994 1000.7321031819722 448 986 404.9060704926006 869.2678968180278
405 870 452.15673365414375 997.7373579426103 530 969 482.84326634585625 841.2626420573897
490 848 536.5418795948183 974.0718517259465 618 944 571.4581204051817 817.9281482740535
577 829 623.6117367046083 955.2610794766118 711 923 664.3882632953917 796.7389205233882
668 802 714.0120369345995 926.6366229410604 797 896 750.9879630654005 771.3633770589396
748 784 790.9832295059215 900.4322409010783 868 872 825.0167704940785 755.5677590989217
829 762 876.071722255037 889.5070805108326 956 860 908.928277744963 732.4929194891674
915 730 966.0053464952557 868.1624149381438 1045 839 993.9946535047443 700.8375850618562
170 1076 220.11568397303157 1211.7525122319269 298 1183 247.88431602696846 1047.2474877680731
253 1045 306.6789540381902 1190.4046375699031 408 1153 354.3210459618098 1007.5953624300969
358 1008 413.49912197432633 1158.3350775125655 474 1136 418.50087802567367 985.6649224874345
433 1012 481.0872390680557 1142.2578951790556 517 1129 468.9127609319443 998.7421048209444
470 1001 517.9310761986281 1130.8348838548254 615 1095 567.068923801372 965.1651161451748
574 993 617.3127407892937 1110.3248154601847 713 1075 669.6872592107062 957.6751845398151
675 974 711.3608434334518 1072.4936341608957 775 1049 738.6391565665482 950.5063658391043
728 935 773.7570027372793 1058.9457906457276 863 1026 817.2429972627207 902.0542093542724
818 931 855.9108228829513 1033.6921921271132 893 1020 855.0891771170488 917.307807872887
859 928 899.983798819048 1039.0162170686442 984 1008 943.016201180952 896.9837829313557
950 913 988.5197626054841 1017.3416776888811 1068 988 1029.480237394516 883.6583223111188
207 1231 247.53896755793596 1340.8112657155357 331 1310 290.46103244206404 1200.1887342844643
296 1207 338.79805241839153 1322.930636356411 428 1290 385.20194758160847 1174.069363643589
371 1160 441.5080648743977 1350.991046724253 539 1315 468.4919351256023 1124.008953275747
486 1163 529.9078205830407 1281.936757482628 611 1252 567.0921794169593 1133.063242517372
577 1142 623.2519168426031 1267.2864055552811 708 1236 661.7480831573969 1110.7135944447189
664 1113 713.1212357861222 1246.0587678997117 781 1221 731.8787642138778 1087.9412321002883
734 1102 779.0419829895305 1224.008957316174 882 1186 836.9580170104695 1063.991042683826
846 1073 891.1026001467968 1195.1731560406229 962 1169 916.8973998532032 1046.8268439593771
929 1061 973.3025689999412 1181.0060452792918 1060 1149 1015.6974310000587 1028.9939547207084
233 1394 274.8932356068508 1507.4796839690819 371 1472 329.1067643931492 1358.5203160309181
339 1372 378.62953077013333 1479.3477988150983 450 1453 410.37046922986667 1345.6522011849017
415 1350 456.9235441854839 1463.5617833313063 537 1434 495.0764558145161 1320.4382166686937
508 1319 551.5282264554569 1436.908519367077 619 1412 575.4717735445431 1294.091480632923
580 1302 623.2487980162963 1419.1516083644153 667 1403 623.7512019837037 1285.8483916355847
633 1295 676.4326807432956 1412.6497067672954 773 1377 729.5673192567044 1259.3502932327046
735 1265 781.1319768886012 1389.9615142481707 865 1359 818.8680231113988 1234.0384857518293
865 1226 912.8809933544164 1355.6992202983802 1015 1318 967.1190066455836 1188.3007797016198
982 1208 1024.74796957418 1323.7949727999662 1119 1289 1076.25203042582 1173.2050272000338
277 1516 329.00441465842704 1656.868673783467 437 1617 384.99558534157296 1476.131326216533
389 1495 439.4557295694584 1631.673621959037 509 1606 458.5442704305416 1469.326378040963
453 1495 497.9721258797403 1616.8197295655086 595 1581 550.0278741202596 1459.1802704344914
537 1468 584.6411134464128 1597.0494376841596 685 1560 637.3588865535872 1430.9505623158404
640 1435 691.105512183679 1573.4337420510335 760 1548 708.894487816321 1409.5662579489665
717 1429 762.6581314093867 1552.677969674625 797 1540 751.3418685906133 1416.322030325375
760 1412 805.5672056734874 1535.431671587952 888 1505 842.4327943265126 1381.568328412048
847 1387 889.1983526483825 1501.3061798208594 974 1470 931.8016473516175 1355.6938201791406
914 1375 955.7383670979539 1488.0601787866387 1048 1454 1006.2616329020462 1340.9398212133613
1010 1344 1052.1284955385925 1458.116952070194 1131 1429 1088.8715044614075 1314.883047929806
334 1666 382.32120463926657 1796.8916571383804 466 1766 417.67879536073343 1635.1083428616196
431 1652 477.1715254197582 1777.0686426366115 583 1738 536.8284745802417 1612.9313573633885
523 1620 571.1663361303697 1750.4721519559375 651 1721 602.8336638696303 1590.5278480440625
608 1609 652.9174230592668 1730.6715514959553 736 1700 691.0825769407332 1578.3284485040447
674 1588 722.1010989968414 1718.2954387183804 815 1684 766.8989010031586 1553.7045612816196
193 1713 241.77065587664063 1845.1091230045972 345 1807 296.2293441233594 1674.8908769954028
767 1560 814.4012335384093 1688.3996550699392 913 1652 865.5987664615907 1523.6003449300608
864 1522 914.7200037193024 1659.3894832805868 1016 1622 965.2799962806976 1484.6105167194132
976 1506 1022.4917967506066 1631.9361881695015 1109 1600 1062.5082032493933 1474.0638118304985
392 1799 442.87025225193736 1936.7964739499214 529 1905 478.12974774806264 1767.2035260500786
481 1781 528.486244937516 1909.6299325017167 625 1874 577.5137550624839 1745.3700674982833
627 1740 675.8055844315357 1872.20373687993 782 1833 733.1944155684643 1700.79626312007
731 1721 772.583498589057 1833.6406736041959 861 1801 819.416501410943 1688.3593263958041
831 1694 874.2382637032416 1811.1230731964113 945 1785 901.7617362967584 1667.8769268035887
902 1675 947.7767770028577 1798.999354839948 1048 1762 1002.2232229971423 1638.000645160052
1004 1642 1052.4806931244254 1773.3236768339318 1159 1734 1110.5193068755746 1602.6763231660682
520 1920 561.4833329006337 2032.3693464913058 660 1996 618.5166670993663 1883.6306535086942
688 1877 728.4388018695126 1986.5399386026459 822 1952 781.5611981304874 1842.4600613973541
781 1845 827.8819251912452 1971.9929614530568 901 1945 854.1180748087548 1818.0070385469432
857 1823 902.5019685399592 1946.2549583503949 998 1911 952.4980314600408 1787.7450416496051
965 1801 1007.6734924881277 1916.5932305361926 1077 1891 1034.3265075118723 1775.4067694638074
1036 1780 1077.548570034162 1892.546059728863 1163 1861 1121.451429965838 1748.453940271137
705 2001 746.3086901261584 2112.8962771146425 830 2082 788.6913098738416 1970.1037228853577
791 1977 843.4993287637508 2119.209288693021 947 2081 894.5006712362492 1938.7907113069793
894 1955 941.9462304879447 2084.8759335359373 1031 2052 983.0537695120553 1922.1240664640627
981 1925 1053.442258427743 2121.23035731913 1157 2083 1084.557741572257 1886.76964268087
1097 1909 1144.6167192045725 2037.983358976831 1215 2012 1167.3832807954275 1883.016641023169
# Transcript
NOS K*
IWN)
*FILOSI*
*IKTHTOSC
ZWSIMOSDION
SOFOKLHSE
LESBIOSSP
EYCARISTOS
SEPAGAQOS
KLEYRWT
*L EYARE
ROYFO

