# Baseline angle
0.06182177304598868
# Boxes: x1 y1 x2 y2 x3 y3 x4 y4
1244 311 1232.1322157328566 502.72308626506106 1382 512 1393.8677842671434 320.27691373493894
519 482 508.23835740607154 655.853457810297 656 665 666.7616425939284 491.14654218970304
667 495 656.9204825889491 657.8337811514915 805 667 815.0795174110509 504.16621884850855
793 502 780.8333019918919 698.5520133549709 885 705 897.1666980081081 508.44798664502923
889 492 878.1614247715263 667.0962982426397 1022 676 1032.8385752284737 500.90370175736035
975 517 965.767924236065 666.1434305049565 1125 676 1134.232075763935 526.8565694950435
1110 524 1100.9308753660682 670.5109682987572 1335 685 1344.0691246339318 538.4890317012428
1286 517 1275.1728759666742 691.9113051195956 1422 701 1432.8271240333258 526.0886948804044
490 675 475.75988471805175 905.047900195153 685 918 699.2401152819483 687.952099804847
687 686 673.5715210489099 902.935981510568 820 912 833.4284789510901 695.064018489432
774 709 760.4341067071343 928.1558989870964 871 935 884.5658932928657 715.8441010129036
870 707 856.9133361088388 918.4139871141178 931 923 944.0866638911612 711.5860128858822
937 711 924.2427863701982 917.091745029424 1052 925 1064.7572136298018 718.908254970576
1063 725 1050.3076764760367 930.0434506655079 1195 939 1207.6923235239633 733.9565493344921
1171 726 1159.5835430120983 910.4319309032837 1298 919 1309.4164569879017 734.5680690967163
1299 749 1289.1639143548505 907.9011608406541 1420 916 1429.8360856451495 757.0988391593459
501 971 490.46211251316765 1141.2387123165822 632 1150 642.5378874868322 979.7612876834178
616 969 606.1251523707984 1128.5273575295168 743 1137 752.8748476292016 977.4726424704832
723 925 708.5575802704377 1158.3161120355974 865 1168 879.4424197295623 934.6838879644024
866 978 854.573274484068 1162.5978181355626 958 1169 969.426725515932 984.4021818644372
950 970 939.7310810672967 1135.893547276074 1103 1146 1113.2689189327032 980.1064527239259
1093 992 1083.1022499805026 1151.897343775605 1214 1160 1223.8977500194974 1000.1026562243951
1197 982 1186.219863414384 1156.1522267366543 1313 1164 1323.780136585616 989.8477732633456
479 1153 469.65663801607576 1303.9412503064314 616 1313 625.3433619839243 1162.0587496935686
591 1152 581.032360142497 1313.026408404634 726 1322 735.967639857503 1160.973591595366
719 1158 709.0247260123984 1319.14973715333 852 1328 861.9752739876016 1166.85026284667
852 1176 843.0010874739363 1321.3766974263983 950 1328 958.9989125260637 1182.6233025736017
936 1173 925.7989278409295 1337.7974881852451 1026 1344 1036.2010721590705 1179.2025118147549
1005 1166 994.6571051005458 1333.088622981504 1074 1338 1084.3428948994542 1170.911377018496
1071 1191 1062.2521533699367 1332.320748366865 1154 1338 1162.7478466300633 1196.679251633135
1133 1180 1123.0634879964505 1340.5235404644677 1260 1349 1269.9365120035495 1188.4764595355323
1238 1209 1229.4245126307148 1347.536298575822 1350 1355 1358.5754873692852 1216.463701424178
# Transcript
**H
STRATWN
CARIKLHS
EYFROSY*
EYCARISTO
**

# Lines: x1 y1 x2 y2 x3 y3 x4 y4
