# Baseline angle
0
# Boxes: x1 y1 x2 y2 x3 y3 x4 y4
989 563 989 651 1069 651 1069 563
1105 565 1105 645 1197 645 1197 565
1218 558 1218 637 1278 637 1278 558
1331 553 1331 636 1425 636 1425 553
1451 546 1451 640 1531 640 1531 546
1552 551 1552 636 1637 636 1637 551
1654 550 1654 630 1739 630 1739 550
1771 546 1771 632 1861 632 1861 546
1894 547 1894 619 1985 619 1985 547
2004 537 2004 637 2087 637 2087 537
2133 549 2133 616 2214 616 2214 549
2227 536 2227 615 2306 615 2306 536
927 665 927 750 984 750 984 665
994 679 994 749 1082 749 1082 679
1097 676 1097 757 1187 757 1187 676
1216 666 1216 762 1307 762 1307 666
1352 674 1352 758 1417 758 1417 674
1453 660 1453 752 1540 752 1540 660
1567 650 1567 750 1641 750 1641 650
1667 653 1667 729 1737 729 1737 653
1771 657 1771 739 1859 739 1859 657
1898 651 1898 735 1979 735 1979 651
2011 648 2011 734 2096 734 2096 648
2131 648 2131 724 2209 724 2209 648
2240 651 2240 731 2335 731 2335 651
773 781 773 871 847 871 847 781
871 780 871 865 963 865 963 780
999 774 999 862 1085 862 1085 774
1121 774 1121 857 1179 857 1179 774
1207 775 1207 856 1291 856 1291 775
1339 781 1339 851 1433 851 1433 781
1461 777 1461 857 1529 857 1529 777
1561 766 1561 860 1659 860 1659 766
1684 757 1684 856 1765 856 1765 757
1785 765 1785 842 1878 842 1878 765
1908 754 1908 841 1977 841 1977 754
2014 755 2014 844 2101 844 2101 755
2132 745 2132 848 2211 848 2211 745
2246 763 2246 844 2344 844 2344 763
2361 750 2361 833 2439 833 2439 750
748 908 748 995 842 995 842 908
886 900 886 988 946 988 946 900
987 902 987 980 1085 980 1085 902
1115 899 1115 990 1197 990 1197 899
1204 891 1204 975 1322 975 1322 891
1325 882 1325 973 1419 973 1419 882
1440 887 1440 979 1536 979 1536 887
1557 870 1557 980 1644 980 1644 870
1673 870 1673 958 1761 958 1761 870
1777 871 1777 963 1859 963 1859 871
1903 880 1903 963 1996 963 1996 880
2018 862 2018 956 2102 956 2102 862
2111 877 2111 950 2223 950 2223 877
2243 868 2243 966 2334 966 2334 868
755 1011 755 1106 836 1106 836 1011
868 1004 868 1100 960 1100 960 1004
995 1012 995 1101 1084 1101 1084 1012
1096 1022 1096 1098 1215 1098 1215 1022
1233 1019 1233 1102 1297 1102 1297 1019
1323 1019 1323 1099 1423 1099 1423 1019
1461 1002 1461 1094 1539 1094 1539 1002
1560 1011 1560 1093 1650 1093 1650 1011
1666 1010 1666 1087 1767 1087 1767 1010
1789 998 1789 1079 1858 1079 1858 998
1896 999 1896 1081 1986 1081 1986 999
2011 997 2011 1085 2097 1085 2097 997
2120 995 2120 1077 2200 1077 2200 995
2254 994 2254 1086 2350 1086 2350 994
671 1149 671 1237 741 1237 741 1149
773 1140 773 1228 865 1228 865 1140
886 1138 886 1230 983 1230 983 1138
998 1133 998 1233 1082 1233 1082 1133
1109 1125 1109 1225 1197 1225 1197 1125
1224 1135 1224 1219 1321 1219 1321 1135
1344 1124 1344 1220 1420 1220 1420 1124
1442 1115 1442 1217 1541 1217 1541 1115
1559 1114 1559 1211 1651 1211 1651 1114
1677 1125 1677 1196 1755 1196 1755 1125
1783 1118 1783 1208 1879 1208 1879 1118
1917 1122 1917 1208 1979 1208 1979 1122
2008 1105 2008 1199 2094 1199 2094 1105
2131 1115 2131 1188 2211 1188 2211 1115
2249 1113 2249 1201 2330 1201 2330 1113
654 1246 654 1331 729 1331 729 1246
762 1259 762 1328 866 1328 866 1259
896 1251 896 1336 954 1336 954 1251
995 1258 995 1335 1097 1335 1097 1258
1109 1251 1109 1333 1207 1333 1207 1251
1216 1241 1216 1320 1308 1320 1308 1241
1332 1239 1332 1314 1437 1314 1437 1239
1472 1237 1472 1326 1529 1326 1529 1237
1567 1232 1567 1325 1653 1325 1653 1232
1678 1236 1678 1327 1764 1327 1764 1236
1804 1230 1804 1311 1867 1311 1867 1230
1899 1222 1899 1313 1986 1313 1986 1222
2020 1218 2020 1307 2109 1307 2109 1218
2140 1211 2140 1291 2224 1291 2224 1211
2256 1220 2256 1291 2331 1291 2331 1220
769 1366 769 1445 846 1445 846 1366
863 1352 863 1445 972 1445 972 1352
999 1351 999 1459 1087 1459 1087 1351
1105 1362 1105 1448 1193 1448 1193 1362
1226 1359 1226 1460 1315 1460 1315 1359
1348 1346 1348 1440 1438 1440 1438 1346
1450 1341 1450 1452 1554 1452 1554 1341
1569 1355 1569 1446 1659 1446 1659 1355
1683 1347 1683 1440 1763 1440 1763 1347
1783 1340 1783 1431 1874 1431 1874 1340
1899 1334 1899 1434 1993 1434 1993 1334
2015 1346 2015 1423 2104 1423 2104 1346
2137 1342 2137 1414 2217 1414 2217 1342
1015 1473 1015 1558 1073 1558 1073 1473
1106 1476 1106 1560 1213 1560 1213 1476
1232 1472 1232 1566 1319 1566 1319 1472
1338 1461 1338 1542 1431 1542 1431 1461
1461 1465 1461 1543 1558 1543 1558 1465
1580 1457 1580 1543 1664 1543 1664 1457
1676 1458 1676 1535 1778 1535 1778 1458
1787 1446 1787 1541 1869 1541 1869 1446
1912 1446 1912 1537 1990 1537 1990 1446
2010 1449 2010 1537 2093 1537 2093 1449
1460 1592 1460 1669 1547 1669 1547 1592
1580 1584 1580 1669 1658 1669 1658 1584
1675 1585 1675 1664 1761 1664 1761 1585
1799 1574 1799 1673 1893 1673 1893 1574
1906 1581 1906 1670 1991 1670 1991 1581
772 1841 772 1922 857 1922 857 1841
869 1836 869 1912 975 1912 975 1836
998 1836 998 1904 1069 1904 1069 1836
1118 1819 1118 1900 1198 1900 1198 1819
765 1958 765 2046 860 2046 860 1958
867 1959 867 2038 976 2038 976 1959
1007 1942 1007 2029 1068 2029 1068 1942
1122 1939 1122 2029 1210 2029 1210 1939
1213 1938 1213 2027 1305 2027 1305 1938
1344 1930 1344 2023 1454 2023 1454 1930
772 2079 772 2157 864 2157 864 2079
871 2070 871 2159 958 2159 958 2070
997 2074 997 2159 1090 2159 1090 2074
1104 2060 1104 2146 1193 2146 1193 2060
1223 2064 1223 2146 1301 2146 1301 2064
1349 2049 1349 2145 1446 2145 1446 2049
1464 2043 1464 2137 1552 2137 1552 2043
1581 2045 1581 2136 1668 2136 1668 2045
1697 2045 1697 2127 1755 2127 1755 2045
769 2176 769 2265 855 2265 855 2176
896 2180 896 2257 976 2257 976 2180
1000 2181 1000 2260 1082 2260 1082 2181
1143 2169 1143 2266 1206 2266 1206 2169
1220 2168 1220 2249 1317 2249 1317 2168
1345 2169 1345 2249 1429 2249 1429 2169
1453 2162 1453 2243 1535 2243 1535 2162
1565 2150 1565 2243 1652 2243 1652 2150
1677 2160 1677 2238 1765 2238 1765 2160
779 2278 779 2363 863 2363 863 2278
887 2279 887 2377 963 2377 963 2279
1033 2288 1033 2365 1086 2365 1086 2288
1115 2287 1115 2366 1195 2366 1195 2287
1237 2276 1237 2367 1328 2367 1328 2276
1346 2267 1346 2352 1441 2352 1441 2267
1458 2272 1458 2352 1539 2352 1539 2272
1577 2265 1577 2365 1657 2365 1657 2265
1698 2275 1698 2353 1760 2353 1760 2275
2149 2234 2149 2337 2239 2337 2239 2234
2267 2245 2267 2326 2350 2326 2350 2245
2379 2245 2379 2330 2461 2330 2461 2245
2503 2231 2503 2318 2579 2318 2579 2231
768 2405 768 2499 874 2499 874 2405
882 2401 882 2482 961 2482 961 2401
1017 2401 1017 2486 1103 2486 1103 2401
1121 2401 1121 2495 1207 2495 1207 2401
1232 2397 1232 2496 1312 2496 1312 2397
1334 2390 1334 2472 1425 2472 1425 2390
1437 2399 1437 2470 1539 2470 1539 2399
1571 2384 1571 2471 1661 2471 1661 2384
1674 2385 1674 2474 1748 2474 1748 2385
2171 2372 2171 2449 2260 2449 2260 2372
2278 2367 2278 2444 2355 2444 2355 2367
2386 2362 2386 2437 2475 2437 2475 2362
2490 2363 2490 2445 2583 2445 2583 2363
2619 2359 2619 2433 2708 2433 2708 2359
2733 2341 2733 2432 2831 2432 2831 2341
2837 2340 2837 2431 2931 2431 2931 2340
2950 2340 2950 2437 3046 2437 3046 2340
792 2520 792 2608 853 2608 853 2520
893 2518 893 2595 968 2595 968 2518
1013 2524 1013 2611 1105 2611 1105 2524
1127 2527 1127 2608 1221 2608 1221 2527
1223 2516 1223 2612 1313 2612 1313 2516
1341 2509 1341 2593 1430 2593 1430 2509
1463 2511 1463 2593 1556 2593 1556 2511
1578 2503 1578 2593 1667 2593 1667 2503
1676 2504 1676 2582 1753 2582 1753 2504
1789 2495 1789 2581 1894 2581 1894 2495
2178 2467 2178 2562 2245 2562 2245 2467
2276 2479 2276 2571 2375 2571 2375 2479
2398 2480 2398 2569 2491 2569 2491 2480
2497 2480 2497 2560 2585 2560 2585 2480
2619 2473 2619 2561 2704 2561 2704 2473
2736 2476 2736 2548 2810 2548 2810 2476
2833 2466 2833 2544 2932 2544 2932 2466
2954 2460 2954 2534 3054 2534 3054 2460
3069 2454 3069 2550 3156 2550 3156 2454
776 2632 776 2715 865 2715 865 2632
899 2640 899 2728 984 2728 984 2640
1015 2634 1015 2726 1095 2726 1095 2634
1138 2626 1138 2724 1213 2724 1213 2626
1234 2633 1234 2714 1316 2714 1316 2633
1355 2625 1355 2723 1432 2723 1432 2625
1464 2624 1464 2707 1556 2707 1556 2624
1585 2617 1585 2710 1670 2710 1670 2617
1698 2628 1698 2703 1780 2703 1780 2628
1813 2616 1813 2702 1910 2702 1910 2616
1918 2613 1918 2695 2007 2695 2007 2613
2039 2597 2039 2688 2135 2688 2135 2597
2158 2604 2158 2685 2236 2685 2236 2604
2259 2608 2259 2688 2343 2688 2343 2608
2373 2603 2373 2690 2468 2690 2468 2603
2507 2602 2507 2676 2592 2676 2592 2602
2610 2603 2610 2676 2701 2676 2701 2603
2727 2591 2727 2680 2812 2680 2812 2591
2835 2591 2835 2669 2943 2669 2943 2591
2964 2586 2964 2675 3055 2675 3055 2586
3090 2582 3090 2668 3147 2668 3147 2582
670 2735 670 2819 752 2819 752 2735
782 2737 782 2825 866 2825 866 2737
888 2743 888 2817 957 2817 957 2743
1032 2749 1032 2820 1128 2820 1128 2749
1149 2741 1149 2813 1223 2813 1223 2741
1252 2727 1252 2805 1327 2805 1327 2727
1376 2729 1376 2810 1447 2810 1447 2729
1496 2721 1496 2802 1578 2802 1578 2721
1600 2729 1600 2806 1685 2806 1685 2729
1698 2713 1698 2806 1786 2806 1786 2713
1811 2707 1811 2792 1896 2792 1896 2707
1916 2704 1916 2777 2008 2777 2008 2704
2050 2692 2050 2777 2133 2777 2133 2692
2164 2697 2164 2785 2248 2785 2248 2697
2278 2702 2278 2786 2370 2786 2370 2702
2384 2696 2384 2781 2462 2781 2462 2696
2500 2678 2500 2780 2613 2780 2613 2678
2628 2678 2628 2761 2706 2761 2706 2678
2735 2684 2735 2763 2827 2763 2827 2684
2854 2675 2854 2764 2940 2764 2940 2675
2955 2681 2955 2768 3051 2768 3051 2681
671 2858 671 2952 764 2952 764 2858
779 2852 779 2948 868 2948 868 2852
883 2851 883 2935 975 2935 975 2851
1034 2843 1034 2941 1095 2941 1095 2843
1143 2845 1143 2930 1225 2930 1225 2845
1262 2841 1262 2934 1320 2934 1320 2841
1354 2845 1354 2921 1443 2921 1443 2845
1470 2840 1470 2928 1563 2928 1563 2840
1579 2837 1579 2915 1673 2915 1673 2837
1690 2832 1690 2916 1771 2916 1771 2832
1807 2821 1807 2913 1867 2913 1867 2821
1901 2828 1901 2903 1977 2903 1977 2828
2046 2818 2046 2908 2111 2908 2111 2818
2146 2810 2146 2906 2235 2906 2235 2810
2264 2811 2264 2891 2358 2891 2358 2811
2378 2808 2378 2896 2472 2896 2472 2808
2529 2806 2529 2893 2595 2893 2595 2806
2633 2797 2633 2886 2724 2886 2724 2797
2741 2797 2741 2891 2835 2891 2835 2797
2849 2796 2849 2882 2946 2882 2946 2796
2956 2795 2956 2877 3065 2877 3065 2795
674 2982 674 3075 763 3075 763 2982
783 2971 783 3077 867 3077 867 2971
897 2972 897 3050 984 3050 984 2972
1020 2968 1020 3058 1109 3058 1109 2968
1141 2976 1141 3059 1226 3059 1226 2976
1243 2963 1243 3053 1320 3053 1320 2963
1368 2971 1368 3055 1458 3055 1458 2971
1486 2959 1486 3050 1570 3050 1570 2959
1591 2955 1591 3045 1675 3045 1675 2955
1688 2946 1688 3063 1769 3063 1769 2946
1804 2949 1804 3022 1881 3022 1881 2949
1919 2941 1919 3037 2005 3037 2005 2941
2040 2948 2040 3022 2129 3022 2129 2948
2162 2936 2162 3028 2251 3028 2251 2936
2276 2935 2276 3020 2364 3020 2364 2935
2399 2919 2399 3012 2477 3012 2477 2919
2502 2925 2502 3013 2612 3013 2612 2925
2637 2916 2637 3006 2712 3006 2712 2916
2736 2916 2736 3001 2820 3001 2820 2916
2846 2923 2846 2996 2925 2996 2925 2923
2946 2921 2946 3008 3046 3008 3046 2921
3083 2922 3083 3001 3172 3001 3172 2922
675 3092 675 3185 757 3185 757 3092
782 3090 782 3170 884 3170 884 3090
912 3088 912 3179 972 3179 972 3088
1025 3083 1025 3170 1109 3170 1109 3083
1155 3086 1155 3170 1219 3170 1219 3086
1241 3076 1241 3168 1332 3168 1332 3076
1361 3071 1361 3159 1460 3159 1460 3071
1511 3068 1511 3159 1572 3159 1572 3068
1591 3074 1591 3148 1671 3148 1671 3074
1700 3061 1700 3158 1769 3158 1769 3061
1827 3054 1827 3148 1920 3148 1920 3054
1926 3052 1926 3141 2007 3141 2007 3052
2060 3042 2060 3136 2115 3136 2115 3042
2154 3050 2154 3138 2256 3138 2256 3050
2284 3042 2284 3130 2363 3130 2363 3042
2398 3043 2398 3134 2464 3134 2464 3043
2490 3039 2490 3132 2585 3132 2585 3039
2619 3032 2619 3112 2740 3112 2740 3032
2759 3028 2759 3116 2822 3116 2822 3028
2840 3025 2840 3115 2942 3115 2942 3025
2961 3019 2961 3114 3050 3114 3050 3019
3078 3013 3078 3102 3187 3102 3187 3013
569 3208 569 3294 641 3294 641 3208
678 3200 678 3288 764 3288 764 3200
793 3209 793 3283 870 3283 870 3209
902 3192 902 3274 992 3274 992 3192
1017 3196 1017 3285 1102 3285 1102 3196
1140 3189 1140 3273 1232 3273 1232 3189
1244 3181 1244 3259 1322 3259 1322 3181
1375 3175 1375 3274 1475 3274 1475 3175
1496 3175 1496 3273 1579 3273 1579 3175
1596 3174 1596 3285 1687 3285 1687 3174
1711 3173 1711 3263 1788 3263 1788 3173
1809 3171 1809 3258 1895 3258 1895 3171
1916 3171 1916 3262 2019 3262 2019 3171
2049 3168 2049 3242 2138 3242 2138 3168
2156 3156 2156 3245 2231 3245 2231 3156
2275 3147 2275 3232 2358 3232 2358 3147
2386 3146 2386 3239 2481 3239 2481 3146
2511 3149 2511 3238 2594 3238 2594 3149
2613 3144 2613 3244 2690 3244 2690 3144
2828 3139 2828 3233 2939 3233 2939 3139
2954 3133 2954 3222 3043 3222 3043 3133
3082 3133 3082 3220 3172 3220 3172 3133
584 3306 584 3399 670 3399 670 3306
681 3301 681 3402 765 3402 765 3301
785 3312 785 3398 882 3398 882 3312
903 3295 903 3402 996 3402 996 3295
1030 3299 1030 3390 1095 3390 1095 3299
1139 3297 1139 3381 1231 3381 1231 3297
1254 3298 1254 3393 1316 3393 1316 3298
1374 3292 1374 3373 1446 3373 1446 3292
1501 3292 1501 3378 1565 3378 1565 3292
1595 3287 1595 3378 1696 3378 1696 3287
1694 3276 1694 3371 1792 3371 1792 3276
1811 3273 1811 3365 1893 3365 1893 3273
1923 3271 1923 3364 2012 3364 2012 3271
2049 3271 2049 3360 2149 3360 2149 3271
2196 3263 2196 3349 2258 3349 2258 3263
2273 3260 2273 3350 2366 3350 2366 3260
2405 3267 2405 3336 2475 3336 2475 3267
2499 3251 2499 3350 2598 3350 2598 3251
2624 3252 2624 3340 2717 3340 2717 3252
2751 3247 2751 3332 2840 3332 2840 3247
2841 3242 2841 3337 2922 3337 2922 3242
2972 3247 2972 3325 3048 3325 3048 3247
3081 3239 3081 3328 3172 3328 3172 3239
586 3441 586 3531 688 3531 688 3441
688 3430 688 3528 785 3528 785 3430
792 3431 792 3526 890 3526 890 3431
904 3432 904 3515 985 3515 985 3432
1038 3427 1038 3507 1120 3507 1120 3427
1133 3419 1133 3506 1221 3506 1221 3419
1247 3413 1247 3508 1324 3508 1324 3413
1383 3417 1383 3514 1443 3514 1443 3417
1481 3420 1481 3509 1576 3509 1576 3420
1595 3402 1595 3510 1694 3510 1694 3402
1700 3396 1700 3505 1808 3505 1808 3396
1820 3398 1820 3498 1885 3498 1885 3398
1920 3400 1920 3505 2017 3505 2017 3400
2040 3392 2040 3491 2138 3491 2138 3392
2175 3383 2175 3474 2263 3474 2263 3383
2285 3389 2285 3471 2373 3471 2373 3389
2402 3385 2402 3467 2499 3467 2499 3385
2507 3371 2507 3472 2586 3472 2586 3371
2631 3372 2631 3465 2717 3465 2717 3372
2733 3360 2733 3462 2829 3462 2829 3360
2840 3372 2840 3463 2923 3463 2923 3372
2956 3373 2956 3458 3057 3458 3057 3373
685 3552 685 3637 776 3637 776 3552
799 3560 799 3633 890 3633 890 3560
910 3551 910 3635 1001 3635 1001 3551
1037 3553 1037 3631 1123 3631 1123 3553
1147 3538 1147 3622 1230 3622 1230 3538
1255 3536 1255 3621 1320 3621 1320 3536
1364 3546 1364 3625 1455 3625 1455 3546
1485 3522 1485 3616 1569 3616 1569 3522
1602 3528 1602 3616 1687 3616 1687 3528
1702 3523 1702 3613 1799 3613 1799 3523
1808 3524 1808 3608 1902 3608 1902 3524
1936 3519 1936 3607 2021 3607 2021 3519
2043 3509 2043 3592 2135 3592 2135 3509
2170 3509 2170 3600 2266 3600 2266 3509
2287 3498 2287 3592 2386 3592 2386 3498
2402 3495 2402 3590 2501 3590 2501 3495
2517 3498 2517 3580 2601 3580 2601 3498
2636 3491 2636 3579 2731 3579 2731 3491
2746 3477 2746 3565 2843 3565 2843 3477
2850 3488 2850 3566 2933 3566 2933 3488
2966 3480 2966 3572 3058 3572 3058 3480
900 3654 900 3734 1000 3734 1000 3654
1036 3649 1036 3723 1127 3723 1127 3649
1148 3644 1148 3739 1235 3739 1235 3644
1244 3646 1244 3742 1322 3742 1322 3646
1362 3655 1362 3746 1447 3746 1447 3655
1468 3643 1468 3735 1558 3735 1558 3643
1585 3639 1585 3721 1694 3721 1694 3639
1706 3635 1706 3736 1798 3736 1798 3635
1824 3631 1824 3732 1910 3732 1910 3631
1928 3636 1928 3725 2028 3725 2028 3636
2052 3638 2052 3721 2139 3721 2139 3638
2165 3626 2165 3705 2265 3705 2265 3626
2290 3619 2290 3699 2375 3699 2375 3619
2403 3620 2403 3707 2495 3707 2495 3620
2519 3615 2519 3721 2602 3721 2602 3615
2648 3607 2648 3700 2711 3700 2711 3607
2744 3605 2744 3688 2837 3688 2837 3605
2844 3604 2844 3689 2943 3689 2943 3604
2973 3599 2973 3692 3063 3692 3063 3599
692 3864 692 3952 758 3952 758 3864
804 3863 804 3951 882 3951 882 3863
913 3859 913 3940 1003 3940 1003 3859
1013 3854 1013 3935 1106 3935 1106 3854
1130 3852 1130 3939 1224 3939 1224 3852
1269 3856 1269 3936 1363 3936 1363 3856
1397 3850 1397 3941 1479 3941 1479 3850
1502 3856 1502 3937 1589 3937 1589 3856
1606 3845 1606 3928 1685 3928 1685 3845
1717 3837 1717 3922 1809 3922 1809 3837
1824 3840 1824 3927 1917 3927 1917 3840
1941 3834 1941 3915 2037 3915 2037 3834
2068 3834 2068 3916 2150 3916 2150 3834
2165 3828 2165 3913 2253 3913 2253 3828
2289 3826 2289 3924 2374 3924 2374 3826
2394 3819 2394 3917 2482 3917 2482 3819
2509 3822 2509 3900 2595 3900 2595 3822
2622 3817 2622 3907 2711 3907 2711 3817
781 3986 781 4081 883 4081 883 3986
903 3986 903 4077 986 4077 986 3986
1017 3979 1017 4072 1096 4072 1096 3979
1135 3991 1135 4059 1223 4059 1223 3991
1264 3979 1264 4052 1347 4052 1347 3979
1389 3981 1389 4060 1456 4060 1456 3981
1491 3978 1491 4068 1575 4068 1575 3978
1604 3967 1604 4051 1691 4051 1691 3967
1742 3970 1742 4049 1808 4049 1808 3970
1827 3961 1827 4044 1923 4044 1923 3961
1944 3967 1944 4051 2028 4051 2028 3967
2065 3952 2065 4041 2163 4041 2163 3952
2185 3958 2185 4031 2278 4031 2278 3958
2289 3956 2289 4031 2378 4031 2378 3956
2405 3940 2405 4034 2490 4034 2490 3940
2515 3929 2515 4031 2602 4031 2602 3929
2631 3938 2631 4023 2716 4023 2716 3938
806 4096 806 4177 894 4177 894 4096
917 4080 917 4180 1002 4180 1002 4080
1046 4090 1046 4173 1114 4173 1114 4090
1136 4084 1136 4163 1247 4163 1247 4084
1277 4080 1277 4158 1342 4158 1342 4080
1378 4076 1378 4166 1465 4166 1465 4076
1478 4078 1478 4166 1588 4166 1588 4078
1608 4072 1608 4171 1707 4171 1707 4072
1718 4075 1718 4161 1797 4161 1797 4075
1815 4066 1815 4160 1890 4160 1890 4066
1947 4069 1947 4149 2034 4149 2034 4069
2056 4064 2056 4157 2144 4157 2144 4064
2184 4069 2184 4148 2269 4148 2269 4069
2301 4053 2301 4149 2376 4149 2376 4053
2401 4067 2401 4139 2498 4139 2498 4067
2519 4051 2519 4141 2612 4141 2612 4051
2636 4052 2636 4140 2724 4140 2724 4052
2740 4035 2740 4136 2830 4136 2830 4035
2858 4041 2858 4142 2939 4142 2939 4041
791 4209 791 4300 892 4300 892 4209
912 4212 912 4303 1009 4303 1009 4212
1039 4201 1039 4292 1135 4292 1135 4201
1156 4214 1156 4303 1233 4303 1233 4214
1264 4206 1264 4289 1352 4289 1352 4206
1393 4200 1393 4282 1452 4282 1452 4200
1494 4198 1494 4297 1576 4297 1576 4198
1609 4197 1609 4273 1690 4273 1690 4197
1717 4194 1717 4281 1795 4281 1795 4194
1820 4201 1820 4284 1912 4284 1912 4201
1935 4189 1935 4274 2031 4274 2031 4189
2067 4194 2067 4280 2129 4280 2129 4194
2170 4191 2170 4268 2261 4268 2261 4191
2297 4175 2297 4267 2379 4267 2379 4175
2415 4183 2415 4267 2505 4267 2505 4183
2528 4176 2528 4264 2619 4264 2619 4176
2661 4173 2661 4259 2718 4259 2718 4173
816 4335 816 4424 905 4424 905 4335
923 4316 923 4421 1013 4421 1013 4316
1046 4319 1046 4408 1129 4408 1129 4319
1147 4317 1147 4409 1242 4409 1242 4317
1263 4311 1263 4403 1334 4403 1334 4311
1368 4312 1368 4394 1458 4394 1458 4312
1498 4312 1498 4398 1588 4398 1588 4312
1599 4306 1599 4397 1690 4397 1690 4306
1716 4306 1716 4386 1805 4386 1805 4306
1834 4292 1834 4377 1921 4377 1921 4292
1953 4292 1953 4382 2045 4382 2045 4292
2062 4300 2062 4379 2150 4379 2150 4300
2168 4289 2168 4373 2267 4373 2267 4289
2298 4294 2298 4380 2360 4380 2360 4294
2419 4288 2419 4368 2494 4368 2494 4288
2526 4274 2526 4368 2621 4368 2621 4274
2633 4283 2633 4360 2723 4360 2723 4283
920 4432 920 4533 1019 4533 1019 4432
1050 4432 1050 4513 1131 4513 1131 4432
1163 4425 1163 4512 1245 4512 1245 4425
1259 4431 1259 4507 1351 4507 1351 4431
1376 4417 1376 4510 1480 4510 1480 4417
1522 4425 1522 4506 1584 4506 1584 4425
1616 4424 1616 4510 1700 4510 1700 4424
1729 4422 1729 4502 1814 4502 1814 4422
1844 4404 1844 4501 1912 4501 1912 4404
1953 4410 1953 4498 2044 4498 2044 4410
2058 4412 2058 4494 2178 4494 2178 4412
2304 4414 2304 4492 2394 4492 2394 4414
2202 4413 2202 4498 2265 4498 2265 4413
2418 4403 2418 4493 2510 4493 2510 4403
2534 4400 2534 4486 2634 4486 2634 4400
2641 4392 2641 4479 2743 4479 2743 4392
1052 4539 1052 4627 1144 4627 1144 4539
1158 4540 1158 4620 1263 4620 1263 4540
1283 4537 1283 4625 1372 4625 1372 4537
1396 4532 1396 4618 1491 4618 1491 4532
1493 4533 1493 4625 1588 4625 1588 4533
1603 4524 1603 4619 1696 4619 1696 4524
1716 4526 1716 4605 1810 4605 1810 4526
1839 4525 1839 4607 1911 4607 1911 4525
1943 4521 1943 4599 2041 4599 2041 4521
2066 4511 2066 4603 2140 4603 2140 4511
2176 4518 2176 4601 2263 4601 2263 4518
2300 4507 2300 4611 2384 4611 2384 4507
2415 4505 2415 4588 2491 4588 2491 4505
2531 4505 2531 4585 2613 4585 2613 4505
2642 4510 2642 4592 2736 4592 2736 4510
1186 4671 1186 4766 1251 4766 1251 4671
1275 4668 1275 4761 1364 4761 1364 4668
1397 4666 1397 4751 1489 4751 1489 4666
1526 4667 1526 4755 1589 4755 1589 4667
1611 4661 1611 4756 1698 4756 1698 4661
1725 4658 1725 4754 1816 4754 1816 4658
1828 4667 1828 4755 1927 4755 1927 4667
1955 4654 1955 4744 2035 4744 2035 4654
2060 4646 2060 4741 2153 4741 2153 4646
2186 4639 2186 4724 2284 4724 2284 4639
2302 4636 2302 4725 2415 4725 2415 4636
2429 4646 2429 4719 2533 4719 2533 4646
2539 4635 2539 4724 2632 4724 2632 4635
2647 4639 2647 4717 2744 4717 2744 4639
2196 5004 2196 5083 2291 5083 2291 5004
2339 4996 2339 5083 2397 5083 2397 4996
2449 4990 2449 5076 2533 5076 2533 4990
2091 5106 2091 5186 2169 5186 2169 5106
2191 5094 2191 5187 2288 5187 2288 5094
2339 5087 2339 5181 2424 5181 2424 5087
2440 5100 2440 5189 2536 5189 2536 5100
2561 5090 2561 5193 2653 5193 2653 5090
1877 5228 1877 5323 1955 5323 1955 5228
1980 5232 1980 5323 2066 5323 2066 5232
2096 5228 2096 5317 2172 5317 2172 5228
2211 5198 2211 5301 2300 5301 2300 5198
2328 5219 2328 5306 2416 5306 2416 5219
2437 5215 2437 5300 2535 5300 2535 5215
2570 5230 2570 5296 2681 5296 2681 5230
2684 5203 2684 5296 2764 5296 2764 5203
2785 5220 2785 5288 2880 5288 2880 5220
841 5372 841 5458 931 5458 931 5372
970 5360 970 5451 1057 5451 1057 5360
1068 5356 1068 5448 1165 5448 1165 5356
1201 5351 1201 5449 1277 5449 1277 5351
1316 5350 1316 5435 1373 5435 1373 5350
1406 5350 1406 5434 1498 5434 1498 5350
1526 5358 1526 5436 1620 5436 1620 5358
1634 5351 1634 5435 1726 5435 1726 5351
1737 5329 1737 5424 1846 5424 1846 5329
1862 5341 1862 5419 1947 5419 1947 5341
1965 5334 1965 5431 2069 5431 2069 5334
2108 5331 2108 5422 2187 5422 2187 5331
2234 5328 2234 5416 2317 5416 2317 5328
2341 5326 2341 5407 2429 5407 2429 5326
2444 5313 2444 5406 2541 5406 2541 5313
2556 5308 2556 5409 2655 5409 2655 5308
746 5497 746 5594 835 5594 835 5497
855 5486 855 5592 928 5592 928 5486
967 5489 967 5595 1054 5595 1054 5489
1088 5482 1088 5575 1172 5575 1172 5482
1204 5473 1204 5572 1297 5572 1297 5473
1297 5469 1297 5583 1387 5583 1387 5469
1407 5467 1407 5570 1497 5570 1497 5467
1533 5458 1533 5561 1614 5561 1614 5458
1646 5460 1646 5541 1723 5541 1723 5460
1744 5461 1744 5559 1833 5559 1833 5461
1869 5457 1869 5535 1960 5535 1960 5457
1981 5439 1981 5548 2062 5548 2062 5439
2120 5448 2120 5529 2204 5529 2204 5448
2225 5445 2225 5536 2312 5536 2312 5445
2338 5437 2338 5531 2422 5531 2422 5437
2458 5432 2458 5517 2536 5517 2536 5432
2575 5440 2575 5525 2634 5525 2634 5440
2674 5435 2674 5514 2764 5514 2764 5435
2793 5432 2793 5522 2888 5522 2888 5432
749 5597 749 5694 830 5694 830 5597
847 5595 847 5687 937 5687 937 5595
971 5594 971 5677 1051 5677 1051 5594
1082 5593 1082 5672 1172 5672 1172 5593
1187 5590 1187 5682 1280 5682 1280 5590
1305 5580 1305 5662 1397 5662 1397 5580
1430 5578 1430 5667 1496 5667 1496 5578
1536 5579 1536 5665 1635 5665 1635 5579
1656 5574 1656 5661 1739 5661 1739 5574
1769 5577 1769 5647 1844 5647 1844 5577
1871 5554 1871 5664 1950 5664 1950 5554
1987 5555 1987 5638 2078 5638 2078 5555
2109 5550 2109 5639 2226 5639 2226 5550
2230 5561 2230 5630 2311 5630 2311 5561
2342 5557 2342 5643 2425 5643 2425 5557
2465 5543 2465 5643 2534 5643 2534 5543
2557 5545 2557 5635 2660 5635 2660 5545
2659 5549 2659 5635 2761 5635 2761 5549
2815 5542 2815 5635 2874 5635 2874 5542
2897 5541 2897 5641 2978 5641 2978 5541
745 5714 745 5809 837 5809 837 5714
857 5709 857 5794 941 5794 941 5709
959 5703 959 5793 1051 5793 1051 5703
1077 5697 1077 5805 1157 5805 1157 5697
1185 5705 1185 5792 1278 5792 1278 5705
1318 5694 1318 5780 1402 5780 1402 5694
1424 5700 1424 5785 1525 5785 1525 5700
1544 5699 1544 5793 1633 5793 1633 5699
1654 5690 1654 5783 1735 5783 1735 5690
1758 5683 1758 5784 1846 5784 1846 5683
1898 5686 1898 5778 1959 5778 1959 5686
1970 5683 1970 5775 2062 5775 2062 5683
2104 5688 2104 5767 2187 5767 2187 5688
2230 5692 2230 5771 2311 5771 2311 5692
2345 5676 2345 5766 2446 5766 2446 5676
2453 5673 2453 5763 2544 5763 2544 5673
2576 5673 2576 5761 2655 5761 2655 5673
2670 5662 2670 5744 2779 5744 2779 5662
2798 5671 2798 5752 2877 5752 2877 5671
748 5807 748 5901 838 5901 838 5807
965 5808 965 5898 1046 5898 1046 5808
1083 5809 1083 5905 1181 5905 1181 5809
1210 5806 1210 5884 1291 5884 1291 5806
1319 5806 1319 5881 1405 5881 1405 5806
1443 5799 1443 5887 1500 5887 1500 5799
1532 5796 1532 5887 1621 5887 1621 5796
1664 5802 1664 5876 1741 5876 1741 5802
1870 5794 1870 5880 1962 5880 1962 5794
1977 5779 1977 5874 2072 5874 2072 5779
2111 5781 2111 5869 2205 5869 2205 5781
2240 5781 2240 5866 2324 5866 2324 5781
2337 5776 2337 5862 2428 5862 2428 5776
2459 5768 2459 5856 2549 5856 2549 5768
2568 5778 2568 5866 2684 5866 2684 5778
2691 5765 2691 5848 2771 5848 2771 5765
2810 5758 2810 5844 2900 5844 2900 5758
2906 5775 2906 5843 2994 5843 2994 5775
772 6052 772 6151 834 6151 834 6052
850 6041 850 6128 936 6128 936 6041
969 6033 969 6122 1068 6122 1068 6033
1101 6036 1101 6119 1180 6119 1180 6036
1206 6024 1206 6115 1295 6115 1295 6024
1328 6029 1328 6114 1419 6114 1419 6029
1445 6014 1445 6119 1534 6119 1534 6014
1553 6031 1553 6118 1643 6118 1643 6031
1660 6012 1660 6097 1748 6097 1748 6012
1770 6010 1770 6100 1867 6100 1867 6010
1878 6024 1878 6105 1969 6105 1969 6024
2003 6010 2003 6095 2073 6095 2073 6010
2109 6014 2109 6093 2198 6093 2198 6014
2220 6012 2220 6086 2293 6086 2293 6012
2338 5996 2338 6090 2443 6090 2443 5996
2467 5998 2467 6084 2553 6084 2553 5998
2588 5997 2588 6078 2661 6078 2661 5997
2708 5995 2708 6073 2785 6073 2785 5995
2818 5988 2818 6076 2898 6076 2898 5988
2914 5996 2914 6078 2993 6078 2993 5996
760 6157 760 6249 825 6249 825 6157
854 6151 854 6239 944 6239 944 6151
971 6148 971 6240 1070 6240 1070 6148
1108 6143 1108 6239 1188 6239 1188 6143
1217 6149 1217 6238 1299 6238 1299 6149
1316 6155 1316 6247 1393 6247 1393 6155
1438 6145 1438 6238 1505 6238 1505 6145
1556 6135 1556 6229 1641 6229 1641 6135
1665 6142 1665 6219 1754 6219 1754 6142
1785 6127 1785 6226 1847 6226 1847 6127
1877 6130 1877 6230 1971 6230 1971 6130
1991 6128 1991 6226 2064 6226 2064 6128
2118 6131 2118 6217 2215 6217 2215 6131
2246 6125 2246 6219 2318 6219 2318 6125
2347 6121 2347 6220 2435 6220 2435 6121
2469 6114 2469 6213 2543 6213 2543 6114
2572 6116 2572 6207 2671 6207 2671 6116
2697 6114 2697 6200 2775 6200 2775 6114
2816 6122 2816 6202 2918 6202 2918 6122
640 6269 640 6357 717 6357 717 6269
761 6275 761 6364 842 6364 842 6275
870 6266 870 6364 941 6364 941 6266
972 6277 972 6354 1067 6354 1067 6277
1093 6271 1093 6371 1196 6371 1196 6271
1197 6272 1197 6358 1285 6358 1285 6272
1330 6269 1330 6356 1386 6356 1386 6269
1436 6267 1436 6343 1527 6343 1527 6267
1555 6247 1555 6327 1639 6327 1639 6247
1645 6267 1645 6335 1763 6335 1763 6267
1782 6245 1782 6331 1877 6331 1877 6245
1898 6242 1898 6329 1979 6329 1979 6242
2004 6233 2004 6329 2081 6329 2081 6233
2123 6241 2123 6328 2203 6328 2203 6241
2233 6238 2233 6326 2317 6326 2317 6238
2358 6239 2358 6317 2451 6317 2451 6239
2478 6223 2478 6321 2551 6321 2551 6223
2581 6232 2581 6306 2702 6306 2702 6232
1209 6370 1209 6464 1294 6464 1294 6370
1320 6358 1320 6446 1404 6446 1404 6358
1449 6352 1449 6447 1508 6447 1508 6352
1548 6326 1548 6449 1627 6449 1627 6326
1671 6345 1671 6431 1753 6431 1753 6345
1788 6335 1788 6430 1878 6430 1878 6335
1887 6346 1887 6423 1983 6423 1983 6346
2019 6342 2019 6430 2101 6430 2101 6342
2129 6342 2129 6427 2193 6427 2193 6342
2234 6342 2234 6432 2333 6432 2333 6342
2359 6344 2359 6426 2450 6426 2450 6344
2482 6338 2482 6423 2545 6423 2545 6338
2594 6334 2594 6420 2679 6420 2679 6334
872 6492 872 6567 955 6567 955 6492
974 6501 974 6601 1054 6601 1054 6501
1083 6495 1083 6585 1178 6585 1178 6495
1219 6499 1219 6595 1301 6595 1301 6499
1345 6501 1345 6582 1404 6582 1404 6501
1443 6486 1443 6571 1529 6571 1529 6486
1562 6486 1562 6580 1644 6580 1644 6486
1672 6482 1672 6579 1767 6579 1767 6482
1785 6477 1785 6569 1864 6569 1864 6477
1895 6470 1895 6565 1982 6565 1982 6470
1996 6469 1996 6572 2073 6572 2073 6469
2126 6460 2126 6551 2199 6551 2199 6460
2205 6480 2205 6554 2342 6554 2342 6480
2361 6460 2361 6553 2448 6553 2448 6460
2471 6449 2471 6557 2566 6557 2566 6449
2583 6455 2583 6553 2677 6553 2677 6455
2696 6469 2696 6548 2785 6548 2785 6469
871 6618 871 6698 959 6698 959 6618
980 6613 980 6689 1052 6689 1052 6613
1108 6603 1108 6687 1188 6687 1188 6603
1214 6607 1214 6688 1309 6688 1309 6607
1437 6611 1437 6692 1543 6692 1543 6611
1547 6597 1547 6680 1630 6680 1630 6597
1664 6598 1664 6685 1773 6685 1773 6598
1791 6600 1791 6676 1874 6676 1874 6600
1891 6597 1891 6683 1996 6683 1996 6597
2019 6589 2019 6678 2089 6678 2089 6589
2140 6585 2140 6671 2232 6671 2232 6585
2272 6584 2272 6669 2331 6669 2331 6584
2368 6575 2368 6670 2458 6670 2458 6575
2474 6575 2474 6666 2574 6666 2574 6575
1112 6717 1112 6803 1207 6803 1207 6717
980 6726 980 6824 1065 6824 1065 6726
884 6733 884 6825 972 6825 972 6733
782 6730 782 6821 834 6821 834 6730
659 6721 659 6808 735 6808 735 6721
1228 6719 1228 6800 1323 6800 1323 6719
1345 6716 1345 6802 1411 6802 1411 6716
1441 6723 1441 6796 1526 6796 1526 6723
1566 6718 1566 6791 1663 6791 1663 6718
1672 6699 1672 6792 1742 6792 1742 6699
1811 6711 1811 6792 1867 6792 1867 6711
1888 6700 1888 6795 1990 6795 1990 6700
2133 6695 2133 6784 2222 6784 2222 6695
2255 6684 2255 6781 2342 6781 2342 6684
2364 6681 2364 6782 2452 6782 2452 6681
865 6829 865 6912 953 6912 953 6829
770 6823 770 6908 850 6908 850 6823
979 6821 979 6906 1074 6906 1074 6821
1095 6828 1095 6898 1181 6898 1181 6828
1206 6822 1206 6898 1314 6898 1314 6822
2363 6793 2363 6892 2457 6892 2457 6793
1557 6808 1557 6900 1644 6900 1644 6808
1670 6796 1670 6889 1753 6889 1753 6796
1784 6805 1784 6887 1872 6887 1872 6805
678 6934 678 7032 754 7032 754 6934
793 6949 793 7037 846 7037 846 6949
868 6918 868 7012 981 7012 981 6918
997 6943 997 7022 1098 7022 1098 6943
1112 6922 1112 7011 1209 7011 1209 6922
1226 6925 1226 7008 1318 7008 1318 6925
1330 6920 1330 7004 1420 7004 1420 6920
1446 6917 1446 6994 1535 6994 1535 6917
1564 6906 1564 6994 1652 6994 1652 6906
1683 6908 1683 7000 1771 7000 1771 6908
1794 6902 1794 7007 1884 7007 1884 6902
668 7066 668 7139 766 7139 766 7066
772 7061 772 7152 859 7152 859 7061
876 7052 876 7142 976 7142 976 7052
995 7054 995 7136 1075 7136 1075 7054
1115 7064 1115 7139 1206 7139 1206 7064
1235 7054 1235 7144 1299 7144 1299 7054
1337 7049 1337 7136 1420 7136 1420 7049
1449 7045 1449 7131 1541 7131 1541 7045
1563 7035 1563 7129 1655 7129 1655 7035
1671 7024 1671 7129 1745 7129 1745 7024
886 7180 886 7265 981 7265 981 7180
1015 7176 1015 7259 1075 7259 1075 7176
1123 7169 1123 7274 1213 7274 1213 7169
1226 7161 1226 7259 1321 7259 1321 7161
1324 7172 1324 7257 1414 7257 1414 7172
1447 7153 1447 7246 1538 7246 1538 7153
1564 7170 1564 7245 1662 7245 1662 7170
1685 7160 1685 7242 1768 7242 1768 7160
994 7296 994 7376 1093 7376 1093 7296
1138 7291 1138 7385 1191 7385 1191 7291
1229 7281 1229 7369 1318 7369 1318 7281
1343 7284 1343 7369 1417 7369 1417 7284
1454 7283 1454 7377 1529 7377 1529 7283
1572 7270 1572 7376 1663 7376 1663 7270
1678 7278 1678 7362 1775 7362 1775 7278
1136 7398 1136 7480 1193 7480 1193 7398
1232 7386 1232 7480 1320 7480 1320 7386
1334 7395 1334 7489 1421 7489 1421 7395
1455 7393 1455 7483 1544 7483 1544 7393
1580 7397 1580 7472 1674 7472 1674 7397
1694 7394 1694 7478 1754 7478 1754 7394
1906 7388 1906 7479 1995 7479 1995 7388
1802 7397 1802 7479 1891 7479 1891 7397
1227 7527 1227 7611 1325 7611 1325 7527
1349 7513 1349 7619 1423 7619 1423 7513
1471 7517 1471 7610 1528 7610 1528 7517
1579 7526 1579 7606 1675 7606 1675 7526
1698 7504 1698 7593 1775 7593 1775 7504
1796 7498 1796 7595 1902 7595 1902 7498
1912 7504 1912 7589 1995 7589 1995 7504
2022 7499 2022 7593 2117 7593 2117 7499
2146 7490 2146 7577 2235 7577 2235 7490
1373 7634 1373 7721 1432 7721 1432 7634
1462 7627 1462 7714 1546 7714 1546 7627
1580 7628 1580 7714 1672 7714 1672 7628
1694 7630 1694 7713 1796 7713 1796 7630
1803 7632 1803 7711 1901 7711 1901 7632
1911 7609 1911 7711 1978 7711 1978 7609
2014 7611 2014 7702 2098 7702 2098 7611
2258 7608 2258 7711 2362 7711 2362 7608
2134 7602 2134 7709 2239 7709 2239 7602
2371 7602 2371 7701 2479 7701 2479 7602
1422 7745 1422 7823 1475 7823 1475 7745
1475 7750 1475 7819 1537 7819 1537 7750
1546 7746 1546 7827 1588 7827 1588 7746
1599 7751 1599 7834 1672 7834 1672 7751
1694 7747 1694 7835 1764 7835 1764 7747
1796 7749 1796 7827 1886 7827 1886 7749
1904 7746 1904 7823 1984 7823 1984 7746
2019 7741 2019 7819 2121 7819 2121 7741
2131 7738 2131 7810 2236 7810 2236 7738
2260 7737 2260 7815 2361 7815 2361 7737
2379 7723 2379 7817 2463 7817 2463 7723
1252 7853 1252 7939 1331 7939 1331 7853
1347 7866 1347 7932 1425 7932 1425 7866
1465 7851 1465 7931 1519 7931 1519 7851
1567 7855 1567 7934 1671 7934 1671 7855
1698 7844 1698 7932 1776 7932 1776 7844
1804 7834 1804 7928 1899 7928 1899 7834
1914 7837 1914 7922 2002 7922 2002 7837
2034 7837 2034 7920 2119 7920 2119 7837
2138 7830 2138 7925 2232 7925 2232 7830
2266 7825 2266 7923 2347 7923 2347 7825
2378 7831 2378 7918 2476 7918 2476 7831
1465 7961 1465 8034 1547 8034 1547 7961
1810 7956 1810 8041 1897 8041 1897 7956
1923 7955 1923 8037 2027 8037 2027 7955
2052 7960 2052 8037 2115 8037 2115 7960
2144 7947 2144 8030 2246 8030 2246 7947
2271 7935 2271 8027 2355 8027 2355 7935
2378 7937 2378 8019 2461 8019 2461 7937
1701 7957 1701 8037 1785 8037 1785 7957
1799 8071 1799 8153 1882 8153 1882 8071
1904 8061 1904 8153 2012 8153 2012 8061
2026 8058 2026 8143 2129 8143 2129 8058
2146 8045 2146 8136 2232 8136 2232 8045
2262 8054 2262 8146 2352 8146 2352 8054
846 5805 846 5906 927 5906 927 5805
1762 5788 1762 5889 1843 5889 1843 5788
# Transcript
YAINETOYARCO
IASHIPROXENOS*
ENHIKAINEAIEBDO
SIATWNPROEDRWN*
ENTWIDHMWIQEOD*
IDHFYLEYSCEIROT
TWIDHMWIEPIPYQO
ONHQHHRXENPAL
**IWNPASWNES*
OYLHS
*
OMON**
TWIDHM***
MOYTONEPI
NKAISTEFA*
*YRIONTOEINSTE*
*MOYEKTWNEAKATAUHF
*IOPWSDANOT*IASAPOLAB
*YSPROEDROYSOIANLACWSI
SNOMOQETASPROSNOMOQET*
NKAIOIALLOIOIKAQISTAM*
*PROSTETHNBOYLHNKAITOND
*KAIEINAICRHSIMOITWIDHM
ETODETOUHFISMATONGR*MMA
THLHILIQINHIKAITOTHSBOY*
DHMOYOEIPENIPPOCARHSKA*
*NANAGRAFHNTHSSTHLHSDO*
***MASEKTWNKATAUHFISMA
IPYQODHLOYARCONTOS
*ETRADIEPIDEKADEYT
HRIWITWNPROEDRWNEPE
*XENTHIBOYLHIAGASI
HFYLEYSPAYSANIOYO
BOYLHIKAITWIDHMW
OMOYSKAIAIPRYTA
*IKAIESTEFANWKA
********
*
*AIN
OSYNH*
******STEFANWSA
NEPEIDANTASEYQYN**
HITOYSPROEDROYSOIAN*
EKKLHSIANCRHMATISAIP
THSBOYLHSEISTONDHMO
YRESQAIPARATOYDHMOYA*
IPYQODHLOYARCONTOSEP
*IASENEIKAINEAIEBDOM*
EKKLHSIATWNPROEDRW****
******THIBOYLHIKAIT***
***QENEIPENPERIWNFYL*
**TOYDMOYKAIOISY*
*NIASKAICARID*MOS**
**NLACW**PRO*Y**
*EINAYTOYSPR
LESQAITHSB
*AIFYLEAP
AISTEFA*
INESAIDE
ARIDHMONO**
ITHNARCHNK*
***:C:DRACMWNT*
SAIMENTONTA
DTAMIANA
ONAPO
