# Baseline angle
0
# Boxes: x1 y1 x2 y2 x3 y3 x4 y4
32 363 32 467 166 467 166 363
217 344 217 457 283 457 283 344
364 330 364 449 480 449 480 330
523 336 523 450 636 450 636 336
679 329 679 446 793 446 793 329
828 322 828 435 949 435 949 322
992 316 992 434 1112 434 1112 316
1183 300 1183 417 1243 417 1243 300
1315 313 1315 413 1435 413 1435 313
1492 302 1492 410 1604 410 1604 302
68 497 68 632 133 632 133 497
203 490 203 616 330 616 330 490
368 495 368 612 494 612 494 495
515 487 515 596 640 596 640 487
675 493 675 602 788 602 788 493
853 470 853 589 920 589 920 470
994 466 994 590 1116 590 1116 466
1162 469 1162 579 1282 579 1282 469
1350 463 1350 568 1410 568 1410 463
1490 463 1490 562 1594 562 1594 463
1669 452 1669 554 1732 554 1732 452
1783 444 1783 549 1910 549 1910 444
1955 421 1955 556 2053 556 2053 421
72 667 72 766 175 766 175 667
236 654 236 767 314 767 314 654
364 647 364 750 477 750 477 647
523 647 523 744 664 744 664 647
703 633 703 750 774 750 774 633
817 632 817 740 952 740 952 632
1003 621 1003 737 1123 737 1123 621
1163 613 1163 727 1303 727 1303 613
1310 617 1310 723 1452 723 1452 617
1503 609 1503 724 1564 724 1564 609
1642 592 1642 713 1770 713 1770 592
1806 596 1806 713 1923 713 1923 596
1956 601 1956 697 2068 697 2068 601
2483 557 2483 664 2594 664 2594 557
2652 546 2652 664 2762 664 2762 546
2796 546 2796 646 2915 646 2915 546
2986 530 2986 635 3047 635 3047 530
3115 529 3115 627 3234 627 3234 529
3277 524 3277 647 3394 647 3394 524
3439 523 3439 640 3560 640 3560 523
3594 529 3594 623 3697 623 3697 529
220 787 220 910 334 910 334 787
375 784 375 910 487 910 487 784
522 777 522 902 648 902 648 777
689 770 689 890 790 890 790 770
841 774 841 903 959 903 959 774
1004 776 1004 884 1122 884 1122 776
1156 757 1156 882 1284 882 1284 757
1316 754 1316 882 1452 882 1452 754
1517 754 1517 869 1600 869 1600 754
1637 736 1637 868 1768 868 1768 736
1827 746 1827 869 1900 869 1900 746
2502 697 2502 817 2569 817 2569 697
2646 695 2646 797 2761 797 2761 695
2828 694 2828 802 2890 802 2890 694
2948 688 2948 802 3081 802 3081 688
3099 683 3099 804 3223 804 3223 683
3277 682 3277 787 3381 787 3381 682
3434 676 3434 786 3552 786 3552 676
3582 670 3582 794 3703 794 3703 670
3752 663 3752 769 3862 769 3862 663
60 946 60 1073 167 1073 167 946
208 959 208 1068 342 1068 342 959
384 972 384 1062 490 1062 490 972
522 944 522 1070 656 1070 656 944
674 949 674 1068 788 1068 788 949
836 947 836 1060 943 1060 943 947
984 921 984 1057 1127 1057 1127 921
1167 937 1167 1053 1296 1053 1296 937
1336 934 1336 1040 1446 1040 1446 934
1493 916 1493 1042 1626 1042 1626 916
1649 909 1649 1029 1776 1029 1776 909
1814 906 1814 1029 1929 1029 1929 906
2502 859 2502 987 2614 987 2614 859
2669 860 2669 972 2784 972 2784 860
2828 847 2828 969 2917 969 2917 847
2954 846 2954 964 3072 964 3072 846
3106 847 3106 967 3215 967 3215 847
3268 836 3268 950 3382 950 3382 836
3422 827 3422 961 3549 961 3549 827
3583 827 3583 944 3713 944 3713 827
3737 823 3737 949 3868 949 3868 823
3883 826 3883 932 4047 932 4047 826
4061 814 4061 937 4187 937 4187 814
4227 807 4227 922 4367 922 4367 807
60 1119 60 1236 181 1236 181 1119
229 1122 229 1241 350 1241 350 1122
375 1101 375 1236 508 1236 508 1101
536 1106 536 1223 644 1223 644 1106
695 1107 695 1216 802 1216 802 1107
836 1097 836 1221 953 1221 953 1097
1009 1097 1009 1213 1129 1213 1129 1097
1162 1087 1162 1216 1294 1216 1294 1087
1334 1089 1334 1214 1462 1214 1462 1089
1489 1092 1489 1203 1639 1203 1639 1092
1660 1066 1660 1196 1773 1196 1773 1066
1810 1079 1810 1193 1934 1193 1934 1079
2472 1048 2472 1142 2636 1142 2636 1048
2694 1020 2694 1135 2744 1135 2744 1020
2810 1007 2810 1133 2924 1133 2924 1007
2960 1008 2960 1121 3082 1121 3082 1008
3117 1007 3117 1124 3241 1124 3241 1007
3254 986 3254 1109 3399 1109 3399 986
3434 997 3434 1104 3556 1104 3556 997
3586 993 3586 1115 3703 1115 3703 993
3737 995 3737 1119 3883 1119 3883 995
3923 975 3923 1103 4012 1103 4012 975
4061 983 4061 1097 4197 1097 4197 983
4222 976 4222 1092 4363 1092 4363 976
4386 976 4386 1075 4489 1075 4489 976
63 1266 63 1415 168 1415 168 1266
232 1292 232 1403 349 1403 349 1292
393 1292 393 1390 499 1390 499 1292
529 1277 529 1399 674 1399 674 1277
690 1279 690 1375 820 1375 820 1279
843 1260 843 1392 962 1392 962 1260
1008 1252 1008 1380 1142 1380 1142 1252
1175 1243 1175 1369 1306 1369 1306 1243
1347 1247 1347 1362 1470 1362 1470 1247
1500 1233 1500 1364 1623 1364 1623 1233
1659 1228 1659 1366 1768 1366 1768 1228
1829 1228 1829 1352 1942 1352 1942 1228
2495 1180 2495 1288 2608 1288 2608 1180
2655 1172 2655 1292 2780 1292 2780 1172
2815 1174 2815 1283 2942 1283 2942 1174
2981 1180 2981 1270 3082 1270 3082 1180
3112 1163 3112 1279 3255 1279 3255 1163
3276 1146 3276 1279 3401 1279 3401 1146
3435 1143 3435 1270 3556 1270 3556 1143
3608 1136 3608 1239 3722 1239 3722 1136
3767 1130 3767 1255 3892 1255 3892 1130
3929 1134 3929 1254 4028 1254 4028 1134
4052 1120 4052 1254 4180 1254 4180 1120
4241 1129 4241 1232 4316 1232 4316 1129
4376 1113 4376 1247 4489 1247 4489 1113
4526 1133 4526 1237 4659 1237 4659 1133
4707 1110 4707 1227 4820 1227 4820 1110
83 1453 83 1568 200 1568 200 1453
229 1440 229 1564 359 1564 359 1440
395 1437 395 1570 519 1570 519 1437
544 1443 544 1547 675 1547 675 1443
697 1433 697 1536 808 1536 808 1433
846 1435 846 1546 959 1546 959 1435
1021 1417 1021 1537 1148 1537 1148 1417
1203 1413 1203 1547 1281 1547 1281 1413
1348 1415 1348 1526 1469 1526 1469 1415
1539 1408 1539 1510 1599 1510 1599 1408
1666 1409 1666 1503 1784 1503 1784 1409
1848 1388 1848 1503 1908 1503 1908 1388
1961 1376 1961 1503 2087 1503 2087 1376
2503 1347 2503 1456 2623 1456 2623 1347
2668 1346 2668 1436 2768 1436 2768 1346
2808 1329 2808 1446 2930 1446 2930 1329
2956 1312 2956 1433 3088 1433 3088 1312
3126 1310 3126 1433 3249 1433 3249 1310
3266 1335 3266 1442 3399 1442 3399 1335
3432 1313 3432 1428 3574 1428 3574 1313
3587 1300 3587 1420 3739 1420 3739 1300
3773 1304 3773 1409 3892 1409 3892 1304
3922 1297 3922 1403 4040 1403 4040 1297
4083 1297 4083 1421 4196 1421 4196 1297
4230 1292 4230 1400 4355 1400 4355 1292
4383 1286 4383 1390 4494 1390 4494 1286
89 1599 89 1728 194 1728 194 1599
224 1617 224 1720 346 1720 346 1617
402 1593 402 1708 519 1708 519 1593
544 1609 544 1729 673 1729 673 1609
696 1575 696 1708 828 1708 828 1575
857 1568 857 1710 999 1710 999 1568
1023 1566 1023 1690 1142 1690 1142 1566
1181 1581 1181 1697 1310 1697 1310 1581
1370 1563 1370 1681 1452 1681 1452 1563
1522 1555 1522 1687 1644 1687 1644 1555
1667 1562 1667 1680 1784 1680 1784 1562
1834 1561 1834 1673 1948 1673 1948 1561
1977 1542 1977 1673 2100 1673 2100 1542
2495 1500 2495 1620 2628 1620 2628 1500
2656 1495 2656 1620 2789 1620 2789 1495
2812 1499 2812 1604 2927 1604 2927 1499
2935 1508 2935 1606 3112 1606 3112 1508
3153 1496 3153 1589 3222 1589 3222 1496
3283 1495 3283 1603 3407 1603 3407 1495
3434 1490 3434 1600 3548 1600 3548 1490
3601 1469 3601 1588 3721 1588 3721 1469
3770 1469 3770 1579 3887 1579 3887 1469
3937 1460 3937 1576 4037 1576 4037 1460
4073 1461 4073 1583 4199 1583 4199 1461
4250 1453 4250 1573 4320 1573 4320 1453
4383 1446 4383 1580 4521 1580 4521 1446
4555 1462 4555 1569 4628 1569 4628 1462
4672 1475 4672 1573 4863 1573 4863 1475
103 1763 103 1883 167 1883 167 1763
237 1770 237 1886 367 1886 367 1770
388 1774 388 1880 529 1880 529 1774
577 1754 577 1870 646 1870 646 1754
707 1742 707 1862 817 1862 817 1742
859 1743 859 1857 986 1857 986 1743
1019 1733 1019 1844 1161 1844 1161 1733
1200 1720 1200 1857 1320 1857 1320 1720
1356 1728 1356 1843 1492 1843 1492 1728
1527 1722 1527 1836 1654 1836 1654 1722
1682 1721 1682 1823 1767 1823 1767 1721
1813 1699 1813 1821 1946 1821 1946 1699
2013 1706 2013 1812 2066 1812 2066 1706
2496 1649 2496 1767 2604 1767 2604 1649
2663 1654 2663 1764 2786 1764 2786 1654
2812 1641 2812 1763 2930 1763 2930 1641
2972 1639 2972 1760 3096 1760 3096 1639
3119 1641 3119 1755 3235 1755 3235 1641
3274 1626 3274 1746 3399 1746 3399 1626
3424 1628 3424 1735 3555 1735 3555 1628
3596 1624 3596 1736 3715 1736 3715 1624
3754 1615 3754 1734 3860 1734 3860 1615
3920 1616 3920 1726 4042 1726 4042 1616
4072 1606 4072 1721 4190 1721 4190 1606
4234 1600 4234 1723 4360 1723 4360 1600
4403 1601 4403 1715 4516 1715 4516 1601
4541 1608 4541 1723 4659 1723 4659 1608
4704 1597 4704 1724 4829 1724 4829 1597
89 1907 89 2024 207 2024 207 1907
257 1906 257 2034 368 2034 368 1906
392 1896 392 2024 524 2024 524 1896
559 1892 559 2026 681 2026 681 1892
703 1901 703 2009 822 2009 822 1901
855 1886 855 2017 989 2017 989 1886
1026 1880 1026 2032 1148 2032 1148 1880
1188 1880 1188 2008 1339 2008 1339 1880
1363 1880 1363 1980 1497 1980 1497 1880
1528 1869 1528 1981 1640 1981 1640 1869
1673 1859 1673 1981 1797 1981 1797 1859
1830 1866 1830 1984 1962 1984 1962 1866
2000 1853 2000 1975 2066 1975 2066 1853
2337 1823 2337 1920 2455 1920 2455 1823
2501 1797 2501 1916 2628 1916 2628 1797
2667 1807 2667 1907 2781 1907 2781 1807
2816 1806 2816 1913 2940 1913 2940 1806
2967 1789 2967 1907 3112 1907 3112 1789
3163 1783 3163 1900 3222 1900 3222 1783
3270 1797 3270 1899 3402 1899 3402 1797
3430 1779 3430 1894 3540 1894 3540 1779
3606 1776 3606 1884 3717 1884 3717 1776
3756 1773 3756 1876 3868 1876 3868 1773
3930 1757 3930 1886 4035 1886 4035 1757
4081 1762 4081 1868 4197 1868 4197 1762
4254 1757 4254 1869 4364 1869 4364 1757
4413 1736 4413 1869 4542 1869 4542 1736
4557 1743 4557 1860 4679 1860 4679 1743
4730 1744 4730 1853 4834 1853 4834 1744
101 2054 101 2187 234 2187 234 2054
254 2063 254 2169 374 2169 374 2063
414 2042 414 2181 532 2181 532 2042
569 2060 569 2177 692 2177 692 2060
709 2047 709 2148 821 2148 821 2047
857 2041 857 2150 994 2150 994 2041
1026 2039 1026 2146 1162 2146 1162 2039
1184 2020 1184 2149 1313 2149 1313 2020
1363 2012 1363 2139 1492 2139 1492 2012
1521 2014 1521 2141 1660 2141 1660 2014
1676 2004 1676 2130 1800 2130 1800 2004
1817 2020 1817 2120 1967 2120 1967 2020
1984 1999 1984 2108 2110 2108 2110 1999
2341 1959 2341 2083 2479 2083 2479 1959
2492 1973 2492 2073 2627 2073 2627 1973
2677 1960 2677 2066 2807 2066 2807 1960
2822 1924 2822 2055 2940 2055 2940 1924
2990 1933 2990 2054 3106 2054 3106 1933
3127 1935 3127 2056 3261 2056 3261 1935
3306 1926 3306 2047 3380 2047 3380 1926
3441 1917 3441 2063 3560 2063 3560 1917
3602 1917 3602 2036 3739 2036 3739 1917
3768 1907 3768 2022 3899 2022 3899 1907
3933 1910 3933 2028 4061 2028 4061 1910
4095 1909 4095 2015 4215 2015 4215 1909
4250 1901 4250 2002 4369 2002 4369 1901
4428 1888 4428 2007 4548 2007 4548 1888
4570 1886 4570 2000 4687 2000 4687 1886
4710 1896 4710 2006 4829 2006 4829 1896
110 2223 110 2339 188 2339 188 2223
244 2219 244 2354 355 2354 355 2219
419 2213 419 2334 530 2334 530 2213
572 2217 572 2317 670 2317 670 2217
709 2212 709 2335 862 2335 862 2212
874 2190 874 2312 992 2312 992 2190
1036 2197 1036 2316 1173 2316 1173 2197
1194 2209 1194 2315 1344 2315 1344 2209
1367 2196 1367 2308 1499 2308 1499 2196
1528 2186 1528 2316 1646 2316 1646 2186
1683 2182 1683 2288 1829 2288 1829 2182
1868 2180 1868 2286 1926 2286 1926 2180
1975 2172 1975 2292 2102 2292 2102 2172
2352 2120 2352 2242 2479 2242 2479 2120
2504 2130 2504 2239 2643 2239 2643 2130
2680 2114 2680 2233 2760 2233 2760 2114
726 3397 726 3508 852 3508 852 3397
900 3406 900 3503 1032 3503 1032 3406
1055 3373 1055 3496 1170 3496 1170 3373
1197 3376 1197 3493 1344 3493 1344 3376
1399 3382 1399 3473 1508 3473 1508 3382
1535 3353 1535 3502 1676 3502 1676 3353
3300 3283 3300 3397 3427 3397 3427 3283
3479 3292 3479 3396 3599 3396 3599 3292
3629 3273 3629 3395 3762 3395 3762 3273
3777 3264 3777 3389 3941 3389 3941 3264
3970 3263 3970 3375 4083 3375 4083 3263
4113 3254 4113 3389 4236 3389 4236 3254
3312 5788 3312 5922 3424 5922 3424 5788
3437 5789 3437 5917 3534 5917 3534 5789
3546 5784 3546 5896 3636 5896 3636 5784
3652 5769 3652 5907 3800 5907 3800 5769
3823 5767 3823 5888 3957 5888 3957 5767
4007 5755 4007 5879 4124 5879 4124 5755
# Transcript
****
AINYNKAIEN**
IAYTOIKAIOIPR**
AITWIDHMWIEPA*ESAIAYTO
*SENEKAKAIFI**IMIASTHSE*
HMONTONAQHNA**KAISTEFANWSA
ATERONAYTWNC**WISTEFANWIAPO*
RACMWNANAGRA**DETODETOUHFISMA
ENSTHLHILIQINTONGRAMMATEAT**
BOYLHSKAISTHSENTWIASKLHPIEIW
ITWIENASTEIEI**ETHNANAGRAFHNTH
SSTHLHSDOYNAIONTAMIANTOYDHMOY
PDRACMASEKTWN*ATAUHFISMATAANAL
ISKOMENWNTWID*MWI
ODHMOSODHMOS
HBOYLH

# Lines: x1 y1 x2 y2 x3 y3 x4 y4
28 409 1715 344
35 558 2109 491
50 714 3719 563
167 860 3902 683
47 1024 4459 872
38 1173 4523 1012
59 1333 4836 1163
47 1506 4634 1338
50 1657 4982 1528
74 1816 4898 1660
62 1981 4929 1787
62 2101 4943 1938
59 2265 2980 2181
688 3455 4295 3304
3206 5876 4204 5826