# Baseline angle
0
# Boxes: x1 y1 x2 y2 x3 y3 x4 y4
1061 748 1061 913 1177 913 1177 748
1190 748 1190 921 1381 921 1381 748
1449 785 1449 897 1574 897 1574 785
750 922 750 1089 873 1089 873 922
858 898 858 1127 1004 1127 1004 898
1030 924 1030 1074 1200 1074 1200 924
1161 920 1161 1070 1319 1070 1319 920
1308 913 1308 1075 1425 1075 1425 913
1419 906 1419 1066 1547 1066 1547 906
1523 888 1523 1083 1631 1083 1631 888
1629 877 1629 1076 1798 1076 1798 877
1703 931 1703 1044 1789 1044 1789 931
817 1105 817 1221 933 1221 933 1105
902 1067 902 1215 1056 1215 1056 1067
1041 1083 1041 1231 1190 1231 1190 1083
1203 1080 1203 1225 1351 1225 1351 1080
1352 1053 1352 1255 1490 1255 1490 1053
1481 1076 1481 1200 1612 1200 1612 1076
1607 1078 1607 1197 1736 1197 1736 1078
819 1230 819 1365 917 1365 917 1230
909 1230 909 1390 1053 1390 1053 1230
1024 1231 1024 1393 1151 1393 1151 1231
1194 1227 1194 1382 1364 1382 1364 1227
1351 1235 1351 1381 1494 1381 1494 1235
1488 1223 1488 1353 1631 1353 1631 1223
1115 1399 1115 1500 1182 1500 1182 1399
1170 1387 1170 1543 1293 1543 1293 1387
1281 1381 1281 1531 1420 1531 1420 1381
1415 1385 1415 1561 1541 1561 1541 1385
1526 1378 1526 1548 1692 1548 1692 1378
1910 439 1910 532 2001 532 2001 439
1788 574 1788 662 1907 662 1907 574
1896 566 1896 663 1976 663 1976 566
1974 564 1974 665 2060 665 2060 564
2056 569 2056 665 2104 665 2104 569
2092 558 2092 673 2192 673 2192 558
2187 554 2187 666 2289 666 2289 554
2291 572 2291 658 2392 658 2392 572
1792 687 1792 790 1896 790 1896 687
1876 694 1876 783 1960 783 1960 694
1945 684 1945 785 2033 785 2033 684
2001 686 2001 785 2088 785 2088 686
2083 694 2083 778 2172 778 2172 694
2171 689 2171 790 2248 790 2248 689
2240 690 2240 780 2272 780 2272 690
2273 687 2273 780 2356 780 2356 687
2342 676 2342 785 2414 785 2414 676
2398 673 2398 786 2499 786 2499 673
2464 678 2464 785 2556 785 2556 678
2532 694 2532 783 2625 783 2625 694
2624 687 2624 790 2702 790 2702 687
2697 684 2697 802 2814 802 2814 684
2782 684 2782 770 2888 770 2888 684
2886 674 2886 786 2977 786 2977 674
2971 692 2971 786 3017 786 3017 692
3012 676 3012 786 3100 786 3100 676
2246 815 2246 924 2344 924 2344 815
2352 814 2352 919 2428 919 2428 814
2425 810 2425 913 2513 913 2513 810
2505 801 2505 913 2553 913 2553 801
2552 820 2552 908 2636 908 2636 820
2628 810 2628 908 2731 908 2731 810
2732 815 2732 919 2785 919 2785 815
2772 806 2772 919 2859 919 2859 806
2832 806 2832 900 2928 900 2928 806
2920 802 2920 914 3030 914 3030 802
1812 937 1812 1047 1916 1047 1916 937
1904 929 1904 1044 2004 1044 2004 929
1992 929 1992 1038 2073 1038 2073 929
2052 927 2052 1036 2134 1036 2134 927
2126 940 2126 1033 2182 1033 2182 940
2169 935 2169 1044 2257 1044 2257 935
2251 940 2251 1041 2326 1041 2326 940
2318 934 2318 1046 2396 1046 2396 934
2398 935 2398 1044 2491 1044 2491 935
2468 953 2468 1039 2561 1039 2561 953
2547 940 2547 1044 2624 1044 2624 940
2620 929 2620 1041 2705 1041 2705 929
2692 924 2692 1034 2793 1034 2793 924
2787 916 2787 1039 2865 1039 2865 916
2868 935 2868 1028 2902 1028 2902 935
2902 926 2902 1036 2985 1036 2985 926
2988 918 2988 1031 3038 1031 3038 918
3030 930 3030 1034 3102 1034 3102 930
3091 929 3091 1049 3184 1049 3184 929
1817 1076 1817 1170 1912 1170 1912 1076
1899 1050 1899 1201 1992 1201 1992 1050
1979 1078 1979 1177 2030 1177 2030 1078
2020 1074 2020 1178 2116 1178 2116 1074
2104 1068 2104 1175 2184 1175 2184 1068
2168 1062 2168 1174 2219 1174 2219 1062
2201 1057 2201 1183 2294 1183 2294 1057
2299 1063 2299 1190 2326 1190 2326 1063
2308 1049 2308 1172 2416 1172 2416 1049
2387 1060 2387 1153 2488 1153 2488 1060
2480 1076 2480 1167 2587 1167 2587 1076
2568 1063 2568 1178 2636 1178 2636 1063
2622 1057 2622 1177 2710 1177 2710 1057
2704 1065 2704 1170 2772 1170 2772 1065
2769 1068 2769 1167 2867 1167 2867 1068
2868 1065 2868 1167 2910 1167 2910 1065
2908 1052 2908 1164 2990 1164 2990 1052
2980 1060 2980 1158 3086 1158 3086 1060
3068 1060 3068 1188 3156 1188 3156 1060
1795 1194 1795 1306 1908 1306 1908 1194
1902 1215 1902 1305 1944 1305 1944 1215
1936 1202 1936 1298 2033 1298 2033 1202
2017 1196 2017 1294 2118 1294 2118 1196
2112 1196 2112 1294 2208 1294 2208 1196
2203 1193 2203 1303 2297 1303 2297 1193
2289 1199 2289 1295 2332 1295 2332 1199
2328 1193 2328 1297 2412 1297 2412 1193
2412 1193 2412 1303 2512 1303 2512 1193
2516 1190 2516 1313 2592 1313 2592 1190
2588 1201 2588 1302 2641 1302 2641 1201
2636 1198 2636 1308 2726 1308 2726 1198
2726 1196 2726 1306 2811 1306 2811 1196
2793 1194 2793 1289 2905 1289 2905 1194
2908 1206 2908 1289 2947 1289 2947 1206
2932 1188 2932 1298 3009 1298 3009 1188
3000 1196 3000 1300 3108 1300 3108 1196
3097 1188 3097 1305 3169 1305 3169 1188
1812 1327 1812 1434 1923 1434 1923 1327
1908 1318 1908 1444 1964 1444 1964 1318
1953 1326 1953 1434 2049 1434 2049 1326
2040 1321 2040 1431 2139 1431 2139 1321
2128 1321 2128 1428 2219 1428 2219 1321
2217 1326 2217 1434 2315 1434 2315 1326
2304 1326 2304 1430 2348 1430 2348 1326
2342 1330 2342 1438 2448 1438 2448 1330
2428 1334 2428 1444 2536 1444 2536 1334
2537 1321 2537 1436 2616 1436 2616 1321
2836 1319 2836 1430 2929 1430 2929 1319
2918 1324 2918 1428 3022 1428 3022 1324
3025 1327 3025 1422 3062 1422 3062 1327
1814 1458 1814 1559 1907 1559 1907 1458
1883 1468 1883 1566 1985 1566 1985 1468
1974 1470 1974 1578 2060 1578 2060 1470
2046 1434 2046 1598 2145 1598 2145 1434
2139 1462 2139 1577 2195 1577 2195 1462
2188 1470 2188 1561 2267 1561 2267 1470
2273 1465 2273 1558 2320 1558 2320 1465
2324 1468 2324 1542 2348 1542 2348 1468
2352 1455 2352 1556 2436 1556 2436 1455
2414 1466 2414 1554 2478 1554 2478 1466
2478 1460 2478 1558 2545 1558 2545 1460
2553 1460 2553 1551 2646 1551 2646 1460
2652 1470 2652 1542 2742 1542 2742 1470
2726 1420 2726 1577 2825 1577 2825 1420
2809 1452 2809 1545 2892 1545 2892 1452
2900 1458 2900 1550 2971 1550 2971 1458
2960 1454 2960 1548 3024 1548 3024 1454
3016 1465 3016 1556 3084 1556 3084 1465
2163 1599 2163 1678 2198 1678 2198 1599
2209 1591 2209 1694 2292 1694 2292 1591
2283 1580 2283 1682 2387 1682 2387 1580
2372 1572 2372 1671 2464 1671 2464 1572
2464 1575 2464 1687 2556 1687 2556 1575
2553 1570 2553 1681 2617 1681 2617 1570
2617 1569 2617 1676 2716 1676 2716 1569
2716 1577 2716 1666 2811 1666 2811 1577
2796 1567 2796 1676 2883 1676 2883 1567
2884 1577 2884 1671 2934 1671 2934 1577
2929 1580 2929 1673 3028 1673 3028 1580
3014 1577 3014 1668 3100 1668 3100 1577
2609 1679 2609 1826 2705 1826 2705 1679
2700 1711 2700 1799 2734 1799 2734 1711
2729 1705 2729 1796 2785 1796 2785 1705
2792 1710 2792 1806 2825 1806 2825 1710
2808 1686 2808 1799 2899 1799 2899 1686
2881 1706 2881 1802 2945 1802 2945 1706
2945 1702 2945 1809 3004 1809 3004 1702
3008 1706 3008 1812 3038 1812 3038 1706
3044 1710 3044 1804 3112 1804 3112 1710
2404 1710 2404 1804 2480 1804 2480 1710
2470 1697 2470 1814 2555 1814 2555 1697
2539 1703 2539 1809 2614 1809 2614 1703
2921 1844 2921 1935 3019 1935 3019 1844
2990 1826 2990 1946 3115 1946 3115 1826
2763 1836 2763 1964 2833 1964 2833 1836
# Transcript
GAH
S)COLARGE
DOSSFHT
*ROYANT
ISTHS
*O*
POSIDWN**
ASKLHPIODOTOS SWSIS*
KEKROPIDOS
MYSTIKOSELEYSEINIOY
AFRODISIOSARTEMIDWR
DIONYSIOSARTEMIDWR
DIONYSIOS)EPI*
EPAFRODITOSNHFONTO
IPPOQEWNTIDO
***DHSFILISTEID
*I*OY
# Lines: x1 y1 x2 y2 x3 y3 x4 y4
1033 828 1595 831
720 1014 1810 1020
804 1164 1762 1150
773 1294 1686 1290
1058 1451 1736 1466
1849 502 2158 495
1796 609 2657 599
1724 735 3142 719
2249 858 3035 844
1825 985 3168 978
1801 1121 3161 1113
1801 1252 3198 1239
1825 1385 3163 1367
1816 1506 3129 1476
2153 1633 3185 1625
2284 1751 3203 1748
2563 1879 3185 1879