# Baseline angle
0.058048530027161704
# Boxes: x1 y1 x2 y2 x3 y3 x4 y4
520 126 511.9956629193112 263.73552061153595 637 271 645.0043370806887 133.26447938846405
690 143 680.7928437692103 301.43316492244156 811 309 820.2071562307897 150.56683507755844
854 162 846.9391836258515 283.4997831090999 976 291 983.0608163741485 169.5002168909001
517 307 509.4455452558226 436.99412026711275 630 444 637.5544547441774 314.00587973288725
683 327 674.4542038790487 474.0527372715267 794 481 802.5457961209513 333.9472627284733
854 327 845.7916156314323 468.24668701320934 962 475 970.2083843685677 333.75331298679066
1012 348 1004.6563242411659 474.3671174325794 1136 482 1143.3436757588343 355.6328825674206
1193 355 1186.3998622965432 468.5726036434286 1297 475 1303.6001377034568 361.4273963565714
1346 370 1338.6940473652032 495.71799257989136 1464 503 1471.3059526347968 377.28200742010864
1507 369 1499.2266369970473 502.7610084784227 1641 511 1648.7733630029527 377.2389915215773
503 489 495.8401764366521 612.2034603294858 630 620 637.159823563348 496.7965396705142
677 496 669.8617691050127 618.8319020869894 776 625 783.1382308949873 502.1680979130107
821 517 814.3102538655562 632.1145506864827 950 640 956.6897461344438 524.8854493135173
1007 527 1000.5399584585119 638.1618833539246 1101 644 1107.4600415414882 532.8381166460754
1163 525 1155.9074934112944 647.0450960008864 1310 656 1317.0925065887056 533.9549039991136
1346 549 1339.5284633363474 660.3596869471311 1471 668 1477.4715366636526 556.6403130528689
1512 541 1503.6851779567846 684.0782251384135 1640 692 1648.3148220432154 548.9217748615865
1688 560 1680.3196112767662 692.1611432189385 1798 699 1805.6803887232338 566.8388567810615
1843 570 1835.3465380666232 701.6977974874987 1961 709 1968.6534619333768 577.3022025125013
489 647 480.9606068560221 785.3387517197523 630 794 638.0393931439779 655.6612482802477
663 651 655.0603128332054 787.6230500274081 782 795 789.9396871667946 658.3769499725919
806 673 798.3835624026766 804.0606971067689 935 812 942.6164375973234 680.9393028932311
962 690 955.0509554219952 809.5764574949524 1100 818 1106.9490445780048 698.4235425050476
1158 683 1149.671015773872 826.3219224760917 1299 835 1307.328984226128 691.6780775239083
1340 701 1332.4657403482154 830.646610968533 1459 838 1466.5342596517846 708.353389031467
1509 713 1501.3013844571378 845.4747832450049 1648 854 1655.6986155428622 721.5252167549951
1703 725 1695.727135155728 850.1486307441884 1762 854 1769.272864844272 728.8513692558116
1824 737 1816.9492811720477 858.32602845981 1949 866 1956.0507188279523 744.67397154019
2003 737 1994.7983473288966 878.1308505803495 2113 885 2121.2016526711036 743.8691494196505
2154 744 2146.2677259698166 877.0539654093047 2283 885 2290.7322740301834 751.9460345906953
484 871 476.4698049849314 1000.5766682801446 587 1007 594.5301950150687 877.4233317198554
647 880 639.6933485772191 1005.7300170518496 782 1014 789.3066514227809 888.2699829481504
831 881 822.5902354043014 1025.711959670411 948 1033 956.4097645956986 888.2880403295889
991 881 983.4179196779817 1011.4694904705109 1113 1019 1120.5820803220183 888.5305095294891
1136 893 1127.4501392423326 1040.122679959915 1263 1048 1271.5498607576674 900.877320040085
1311 914 1303.48326837986 1043.3449954144246 1418 1050 1425.51673162014 920.6550045855753
1482 938 1475.6894533786929 1046.589432887089 1586 1053 1592.3105466213071 944.4105671129108
1647 912 1638.051443424787 1065.9832825859303 1776 1074 1784.948556575213 920.0167174140698
1817 923 1808.9067532763083 1062.265443182632 1942 1070 1950.0932467236917 930.7345568173681
1984 931 1975.2427261057214 1081.6917645780184 2101 1089 2109.757273894278 938.3082354219815
2169 964 2161.2644882122727 1097.1096794823732 2211 1100 2218.7355117877273 966.8903205176268
467 1064 459.42395258746194 1194.365678509609 608 1203 615.5760474125382 1072.634321490391
640 1064 632.3047503058698 1196.416865028575 780 1205 787.6952496941302 1072.583134971425
812 1072 804.6293974513088 1198.8304631640192 928 1206 935.3706025486912 1079.1695368359808
988 1069 980.2206040875669 1202.8648204393244 1103 1210 1110.779395912433 1076.1351795606756
1155 1093 1147.632763300041 1219.7725449475893 1272 1227 1279.367236699959 1100.2274550524107
1308 1112 1301.2523356491263 1228.1111848377507 1437 1236 1443.7476643508737 1119.8888151622493
1478 1122 1470.9223543821909 1243.7893741912499 1595 1251 1602.0776456178091 1129.2106258087501
1629 1132 1621.7512667936492 1256.7333829005818 1764 1265 1771.2487332063508 1140.2666170994182
1813 1101 1804.1336213703257 1253.5691964476941 1932 1261 1940.8663786296743 1108.4308035523059
1965 1136 1957.7755265227577 1260.3159309136138 2090 1268 2097.224473477242 1143.6840690863862
2142 1153 2135.570251097101 1263.6406194060548 2245 1270 2251.429748902899 1159.3593805939452
470 1210 462.7721606740257 1334.3738491300437 594 1342 601.2278393259743 1217.6261508699563
677 1222 670.13592851947 1340.1142734688833 737 1344 743.86407148053 1225.8857265311167
799 1232 792.3028233801078 1347.242411591301 943 1356 949.6971766198922 1240.757588408699
981 1234 973.7654289765615 1358.4896855629036 1103 1366 1110.2345710234385 1241.5103144370964
1125 1249 1118.426090298416 1362.1212823839471 1254 1370 1260.573909701584 1256.8787176160529
1299 1253 1291.2273357850313 1386.7489840064645 1416 1394 1423.7726642149687 1260.2510159935355
1468 1268 1460.2912869109414 1400.6485378942948 1604 1409 1611.7087130890586 1276.3514621057052
# Transcript
HSA*
HSSTHLH
DRACMASEK*
MENWNTWIDHM
BLEPYROSPEI
AMENALLAKAQ
EIASTHS*