# Baseline angle
0.6111498407117812
# Boxes: x1 y1 x2 y2 x3 y3 x4 y4
3269 167 3230.147245254097 222.45388717153693 3308 277 3346.852754745903 221.54611282846304
3361 225 3318.7139851258594 285.35412194322726 3391 336 3433.2860148741406 275.64587805677274
3466 277 3414.5456320356425 350.439959000053 3481 397 3532.4543679643575 323.560040999947
3046 112 2994.171458534757 185.97401058111467 3067 237 3118.828541465243 163.02598941888533
3135 182 3091.1155831879105 244.6354943015442 3163 295 3206.8844168120895 232.3645056984558
3218 245 3171.7179802809874 311.05755283901993 3243 361 3289.2820197190126 294.94244716098007
3311 301 3257.342538205696 377.58439798444755 3345 439 3398.657461794304 362.41560201555245
3409 382 3363.612951323143 446.7801756358309 3441 501 3486.387048676857 436.2198243641691
3497 439 3449.167463379629 507.27057968532176 3523 559 3570.832536620371 490.7294203146783
2880 160 2838.794558453151 218.81183770201736 2909 268 2950.205441546849 209.18816229798264
2970 216 2924.424380107394 281.0493201788719 3000 334 3045.575619892606 268.9506798211281
3058 284 3016.2318137365164 343.61503382611994 3091 396 3132.7681862634836 336.38496617388006
3165 332 3111.477286523627 408.39207396346217 3178 455 3231.522713476373 378.60792603653783
3235 403 3190.31935114955 466.77194297568286 3272 524 3316.68064885045 460.22805702431714
2742 202 2701.492051487716 259.8163175569296 2746 291 2786.507948512284 233.18368244307035
2818 242 2777.2645020272175 300.1410950969254 2847 349 2887.7354979727825 290.8589049030746
2906 297 2857.97889216388 365.53972422836273 2930 416 2978.02110783612 347.46027577163727
2998 369 2957.4051882063754 426.9402960658996 3026 475 3066.5948117936246 417.0597039341004
3103 425 3040.922532117249 513.6021318791503 3110 562 3172.077467882751 473.39786812084964
3186 496 3138.167463379629 564.2705796853218 3212 616 3259.832536620371 547.7294203146782
3274 551 3227.3887228860794 617.5274964130865 3298 667 3344.6112771139206 600.4725035869135
3367 615 3314.9828873190077 689.2431551241555 3386 739 3438.0171126809923 664.7568448758445
2468 155 2424.8728369815217 216.5546786243607 2514 279 2557.1271630184783 217.4453213756393
2576 224 2539.2096529048845 276.5102472181678 2597 317 2633.7903470951155 264.4897527818322
2672 269 2627.9748970087517 331.8362933325698 2701 383 2745.0251029912483 320.1637066674302
2765 334 2719.6548984985066 398.72030513385596 2780 441 2825.3451015014934 376.27969486614404
2849 383 2805.256269367069 445.43469527051866 2876 495 2919.743730632931 432.56530472948134
2941 460 2897.256269367069 522.4346952705187 2968 572 3011.743730632931 509.56530472948134
3046 513 2997.97889216388 581.5397242283627 3070 632 3118.02110783612 563.4602757716373
3117 579 3078.6650738647545 633.7147990544297 3159 690 3197.3349261352455 635.2852009455703
3223 628 3170.5159126755552 702.9096602242274 3252 760 3304.4840873244448 685.0903397757726
3308 715 3273.5144546692395 764.2206421997025 3336 808 3370.4855453307605 758.7793578002975
3399 771 3355.1634682245012 833.5671487895291 3430 886 3473.8365317754988 823.4328512104709
2325 173 2278.5772941018286 239.25835187004552 2351 290 2397.4227058981714 223.74164812995448
2418 244 2375.154209339839 305.15308056230947 2462 366 2504.845790660161 304.84691943769053
2511 295 2461.99408890977 364.9453174455421 2542 421 2591.00591109023 351.0546825544579
2591 362 2549.8424434897415 420.7434921900022 2623 472 2664.1575565102585 413.2565078099978
2676 427 2636.9586740383475 482.72303171457764 2713 536 2752.0413259616525 480.27696828542236
2783 481 2737.8464386448695 545.4469230857949 2810 596 2855.1535613551305 531.5530769142051
2873 545 2829.3520394402503 607.2980042464881 2906 661 2949.6479605597497 598.7019957535119
2973 610 2931.139012593949 669.7474873451301 3010 725 3051.860987406051 665.2525126548699
3069 666 3018.3956869718213 738.226689803859 3098 794 3148.6043130281787 721.773310196141
3162 737 3117.9299809027752 799.9004013395651 3198 856 3242.0700190972248 793.0995986604349
3255 799 3212.995357484176 858.9525238811758 3283 908 3325.004642515824 848.0474761188242
3347 858 3296.5753513957293 929.9702577758786 3348 966 3398.4246486042707 894.0297422241214
2266 281 2225.96793292301 338.13709994179726 2290 383 2330.03206707699 325.86290005820274
2356 332 2307.5119175204277 401.20622932843474 2390 459 2438.4880824795723 389.79377067156526
2468 392 2418.7606015880438 462.27856999557787 2504 522 2553.2393984119562 451.72143000442213
2557 467 2511.798553608279 531.5152685978102 2581 580 2626.201446391721 515.4847314021897
2647 528 2604.5732989467006 588.5549209742529 2678 640 2720.4267010532994 579.4450790257471
2731 577 2676.585284412085 654.665213661631 2747 704 2801.414715587915 626.334786338369
2821 638 2774.2031206009437 704.7924034511071 2853 760 2899.7968793990563 693.2075965488929
2917 692 2867.147002904205 763.1543491367157 2944 817 2993.852997095795 745.8456508632843
3012 769 2967.3612983249127 832.7120724737077 3032 878 3076.6387016750873 814.2879275262923
3117 814 3048.0140646854106 912.4624719245058 3123 965 3191.9859353145894 866.5375280754942
3199 891 3148.2520318620486 963.4317263399048 3219 1013 3269.7479681379514 940.5682736600952
3279 964 3234.929980902775 1026.9004013395652 3315 1083 3359.0700190972248 1020.0995986604349
3369 1024 3320.1796911949054 1093.6804104075213 3392 1144 3440.8203088050946 1074.3195895924787
2129 301 2076.090885207466 376.5162948223243 2151 429 2203.909114792534 353.4837051776757
2228 365 2181.005642593353 432.07426050920844 2228 465 2274.994357406647 397.92573949079156
2299 421 2256.6211839832913 481.48657546223745 2333 535 2375.3788160167087 474.51342453776255
2418 495 2372.562097355939 559.8527586528663 2437 605 2482.437902644061 540.1472413471337
2494 545 2443.584258187571 616.9575452608183 2525 674 2575.415741812429 602.0424547391817
2583 615 2535.6852919902867 682.5314915682144 2612 736 2659.3147080097133 668.4685084317856
2682 676 2638.678327904545 737.8322981774419 2706 785 2749.321672095455 723.1677018225581
2759 722 2711.9217482426266 789.1940015131584 2793 846 2840.0782517573734 778.8059984868416
2863 792 2815.781062063468 859.3948005441841 2898 917 2945.218937936532 849.6051994558159
2956 846 2898.5321356459594 928.0229218422196 2977 983 3034.4678643540406 900.9770781577804
3049 938 2999.3266673281128 1008.8979171087352 3048 1043 3097.6733326718872 972.1020828912647
3136 989 3081.3996821269498 1066.930120699652 3160 1122 3214.6003178730507 1044.069879300348
3216 1057 3174.5610711314243 1116.1450902520533 3250 1169 3291.4389288685757 1109.8549097479467
1976 327 1928.263233452811 395.13388866129134 2008 451 2055.7367665471893 382.86611133870866
2065 399 2025.2522742119409 455.73126437472587 2097 506 2136.747725788059 449.268735625274
2179 468 2137.9263378404676 526.6237511860521 2177 554 2218.0736621595324 495.37624881394794
2254 518 2204.9432349425656 588.0179004625774 2272 635 2321.0567650574344 564.9820995374226
2349 578 2298.341864074003 650.3035103259147 2355 690 2405.658135925997 617.6964896740853
2427 649 2375.593517072233 722.3716134880378 2445 771 2496.406482927767 697.6283865119622
2517 707 2467.239804046773 778.0218956177056 2540 829 2589.760195953227 757.9781043822944
2622 774 2578.537641725386 836.0330972084674 2647 884 2690.462358274614 821.9669027915326
2705 826 2650.3996821269493 903.930120699652 2729 959 2783.6003178730507 881.069879300348
2797 884 2745.030772355599 958.1748096121403 2819 1010 2870.969227644401 935.8251903878597
2879 960 2828.3507708658444 1032.2907978108542 2915 1093 2965.6492291341556 1020.7092021891457
2979 1029 2933.8913547508464 1093.3828150788 2999 1139 3044.1086452491536 1074.6171849212
3061 1080 3014.813750354169 1145.9208618149894 3092 1200 3138.186249645831 1134.0791381850106
3150 1142 3107.9025563416085 1202.0849774001863 3182 1254 3224.0974436583915 1193.9150225998137
1826 365 1774.0756884615757 439.11070160514504 1841 486 1892.9243115384243 411.88929839485496
1908 444 1869.1383384622554 499.46659968659725 1917 533 1955.8616615377446 477.5334003134027
1994 487 1946.3590035259926 554.9971976372609 2032 615 2079.6409964740074 547.0028023627391
2089 558 2039.8983188365883 628.0820084695724 2114 680 2163.1016811634117 609.9179915304276
2192 625 2145.900613635509 690.7968833060194 2199 728 2245.099386364491 662.2031166939806
2265 679 2223.749642347174 737.8759457090126 2301 792 2342.250357652826 733.1240542909874
2362 731 2312.386428087159 801.8126215766395 2404 866 2453.613571912841 795.1873784233605
2460 803 2411.7903209481306 871.8088687714035 2482 921 2530.2096790518694 852.1911312285965
2536 855 2489.161173425581 921.8522739530823 2585 989 2631.838826574419 922.1477260469177
2637 935 2598.042568389074 990.6032907106278 2640 1020 2678.957431610926 964.3967092893722
2736 995 2694.2318137365164 1054.61503382612 2769 1107 2810.7681862634836 1047.38496617388
2822 1054 2778.824951944931 1115.623024136376 2865 1176 2908.175048055069 1114.376975863624
2928 1122 2883.9659902169105 1184.8490058476305 2927 1215 2971.0340097830895 1152.1509941523695
2986 1172 2948.467243764342 1225.5698753702509 3039 1289 3076.532756235658 1235.4301246297491
3086 1243 3039.7209492116012 1309.0533153339998 3121 1366 3167.2790507883988 1299.9466846660002
3178 1302 3134.492725619409 1364.0972052154625 3210 1417 3253.507274380591 1354.9027947845375
1659 393 1614.3672361861406 456.70359746366745 1699 516 1743.6327638138594 452.29640253633255
1773 478 1731.0792518349026 537.832782877226 1767 563 1808.9207481650974 503.16721712277405
1846 522 1794.4079147870975 595.6365205260586 1872 650 1923.5920852129025 576.3634794739414
1934 587 1881.9828873190081 661.2431551241556 1953 711 2005.0171126809919 636.7568448758444
2035 655 1988.0564965605577 722.001677492173 2048 764 2094.943503439443 696.9983225078271
2121 709 2079.5131860948336 768.2134357640685 2152 819 2193.4868139051664 759.7865642359315
2202 774 2160.3724999156752 833.4142347950943 2234 885 2275.6275000843248 825.5857652049057
2304 843 2261.893649549767 903.0976899152466 2306 934 2348.106350450233 873.9023100847534
2373 908 2334.192161360074 963.3897791645417 2405 1013 2443.807838639926 957.6102208354583
2472 954 2419.707452821918 1028.6362781761663 2513 1094 2565.2925471780813 1019.3637218238337
2570 1024 2522.2602645221973 1092.1381261663116 2592 1141 2639.7397354778027 1072.8618738336884
2666 1089 2617.1347750889286 1158.7445184145163 2696 1214 2744.8652249110714 1144.2554815854837
2756 1154 2700.789052373724 1232.8016623357694 2781 1289 2836.210947626276 1210.1983376642306
2839 1207 2787.0786573921896 1281.106464100125 2864 1335 2915.9213426078104 1260.893535899875
2941 1266 2888.2794564232154 1341.2471502792837 2965 1395 3017.7205435767846 1319.7528497207163
3036 1341 2992.4838188275676 1403.1099177305227 3038 1435 3081.5161811724324 1372.8900822694773
1501 424 1454.0145493851944 491.061547994148 1531 545 1577.9854506148056 477.938452005852
1593 491 1549.869868050908 552.5589161293809 1629 608 1672.130131949092 546.4410838706191
1691 549 1642.4161474472457 618.3429203524652 1719 672 1767.5838525527543 602.6570796475348
1773 608 1725.9666643486037 675.1298935061633 1800 727 1847.0333356513963 659.8701064938367
1871 671 1823.1674633796292 739.2705796853219 1897 791 1944.8325366203708 722.7294203146781
1973 738 1923.191919010182 809.0902411297207 1993 858 2042.8080809898183 786.9097588702793
2062 795 2019.4834667347468 855.6831369882431 2107 917 2149.516533265253 856.3168630117567
2151 869 2101.5660925110665 939.5561895486591 2165 984 2214.4339074889335 913.4438104513409
2224 920 2182.420384952266 979.3458892830789 2259 1033 2300.579615047734 973.6541107169211
2323 974 2276.813750354169 1039.9208618149894 2354 1094 2400.186249645831 1028.0791381850106
2415 1049 2367.637406953696 1116.59983708023 2441 1168 2488.362593046304 1100.40016291977
2497 1110 2457.0637029961913 1167.0004089177667 2527 1216 2566.9362970038087 1158.9995910822333
2589 1158 2534.5463061673354 1235.7208466585857 2632 1304 2686.4536938326646 1226.2791533414143
2703 1254 2664.4197108205726 1309.065001624546 2710 1341 2748.5802891794274 1285.934998375454
2778 1300 2726.6414021088235 1373.3032679760227 2799 1424 2850.3585978911765 1350.6967320239773
2863 1359 2824.150214184711 1414.4496496665167 2912 1476 2950.849785815289 1420.5503503334833
2957 1430 2916.21958592124 1488.2052031039204 2993 1542 3033.78041407876 1483.7947968960796
3050 1485 3008.653872273992 1544.0126367330429 3080 1594 3121.346127726008 1534.9873632669571
3136 1553 3093.3368426943607 1613.892411029309 3162 1662 3204.6631573056393 1601.107588970691
1347 459 1311.2003940202221 510.09617899094826 1381 559 1416.799605979778 507.9038210090516
1448 511 1402.6578674291202 575.7160676288358 1473 625 1518.3421325708798 560.2839323711642
1546 584 1507.4735337183909 638.9881811024904 1576 687 1614.5264662816091 632.0118188975096
1644 651 1601.1003864420204 712.229901084365 1665 757 1707.8996135579796 695.770098915635
1709 681 1661.9696332792175 748.1256560011432 1746 807 1793.0303667207825 739.8743439988568
1806 758 1754.8270043939592 831.0383609380018 1819 876 1870.1729956060408 802.9616390619982
1908 840 1868.3031281791457 896.6586813576906 1953 956 1992.6968718208543 899.3413186423094
2024 911 1983.7734238460328 968.4147194948783 2026 998 2066.226576153967 940.5852805051215
2084 952 2039.1278110031867 1016.0453250237437 2109 1065 2153.8721889968133 1000.9546749762563
2170 1009 2127.1063243032477 1070.2214260743247 2211 1129 2253.8936756967523 1067.7785739256753
2278 1085 2236.175021908084 1144.6960918531954 2278 1174 2319.824978091916 1114.3039081468046
2342 1133 2305.3533080146567 1185.305210682122 2372 1232 2408.6466919853433 1179.694789317878
2442 1190 2393.8382059847213 1258.7405232593883 2467 1310 2515.1617940152787 1241.2594767406117
2524 1256 2482.5610711314243 1315.1450902520533 2558 1368 2599.4389288685757 1308.8549097479467
2617 1326 2573.7262129411356 1387.7639526654268 2644 1437 2687.2737870588644 1375.2360473345732
2712 1383 2668.591464623205 1444.9562766864121 2760 1509 2803.408535376795 1447.0437233135879
2820 1450 2773.0984437359207 1516.941806990198 2816 1547 2862.9015562640793 1480.058193009802
2897 1510 2856.88106964167 1567.2610784507674 2945 1629 2985.11893035833 1571.7389215492326
2997 1580 2953.3520394402503 1642.298004246488 3030 1696 3073.6479605597497 1633.701995753512
3071 1630 3024.768834248192 1695.9849698219848 3109 1755 3155.231165751808 1689.0150301780152
1204 480 1161.3368426943605 540.892411029309 1230 589 1272.6631573056395 528.1075889706912
1287 537 1241.2866628588492 602.2458817048772 1328 663 1373.7133371411508 597.7541182951228
1384 604 1339.8791269355702 666.9729843566004 1407 714 1451.1208730644298 651.0270156433996
1480 661 1424.4568260482024 740.2758434148561 1494 789 1549.5431739517976 709.7241565851439
1562 728 1525.2155907661122 780.5017722081277 1603 835 1639.7844092338878 782.4982277918723
1662 802 1620.2288448059026 861.61927133114 1685 907 1726.7711551940974 847.38072866886
1743 850 1699.866899120294 911.563153634401 1769 960 1812.133100879706 898.436846365599
1853 914 1805.5416368805143 981.7365281042603 1873 1029 1920.4583631194857 961.2634718957397
1950 974 1899.9135155824786 1045.4876016867518 1982 1103 2032.0864844175214 1031.5123983132482
2044 1047 2000.6245050067262 1108.9091186994974 2045 1140 2088.375494993274 1078.0908813005028
2100 1092 2058.1419815245627 1151.7432498401101 2147 1214 2188.8580184754373 1154.2567501598899
2208 1154 2154.8573978857394 1229.8495473723603 2235 1286 2288.1426021142606 1210.1504526276397
2288 1227 2249.473533718391 1281.9881811024904 2318 1330 2356.526466281609 1275.0118188975096
2384 1285 2331.043000170875 1360.5846403343396 2403 1411 2455.956999829125 1335.4153596656604
2462 1340 2417.223581076368 1403.9086339997132 2493 1457 2537.776418923632 1393.0913660002868
2552 1406 2506.7087213963246 1470.6434846118004 2590 1529 2635.2912786036754 1464.3565153881996
2645 1482 2609.9067938466287 1532.0879463308002 2684 1584 2719.0932061533713 1533.9120536691998
2736 1531 2693.154209339839 1592.1530805623095 2780 1653 2822.845790660161 1591.8469194376905
2852 1609 2806.6519295678927 1673.724542638876 2857 1709 2902.3480704321073 1644.275457361124
2915 1647 2865.6169464782715 1717.4836065316238 2942 1771 2991.3830535217285 1700.5163934683762
1061 506 1005.926769622269 584.6051008097642 1075 633 1130.0732303777309 554.3948991902358
1144 579 1100.5884956925906 640.9605141914321 1182 698 1225.4115043074094 636.0394858085679
1237 636 1190.7658653175781 701.9892073270047 1265 754 1311.2341346824219 688.0107926729953
1322 699 1275.1043815971484 765.9333319801577 1338 810 1384.8956184028516 743.0666680198423
1505 831 1466.0035901443246 886.6589237075826 1535 935 1573.9964098556754 879.3410762924174
1581 904 1545.52965141513 954.6262354168819 1616 1004 1651.47034858487 953.3737645831181
1665 956 1627.1799335447974 1009.9799484423424 1700 1061 1737.8200664552023 1007.0200515576577
1770 1010 1730.9107890017567 1065.791377226593 1804 1117 1843.0892109982433 1061.208622773407
1866 1067 1816.667800445476 1137.4110235145884 1906 1200 1955.332199554524 1129.5889764854116
1968 1148 1920.4039196319695 1215.9330896302656 1999 1271 2046.5960803680305 1203.0669103697344
2058 1208 2016.3246148790843 1267.4825803071096 2087 1317 2128.675385120916 1257.5174196928904
2141 1267 2099.8394745591277 1325.7477296950224 2163 1370 2204.1605254408723 1311.2522703049776
2221 1323 2181.015817959601 1380.068754429782 2248 1427 2287.984182040399 1369.931245570218
2314 1375 2267.0175183158085 1442.057310489128 2354 1503 2400.9824816841915 1435.942689510872
2412 1451 2368.492725619409 1513.0972052154625 2444 1566 2487.507274380591 1503.9027947845375
2495 1506 2454.734445601284 1563.4703524918332 2524 1612 2564.265554398716 1554.5296475081668
2594 1558 2538.648366194566 1637.0024613667954 2620 1694 2675.351633805434 1614.9975386332046
2692 1635 2645.6222102078054 1701.1942438630506 2711 1747 2757.3777897921946 1680.8057561369494
2771 1712 2727.9177530874986 1773.4905706173656 2810 1831 2853.0822469125014 1769.5094293826344
2876 1771 2829.4306700614425 1837.4676259111113 2883 1875 2929.5693299385575 1808.5323740888887
2951 1814 2895.7411673371334 1892.870007847785 2973 1947 3028.2588326628666 1868.129992152215
996 626 949.0564965605577 693.001677492173 1009 735 1055.9435034394423 667.998322507827
1072 683 1033.144276323483 738.458124676557 1101 786 1139.855723676517 730.541875323443
1153 735 1114.1951302906878 790.3855416595217 1195 847 1233.8048697093122 791.6144583404783
1251 800 1208.1033553726343 861.2256635793449 1282 913 1324.8966446273657 851.7743364206551
1340 867 1297.7139851258592 927.3541219432271 1370 978 1412.2860148741408 917.6458780567729
1422 926 1375.2060895315576 992.788165946087 1464 1055 1510.7939104684424 988.211834053913
1521 994 1481.4887304642812 1050.3937743196698 1558 1104 1597.5112695357188 1047.6062256803302
1626 1053 1578.0267772004709 1121.4713787163473 1653 1174 1700.9732227995291 1105.5286212836527
1709 1110 1663.5650662865526 1174.848521147846 1738 1227 1783.4349337134474 1162.151478852154
1801 1175 1753.3530656647647 1243.0056726473013 1819 1289 1866.6469343352353 1220.9943273526987
1890 1237 1843.2959217435116 1303.6599499320967 1918 1356 1964.7040782564884 1289.3400500679033
1973 1299 1928.9778659393658 1361.8320558275498 2012 1420 2056.022134060634 1357.1679441724502
2078 1360 2035.9474724475856 1420.0208693931913 2103 1467 2145.0525275524146 1406.9791306068087
2157 1416 2112.837179760207 1479.0328548585753 2197 1538 2241.162820239793 1474.9671451414247
2255 1493 2214.5848526302834 1550.6838640379192 2255 1579 2295.4151473697166 1521.3161359620808
2334 1541 2290.7740979777263 1602.6956071534114 2364 1654 2407.2259020222737 1592.3043928465886
2433 1591 2380.4680276389645 1665.9780057362427 2459 1721 2511.5319723610355 1646.0219942637573
2523 1666 2474.275461268087 1735.5437193834907 2552 1790 2600.724538731913 1720.4562806165093
2611 1735 2556.8247095950387 1812.3234861015549 2642 1872 2696.1752904049613 1794.6765138984451
2712 1810 2668.495694550023 1872.0929677104425 2754 1932 2797.504305449977 1869.9070322895575
2816 1873 2769.4755861674194 1939.4035179041164 2816 1972 2862.5244138325806 1905.5964820958836
2888 1914 2840.4518046685603 1981.8647441182504 2922 2039 2969.5481953314397 1971.1352558817496
2984 1984 2940.729181871749 2045.7597151604064 3021 2102 3064.270818128251 2040.2402848395936
841 646 793.8738632060359 713.2623470251737 872 768 919.1261367939641 700.7376529748263
924 698 877.0654033523991 764.9889649771127 967 828 1013.9345966476009 761.0110350228873
1021 779 978.8576402356316 839.1490854071815 1060 896 1102.1423597643684 835.8509145928185
1111 839 1067.9177530874986 900.4905706173657 1150 958 1193.0822469125014 896.5094293826343
1203 888 1155.0267772004709 956.4713787163474 1230 1009 1277.9732227995291 940.5286212836526
1300 960 1249.904608790637 1031.500314201812 1302 1068 1352.095391209363 996.4996857981879
1374 1009 1321.9350022824171 1083.3115006361706 1390 1131 1442.0649977175829 1056.6884993638294
1474 1083 1427.2929528128977 1149.6641874371169 1492 1195 1538.7070471871023 1128.3358125628831
1563 1151 1517.9422087180512 1215.3102320617643 1596 1270 1641.0577912819488 1205.6897679382357
1662 1197 1608.5281404908317 1273.3194909464269 1688 1329 1741.4718595091683 1252.6805090535731
1744 1271 1699.0828948972098 1335.109433030739 1776 1389 1820.9171051027902 1324.890566969261
1847 1334 1804.4715910122911 1394.7000870083236 1852 1428 1894.5284089877089 1367.2999129916764
1935 1396 1895.862903965166 1451.8597227386083 1966 1501 2005.137096034834 1445.1402772613917
2031 1452 1986.732502895184 1515.1822583976664 2035 1549 2079.2674971048164 1485.8177416023339
2106 1505 2054.7342032513916 1578.170814457012 2123 1626 2174.2657967486084 1552.829185542988
2179 1574 2137.3724999156752 1633.4142347950942 2211 1685 2252.6275000843248 1625.5857652049058
2260 1638 2224.6703375942884 1688.4254363858563 2294 1737 2329.3296624057116 1686.5745636141437
2376 1693 2322.103113022742 1769.9261255445238 2395 1821 2448.896886977258 1744.0738744554762
2461 1757 2418.3398116249746 1817.888173524289 2497 1873 2539.6601883750254 1812.111826475711
2552 1822 2508.214322191706 1884.4945657724936 2596 1946 2639.785677808294 1883.5054342275064
2654 1892 2604.1919190101817 1963.0902411297207 2674 2012 2723.8080809898183 1940.9097588702793
2746 1955 2703.758901231836 2015.290013936232 2769 2061 2811.241098768164 2000.709986063768
2821 2005 2773.0746622370616 2073.403033204332 2851 2128 2898.9253377629384 2059.596966795668
2916 2073 2874.4203849522655 2132.345889283079 2951 2186 2992.5796150477345 2126.654110716921
794 742 741.2794564232153 817.2471502792835 818 871 870.7205435767847 795.7528497207165
887 821 849.5481691844548 874.454371871321 896 907 933.4518308155452 853.545628128679
964 850 916.828947100059 917.3264550321688 1002 977 1049.171052899941 909.6735449678313
1059 922 1015.4448405828183 984.1655507274777 1088 1035 1131.5551594171818 972.8344492725223
1321 1102 1267.9023139917165 1177.7854393653654 1341 1229 1394.0976860082835 1153.2145606346346
1399 1164 1359.3480442851226 1220.5945733506956 1437 1275 1476.6519557148774 1218.4054266493044
1493 1233 1450.1063243032481 1294.2214260743249 1534 1353 1576.8936756967519 1291.7785739256751
1609 1298 1564.0828948972098 1362.109433030739 1641 1416 1685.9171051027902 1351.890566969261
1685 1370 1650.188166204946 1419.6863482687488 1722 1470 1756.811833795054 1420.3136517312512
1786 1423 1737.0330671545194 1492.889684448587 1790 1530 1838.9669328454806 1460.110315551413
1860 1474 1813.3467757107162 1540.5873669150615 1901 1602 1947.6532242892838 1535.4126330849385
1960 1547 1906.4264325564222 1623.4646569804975 1960 1661 2013.5735674435778 1584.5353430195025
2036 1591 1986.102086798228 1662.218457143711 2070 1721 2119.897913201772 1649.781542856289
2137 1665 2092.0799259665955 1729.113670535759 2159 1776 2203.9200740334045 1711.886329464241
2222 1718 2174.4488357379464 1785.8689816232707 2246 1836 2293.5511642620536 1768.1310183767293
2323 1788 2277.562097355939 1852.8527586528664 2342 1898 2387.437902644061 1833.1472413471336
2403 1862 2366.1677057295215 1914.5701177201431 2441 1967 2477.8322942704785 1914.4298822798569
2502 1916 2457.552838471276 1979.4386904256469 2534 2033 2578.447161528724 1969.5613095743531
2599 1968 2547.6354642475962 2041.3117429860627 2600 2078 2651.3645357524038 2004.6882570139373
2680 2041 2634.8015225388926 2105.5110310927903 2714 2161 2759.1984774611074 2096.4889689072097
2787 2101 2740.110319458376 2167.9248569701176 2823 2226 2869.889680541624 2159.0751430298824
713 839 668.1786649703914 902.9727420067084 751 961 795.8213350296086 897.0272579932916
833 904 789.2982165424321 966.3748247685437 843 1004 886.7017834575679 941.6251752314563
899 953 855.9147841568847 1014.4948081223858 928 1065 971.0852158431152 1003.5051918776143
998 1015 949.7903209481306 1083.8088687714035 1020 1133 1068.2096790518694 1064.1911312285963
1084 1069 1028.6932823005427 1147.9383533598 1103 1200 1158.3067176994573 1121.0616466402
1167 1129 1115.0337412862127 1203.1705721071203 1199 1262 1250.9662587137873 1187.8294278928797
1248 1200 1203.929980902775 1262.9004013395652 1284 1319 1328.070019097225 1256.0995986604348
1344 1258 1297.768834248192 1323.9849698219848 1382 1383 1428.231165751808 1317.0150301780152
1445 1326 1396.97889216388 1394.5397242283627 1469 1445 1517.02110783612 1376.4602757716373
1525 1392 1488.7304504461556 1443.7669215960404 1559 1493 1595.2695495538444 1441.2330784039596
1617 1437 1573.3520394402506 1499.2980042464883 1650 1553 1693.6479605597494 1490.7019957535117
1711 1508 1668.4237059757004 1568.7684325203388 1713 1600 1755.5762940242996 1539.2315674796612
1793 1571 1747.424380107394 1636.0493201788718 1823 1689 1868.575619892606 1623.9506798211282
1879 1634 1836.2919265883836 1694.956519036304 1912 1748 1954.7080734116164 1687.043480963696
1977 1700 1931.2747871363938 1765.2628317249578 1978 1798 2023.7252128636062 1732.7371682750422
2035 1738 1984.77282940332 1809.6884007177773 2068 1868 2118.22717059668 1796.3115992822227
2138 1820 2092.8044914695065 1884.50679358777 2182 1947 2227.1955085304935 1882.49320641223
2233 1883 2186.487461889875 1949.386567884036 2273 2010 2319.512538110125 1943.613432115964
2336 1947 2292.6334117985675 2008.896406184437 2367 2061 2410.3665882014325 1999.103593815563
2423 1991 2367.5076800154075 2070.203260397821 2450 2128 2505.4923199845925 2048.796739602179
2525 2068 2480.882095866184 2130.9687468515804 2558 2185 2602.117904133816 2122.0312531484196
2620 2129 2566.4802554542407 2205.387836458442 2643 2259 2696.5197445457593 2182.612163541558
2718 2190 2667.77282940332 2261.6884007177773 2751 2320 2801.22717059668 2248.3115992822227
660 940 618.4653010582429 999.2817812760838 688 1048 729.5346989417573 988.7182187239162
745 999 704.7823306378745 1056.402006979818 777 1107 817.2176693621255 1049.597993020182
833 1059 786.8616353907597 1124.8525163029742 867 1181 913.1383646092403 1115.1474836970258
929 1115 879.1948879407956 1186.0860036247007 959 1242 1008.8051120592044 1170.9139963752993
1031 1201 993.2638278955237 1254.8602074383923 1032 1282 1069.7361721044763 1228.1397925616077
1094 1231 1055.9434772924574 1285.3174384973984 1124 1333 1162.0565227075426 1278.6825615026016
1188 1293 1144.1185521185241 1355.6312567965242 1226 1413 1269.8814478814759 1350.3687432034758
1306 1380 1264.9712539464447 1438.559643179057 1297 1461 1338.0287460535553 1402.440356820943
1368 1423 1327.031014705491 1481.4743476469614 1402 1534 1442.968985294509 1475.5256523530386
1465 1486 1424.5009582795574 1543.803605041869 1499 1596 1539.4990417204426 1538.196394958131
1558 1543 1505.1387702440568 1618.447949310309 1583 1673 1635.8612297559432 1597.552050689691
1642 1612 1600.9382135629232 1670.6068011659715 1680 1726 1721.0617864370768 1667.3931988340285
1740 1676 1698.8903285263323 1734.675146677987 1775 1788 1816.1096714736677 1729.324853322013
1835 1738 1791.7651911858848 1799.7083196684719 1835 1830 1878.2348088141152 1768.2916803315281
1902 1779 1854.5446058111281 1846.7322905992403 1932 1901 1979.4553941888719 1833.2677094007597
1992 1846 1947.7892947236164 1909.1012003705907 2029 1966 2073.2107052763836 1902.8987996294093
2095 1922 2052.1003864420204 1983.229901084365 2116 2028 2158.8996135579796 1966.770098915635
2186 1983 2140.798553608279 2047.5152685978105 2210 2096 2255.201446391721 2031.4847314021897
2283 2054 2238.3553604636854 2117.720547483748 2283 2149 2327.6446395363146 2085.279452516252
2366 2099 2324.935244632309 2157.6110386709915 2394 2206 2435.064755367691 2147.3889613290085
2451 2175 2411.437876497076 2231.466357336705 2475 2276 2514.562123502924 2219.533642663295
2557 2231 2513.869868050908 2292.558916129381 2593 2348 2636.130131949092 2286.441083870619
2644 2286 2599.55580740189 2349.434452920627 2686 2410 2730.44419259811 2346.565547079373
600 1010 547.5637977121462 1084.8413147122121 632 1144 684.4362022878538 1069.1586852877879
692 1086 646.5620973559386 1150.8527586528662 711 1196 756.4379026440614 1131.1472413471338
756 1158 722.4153635726236 1205.9347899864733 811 1268 844.5846364273764 1220.0652100135267
866 1220 827.6621049341404 1274.7190365594497 898 1324 936.3378950658596 1269.2809634405503
1043 1329 997.1400388184629 1394.455155745943 1065 1442 1110.859961181537 1376.544844254057
1128 1391 1087.6416444587157 1448.6028060108438 1161 1500 1201.3583555412843 1442.3971939891562
1235 1463 1189.5561594947108 1527.8612336629067 1234 1559 1279.4438405052892 1494.1387663370933
1306 1511 1262.3999244768415 1573.2296587344729 1342 1629 1385.6000755231585 1566.7703412655271
1413 1569 1367.2298710304167 1634.326939731953 1421 1672 1466.7701289695833 1606.673060268047
1504 1635 1459.5528384712761 1698.4386904256467 1536 1752 1580.4471615287239 1688.5613095743533
1591 1706 1549.4653010582429 1765.2817812760838 1619 1814 1660.5346989417571 1754.7182187239162
1688 1766 1642.7896468164372 1830.5279811128705 1682 1858 1727.2103531835628 1793.4720188871295
1751 1803 1702.0000267709977 1872.9368424355018 1802 1943 1850.9999732290023 1873.0631575644982
1852 1875 1804.6374069536957 1942.5998370802297 1878 1994 1925.3625930463043 1926.4001629197703
1935 1930 1891.1155831879105 1992.6354943015442 1963 2043 2006.8844168120895 1980.3645056984558
2034 2005 1991.103355372634 2066.225663579345 2065 2118 2107.8966446273657 2056.774336420655
2139 2086 2092.4277011308286 2152.471863416132 2136 2183 2182.5722988691714 2116.528136583868
2206 2124 2155.581289256957 2195.9617827658385 2227 2246 2277.418710743043 2174.0382172341615
2300 2192 2256.962669193476 2253.4264626103704 2332 2306 2375.037330806524 2244.5735373896296
2405 2250 2356.97889216388 2318.5397242283625 2429 2369 2477.02110783612 2300.4602757716375
524 1114 482.93524463230926 1172.6110386709918 552 1221 593.0647553676907 1162.3889613290082
607 1164 561.0980916430999 1229.5150262479183 646 1289 691.9019083569001 1223.4849737520817
698 1236 653.5558074018901 1299.4344529206267 740 1360 784.4441925981099 1296.5655470793733
802 1304 757.7863257930026 1367.1054378756107 829 1417 873.2136742069974 1353.8945621243893
888 1360 844.4448405828183 1422.165550727478 917 1473 960.5551594171817 1410.834449272522
974 1422 930.5855267619769 1483.9647516964521 1002 1534 1045.4144732380232 1472.0352483035479
1064 1464 1010.1539669899468 1540.8535425274883 1096 1601 1149.8460330100531 1524.1464574725117
1153 1535 1108.7414096870255 1598.169545882606 1187 1653 1231.2585903129745 1589.830454117394
1251 1586 1197.5251715602178 1662.323728451447 1267 1711 1320.4748284397822 1634.676271548553
1343 1657 1295.589521917105 1724.6681825922449 1366 1774 1413.410478082895 1706.3318174077551
1442 1725 1393.5089485898134 1794.2104668334548 1466 1845 1514.4910514101866 1775.7895331665452
1533 1791 1491.6538722739922 1850.012636733043 1563 1900 1604.3461277260078 1840.987363266957
1606 1838 1558.918779312013 1905.1982390181784 1630 1955 1677.081220687987 1887.8017609818216
1696 1909 1654.1390125939488 1968.7474873451301 1733 2024 1774.8609874060512 1964.2525126548699
1785 1973 1742.7618701624501 2033.2857764312118 1818 2086 1860.2381298375499 2025.7142235687882
1869 2036 1827.1868976305398 2095.679141833115 1909 2153 1950.8131023694602 2093.320858166885
1966 2092 1926.6323855740534 2148.188737783624 2012 2208 2051.3676144259466 2151.811262216376
2065 2166 2021.7202750799079 2227.7724276754666 2072 2263 2115.279724920092 2201.2275723245334
2133 2208 2091.893297456946 2266.6709091729667 2178 2327 2219.106702543054 2268.3290908270333
2234 2278 2195.051475180915 2333.590578195567 2267 2384 2305.948524819085 2328.409421804433
475 1210 432.57329894670073 1270.5549209742528 506 1322 548.4267010532993 1261.4450790257472
565 1274 519.0951227124859 1339.5192637529383 594 1392 639.9048772875141 1326.4807362470617
666 1330 616.3236983974988 1400.9021546137553 655 1428 704.6763016025012 1357.0978453862447
732 1387 686.8943236814604 1451.3785775737797 762 1504 807.1056763185396 1439.6214224262203
831 1437 782.2275762314964 1506.612064895506 857 1559 905.7724237685036 1489.387935104494
901 1496 848.2375092478521 1571.3070207812586 942 1637 994.7624907521479 1561.6929792187414
998 1566 956.0491803819948 1625.8757033591205 1049 1691 1090.9508196180052 1631.1242966408795
1088 1616 1044.0736360125475 1678.6953648035192 1133 1741 1176.9263639874525 1678.3046351964808
1190 1691 1142.4967207745374 1758.8006361112555 1217 1811 1264.5032792254626 1743.1993638887445
1271 1759 1233.9791345137721 1811.8392622631839 1307 1863 1344.0208654862279 1810.1607377368161
1378 1827 1335.1961565152021 1888.0932100603345 1405 1937 1447.8038434847979 1875.9067899396655
1469 1887 1427.6928505187414 1945.9570037360882 1472 1977 1513.3071494812586 1918.0429962639118
1550 1937 1500.754663726816 2007.2870450056182 1566 2053 1615.245336273184 1982.7129549943818
1637 2005 1587.2876890833634 2075.9535501056903 1663 2129 1712.7123109166366 2058.0464498943097
1735 2059 1684.9584316884557 2130.4234936797566 1760 2183 1810.0415683115443 2111.5765063202434
1818 2126 1775.3876966615653 2186.8198280122733 1857 2244 1899.6123033384347 2183.1801719877267
1921 2190 1876.6846178585934 2253.2506039096816 1922 2285 1966.3153821414066 2221.7493960903184
2003 2255 1949.0581969167652 2331.990233551519 2029 2388 2082.941803083235 2311.009766448481
421 1301 371.75763265742995 1371.282807500598 447 1424 496.24236734257005 1353.717192499402
497 1365 447.1919190101819 1436.0902411297207 517 1485 566.8080809898181 1413.9097588702793
588 1419 541.0624344217853 1485.9932024821328 621 1542 667.9375655782147 1475.0067975178672
685 1481 636.8322681234936 1549.7489982694285 690 1587 738.1677318765064 1518.2510017305715
858 1606 809.2754612680872 1675.5437193834907 887 1730 935.7245387319128 1660.4562806165093
950 1663 903.0145493851944 1730.0615479941482 980 1784 1026.9854506148056 1716.9384520058518
1022 1726 983.712958901345 1780.6464535424143 1067 1839 1105.287041098655 1784.3535464575857
1141 1794 1094.28701495167 1860.672662447157 1139 1892 1185.71298504833 1825.327337552843
1211 1835 1156.3996821269493 1912.9301206996518 1235 1968 1289.6003178730507 1890.0698793003482
1310 1904 1254.6962512311566 1982.9341158547797 1339 2042 1394.3037487688434 1963.0658841452203
1395 1973 1342.6087138181233 2047.777206705217 1420 2102 1472.3912861818767 2027.2227932947828
1469 2014 1407.398413552543 2101.922914264018 1496 2164 1557.601586447457 2076.077085735982
1565 2096 1523.4653010582429 2155.281781276084 1593 2204 1634.5346989417571 2144.718218723916
1662 2153 1615.8137503541689 2218.9208618149896 1693 2273 1739.1862496458311 2207.0791381850104
1753 2202 1711.282667703721 2261.5424508090846 1799 2323 1840.717332296279 2263.4575491909154
1852 2278 1805.1552355643532 2344.860748963122 1881 2398 1927.8447644356468 2331.139251036878
358 1393 311.24209884569314 1459.7367704541523 363 1496 409.75790115430686 1429.2632295458477
434 1452 390.2113532610921 1514.4988032775136 468 1569 511.7886467389079 1506.5011967224864
520 1507 476.1664371551151 1569.562911284509 561 1629 604.8335628448848 1566.437088715491
606 1567 567.6650738647543 1621.7147990544295 648 1678 686.3349261352457 1623.2852009455705
692 1627 651.8302156744652 1684.3336614678028 727 1737 767.1697843255348 1679.6663385321972
812 1700 767.4032455002762 1763.6522019717327 815 1797 859.5967544997238 1733.3477980282673
878 1761 840.6049610128872 1814.3733138442453 920 1870 957.3950389871128 1816.6266861557547
981 1823 938.7050783340176 1883.3668344582875 981 1913 1023.2949216659824 1852.6331655417125
1040 1857 997.9084942028364 1917.076502390146 1092 1983 1134.0915057971638 1922.923497609854
1139 1941 1094.8371797602072 2004.0328548585755 1179 2063 1223.1628202397928 1999.9671451414245
1238 2007 1196.4653010582429 2066.281781276084 1266 2115 1307.5346989417571 2055.718218723916
1343 2065 1286.5169389000696 2145.6173286250405 1357 2195 1413.4830610999304 2114.3826713749595
1421 2123 1378.199125445816 2184.0889725553143 1458 2240 1500.800874554184 2178.9110274446857
1502 2186 1468.8793692854622 2233.2725223914217 1537 2281 1570.1206307145378 2233.7274776085783
295 1488 244.39271804120744 1560.2309273088792 314 1609 364.60728195879256 1536.7690726911208
374 1543 335.4256486818001 1598.0565266145059 401 1644 439.5743513181999 1588.9434733854941
460 1596 413.3916918166932 1662.5232589080665 494 1719 540.6083081833068 1652.4767410919335
552 1656 501.2520318620488 1728.4317263399048 572 1778 622.7479681379511 1705.5682736600952
812 1842 769.8517023744039 1902.1575604172217 831 1945 873.1482976255961 1884.8424395827783
904 1904 861.5703300160868 1964.559158479273 925 2009 967.4296699839132 1948.440841520727
984 1961 942.2318137365164 2020.61503382612 1017 2073 1058.7681862634836 2013.3849661738802
1078 2018 1038.0637029961915 2075.000408917767 1108 2124 1147.9362970038085 2066.999591082233
1178 2094 1132.9871248240281 2158.2461240547696 1204 2208 1249.0128751759719 2143.7538759452304
1270 2153 1222.825978169445 2220.330692537189 1298 2273 1345.174021830555 2205.669307462811
235 1582 190.03500986061897 1646.1777785427541 264 1698 308.96499013938103 1633.8222214572459
319 1643 280.757875007322 1697.582345535419 357 1751 395.242124992678 1696.417654464581
406 1698 365.45307324296647 1755.8719505538845 437 1806 477.54692675703353 1748.1280494461155
490 1751 445.60369243848095 1814.3661074086112 535 1877 579.396307561519 1813.6338925913888
581 1812 530.7219754361154 1883.760983734813 601 1933 651.2780245638846 1861.239016265187
663 1878 616.7179802809873 1944.05755283902 688 1994 734.2820197190127 1927.94244716098
745 1938 703.0911275573579 1997.8158328571456 779 2051 820.9088724426421 1991.1841671428544
837 1999 793.1155831879103 2061.6354943015444 865 2112 908.8844168120895 2049.3645056984556
162 1671 121.41112606760339 1728.9318210558595 210 1791 250.5888739323966 1733.0681789441405
251 1728 212.14724525409696 1783.453887171537 290 1838 328.85275474590304 1782.546112828463
353 1780 304.3652934800411 1849.4155033695004 368 1894 416.6347065199589 1824.5844966304996
445 1857 398.71798028098726 1923.05755283902 470 1973 516.2820197190127 1906.94244716098
608 1971 570.4613059031147 2024.578350380291 641 2074 678.5386940968853 2020.421649619709
695 2023 652.76187016245 2083.285776431212 728 2136 770.23812983755 2075.714223568788
793 2091 754.383701506437 2146.116397116481 837 2204 875.616298493563 2148.883602883519
81 1747 39.99500539135549 1805.5257431388961 152 1884 193.0049946086445 1825.4742568611039
202 1822 158.2024464692504 1884.5115157925743 206 1918 249.7975535307496 1855.4884842074257
280 1886 236.21135326109209 1948.4988032775136 314 2003 357.7886467389079 1940.5011967224864
375 1946 327.1674633796294 2014.2705796853218 401 2066 448.8325366203707 1997.7294203146782
600 2110 550.0601396228649 2181.2783276456857 651 2252 700.9398603771351 2180.7216723543143
725 2191 681.537641725386 2253.0330972084676 750 2301 793.462358274614 2238.9669027915324
120 1923 76.49569455002296 1985.0929677104425 162 2045 205.50430544997704 1982.9070322895575
211 1987 171.1594730693733 2043.863717893736 247 2097 286.8405269306268 2040.1362821062637
478 2187 436.27969877310727 2246.546688314105 514 2301 555.7203012268927 2241.453311685895
# Transcript
PAR
NTESOP
*TA OSA
*I QEOFRAS
WI EIS THM BOH
ANTA DEDOCQAI 
ON META QEOFRAS
XIN THN EUHFISM
KAI EIS THN ENKYK*
WI ENIAYTWI TWI MET*
*MIZESQAI AYTOYS EI
TAYTAEWS AN KOMISWNTA
DE TOYTWI TWI CRONWI MH E
E STRATHGWI MHTE ALLWI H
N MHT* ALLO MHQENMHDE TOIS *
*ATATATAXAIEN TWI CRONWI TO
SWNTAI TENEDIOI TA CRHMATA A
SIN OS AN KAI EIS TON LOIPO*
OI TE SYMMACOI KAI ALLOS OST
DHMWI TWI AQHNAIWN OTI O DHM
MELETAI DIKAIWS TOIS PR
CWN TA SYMFERONTA TWI DH
TOIS SYMMACOISEPAIN
NEDIN KAI STEFANWS
I APO CILIWN DRAC
S THS S TON DH*
ACOYSEPA*
N ARAON K*
WI EPNE
*NEO
