# Baseline angle
12.10876787368558
# Boxes: x1 y1 x2 y2 x3 y3 x4 y4
532 1428 589.9979282813475 1545.770279682266 687 1498 629.0020717186525 1380.229720317734
623 1381 681.8264459986634 1500.4526632808088 766 1459 707.1735540013366 1339.5473367191912
705 1338 766.5291938530517 1462.9408484652495 872 1411 810.4708061469483 1286.0591515347505
805 1286 862.2410702572017 1402.2334078693448 948 1360 890.7589297427983 1243.7665921306552
633 1555 677.0143073717878 1644.3752146464815 759 1604 714.9856926282122 1514.6247853535185
705 1508 758.0884163975107 1615.8010513874542 845 1573 791.9115836024893 1465.1989486125458
790 1458 848.2528308394565 1576.2878834389828 926 1538 867.7471691605435 1419.7121165610172
879 1414 932.4250439219011 1522.4846054189688 1039 1470 985.5749560780989 1361.5153945810312
988 1350 1045.4302847632382 1466.617625822575 1134 1423 1076.5697152367618 1306.382374177425
1086 1304 1139.6202300690352 1412.8809493543342 1247 1360 1193.3797699309648 1251.1190506456658
717 1641 776.4179760811628 1761.6538210690403 861 1720 801.5820239188372 1599.3461789309597
788 1608 848.4118217401252 1730.6719186922728 931 1690 870.5881782598748 1567.3280813077272
884 1563 935.674340238793 1667.9296359828152 1033 1620 981.325659761207 1515.0703640171848
975 1515 1026.100725079586 1618.764856140989 1117 1574 1065.899274920414 1470.235143859011
1060 1459 1116.7271715089696 1574.1898878488698 1176 1545 1119.2728284910304 1429.8101121511302
1123 1434 1181.318518891529 1552.4212692424692 1237 1525 1178.681481108471 1406.5787307575308
902 1700 954.0766558152558 1805.7465758178162 1049 1759 996.9233441847442 1653.2534241821838
1011 1650 1060.4854911326368 1750.4849708188492 1163 1700 1113.5145088673632 1599.5150291811508
1104 1597 1153.3141915498927 1697.1371308120245 1247 1651 1197.6858084501073 1550.8628691879755
1193 1553 1238.9482539198352 1646.3022760537306 1335 1599 1289.0517460801648 1505.6977239462694
800 1908 855.7732493286064 2021.2528586254894 970 1965 914.2267506713936 1851.7471413745106
876 1872 925.8400335803198 1973.2049027967691 1042 1916 992.1599664196802 1814.7950972032309
1019 1796 1071.9928701399508 1903.607035673292 1191 1845 1138.0071298600492 1737.392964326708
1135 1728 1192.9501551525675 1845.673271825185 1306 1790 1248.0498448474325 1672.326728174815
1244 1674 1300.7689729966523 1789.2747697238158 1346 1767 1289.2310270033477 1651.7252302761842
726 2101 779.0305779956192 2208.6836050411966 819 2189 765.9694220043808 2081.3163949588034
770 2082 822.7338739498277 2189.081119409534 896 2153 843.2661260501723 2045.918880590466
846 2046 900.4147959488495 2156.4943905351606 940 2137 885.5852040511506 2026.5056094648398
891 2032 936.5937114721522 2124.582344075811 1019 2084 973.4062885278479 1991.4176559241894
961 1976 1013.0706841741585 2081.734449835681 1110 2034 1057.9293158258415 1928.265550164319
1102 1907 1152.6566080154407 2009.8630344310418 1260 1957 1209.3433919845593 1854.1369655689582
1214 1856 1270.4125525398856 1970.551024270802 1369 1922 1312.5874474601144 1807.448975729198
1315 1803 1371.1834145552502 1917.0857379177196 1414 1896 1357.8165854447498 1781.9142620822804
757 2258 805.9775640255023 2357.4535767805096 880 2321 831.0224359744977 2221.5464232194904
825 2225 875.4912800737942 2327.5273204063524 972 2280 921.5087199262058 2177.4726795936476
1074 2078 1122.449843985992 2176.3819913206703 1241 2118 1192.550156014008 2019.6180086793293
1198 2010 1244.0019986897128 2103.4114098929467 1322 2065 1275.9980013102875 1971.5885901070533
1280 1978 1326.1852415546516 2071.783501864042 1409 2031 1362.8147584453484 1937.216498135958
810 2379 859.9236365556847 2480.374666546661 948 2437 898.0763634443153 2335.625333453339
898 2328 951.2597159802548 2436.1488913942794 1047 2389 993.7402840197453 2280.8511086057206
996 2280 1042.1732982724568 2373.759249899772 1129 2331 1082.8267017275434 2237.240750100228
1077 2233 1127.0669559420246 2334.6656901179044 1167 2315 1116.9330440579754 2213.3343098820956
1125 2199 1183.5834867227495 2317.959311488363 1283 2269 1224.4165132772505 2150.040688511637
1266 2145 1314.278544403248 2243.0341513138455 1424 2189 1375.721455596752 2090.9658486861545
1361 2071 1418.625470910372 2188.0139697579407 1508 2144 1450.374529089628 2026.9860302420595
1462 2021 1514.82344856629 2128.263009141561 1558 2107 1505.1765514337098 1999.736990858439
801 2519 847.7409417905661 2613.911903759463 943 2567 896.2590582094339 2472.088096240537
891 2477 939.4856738325768 2575.4547472134814 1046 2523 997.5143261674232 2424.5452527865186
990 2435 1038.1430746670887 2532.7590671998314 1127 2489 1078.8569253329113 2391.2409328001686
1069 2392 1119.5271099203792 2494.600076299163 1204 2453 1153.4728900796208 2350.399923700837
1152 2339 1204.27184196239 2445.142919753182 1300 2398 1247.72815803761 2291.857080246818
1247 2298 1294.7885322194059 2395.0391352219117 1370 2358 1322.2114677805941 2260.9608647780883
1320 2261 1365.1615376902018 2352.7047743301337 1460 2306 1414.8384623097982 2214.2952256698663
1420 2213 1463.7474615314839 2301.8333589254944 1569 2250 1525.2525384685161 2161.1666410745056
1523 2143 1569.386399342883 2237.1919717815426 1651 2197 1604.613600657117 2102.8080282184574
1615 2099 1665.3378954143425 2201.2158583459327 1747 2161 1696.6621045856575 2058.7841416540673
875 2625 947.2125651846261 2771.6344445462264 1048 2722 975.7874348153739 2575.3655554537736
995 2597 1034.228321941915 2676.6568185014135 1131 2629 1091.771678058085 2549.3431814985865
1088 2528 1144.5499002851282 2642.82992185991 1197 2617 1140.4500997148718 2502.17007814009
1144 2506 1197.2358294158646 2614.1003874657385 1301 2563 1247.7641705841354 2454.8996125342615
1237 2460 1286.9116932734898 2561.350414582391 1379 2516 1329.0883067265102 2414.649585417609
1354 2387 1412.08750289781 2504.952169414293 1479 2472 1420.91249710219 2354.047830585707
1423 2342 1480.844543621896 2459.4588176218463 1563 2419 1505.155456378104 2301.5411823781537
1510 2305 1565.4425934453134 2417.5814305761096 1658 2372 1602.5574065546866 2259.4185694238904
1007 2754 1053.681225379591 2848.7906439381113 1169 2792 1122.318774620409 2697.2093560618887
1126 2694 1170.2572666477017 2783.868566438928 1237 2751 1192.7427333522983 2661.131433561072
1195 2660 1238.062263200508 2747.4419988981945 1308 2713 1264.937736799492 2625.5580011018055
1091 2854 1138.4399614128204 2950.3313292261264 1198 2921 1150.5600385871796 2824.6686707738736
1270 2610 1315.4044969661156 2702.19812612258 1395 2663 1349.5955030338844 2570.80187387742
1151 2821 1199.9238192556247 2920.3444429412934 1292 2875 1243.0761807443753 2775.6555570587066
1246 2779 1287.6362437595951 2863.5463315292855 1372 2822 1330.3637562404049 2737.4536684707145
1308 2717 1360.4849430328163 2823.5756416349527 1451 2779 1398.5150569671837 2672.4243583650473
1407 2677 1453.0079703308102 2770.423535875082 1529 2733 1482.9920296691898 2639.576464124918
1484 2636 1535.2082146193409 2739.9831238194215 1590 2713 1538.7917853806591 2609.0168761805785
1533 2606 1583.9353971379396 2709.4291421162993 1664 2670 1613.0646028620604 2566.5708578837007
1609 2565 1662.3074891090348 2673.2458992513602 1742 2634 1688.6925108909652 2525.7541007486398
1688 2524 1741.691889762205 2633.0264611399557 1825 2592 1771.308110237795 2482.9735388600443
1757 2477 1811.8171115253122 2588.311330370161 1849 2570 1794.1828884746878 2458.688669629839
1797 2462 1853.1356414264703 2575.9887300606388 1912 2547 1855.8643585735297 2433.0112699393612
1187 2940 1246.0216321457974 3059.849007216174 1331 3018 1271.9783678542026 2898.150992783826
1012 3033 1068.4543540275681 3147.635906145748 1153 3106 1096.5456459724319 2991.364093854252
1096 2995 1143.5455729434918 3091.545783429465 1234 3047 1186.4544270565082 2950.454216570535
1260 2905 1307.1074275204442 3000.656087701653 1412 2949 1364.8925724795558 2853.343912298347
1348 2850 1400.2180971925125 2956.0337859139654 1514 2900 1461.7819028074875 2793.9662140860346
1468 2774 1528.778307470003 2897.416102634463 1621 2852 1560.221692529997 2728.583897365537
1538 2745 1589.650453674403 2849.8811320542745 1695 2798 1643.349546325597 2693.1188679457255
1629 2697 1679.2722073622701 2799.082472542446 1783 2748 1732.7277926377299 2645.917527457554
1731 2643 1781.5330815614766 2745.612202281298 1864 2705 1813.4669184385234 2602.387797718702
1076 3165 1131.0462495099482 3276.776616723244 1224 3231 1168.9537504900518 3119.223383276756
1162 3118 1210.0553780597097 3215.5809909428986 1262 3190 1213.9446219402903 3092.4190090571014
1217 3076 1275.3464990879331 3194.4780856780512 1388 3139 1329.6535009120669 3020.5219143219488
1342 3029 1391.0951188383685 3128.692282948118 1492 3079 1442.9048811616315 2979.307717051882
1420 2980 1473.3593558698287 3088.3512196154825 1602 3025 1548.6406441301713 2916.6487803845175
1272 3219 1326.8570350039115 3330.3923987700136 1417 3286 1362.1429649960885 3174.6076012299864
1337 3173 1392.950520552448 3286.6128246144494 1514 3227 1458.049479447552 3113.3871753855506
1468 3104 1521.0764731153156 3211.776799423184 1612 3167 1558.9235268846844 3059.223200576816
1555 3062 1597.3513002960588 3147.998321467261 1707 3094 1664.6486997039412 3008.001678532739
1651 3007 1696.5937114721523 3099.582344075811 1779 3059 1733.4062885278477 2966.417655924189
1746 2948 1797.7041984442806 3052.9902658934907 1885 3010 1833.2958015557194 2905.0097341065093
1829 2903 1880.307854508915 3007.1854520406246 1968 2964 1916.692145491085 2859.8145479593754
1920 2850 1963.9027242000188 2939.148634461008 2017 2913 1973.0972757999812 2823.851365538992
1438 3274 1488.650636374343 3376.850908448907 1598 3323 1547.349363625657 3220.149091551093
1540 3225 1593.6202300690354 3333.8809493543345 1701 3281 1647.3797699309646 3172.1190506456655
1634 3167 1689.1537390497028 3278.9948844016762 1746 3251 1690.8462609502972 3139.0051155983238
1740 3272 1789.0831755561737 3371.668030983848 1894 3320 1844.9168244438263 3220.331969016152
1835 3199 1895.9555786938447 3322.7760686234233 1995 3274 1934.0444213061553 3150.2239313765767
1630 3322 1678.3322891731254 3420.143285153062 1770 3375 1721.6677108268746 3276.856714846938
1160 941 1220.6947044946382 1064.2463388845713 1341 1005 1280.3052955053615 881.7536611154285
1228 1048 1282.0344889276932 1157.722141153606 1383 1108 1328.9655110723068 998.2778588463942
1333 1005 1383.917482214647 1108.3927641698938 1470 1066 1419.082517785353 962.6072358301062
1323 1171 1377.4009746575712 1281.466325095796 1488 1227 1433.5990253424288 1116.533674904204
1369 1285 1423.8092618751316 1396.2953909129326 1530 1344 1475.1907381248684 1232.7046090870674
1438 1400 1487.9773813255622 1501.4838003858774 1558 1467 1508.0226186744378 1365.5161996141226
1514 1366 1563.3022482676977 1466.112878847754 1661 1418 1611.6977517323023 1317.887121152246
1599 1318 1654.193662528302 1430.075952801528 1764 1376 1708.806337471698 1263.924047198472
1705 1255 1761.0520384511053 1368.8189663107466 1848 1326 1791.9479615488947 1212.1810336892534
1780 1211 1836.1296697853727 1324.9766040785034 1897 1295 1840.8703302146273 1181.0233959214966
1471 1531 1527.7909815519588 1646.3194601772625 1632 1595 1575.2090184480412 1479.6805398227375
1582 1477 1633.6922551620855 1581.9660139292205 1725 1537 1673.3077448379145 1432.0339860707795
1668 1444 1716.5871917312343 1542.6608889097786 1789 1507 1740.4128082687657 1408.3391110902214
1751 1394 1798.740759090626 1490.9421273648304 1890 1446 1842.259240909374 1349.0578726351696
1848 1354 1891.7773197369715 1442.8939888361704 1987 1396 1943.2226802630285 1307.1060111638296
1928 1295 1981.2716592624497 1403.1731433585494 2073 1358 2019.7283407375503 1249.8268566414506
2025 1245 2075.9115105735495 1348.3806381877584 2164 1305 2113.0884894264505 1201.6193618122413
1847 1189 1896.2843333444052 1289.0765009013487 2000 1238 1950.7156666555948 1137.9234990986513
1961 1143 2003.9308870963632 1230.175227291222 2118 1174 2075.069112903637 1086.824772708778
1538 1655 1592.6439339334852 1765.9596768882427 1688 1719 1633.3560660665148 1608.0403231117573
1632 1604 1688.4782405919582 1718.6844100742883 1765 1681 1708.5217594080418 1566.3155899257117
1710 1569 1763.2656876213523 1677.1610173764143 1857 1631 1803.7343123786477 1522.8389826235857
1908 1478 1949.9090612409966 1563.1003132324074 2009 1534 1967.0909387590034 1448.8996867675926
1969 1446 2005.6909020291735 1520.5043473416629 2092 1478 2055.3090979708268 1403.4956526583371
2071 1395 2107.915946381795 1469.9613211877038 2185 1432 2148.084053618205 1357.0386788122962
2165 1334 2207.369215219351 1420.0346994136662 2311 1369 2268.630784780649 1282.9653005863338
2276 1275 2318.452818194716 1361.204463163558 2394 1324 2351.547181805284 1237.795536836442
2356 1239 2393.0812743234414 1314.2970352123937 2481 1271 2443.9187256765586 1195.7029647876063
1700 1743 1742.2218022009972 1828.7353633353816 1829 1786 1786.7781977990028 1700.2646366646184
1780 1696 1824.2453233655067 1785.8443144746577 1895 1751 1850.7546766344933 1661.1556855253423
2001 1580 2043.405045065936 1666.1074553064768 2135 1621 2092.594954934064 1534.8925446935232
2091 1534 2131.228139241975 1615.6870421067813 2224 1570 2183.771860758025 1488.3129578932187
2174 1477 2216.6360610596553 1563.5765551346533 2297 1524 2254.3639389403447 1437.4234448653467
1685 1906 1728.3690325194111 1994.0649230190338 1828 1945 1784.6309674805889 1856.9350769809662
2384 1374 2434.8517941625746 1477.2593783664072 2543 1424 2492.1482058374254 1320.7406216335928
2493 1311 2540.302613667578 1407.0524316370186 2646 1355 2598.697386332422 1258.9475683629814
2606 1251 2651.5280234200795 1343.448958272324 2756 1292 2710.4719765799205 1199.551041727676
1783 1849 1831.9954789487947 1948.489954726915 1900 1915 1851.0045210512053 1815.510045273085
1852 1814 1901.2903049855026 1914.0886268834836 2003 1864 1953.7096950144974 1763.9113731165164
1940 1770 1983.0085184306306 1857.3328650589788 2071 1814 2027.9914815693694 1726.6671349410215
2035 1727 2081.3684844195905 1821.155593835137 2169 1778 2122.6315155804095 1683.844406164863
2123 1687 2167.3389916139836 1777.034516713726 2273 1725 2228.6610083860164 1634.965483286274
2228 1615 2272.777137037031 1705.9242124415382 2364 1661 2319.222862962969 1570.0757875584618
1750 2018 1799.9116932734898 2119.350414582391 1892 2074 1842.0883067265104 1972.6495854176092
1840 1975 1887.569459507882 2071.594287358005 1970 2031 1922.430540492118 1934.4057126419946
1936 1924 1989.0764731153158 2031.776799423184 2080 1987 2026.9235268846842 1879.223200576816
2025 1879 2069.5700076077023 1969.5036165419024 2164 1923 2119.4299923922977 1832.4963834580976
2128 1819 2177.6407538011717 1919.8002463543623 2228 1895 2178.3592461988283 1794.1997536456377
2189 1787 2232.5940768720325 1875.5218968650752 2323 1831 2279.4059231279675 1742.4781031349248
2280 1734 2323.1917612955694 1821.704957030074 2416 1776 2372.8082387044306 1688.295042969926
2385 1684 2431.545755643432 1778.5155598240974 2526 1732 2479.454244356568 1637.4844401759026
2484 1623 2536.0885990974507 1728.7708277820864 2627 1684 2574.9114009025493 1578.2291722179136
2584 1571 2636.2837852445846 1677.167171717452 2728 1632 2675.7162147554154 1525.832828282548
2672 1524 2724.46293447751 1630.5309511815055 2756 1615 2703.53706552249 1508.4690488184945
2721 1498 2767.3326545730056 1592.0828379423265 2867 1543 2820.6673454269944 1448.9171620576735
2876 1411 2925.6209608687955 1511.7600549328633 3049 1451 2999.3790391312045 1350.2399450671367
2988 1335 3045.4840295331155 1451.7267596617912 3116 1417 3058.5159704668845 1300.2732403382088
3066 1299 3114.7644629550755 1398.020854898739 3194 1359 3145.2355370449245 1259.979145101261
1823 2128 1879.6435685336048 2243.020124098978 1967 2200 1910.3564314663952 2084.979875901022
1918 2089 1967.4616045682467 2189.4364668903086 2078 2135 2028.538395431753 2034.5635331096914
2023 2037 2068.203339177884 2128.7896562050796 2149 2089 2103.7966608221154 1997.2103437949204
2106 1983 2157.2500161070234 2087.0680056943675 2198 2067 2146.7499838929766 1962.9319943056328
2156 1949 2209.496703615071 2057.6301172045905 2292 2017 2238.503296384929 1908.3698827954097
2244 1912 2291.5515445845895 2008.5579094116001 2380 1965 2332.4484554154105 1868.4420905883999
2328 1863 2376.3442324553207 1961.1675371173321 2464 1918 2415.6557675446793 1819.8324628826679
2412 1815 2459.7109008851385 1911.8814974541547 2561 1862 2513.2890991148615 1765.1185025458453
2516 1769 2556.0508680181333 1850.3270761178214 2642 1808 2601.9491319818667 1726.6729238821786
2601 1715 2648.386216642943 1811.2221953869102 2726 1773 2678.613783357057 1676.7778046130898
2676 1671 2723.314556949773 1767.0766836012886 2825 1717 2777.685443050227 1620.9233163987114
2785 1616 2833.46366527727 1714.4100567600349 2881 1691 2832.53633472273 1592.5899432399651
2829 1591 2876.752702372821 1687.9663793291006 2964 1645 2916.247297627179 1548.0336206708994
2920 1545 2967.5276580201994 1641.5094054830597 3064 1594 3016.4723419798006 1497.4905945169403
3023 1475 3072.764280255136 1576.0510785041065 3148 1539 3098.235719744864 1437.9489214958935
3108 1435 3165.9639764438457 1552.7013372645492 3208 1532 3150.0360235561543 1414.2986627354508
3157 1411 3207.503223355989 1513.5515723706224 3300 1468 3249.496776644011 1365.4484276293776
1884 2266 1930.533812361237 2360.4913078598265 2029 2312 1982.466187638763 2217.5086921401735
3237 1360 3283.1374684258717 1453.6864940069609 3382 1405 3335.8625315741283 1311.3135059930391
1971 2212 2018.509743096907 2308.473027536654 2121 2258 2073.4902569030933 2161.526972463346
2064 2152 2117.018634713424 2259.6593530769264 2161 2238 2107.981365286576 2130.3406469230736
2111 2127 2163.2539270390976 2233.1065418067765 2265 2183 2212.7460729609024 2076.8934581932235
2211 2078 2261.7521542730005 2181.057050145204 2337 2144 2286.2478457269995 2040.9429498547963
3336 1314 3380.783108678129 1404.936338423673 3470 1361 3425.216891321871 1270.063661576327
2294 2047 2340.3744560606883 2141.1677198172724 2426 2099 2379.625543939312 2004.8322801827278
2387 1983 2438.088781797391 2086.7406041767185 2533 2040 2481.911218202609 1936.2593958232812
2493 1940 2540.539601302394 2036.53365744733 2633 1991 2585.460398697606 1894.46634255267
2609 1879 2655.98390106648 1974.405255551909 2736 1935 2689.01609893352 1839.594744448091
2686 1834 2729.564218666545 1922.4612669543994 2830 1873 2786.435781333455 1784.5387330456006
2778 1786 2822.735335549349 1876.8393305665918 2928 1825 2883.264664450651 1734.1606694334082
2877 1728 2923.872317894711 1823.1786753664353 2975 1798 2928.127682105289 1702.8213246335647
2951 1667 3006.1238808442154 1778.9342544910005 3073 1746 3017.8761191557846 1634.0657455089995
3031 1632 3083.8413634895824 1739.2993870879666 3121 1721 3068.1586365104176 1613.7006129120334
3079 1611 3127.1371030259916 1708.7469412176965 3218 1664 3169.8628969740084 1566.2530587823035
3182 1566 3230.160989590381 1663.795445146237 3313 1623 3264.839010409619 1525.204554853763
1944 2376 2001.6194992692747 2493.0018437758054 2093 2448 2035.3805007307255 2330.9981562241946
2040 2334 2092.7040157443403 2441.0204894988583 2176 2400 2123.2959842556597 2292.9795105011417
2123 2297 2173.4334416719025 2399.409874060095 2223 2375 2172.5665583280975 2272.590125939905
2174 2272 2220.800658201541 2367.033163580814 2296 2330 2249.199341798459 2234.966836419186
2249 2231 2292.807177942459 2319.954618746846 2378 2278 2334.192822057541 2189.045381253154
2336 2185 2375.666467364963 2265.5465142292255 2458 2225 2418.333532635037 2144.4534857707745
2400 2115 2457.5956127048844 2231.953339847265 2557 2183 2499.4043872951156 2066.046660152735
2513 2079 2562.2503815069035 2179.007558483632 2611 2155 2561.7496184930965 2054.992441516368
2554 2045 2608.6499055745826 2155.971802870378 2702 2110 2647.3500944254174 1999.0281971296222
2657 1995 2706.8878067090996 2096.3019106538504 2807 2047 2757.1121932909004 1945.6980893461496
2746 1939 2792.728998508371 2033.8876517951926 2892 1985 2845.271001491629 1890.1123482048074
2843 1891 2887.918578414288 1982.2114225376872 2998 1928 2953.081421585712 1836.7885774623128
2940 1838 2989.2742680712936 1938.0560624121724 3030 1918 2980.7257319287064 1817.9439375878276
2992 1806 3050.8622758452484 1925.5254191736196 3123 1890 3064.1377241547516 1770.4745808263804
3068 1774 3127.009688863602 1893.824755251904 3216 1850 3156.990311136398 1730.175244748096
2094 2455 2141.7347874495285 2551.930001382695 2235 2506 2187.2652125504715 2409.069998617305
2191 2403 2238.167143931419 2498.777347523004 2323 2457 2275.832856068581 2361.222652476996
2274 2343 2329.0283345866555 2454.7402387768384 2428 2406 2372.9716654133445 2294.2597612231616
2384 2296 2433.5332642614167 2396.5819786759303 2520 2354 2470.4667357385833 2253.4180213240697
2481 2247 2523.157992158008 2332.605791006989 2565 2312 2522.842007841992 2226.394208993011
2523 2218 2570.947888519955 2315.362723264466 2659 2272 2611.052111480045 2174.637276735534
2601 2167 2652.0947534384886 2270.752730158854 2745 2225 2693.9052465615114 2121.247269841146
2710 2114 2758.2445925657466 2211.965208896129 2813 2185 2764.7554074342534 2087.034791103871
2790 2074 2837.4101032073327 2170.2706993154507 2907 2136 2859.5898967926673 2039.7293006845493
2869 2031 2914.8725005946512 2124.148451761068 2970 2097 2924.1274994053488 2003.8515482389323
2922 1990 2973.3257694322074 2094.2218299870297 3055 2054 3003.6742305677926 1949.77817001297
2998 1949 3050.9290600969616 2056.4774633448997 3125 2020 3072.0709399030384 1912.5225366551003
3090 1911 3135.587739831055 2003.5702180936755 3220 1962 3174.412260168945 1869.4297819063245
3156 1875 3198.7954173602043 1961.9001431772076 3292 1916 3249.2045826397957 1829.0998568227924
3249 1829 3296.107427520444 1924.656087701653 3401 1873 3353.892572479556 1777.343912298347
2062 2616 2114.29572852678 2722.191423681722 2202 2679 2149.70427147322 2572.808576318278
2158 2560 2218.7783074700033 2683.416102634463 2311 2638 2250.2216925299967 2514.583897365537
2217 2538 2270.638144992328 2646.9173273007395 2372 2597 2318.361855007672 2488.0826726992605
2320 2487 2371.331741073305 2591.2339559691654 2451 2552 2399.668258926695 2447.7660440308346
2400 2451 2448.497617114772 2549.4789991777516 2551 2499 2502.502382885228 2400.5210008222484
2498 2392 2547.0891471972714 2491.680156965983 2650 2441 2600.9108528027286 2341.319843034017
2607 2336 2654.1492290081264 2431.740969576599 2745 2387 2697.8507709918736 2291.259030423401
2693 2292 2744.112668361781 2395.789108105259 2831 2353 2779.887331638219 2249.210891894741
2775 2246 2818.9605626019106 2335.266080807265 2919 2286 2875.0394373980894 2196.733919192735
2840 2158 2932.20703317674 2345.2351031784883 3020 2302 2927.79296682326 2114.7648968215117
2948 2131 3008.5252829209776 2253.9023123528405 3053 2232 2992.4747170790224 2109.0976876471595
2993 2112 3056.108597953416 2240.1479778945786 3162 2188 3098.891402046584 2059.8520221054214
3110 2059 3161.592615272511 2163.763685708017 3220 2135 3168.407384727489 2030.236314291983
3181 2004 3234.532533461656 2112.7028730974016 3305 2078 3251.467466538344 1969.2971269025988
3251 1965 3308.394454916653 2081.544869929764 3409 2032 3351.6055450833464 1915.4551300702358
3361 1910 3415.147950108546 2019.9525348141733 3478 1989 3423.852049891454 1879.0474651858267
3425 1882 3473.5095603969667 1980.503251142022 3572 1932 3523.4904396030333 1833.496748857978
2126 2724 2181.0880509976305 2835.86149859819 2260 2797 2204.9119490023695 2685.13850140181
2218 2691 2268.893595650257 2794.3442602413534 2363 2748 2312.106404349743 2644.6557397586466
2327 2630 2379.526744520499 2736.660523509898 2456 2699 2403.473255479501 2592.339476490102
2408 2598 2454.96001450209 2693.356751623369 2543 2650 2496.03998549791 2554.643248376631
2489 2555 2531.9726885840455 2642.2601091661677 2632 2593 2589.0273114159545 2505.7398908338323
2617 2498 2660.611991795325 2586.5582748114807 2745 2545 2701.388008204675 2456.4417251885193
2708 2448 2750.393101783741 2534.083203342207 2846 2487 2803.606898216259 2400.916796657793
2809 2380 2859.001267889952 2481.5323043144176 2921 2451 2870.998732110048 2349.4676956855824
2884 2345 2928.581950889897 2435.5278685061726 3019 2391 2974.418049110103 2300.4721314938274
2985 2291 3029.050137218373 2380.4479705392923 3099 2346 3054.949862781627 2256.5520294607077
3054 2240 3101.88817210898 2337.241463443115 3210 2284 3162.11182789102 2186.758536556885
3167 2188 3214.131314084834 2283.7045916301936 3311 2236 3263.868685915166 2140.2954083698064
3253 2128 3299.290853085323 2221.9979560673805 3413 2166 3366.709146914677 2072.0020439326195
2201 2851 2255.1001769797654 2960.8555269570925 2334 2922 2279.8998230202346 2812.1444730429075
2277 2811 2330.235829415865 2919.1003874657385 2434 2868 2380.764170584135 2759.8996125342615
2381 2754 2432.313826150012 2858.19757802276 2518 2816 2466.686173849988 2711.80242197724
2469 2716 2514.422411889408 2808.234504068985 2588 2772 2542.577588110592 2679.765495931015
2544 2680 2589.043982877335 2771.466068162525 2657 2738 2611.956017122665 2646.533931837475
2627 2618 2681.2356467159248 2728.1306110711066 2781 2679 2726.7643532840752 2568.8693889288934
2722 2570 2780.258802480554 2688.300009421118 2856 2651 2797.741197519446 2532.699990578882
2800 2521 2857.2171836928114 2637.1849039408044 2951 2591 2893.7828163071886 2474.8150960591956
2890 2475 2940.5450248436714 2577.636454245568 3019 2539 2968.4549751563286 2436.363545754432
2959 2414 3022.9072574652446 2543.7697315824453 3126 2493 3062.0927425347554 2363.2302684175547
3054 2372 3112.94400081153 2491.6913694484174 3224 2437 3165.05599918847 2317.3086305515826
3158 2319 3210.845457121597 2426.3076995950078 3313 2376 3260.154542878403 2268.6923004049922
3271 2267 3325.626019010192 2377.9232989418374 3427 2328 3372.373980989808 2217.0767010581626
3367 2196 3430.9550305940247 2325.8667394395266 3518 2283 3454.0449694059753 2153.1332605604734
3461 2153 3517.4185241809832 2267.563150252937 3614 2220 3557.5814758190168 2105.436849747063
3524 2121 3577.106331320803 2228.8374293338597 3658 2189 3604.893668679197 2081.1625706661403
2244 2977 2299.6497228746425 3090.002026475746 2389 3046 2333.3502771253575 2932.997973524254
2336 2929 2391.0641644332404 3040.812994669649 2478 2998 2422.9358355667596 2886.187005330351
2441 2882 2492.331741073305 2986.2339559691654 2572 2947 2520.668258926695 2842.7660440308346
2532 2827 2582.9712269845245 2930.50189800911 2651 2897 2600.0287730154755 2793.49810199089
2594 2789 2649.034306227753 2900.7523647589733 2746 2853 2690.965693772247 2741.2476352410267
2694 2742 2747.205971210377 2850.039757555063 2861 2794 2807.794028789623 2685.960242444937
2804 2688 2855.1723847727562 2791.9103679266104 2922 2759 2870.8276152272438 2655.0896320733896
2873 2641 2930.490001174213 2757.7388856439266 2999 2724 2941.509998825787 2607.2611143560734
2944 2605 2997.0645298331206 2712.752547458914 3092 2666 3038.9354701668794 2558.247452541086
3043 2566 3093.8159643159897 2669.186622473597 3214 2610 3163.1840356840103 2506.813377526403
3144 2490 3201.8027421342135 2607.3739357469003 3298 2560 3240.1972578657865 2442.6260642530997
3243 2443 3297.691707062265 2554.0566847453238 3377 2515 3322.308292937735 2403.9433152546762
3322 2402 3372.7043811442204 2504.960042288123 3464 2460 3413.2956188557796 2357.039957711877
3414 2366 3458.1557487490445 2455.6624247426307 3559 2406 3514.8442512509555 2316.3375752573693
3510 2305 3559.905721632392 2406.3382886002555 3654 2360 3604.094278367608 2258.6617113997445
3594 2260 3643.8001101017203 2361.123834396917 3707 2330 3657.1998898982797 2228.876165603083
2316 3106 2369.67994648001 3215.0022091756855 2457 3172 2403.32005351999 3062.9977908243145
2408 3039 2470.7062823769534 3166.331038059577 2579 3113 2516.2937176230466 2985.668961940423
2512 2997 2566.217731792632 3107.094233124701 2672 3055 2617.782268207368 2944.905766875299
2613 2941 2666.082444756413 3048.788925405319 2755 3005 2701.917555243587 2897.211074594681
2701 2896 2751.965255343427 2999.489772026975 2822 2965 2771.034744656573 2861.510227973025
2775 2864 2827.0467976097684 2969.6859459071406 2932 2918 2879.9532023902316 2812.3140540928594
2866 2803 2918.478971391719 2909.5635156528174 3011 2864 2958.521028608281 2757.4364843471826
2971 2749 3021.9234538557444 2852.4048901520287 3106 2811 3055.0765461442556 2707.5951098479713
3055 2697 3110.034306227753 2808.7523647589733 3207 2761 3151.965693772247 2649.2476352410267
3154 2643 3208.034488927693 2752.722141153606 3309 2703 3254.965511072307 2593.277858846394
3252 2585 3310.932057529335 2704.667117484147 3426 2648 3367.067942470665 2528.332882515853
3367 2518 3424.033940827873 2633.812811969709 3513 2590 3455.966059172127 2474.187188030291
3456 2469 3513.661300756957 2586.0867256507513 3591 2548 3533.338699243043 2430.9132743492487
3529 2428 3589.601036246162 2551.056136645503 3675 2509 3614.398963753838 2385.943863354497
3618 2389 3673.1638043228145 2501.0153228908525 3793 2442 3737.8361956771855 2329.9846771091475
2361 3219 2424.9192007474394 3348.793983546716 2524 3300 2460.0807992525606 3170.206016453284
2468 3171 2524.832783039641 3286.4043420522084 2615 3242 2558.167216960359 3126.5956579477916
2556 3126 2619.765816087988 3255.4825214862963 2704 3214 2640.234183912012 3084.5174785137037
2654 3087 2705.4731824505616 3191.5211660653144 2804 3143 2752.5268175494384 3038.4788339346856
2741 3040 2789.7465480317833 3138.9844769523334 2875 3097 2826.2534519682167 2998.0155230476666
2841 2986 2886.966168843128 3079.338654000136 2977 3035 2931.033831156872 2941.661345999864
2929 2937 2983.8092618751316 3048.295390912933 3090 2996 3035.1907381248684 2884.704609087067
3026 2880 3085.6310771515896 3001.086542950811 3165 2962 3105.3689228484104 2840.913457049189
3100 2831 3153.4728170506814 2939.5816132760497 3244 2895 3190.5271829493186 2786.4183867239503
3198 2787 3247.5272926203193 2887.569852693795 3336 2844 3286.4727073796807 2743.430147306205
3294 2751 3344.8159643159897 2854.186622473597 3465 2795 3414.1840356840103 2691.813377526403
3404 2669 3458.4666627096435 2779.5997108992824 3547 2736 3492.5333372903565 2625.4002891007176
3486 2621 3540.0524038509857 2730.758519100011 3635 2684 3580.9475961490143 2574.241480899989
3586 2571 3640.733508549947 2682.1415666202697 3706 2650 3651.266491450053 2538.8584333797303
3652 2525 3706.289391485802 2635.2397449103223 3788 2595 3733.710608514198 2484.7602550896777
3738 2475 3795.0876855977504 2590.921945808925 3866 2556 3808.9123144022496 2440.078054191075
3807 2439 3862.376905393241 2551.4480447726237 3977 2495 3921.623094606759 2382.5519552273763
2443 3353 2494.8396681804393 3458.265350007505 2603 3405 2551.1603318195607 3299.734649992495
2524 3313 2574.7163244264157 3415.984294252393 2662 3373 2611.2836755735843 3270.015705747607
2612 3274 2657.143622766909 3365.668396383728 2758 3316 2712.856377233091 3224.331603616272
2706 3205 2761.6038277549455 3317.9088320937585 2800 3299 2744.3961722450545 3186.0911679062415
2752 3195 2804.094570738548 3300.7829537642215 2893 3257 2840.905429261452 3151.2170462357785
2838 3149 2891.454902127389 3257.5452353296446 2988 3210 2934.545097872611 3101.4547646703554
2937 3104 2991.8570350039113 3215.3923987700136 3082 3171 3027.1429649960887 3059.6076012299864
3018 3043 3071.2477726980596 3151.1246394300088 3171 3102 3117.7522273019404 2993.8753605699912
3114 2993 3165.076838515196 3096.7163522124483 3264 3048 3212.923161484804 2944.2836477875517
3212 2945 3259.539601302394 3041.53365744733 3352 2996 3304.460398697606 2899.46634255267
3274 2890 3331.938211870373 3007.649019860915 3449 2950 3391.061788129627 2832.350980139085
3397 2832 3451.9686181756806 2943.6189789554874 3571 2885 3516.0313818243194 2773.3810210445126
3508 2780 3564.9801960579953 2895.703678130493 3672 2843 3615.0198039420047 2727.296321869507
3601 2731 3657.1277917762895 2844.9727906034095 3785 2782 3728.8722082237105 2668.0272093965905
2758 3343 2811.6680031978153 3451.9779572114153 2903 3407 2849.3319968021847 3298.0220427885847
2838 3299 2894.1994514694593 3413.118302389031 2998 3362 2941.8005485305407 3247.881697610969
2949 3239 3004.0522211510456 3350.788742705379 3095 3306 3039.9477788489544 3194.211257294621
3053 3181 3103.6506363743433 3283.850908448907 3213 3230 3162.3493636256567 3127.149091551093
3166 3128 3210.860740012396 3219.09397619143 3274 3188 3229.139259987604 3096.90602380857
3227 3082 3283.6555118158 3197.0443760632484 3367 3156 3310.3444881842 3040.9556239367516
3325 3033 3380.0880509976305 3144.86149859819 3459 3106 3403.9119490023695 2994.13850140181
3399 2989 3449.284150644465 3091.1067245067165 3549 3042 3498.715849355535 2939.8932754932835
3503 2925 3555.5088295972064 3031.6241455634927 3638 2991 3585.4911704027936 2884.3758544365073
3584 2890 3632.0833582561136 2987.6378073784804 3741 2934 3692.9166417438864 2836.3621926215196
3694 2836 3742.059471691724 2933.58930344994 3859 2876 3810.940528308276 2778.41069655006
3802 2789 3844.1859723544126 2874.6626074425712 3943 2826 3900.8140276455874 2740.3373925574288
3889 2721 3945.217366392752 2835.1546803354363 4043 2787 3986.782633607248 2672.8453196645637
2954 3408 3003.0652606328813 3507.631653037443 3114 3453 3064.9347393671187 3353.368346962557
3062 3342 3113.8038383338544 3447.192594114694 3234 3388 3182.1961616661456 3282.807405885306
3197 3285 3239.1639637991057 3370.6179169891243 3279 3351 3236.8360362008943 3265.3820830108757
3232 3243 3283.283967944525 3347.136948112084 3379 3300 3327.716032055475 3195.863051887916
3326 3194 3375.6329041509907 3294.7843068971333 3495 3236 3445.3670958490093 3135.2156931028667
3444 3123 3496.2539270390976 3229.1065418067765 3598 3179 3545.7460729609024 3072.8934581932235
3534 3076 3585.088781797391 3179.7406041767185 3680 3133 3628.911218202609 3029.2593958232815
3631 3020 3685.277448203607 3130.215492946052 3771 3088 3716.722551796393 2977.784507053948
3714 2975 3770.0818966565926 3088.879596221422 3847 3051 3790.9181033434074 2937.120403778578
3775 2938 3831.4483823864707 3052.6237801636125 3918 3010 3861.5516176135293 2895.3762198363875
3839 2865 3924.4393280700397 3038.49263776909 4029 2987 3943.5606719299603 2813.50736223091
3950 2847 4006.7630013555545 2962.2626437416807 4054 2939 3997.2369986444455 2823.7373562583193
4007 2803 4065.7846445109813 2922.367781405863 4164 2874 4105.215355489019 2754.632218594137
3336 3319 3389.869160986047 3428.386427128916 3480 3384 3426.130839013953 3274.613572871084
3434 3268 3493.6071905871995 3389.038039022271 3581 3346 3521.3928094128005 3224.961960977729
3542 3207 3602.826080598783 3330.5131104915445 3679 3293 3618.173919401217 3169.4868895084555
3623 3175 3672.1010904794666 3274.7044089302535 3771 3226 3721.8989095205334 3126.2955910697465
3714 3123 3770.6196819692145 3237.9716201704373 3866 3191 3809.3803180307855 3076.0283798295627
3808 3076 3864.0400951689103 3189.7947143464767 3955 3145 3898.9599048310897 3031.2052856535233
3903 3025 3953.527109920379 3127.600076299163 4038 3086 3987.472890079621 2983.399923700837
3990 2980 4043.2656876213523 3088.1610173764143 4137 3042 4083.734312378648 2933.8389826235857
3849 3226 3900.1484982083657 3329.86186399807 3975 3293 3923.8515017916343 3189.13813600193
3918 3172 3980.7182256591477 3299.3552900238474 4085 3248 4022.2817743408523 3120.6447099761526
4011 3123 4063.478971391719 3229.5635156528174 4156 3184 4103.521028608281 3077.4364843471826
4110 3068 4161.72808500867 3173.038769822031 4241 3134 4189.27191499133 3028.961230177969
4061 3274 4115.241618357022 3384.1427370532415 4213 3336 4158.758381642978 3225.8572629467585
4154 3220 4203.8878067091 3321.3019106538504 4304 3272 4254.1121932909 3170.6980893461496
4240 3162 4299.648992074882 3283.1229208972163 4373 3247 4313.351007925118 3125.8770791027837
3371 2050 3419.682737988794 2148.854904623941 3460 2129 3411.317262011206 2030.145095376059
# Transcript
**
**
KYDA
*YMBPAI
*OYMYRI
**RPAI
*OYPAI
ITIANPAI
OYPAI
NHSIMPAI
AQOKLEOPAI
FOROSKYD
*AGGE
*RAKLEISTEIR
DOTOYAGGE
TIDOS
*OPODEXOI
*XOI
YPY
I
NA
M
H*
AQHNIWN
CRYSASE**
EYO*IANOSE
*TT**OSDHMH*
ABASKAN*********
SYNARCWNHLIO*WRO*
ANTIOCOSOKAICARITWN
ASIARCHSSWSIBIOY
FOIBOSDIONYSIOY
*QHNAIOSBEREKOYN*
AGAQOPOYSFILERWTO
ALEXANDROSPAPI**
APOKATASTANWNAGA*
ASKLHPIAKOSONHSI*
ANDREASEYHMEROY
ALEXANDROSMHTRODW
ATTIKOSSOLWNOS
**QWNHRAKLEWNOS
*HPIADHSTROFIM*
*OSEYODOY
*ODOY
YSI*
*
# Lines: x1 y1 x2 y2 x3 y3 x4 y4
498 1527 1003 1291
621 1629 1264 1278
684 1720 1251 1425
738 1861 1345 1536
781 1968 1368 1689
770 2160 1403 1832
757 2324 1448 1961
801 2445 1575 2056
810 2604 1738 2102
897 2724 1655 2302
975 2810 1426 2583
1081 2927 1903 2478
997 3084 1906 2635
1100 3209 1682 2909
1220 3276 2029 2832
1409 3351 1811 3146
1645 3396 2007 3210
1151 1028 1401 894
1210 1123 1566 914
1329 1238 1723 972
1381 1343 1949 1026
1469 1455 2096 1097
1518 1576 2287 1149
1598 1709 2488 1206
1637 1839 2843 1161
1691 1954 3189 1130
1776 2069 3370 1196
1819 2201 3543 1273
1916 2302 3601 1389
1968 2446 3229 1752
2037 2543 3613 1685
2043 2681 3578 1865
2134 2802 3634 1973
2193 2919 3730 2063
2227 3045 3813 2188
2302 3165 3968 2272
2372 3296 3999 2389
2414 3417 3813 2681
2735 3408 4063 2707
2914 3472 4254 2739
3340 3374 4146 2961
3812 3290 4257 3042
4048 3337 4405 3160
