# Baseline angle
0
# Boxes: x1 y1 x2 y2 x3 y3 x4 y4
500 502 500 620 602 620 602 502
646 500 646 608 702 608 702 500
718 478 718 612 850 612 850 478
860 482 860 592 964 592 964 482
980 470 980 580 1078 580 1078 470
1088 452 1088 568 1206 568 1206 452
380 632 380 752 512 752 512 632
526 630 526 738 628 738 628 630
652 618 652 722 704 722 704 618
754 598 754 716 856 716 856 598
882 594 882 706 964 706 964 594
992 586 992 702 1102 702 1102 586
1116 576 1116 684 1230 684 1230 576
286 754 286 860 404 860 404 754
420 748 420 854 498 854 498 748
520 728 520 846 620 846 620 728
648 720 648 846 748 846 748 720
768 714 768 830 872 830 872 714
874 712 874 814 972 814 972 712
998 700 998 802 1104 802 1104 700
1112 690 1112 802 1210 802 1210 690
1216 678 1216 796 1348 796 1348 678
312 854 312 966 418 966 418 854
426 856 426 970 512 970 512 856
574 846 574 956 626 956 626 846
668 852 668 946 758 946 758 852
774 830 774 928 874 928 874 830
890 822 890 912 990 912 990 822
996 818 996 898 1110 898 1110 818
1128 790 1128 900 1236 900 1236 790
1230 796 1230 892 1338 892 1338 796
304 970 304 1118 438 1118 438 970
458 972 458 1104 514 1104 514 972
540 978 540 1086 666 1086 666 978
686 954 686 1064 742 1064 742 954
772 944 772 1054 886 1054 886 944
898 926 898 1042 996 1042 996 926
1008 918 1008 1040 1122 1040 1122 918
1138 918 1138 1040 1240 1040 1240 918
1244 900 1244 1036 1368 1036 1368 900
296 1092 296 1224 436 1224 436 1092
458 1100 458 1210 524 1210 524 1100
562 1090 562 1196 670 1196 670 1090
642 1064 642 1178 800 1178 800 1064
794 1060 794 1174 900 1174 900 1060
932 1064 932 1158 988 1158 988 1064
1032 1044 1032 1146 1140 1146 1140 1044
1146 1034 1146 1136 1238 1136 1238 1034
1258 1044 1258 1148 1366 1148 1366 1044
340 1228 340 1336 452 1336 452 1228
456 1206 456 1322 568 1322 568 1206
572 1200 572 1314 694 1314 694 1200
694 1190 694 1306 780 1306 780 1190
798 1182 798 1288 920 1288 920 1182
924 1158 924 1286 1008 1286 1008 1158
1028 1156 1028 1264 1162 1264 1162 1156
1158 1146 1158 1250 1248 1250 1248 1146
338 1340 338 1444 452 1444 452 1340
458 1328 458 1430 562 1430 562 1328
572 1322 572 1426 684 1426 684 1322
688 1304 688 1404 780 1404 780 1304
782 1292 782 1392 930 1392 930 1292
928 1272 928 1384 1038 1384 1038 1272
1048 1260 1048 1372 1152 1372 1152 1260
1146 1252 1146 1368 1258 1368 1258 1252
1270 1246 1270 1362 1378 1362 1378 1246
352 1450 352 1562 460 1562 460 1450
462 1438 462 1556 572 1556 572 1438
584 1422 584 1540 676 1540 676 1422
716 1406 716 1520 808 1520 808 1406
812 1386 812 1522 916 1522 916 1386
932 1400 932 1502 1042 1502 1042 1400
1042 1388 1042 1496 1164 1496 1164 1388
1162 1382 1162 1484 1274 1484 1274 1382
1288 1368 1288 1470 1396 1470 1396 1368
1398 1356 1398 1466 1518 1466 1518 1356
360 1548 360 1682 490 1682 490 1548
506 1546 506 1658 550 1658 550 1546
588 1544 588 1652 694 1652 694 1544
716 1536 716 1632 824 1632 824 1536
822 1520 822 1606 932 1606 932 1520
930 1498 930 1616 1042 1616 1042 1498
1058 1498 1058 1612 1168 1612 1168 1498
1184 1492 1184 1600 1280 1600 1280 1492
1292 1482 1292 1578 1392 1578 1392 1482
1404 1474 1404 1576 1512 1576 1512 1474
374 1664 374 1802 494 1802 494 1664
508 1660 508 1766 568 1766 568 1660
608 1662 608 1764 718 1764 718 1662
718 1642 718 1742 844 1742 844 1642
832 1636 832 1738 952 1738 952 1636
968 1618 968 1728 1016 1728 1016 1618
1068 1628 1068 1720 1190 1720 1190 1628
1204 1608 1204 1714 1294 1714 1294 1608
1310 1596 1310 1704 1412 1704 1412 1596
1434 1586 1434 1700 1544 1700 1544 1586
388 1784 388 1890 492 1890 492 1784
492 1768 492 1880 602 1880 602 1768
620 1760 620 1864 718 1864 718 1760
732 1750 732 1854 848 1854 848 1750
846 1750 846 1850 956 1850 956 1750
958 1726 958 1842 1082 1842 1082 1726
1082 1718 1082 1836 1172 1836 1172 1718
1178 1714 1178 1818 1320 1818 1320 1714
1322 1702 1322 1802 1418 1802 1418 1702
1434 1694 1434 1800 1542 1800 1542 1694
406 1880 406 1992 492 1992 492 1880
492 1880 492 1984 604 1984 604 1880
598 1862 598 1996 724 1996 724 1862
746 1844 746 1968 836 1968 836 1844
858 1846 858 1950 956 1950 956 1846
976 1836 976 1938 1078 1938 1078 1836
1118 1820 1118 1926 1160 1926 1160 1820
1202 1822 1202 1926 1308 1926 1308 1822
1320 1806 1320 1928 1442 1928 1442 1806
396 2010 396 2120 494 2120 494 2010
506 2004 506 2096 636 2096 636 2004
648 2000 648 2102 750 2102 750 2000
762 1966 762 2086 842 2086 842 1966
858 1972 858 2070 960 2070 960 1972
974 1952 974 2046 1078 2046 1078 1952
1104 1934 1104 2044 1206 2044 1206 1934
1222 1938 1222 2054 1334 2054 1334 1938
420 2110 420 2234 516 2234 516 2110
520 2110 520 2226 646 2226 646 2110
656 2112 656 2210 754 2210 754 2112
760 2090 760 2204 866 2204 866 2090
874 2080 874 2194 992 2194 992 2080
996 2048 996 2180 1082 2180 1082 2048
1126 2048 1126 2182 1196 2182 1196 2048
416 2234 416 2336 530 2336 530 2234
536 2224 536 2330 646 2330 646 2224
668 2212 668 2342 766 2342 766 2212
784 2212 784 2318 882 2318 882 2212
904 2196 904 2302 998 2302 998 2196
1028 2166 1028 2294 1078 2294 1078 2166
530 2338 530 2470 638 2470 638 2338
652 2330 652 2442 768 2442 768 2330
784 2316 784 2442 894 2442 894 2316
# Transcript
**
TIFANH*
PAINETO*
PERGASHS Y
ARISTOMAC
FILIPPOS P 
FILWNIDHS 
ANAGYRAS**
PLATWN ANT 
YPERBOLOS A 
FILONOQOS L 
FILWNIDHS D 
PANTALEWN P
EYFRONIAD
SWKRATHS 
EYQYKRI*
PANTOI
HMA

