# Baseline angle
0.01911413402928064
# Boxes: x1 y1 x2 y2 x3 y3 x4 y4
584 3004 581.4926644622599 3135.1610651407154 730 3138 732.5073355377401 3006.8389348592846
776 2998 773.2928023391609 3139.616039575681 898 3142 900.7071976608391 3000.383960424319
946 3006 943.4118428795124 3141.3889176638263 1080 3144 1082.5881571204877 3008.6110823361737
1138 3020 1135.600745833763 3145.5072275929215 1266 3148 1268.399254166237 3022.4927724070785
1330 3016 1327.4897420172335 3147.3139409711316 1468 3150 1470.5102579827665 3018.6860590288684
1516 3010 1513.2971860067005 3151.3867258300565 1650 3154 1652.7028139932995 3012.6132741699435
1698 3036 1695.6375035688538 3159.584396119386 1822 3162 1824.3624964311462 3038.415603880614
1870 3018 1867.0347675822682 3173.114078848033 2018 3176 2020.9652324177318 3020.885921151967
2046 3026 2043.3074145642925 3166.8516604236006 2208 3170 2210.6925854357078 3029.1483395763994
2236 3026 2233.2324378715975 3170.773761285879 2402 3174 2404.7675621284025 3029.226238714121
2468 3032 2465.0415702558394 3186.7582246362626 2530 3188 2532.9584297441606 3033.2417753637374
2614 3034 2611.2200174802356 3179.4234835651478 2746 3182 2748.7799825197644 3036.5765164348522
2806 3024 2802.717326141331 3195.7197372796445 2922 3198 2925.282673858669 3026.2802627203555
2976 3038 2973.036959416038 3192.9994219752207 3130 3196 3132.963040583962 3041.0005780247793
576 3176 573.4970481297994 3306.931751395091 734 3310 736.5029518702006 3179.068248604909
760 3176 757.1155891650156 3326.8862263249216 920 3330 922.8844108349844 3179.1137736750784
948 3176 945.2236705365186 3321.2323887771277 1090 3324 1092.7763294634815 3178.7676112228723
1116 3178 1113.1104748862197 3329.15375902815 1262 3332 1264.8895251137803 3180.84624097185
1310 3168 1307.0362288047813 3323.037640932824 1462 3326 1464.9637711952187 3170.962359067176
1512 3194 1508.8363666816824 3359.4926153677898 1640 3362 1643.1636333183176 3196.5073846322102
1702 3194 1698.8032620028744 3361.2243520533057 1844 3364 1847.1967379971256 3196.7756479466943
1874 3202 1871.0744477623853 3355.038371544081 2026 3358 2028.9255522376147 3204.961628455919
2064 3212 2060.9928955683813 3369.304443024796 2202 3372 2205.0071044316187 3214.695556975204
2232 3200 2228.731938366462 3370.955358127564 2388 3374 2391.268061633538 3203.044641872436
2448 3214 2445.1038993849106 3365.497729646586 2576 3368 2578.8961006150894 3216.502270353414
2640 3216 2637.167916908757 3364.1489131483677 2734 3366 2736.832083091243 3217.8510868516323
2800 3230 2797.2251317590317 3375.15595086192 2946 3378 2948.7748682409683 3232.84404913808
2984 3222 2981.0722559286155 3375.1530284168934 3130 3378 3132.9277440713845 3224.8469715831066
756 3362 753.3354049643044 3501.387456441313 890 3504 892.6645950356956 3364.612543558687
928 3354 924.852440129327 3518.6517983005015 1100 3522 1103.1475598706731 3357.3482016994985
1128 3376 1125.0761361571608 3528.950050035539 1180 3530 1182.9238638428392 3377.049949964461
1216 3370 1213.1803373001185 3517.499190869099 1344 3520 1346.8196626998815 3372.500809130901
1370 3380 1367.5199242510153 3509.7350801160323 1486 3512 1488.4800757489847 3382.2649198839677
1510 3382 1507.4649012345103 3514.6133855296684 1580 3516 1582.5350987654897 3383.3866144703316
1674 3394 1671.4162265470518 3529.1596039182023 1820 3532 1822.5837734529482 3396.8403960817977
1880 3388 1877.1869128014278 3535.1552202506628 2026 3538 2028.8130871985722 3390.8447797493372
2060 3404 2057.1479632325672 3553.1927085970106 2204 3556 2206.8520367674328 3406.8072914029894
2244 3408 2241.184720967658 3555.269877123475 2384 3558 2386.815279032342 3410.730122876525
2428 3412 2425.217825646466 3557.53814043796 2554 3560 2556.782174353534 3414.46185956204
2604 3412 2601.3375967980737 3551.2727995685013 2744 3554 2746.6624032019263 3414.7272004314987
2810 3428 2807.4111122682557 3563.4271366214307 2942 3566 2944.5888877317443 3430.5728633785693
2984 3424 2980.9627133346 3582.8833038798953 3144 3586 3147.0372866654 3427.1166961201047
1662 3566 1659.0751783736418 3719.000152586477 1816 3722 1818.9248216263582 3568.999847413523
1856 3570 1853.1869128014278 3717.1552202506628 2002 3720 2004.8130871985722 3572.8447797493372
2054 3590 2051.1068218299365 3741.34485381617 2190 3744 2192.8931781700635 3592.65514618383
2228 3586 2225.3390580205873 3725.196361653293 2372 3728 2374.6609419794127 3588.803638346707
2426 3594 2422.956868444547 3753.189055540727 2570 3756 2573.043131555453 3596.810944459273
2628 3592 2625.118738782304 3742.7214669011714 2692 3744 2694.881261217696 3593.2785330988286
2794 3600 2791.1479632325672 3749.1927085970106 2938 3752 2940.8520367674328 3602.8072914029894
2970 3602 2966.6223957724465 3778.6856335905663 3140 3782 3143.3776042275535 3605.3143664094337
1682 3766 1679.1501550663368 3915.0780517241983 1832 3918 1834.8498449336632 3768.9219482758017
1872 3772 1869.3699708656254 3909.5792818405903 1996 3912 1998.6300291343746 3774.4207181594097
2040 3764 2036.772349157836 3932.8414318660084 2202 3936 2205.227650842164 3767.1585681339916
2238 3768 2235.145040787541 3917.3455844274263 2374 3920 2376.854959212459 3770.6544155725737
2436 3768 2432.993626179638 3925.266224067192 2576 3928 2579.006373820362 3770.733775932808
2612 3764 2608.8731244167734 3927.5697838942547 2736 3930 2739.1268755832266 3766.4302161057453
2782 3784 2779.452253670886 3917.274991402271 2922 3920 2924.547746329114 3786.725008597729
2992 3794 2989.2949941729307 3935.501382702869 3120 3938 3122.7050058270693 3796.498617297131
2060 3960 2057.1905658577107 4106.964125462642 2216 4110 2218.8094341422893 3963.035874537357
2250 3960 2247.374354533165 4097.349968094966 2386 4100 2388.625645466835 3962.650031905034
2422 3964 2419.292802339161 4105.616039575681 2544 4108 2546.707197660839 3966.383960424319
2602 3970 2599.5221160847855 4099.62042324322 2724 4102 2726.4778839152145 3972.3795767567794
2782 3988 2779.525769141068 4117.4293284552 2914 4120 2916.474230858932 3990.5706715447996
2984 3976 2981.3001084517264 4117.23384999964 3126 4120 3128.6998915482736 3978.766150000359
2420 4132 2417.0700640948457 4285.267685289706 2560 4288 2562.9299359051543 4134.732314710294
2594 4134 2591.0722559286155 4287.153028416893 2740 4290 2742.9277440713845 4136.846971583107
2774 4146 2771.1567305676463 4294.734081105762 2942 4298 2944.8432694323537 4149.265918894238
2790 4330 2787.0656804273062 4483.496999035329 2918 4486 2920.9343195726938 4332.503000964671
2952 4324 2948.393812638079 4512.643030965422 3124 4516 3127.606187361921 4327.356969034578
# Transcript
* ARCONTOS EPI THS
*ATHS PRYTANEIAS
*NEI KAI NEAIENAT
*YTANEIAS
WN EPEUHF
* MARAQW
THS*
*YS