# Baseline angle
-0.022822489018974768
# Boxes: x1 y1 x2 y2 x3 y3 x4 y4
852 476 852.108716076107 646.086858956982 988 646 987.891283923893 475.91314104301796
1019 468 1019.1023263239643 628.0900589399357 1160 628 1159.8976736760358 467.9099410600642
1176 470 1176.1010585873005 628.1066784237657 1343 628 1342.8989414126995 469.8933215762342
1346 467 1346.0972128880476 619.0900622083406 1487 619 1486.9027871119524 466.9099377916595
1490 467 1490.0972128880476 619.0900622083406 1631 619 1630.9027871119524 466.9099377916595
1634 458 1634.1061609923513 624.0894173091427 1774 624 1773.8938390076487 457.91058269085727
1776 458 1776.09785411029 611.0932576972377 1922 611 1921.90214588971 457.90674230276227
1926 459 1926.0825101255853 588.0875148870457 2063 588 2062.9174898744145 458.9124851129543
2091 462 2091.0869925530237 598.100295616983 2248 598 2247.9130074469763 461.89970438301697
2270 436 2270.104250807793 599.1009237656068 2428 599 2427.895749192207 435.89907623439325
2447 440 2447.098496966735 594.0990099040934 2602 594 2601.901503033265 439.9009900959067
2600 431 2600.0895419170715 571.0887887519684 2739 571 2738.9104580829285 430.91121124803163
2739 415 2739.0946786403715 563.1252187144693 2935 563 2934.9053213596285 414.87478128553073
2939 400 2939.0991173528973 555.0696072390224 3048 555 3047.9008826471027 399.9303927609776
3059 404 3059.094018624802 551.0926209690517 3204 551 3203.905981375198 403.90737903094833
3200 388 3200.101041836726 546.0804720646934 3326 546 3325.898958163274 387.91952793530663
3323 388 3323.1119136077573 563.0894136321874 3463 563 3462.8880863922427 387.9105863678126
3464 384 3464.096568397401 535.0817532835266 3592 535 3591.903431602599 383.91824671647333
3578 382 3578.092094140973 526.0817561433807 3706 526 3705.907905859027 381.91824385661926
3694 364 3694.1048850846755 528.0932532031812 3840 528 3839.8951149153245 363.90674679681865
3836 363 3836.108076488067 532.0862201860431 3971 532 3970.891923511933 362.9137798139569
3966 351 3966.112564635214 527.1079494288344 4135 527 4134.887435364786 350.89205057116556
4154 355 4154.099131652168 510.0919785211574 4298 510 4297.900868347832 354.9080214788426
4264 347 4264.102327549616 507.0919764784045 4408 507 4407.897672450384 346.9080235215955
4408 359 4408.089535788813 499.0792010596248 4532 499 4531.910464211187 358.9207989403752
999 687 999.1016785649124 846.0766365792053 1119 846 1118.8983214350876 686.9233634207947
1144 695 1144.0997610264437 851.076637804857 1264 851 1263.9002389735563 694.923362195143
1255 671 1255.1170135615046 854.0683174406269 1362 854 1361.8829864384954 670.9316825593731
1375 670 1375.1074111613398 838.045313107261 1446 838 1445.8925888386602 669.954686892739
1452 671 1452.1004279873732 828.1201016015975 1640 828 1639.8995720126268 670.8798983984025
1648 675 1648.0940321069716 822.1137138922077 1826 822 1825.9059678930284 674.8862861077923
1834 676 1834.094011679442 823.081754917729 1962 823 1961.905988320558 675.918245082271
1960 663 1960.09720757689 815.081752874976 2088 815 2087.90279242311 662.918247125024
2111 671 2111.0946181748845 819.0306201500125 2159 819 2158.9053818251155 670.9693798499875
2163 652 2163.0959402487765 802.0990115382957 2318 802 2317.9040597512235 651.9009884617043
2284 652 2284.0921080316934 796.1034882460261 2446 796 2445.9078919683066 651.8965117539739
2447 646 2447.101018549343 804.0440388337878 2516 804 2515.898981450657 645.9559611662122
2540 650 2540.0869839734614 786.0868728477019 2676 786 2675.9130160265386 649.9131271522981
2674 627 2674.1068034402456 794.0945303365087 2822 794 2821.8931965597544 626.9054696634913
2855 616 2855.1067956777842 783.0823859262068 2984 783 2983.8932043222158 615.9176140737932
2987 619 2987.0978659582574 772.1117939024352 3162 772 3161.9021340417426 618.8882060975648
3175 612 3175.1042242520048 775.0593770987846 3268 775 3267.8957757479952 611.9406229012154
3264 615 3264.0972010400806 767.0715260031428 3376 767 3375.9027989599194 614.9284739968572
3372 614 3372.095934937619 764.0907022049313 3514 764 3513.904065062381 613.9092977950687
3518 614 3518.090180688011 755.0881491639282 3656 755 3655.909819311989 613.9118508360718
3648 595 3648.101694906936 754.1022037587883 3808 754 3807.898305093064 594.8977962412117
3823 591 3823.106789958076 758.0734374133527 3938 758 3937.893210041924 590.9265625866473
3931 575 3931.109967062197 747.0440331140795 4000 747 3999.890032937803 574.9559668859205
3996 588 3996.094012496543 735.0830332767082 4126 735 4125.905987503457 587.9169667232918
4119 579 4119.1048789564165 743.0836655108377 4250 743 4249.8951210435835 578.9163344891623
4254 587 4254.0888957922225 726.0779231091963 4376 726 4375.9111042077775 586.9220768908037
4384 580 4384.101014872387 738.0382862183816 4444 738 4443.898985127613 579.9617137816184
1648 900 1648.101681833317 1059.0817500151218 1776 1059 1775.898318166683 899.9182499848781
1772 896 1772.1036005974374 1058.083666327939 1903 1058 1902.8963994025626 895.9163336720611
1888 899 1888.0965696230523 1050.0836708219952 2019 1050 2018.9034303769477 898.9163291780046
2012 890 2012.1029659120045 1051.0906977108746 2154 1051 2153.8970340879955 889.9093022891252
2136 887 2136.0978410366715 1040.0728039535713 2250 1040 2249.9021589633285 886.9271960464287
2244 874 2244.1036042743926 1036.089418943345 2384 1036 2383.8963957256074 873.910581056655
2387 872 2387.10485362628 1036.0440363824841 2456 1036 2455.89514637372 871.9559636175157
2452 878 2452.1061626265537 1044.091974027101 2596 1044 2595.8938373734463 877.908025972899
2591 876 2591.0920986350297 1020.0887871177661 2730 1020 2729.9079013649703 875.9112128822339
2723 862 2723.0978496162334 1015.0862267228524 2858 1015 2857.9021503837666 861.9137732771476
2859 838 2859.11064341979 1011.10219803908 3019 1011 3018.88935658021 837.89780196092
3020 850 3020.095922272551 1000.0708876407544 3131 1000 3130.904077727449 849.9291123592456
3126 838 3126.09785411029 991.0932576972377 3272 991 3271.90214588971 837.9067423027623
3268 831 3268.102971631713 992.0996462237288 3424 992 3423.897028368287 830.9003537762712
3419 836 3419.1036022316403 998.0862230458971 3554 998 3553.8963977683597 835.9137769541029
3555 836 3555.0965639033443 987.0747223091413 3672 987 3671.9034360966557 835.9252776908587
3666 832 3666.0997340621047 988.0344519585453 3720 988 3719.9002659378953 831.9655480414547
3723 834 3723.094672512113 982.1156310221256 3904 982 3903.905327487887 833.8843689778744
3904 828 3904.1036026401907 990.0868622253868 4040 990 4039.8963973598093 827.9131377746132
4040 823 4040.092736588868 968.0868691707467 4176 968 4175.907263411133 822.9131308292533
4178 816 4178.098483076014 970.0772778014478 4299 970 4298.901516923986 815.9227221985522
4295 810 4295.090827629961 952.1002931656794 4452 952 4451.909172370039 809.8997068343206
216 1188 216.10423487432007 1351.0759957655134 335 1351 334.89576512567993 1187.9240042344866
335 1191 335.10039693752856 1348.0715239603899 447 1348 446.89960306247144 1190.9284760396101
451 1188 451.0933626947385 1334.0664150185298 555 1334 554.9066373052614 1187.9335849814702
559 1188 559.0914471990227 1331.0696121416295 668 1331 667.9085528009773 1187.9303878583705
672 1191 672.0869807050569 1327.0817594117852 800 1327 799.9130192949431 1190.9182405882148
802 1180 802.0869790708546 1316.0792026938273 926 1316 925.9130209291454 1179.9207973061727
892 1172 892.0933782196608 1318.0907038391335 1034 1318 1033.906621780339 1171.9092961608665
1036 1170 1036.0805856417567 1296.0766500613747 1156 1296 1155.9194143582433 1169.9233499386253
1152 1160 1152.0908153734435 1302.0811177809924 1279 1302 1278.9091846265565 1159.9188822190076
1286 1154 1286.098485118768 1308.0804736988957 1412 1308 1411.901514881232 1153.9195263011043
1415 1139 1415.1004034743378 1296.0817508322232 1543 1296 1542.8995965256622 1138.9182491677768
1538 1142 1538.0857007118755 1276.0792035109282 1662 1276 1661.9142992881245 1141.9207964890718
1663 1135 1663.0952642997343 1284.041485792785 1728 1284 1727.9047357002657 1134.958514207215
1720 1134 1720.0901774196059 1275.0830357280117 1850 1275 1849.9098225803941 1133.9169642719883
1852 1128 1852.0933716828515 1274.0804769673002 1978 1274 1977.9066283171485 1127.9195230326998
1979 1118 1979.0984847102175 1272.0798345194062 2104 1272 2103.9015152897828 1117.9201654805938
2099 1115 2099.0920896469174 1259.0747251689954 2216 1259 2215.9079103530826 1114.9252748310046
2214 1102 2214.097218199205 1254.0983715417049 2368 1254 2367.902781800795 1101.9016284582951
2364 1119 2364.0952614398807 1268.0370115363578 2422 1268 2421.9047385601193 1118.9629884636422
2426 1104 2426.09337740256 1250.0894254801544 2566 1250 2565.90662259744 1103.9105745198456
2567 1099 2567.0965422501627 1250.040845796194 2631 1250 2630.9034577498373 1098.959154203806
2627 1104 2627.0888994691772 1243.0836757246022 2758 1243 2757.9111005308228 1103.9163242753978
2750 1104 2750.0857076572356 1238.090069562251 2891 1238 2890.9142923427644 1103.909930437749
2887 1084 2887.096568397401 1235.0817532835267 3015 1235 3014.903431602599 1083.9182467164733
3010 1080 3010.0895382401163 1220.0830361365622 3140 1220 3139.9104617598837 1079.9169638634378
3324 1047 3324.105519361558 1212.0855826407558 3458 1212 3457.894480638442 1046.9144173592442
3455 1060 3455.0908194589497 1202.0875095758881 3592 1202 3591.9091805410503 1059.9124904241119
3610 1059 3610.094649224729 1207.0791977912202 3734 1207 3733.905350775271 1058.9208022087798
3712 1046 3712.102958149543 1207.0785533005728 3835 1207 3834.897041850457 1045.9214466994272
3824 1044 3824.1016683511475 1203.060657091966 3919 1203 3918.8983316488525 1043.939342908034
3911 1047 3911.095296575231 1196.091980972461 4055 1196 4054.904703424769 1046.908019027539
4032 1024 4032.159865143094 1274.1098367345598 4204 1274 4203.840134856906 1023.8901632654404
4198 1023 4198.1016924556325 1182.0983686818508 4352 1182 4351.8983075443675 1022.9016313181492
4364 1016 4364.106168346262 1182.1009225399548 4522 1182 4521.893831653738 1015.899077460045
419 1422 419.0882557956313 1560.0766451587676 539 1560 538.9117442043687 1421.9233548412324
522 1439 522.0665392179083 1543.1009478700914 680 1543 679.9334607820917 1438.8990521299086
666 1418 666.0844362436162 1550.100936430675 824 1550 823.9155637563838 1417.899063569325
1260 1398 1260.084416633188 1530.0702558151754 1370 1530 1369.915583366812 1397.9297441848246
1364 1392 1364.0933704571996 1538.0785594288318 1487 1538 1486.9066295428004 1391.9214405711682
1490 1379 1490.1048728281578 1543.0740778184943 1606 1543 1605.8951271718422 1378.9259221815057
1579 1372 1579.0946414622683 1520.0670533809184 1684 1520 1683.9053585377317 1371.9329466190816
1672 1372 1672.092085561411 1516.0683333741 1779 1516 1778.907914438589 1371.9316666259
1826 1360 1826.0889006948291 1499.0855932630711 1960 1499 1959.9110993051709 1359.9144067369289
1963 1347 1963.1029483443292 1508.063212992823 2062 1508 2061.897051655671 1346.936787007177
2060 1356 2060.0946504503813 1504.0811153296888 2187 1504 2186.9053495496187 1355.9188846703112
2186 1347 2186.092092506771 1491.0791994254223 2310 1491 2309.907907493229 1346.9208005745777
2311 1336 2311.0959206383486 1486.0683309227963 2418 1486 2417.9040793616514 1335.9316690772037
2416 1342 2416.086977436652 1478.0766459758688 2536 1478 2535.913022563348 1341.9233540241312
2542 1335 2542.0888974264244 1474.0804798271547 2668 1474 2667.9111025735756 1334.9195201728453
2688 1327 2688.094649224729 1475.0791977912202 2812 1475 2811.905350775271 1326.9208022087798
2811 1316 2811.0863402999157 1451.0798422818673 2936 1451 2935.9136597000843 1315.9201577181327
2932 1306 2932.0946292057506 1454.0478779962311 3007 1454 3006.9053707942494 1305.9521220037689
3008 1314 3008.0793023801702 1438.068980724601 3116 1438 3115.9206976198298 1313.931019275399
3107 1287 3107.1055140504004 1452.0772733073914 3228 1452 3227.8944859495996 1286.9227266926086
3235 1287 3235.0978487991324 1440.0849483638733 3368 1440 3367.9021512008676 1286.9150516361267
3364 1307 3364.078664017782 1430.0702594921308 3474 1430 3473.921335982218 1306.9297405078692
3466 1288 3466.0908341667705 1430.1105200375127 3639 1430 3638.9091658332295 1287.8894799624873
3642 1288 3642.088254161429 1426.0740884408094 3758 1426 3757.911745838571 1287.9259115591906
3754 1275 3754.089539465768 1415.084953675031 3887 1415 3886.910460534232 1274.915046324969
3890 1275 3890.0920880127146 1419.0721684510372 4003 1419 4002.9079119872854 1274.9278315489628
3995 1266 3995.097196137474 1418.063855849268 4095 1418 4094.902803862526 1265.936144150732
4083 1259 4083.0978516589867 1412.0894226203004 4223 1412 4222.902148341013 1258.9105773796996
323 1623 323.07995504182924 1748.0900732392063 464 1748 463.92004495817076 1622.9099267607937
2896 1494 2896.097221876161 1646.1041241571108 3059 1646 3058.902778123839 1493.8958758428892
3050 1490 3050.098481850363 1644.0753602629793 3168 1644 3167.901518149637 1489.9246397370207
3170 1502 3170.090828038512 1644.100932345169 3328 1644 3327.909171961488 1501.899067654831
3331 1487 3331.088896609323 1626.0792014681754 3455 1626 3454.911103390677 1486.9207985318246
3455 1492 3455.0837893016655 1623.0887924289236 3594 1623 3593.9162106983345 1491.9112075710764
3588 1479 3588.0901733341 1620.076643933116 3708 1620 3707.9098266659 1478.923356066884
3707 1478 3707.089505147519 1618.031262597907 3756 1618 3755.910494852481 1477.968737402093
3760 1468 3760.0863398913652 1603.0792031023777 3884 1603 3883.9136601086348 1467.9207968976223
1308 1735 1308.0895349717116 1875.0779227006458 1430 1875 1429.9104650282884 1734.9220772993542
1447 1726 1447.1003724244931 1883.0331731910155 1499 1883 1498.8996275755069 1725.9668268089845
1498 1728 1498.0946447306728 1876.0721668168349 1611 1876 1610.9053552693272 1727.9278331831651
1635 1748 1635.0844170417386 1880.070894994665 1746 1880 1745.9155829582614 1747.929105005335
1750 1746 1750.0824933750112 1875.061308527973 1846 1875 1845.9175066249888 1745.938691472027
1846 1747 1846.0844178588397 1879.0721733536443 1959 1879 1958.9155821411603 1746.9278266463557
1954 1712 1954.135556712062 1924.0791716439826 2078 1924 2077.864443287938 1711.9208283560174
2078 1728 2078.0869594604264 1864.0485220783278 2154 1864 2153.9130405395736 1727.9514779216722
2470 1706 2470.086970082742 1842.0651407450566 2572 1842 2571.913029917258 1705.9348592549434
2574 1706 2574.0850598981833 1839.0766472015207 2694 1839 2693.9149401018167 1705.9233527984793
2695 1698 2695.0831386827595 1828.0708958117664 2806 1828 2805.9168613172405 1697.9291041882336
2791 1696 2791.0856929494144 1830.0670591006265 2896 1830 2895.9143070505856 1695.9329408993735
2899 1688 2902.1377723468295 1825.4621119978347 3010 1823 3006.8622276531705 1685.5378880021653
3014 1687 3016.96911764737 1817.0735481941047 3064 1816 3061.03088235263 1685.9264518058953
3067 1687 3070.0922427776236 1822.4675151789374 3222 1819 3218.9077572223764 1683.5324848210626
3240 1687 3242.6544007193584 1803.2861701360382 3299 1802 3296.3455992806416 1685.7138298639618
3319 1686 3321.654500279896 1802.2905317659859 3422 1800 3419.345499720104 1683.7094682340141
3423 1679 3425.7344010372176 1798.7908898664384 3548 1796 3545.2655989627824 1676.2091101335616
3536 1672 3538.770234991527 1793.3607332126621 3686 1790 3683.229765008473 1668.6392667873379
3656 1666 3658.8470110953836 1790.7242039238824 3822 1787 3819.1529889046164 1662.2757960761176
3794 1667 3796.7121072479235 1785.814225206888 3920 1783 3917.2878927520765 1664.185774793112
3924 1663 3926.9696384229474 1793.0963627589767 3975 1792 3972.0303615770526 1661.9036372410233
3964 1659 3966.992751669434 1790.1089268732424 4147 1786 4144.007248330567 1654.8910731267576
4142 1636 4145.491447882615 1788.9562207913573 4275 1786 4271.508552117385 1633.0437792086427
4267 1650 4270.008175815682 1781.7846405595085 4392 1779 4388.991824184318 1647.2153594404915
4383 1628 4386.679172157366 1789.1802002354577 4526 1786 4522.320827842634 1624.8197997645423
960 1979 963.5604123528091 2134.9774730294967 1094 2132 1090.4395876471908 1976.0225269705033
1090 1986 1092.8023239562565 2108.766512974834 1214 2106 1211.1976760437435 1983.2334870251661
1210 1958 1213.6765682794794 2119.066127411097 1348 2116 1344.3234317205206 1954.9338725889024
2450 1916 2452.89878997152 2042.9925755212444 2584 2040 2581.10121002848 1913.0074244787556
2578 1902 2581.3570648107325 2049.0690566392345 2672 2047 2668.6429351892675 1899.9309433607652
2667 1890 2670.410605134677 2039.4145951911084 2820 2036 2816.589394865323 1886.5854048088916
2804 1883 2807.4551927132666 2034.3679245102091 2955 2031 2951.5448072867334 1879.6320754897909
2962 1888 2965.3663392105896 2035.4753571769838 3030 2034 3026.6336607894104 1886.5246428230162
3019 1879 3022.2814298185694 2022.7555766877063 3143 2020 3139.7185701814306 1876.2444233122937
3155 1868 3158.4240457391543 2018.003412247834 3290 2015 3286.5759542608457 1864.996587752166
3280 1863 3283.4261288414646 2013.094670507322 3419 2010 3415.5738711585354 1859.905329492678
3407 1858 3410.4348824657436 2008.478156480199 3519 2006 3515.5651175342564 1855.521843519801
3515 1866 3517.930978496787 1994.4027169133637 3667 1991 3664.069021503213 1862.5972830866363
3659 1859 3661.9594220324734 1988.6487947214312 3778 1986 3775.0405779675266 1856.3512052785688
3774 1854 3777.2688316441713 1997.2036655008294 3830 1996 3826.7311683558287 1852.7963344991706
3827 1860 3829.8495154127327 1984.833915118295 3954 1982 3951.1504845872673 1857.166084881705
3952 1843 3955.342682215639 1989.4389720827128 4106 1986 4102.657317784361 1839.5610279172872
4106 1862 4108.518133666242 1972.316470984323 4210 1970 4207.481866333758 1859.683529015677
4203 1839 4206.2441330980655 1981.1216512768142 4343 1978 4339.7558669019345 1835.8783487231858
2478 2102 2480.9190006585045 2229.877981921307 2607 2227 2604.0809993414955 2099.122018078693
2610 2110 2612.8137810189614 2233.268433402019 2756 2230 2753.1862189810386 2106.731566597981
2755 2095 2757.9968183135156 2226.287081762271 2902 2223 2899.0031816864844 2091.712918237729
2904 2088 2906.862534802171 2213.4042792400965 3056 2210 3053.137465197829 2084.5957207599035
3068 2091 3070.8188892141984 2214.492217420792 3180 2212 3177.1811107858016 2088.507782579208
3176 2076 3178.9267127316284 2204.2158387644395 3276 2202 3273.0732872683716 2073.7841612355605
3276 2080 3278.7556532753574 2200.721925396245 3398 2198 3395.2443467246426 2077.278074603755
3387 2062 3390.5360354612044 2216.9095501104584 3518 2214 3514.4639645387956 2059.0904498895416
3518 2074 3521.306848261329 2218.869128736489 3647 2216 3643.693151738671 2071.130871263511
3642 2055 3645.3228927436935 2200.5720186175745 3758 2198 3754.6771072563065 2052.4279813824255
3752 2054 3755.2390249028285 2195.8978672580415 3926 2192 3922.7609750971715 2050.1021327419585
3927 2044 3930.62989759858 2203.021539832508 4063 2200 4059.37010240142 2040.9784601674917
4046 2043 4049.3488319620305 2189.70838523123 4168 2187 4164.65116803797 2040.2916147687704
4162 2043 4165.402173164899 2192.0452005232078 4255 2190 4251.597826835101 2040.9547994767922
4250 2047 4253.613653995139 2205.309926691527 4311 2204 4307.386346004861 2045.6900733084728
4307 2035 4310.783350245754 2200.7441196250015 4431 2198 4427.216649754246 2032.255880374999
2478 2288 2481.0802649393413 2422.94278018688 2610 2420 2606.9197350606587 2285.05721981312
2602 2286 2605.2260055133906 2427.32750313624 2751 2424 2747.7739944866094 2282.67249686376
2750 2287 2753.0927635532007 2422.4903297438095 2906 2419 2902.9072364467993 2283.5096702561905
2923 2278 2926.1243317423528 2414.8732949411087 3052 2412 3048.8756682576472 2275.1267050588913
3047 2282 3050.090580890353 2417.3947098543736 3155 2415 3151.909419109647 2279.6052901456264
3160 2263 3163.2595572443142 2405.7973649630803 3242 2404 3238.7404427556858 2261.2026350369197
3248 2267 3251.206116480908 2407.4561880411547 3315 2406 3311.793883519092 2265.5438119588453
3318 2278 3320.8220138676634 2401.6291048100243 3436 2399 3433.1779861323366 2275.3708951899757
3415 2258 3418.0330734828644 2390.875378043419 3544 2388 3540.9669265171356 2255.124621956581
3550 2259 3552.682001824966 2376.4953420742568 3662 2374 3659.317998175034 2256.5046579257432
3660 2276 3662.244458448315 2374.3270819212007 3808 2371 3805.755541551685 2272.6729180787993
3796 2260 3798.9123301365344 2387.5857542079175 3956 2384 3953.0876698634656 2256.4142457920825
3944 2238 3947.0927635532007 2373.4903297438095 4100 2370 4096.907236446799 2234.5096702561905
4098 2227 4101.2528867223455 2369.505137249691 4211 2367 4207.7471132776545 2224.494862750309
4200 2240 4202.836496023296 2364.263550996494 4302 2362 4299.163503976704 2237.736449003506
4300 2232 4303.315601885608 2377.2526147093663 4402 2375 4398.684398114392 2229.7473852906337
2500 2480 2503.3882117848448 2628.4335689016098 2610 2626 2606.6117882151552 2477.5664310983902
2823 2472 2826.296333189241 2616.4084758091003 2888 2615 2884.703666810759 2470.5915241908997
2890 2474 2893.108287259988 2610.1704050600233 3032 2607 3028.891712740012 2470.8295949399767
3030 2463 3033.1435008781823 2600.7130722114275 3152 2598 3148.8564991218177 2460.2869277885725
3148 2454 3151.410926789179 2603.428686496085 3214 2602 3210.589073210821 2452.571313503915
3220 2471 3222.612516579195 2585.4512752712453 3330 2583 3327.387483420805 2468.5487247287547
3324 2452 3327.3519566154955 2598.845272620462 3452 2596 3448.6480433845045 2449.154727379538
3430 2442 3433.306327485752 2586.846314171617 3558 2584 3554.693672514248 2439.153685828383
3555 2450 3558.130060273705 2587.1242551547016 3695 2584 3691.869939726295 2446.8757448452984
3694 2431 3697.517708755454 2585.106678709989 3746 2584 3742.482291244546 2429.893321290011
3747 2432 3749.8432661058027 2556.5601403398305 3862 2554 3859.1567338941973 2429.4398596601695
3858 2436 3861.0625585697057 2570.1670849812303 3956 2568 3952.9374414302943 2433.8329150187697
3962 2427 3964.9578597057407 2556.5803510268147 4078 2554 4075.0421402942593 2424.4196489731853
4066 2416 4069.319247314651 2561.4123166634704 4175 2559 4171.680752685349 2413.5876833365296
4172 2415 4175.068807876636 2549.4408597596953 4282 2547 4278.931192123364 2412.5591402403047
4274 2407 4277.549476065681 2562.4983671671835 4387 2560 4383.450523934319 2404.5016328328165
328 2768 331.6729228504368 2928.906425456993 459 2926 455.3270771495632 2765.093574543007
455 2763 458.546872187794 2918.3842943428235 563 2916 559.4531278122059 2760.6157056571765
556 2756 559.7781424899795 2921.5159739762807 670 2919 666.2218575100205 2753.4840260237193
658 2754 661.275701287217 2897.504616474114 771 2895 767.724298712783 2751.495383525886
775 2752 778.2958124136634 2896.3856612442282 839 2895 835.7041875863366 2750.6143387557718
840 2751 843.3270589483136 2896.7545351365516 964 2894 960.6729410516864 2748.2454648634484
964 2740 966.9900482310079 2870.990492418934 1098 2868 1095.009951768992 2737.009507581066
1103 2740 1105.9500480720783 2869.238132553734 1204 2867 1201.0499519279217 2737.761867446266
1388 2707 1391.3270589483136 2852.7545351365516 1512 2850 1508.6729410516864 2704.2454648634484
1508 2703 1511.25809447812 2845.7332828984117 1631 2843 1627.74190552188 2700.2667171015883
1727 2667 1730.8107522302862 2833.9445683033246 1816 2832 1812.1892477697138 2665.0554316966754
1802 2670 1805.6572995831116 2830.2219885108316 1903 2828 1899.3427004168884 2667.7780114891684
1875 2674 1878.753765598375 2838.448051057242 1986 2836 1982.246234401625 2671.551948942758
1954 2700 1956.9568181545856 2829.534721897071 2068 2827 2065.043181845414 2697.465278102929
2031 2652 2034.865755320425 2821.354188919866 2138 2819 2134.1342446795747 2649.645811080134
2116 2636 2120.1659900928043 2818.5071207914634 2230 2816 2225.8340099071957 2633.4928792085366
2491 2674 2494.310493690372 2819.0288306905936 2627 2816 2623.689506309628 2670.9711693094064
2603 2668 2606.391857213887 2816.5932708557148 2720 2814 2716.608142786113 2665.4067291442852
2702 2678 2705.0455720967248 2811.4229276003484 2855 2808 2851.9544279032752 2674.5770723996516
2859 2639 2862.7895995526846 2805.0178944034656 2995 2802 2991.2104004473154 2635.9821055965344
2990 2656 2992.835975247718 2780.240736431622 3091 2778 3088.164024752282 2653.759263568378
3079 2636 3082.1449636443767 2773.7771542760956 3160 2772 3156.8550363556233 2634.2228457239044
3159 2658 3161.665536127562 2774.7739992582465 3327 2771 3324.334463872438 2654.2260007417535
3320 2650 3322.8967068692095 2776.9013172617565 3450 2774 3447.1032931307905 2647.0986827382435
3455 2640 3458.326538172736 2785.7317205716795 3578 2783 3574.673461827264 2637.2682794283205
2510 2862 2512.8982691959422 2988.9697609563723 2643 2986 2640.1017308040578 2859.0302390436277
2634 2860 2637.2378837911356 3001.8478764983493 2762 2999 2758.7621162088644 2857.1521235016507
2762 2827 2766.7124980985786 3033.448993047859 2874 3031 2869.2875019014214 2824.551006952141
2895 2848 2898.3222724075777 2993.544842422755 2966 2992 2962.6777275924223 2846.455157577245
2968 2850 2970.9091059225316 2977.444505188738 3078 2975 3075.0908940774684 2847.555494811262
3090 2834 3093.071932530101 2968.5777471489273 3206 2966 3202.928067469899 2831.4222528510727
3194 2844 3196.8977484203647 2970.9469463915 3326 2968 3323.1022515796353 2841.0530536085
3318 2842 3320.887332908814 2968.4906550940595 3430 2966 3427.112667091186 2839.5093449059405
3414 2824 3417.242570771333 2966.053207582198 3551 2963 3547.757429228667 2820.946792417802
2614 3034 2617.224244065582 3175.2503361817285 2672 3174 2668.775755934418 3032.7496638182715
2686 3050 2688.842224554648 3174.5145112100863 2799 3172 2796.157775445352 3047.4854887899137
2820 3034 2823.091622441508 3169.4403389841177 2930 3167 2926.908377558492 3031.5596610158823
2926 3039 2929.0496387408066 3172.601082489377 3043 3170 3039.9503612591934 3036.398917510623
3047 3027 3050.167356994209 3165.7581805655936 3171 3163 3167.832643005791 3024.2418194344064
3170 3035 3173.0496387408066 3168.601082489377 3287 3166 3283.9503612591934 3032.398917510623
3283 3026 3286.092663992663 3161.4859681138614 3395 3159 3391.907336007337 3023.5140318861386
3404 3019 3406.971721525257 3149.1876210184646 3459 3148 3456.028278474743 3017.8123789815354
3470 3030 3472.819409989776 3153.515031985664 3583 3151 3580.180590010224 3027.484968014336
3794 3022 3796.7349218127956 3141.8137044313107 3920 3139 3917.2650781872044 3019.1862955686893
3922 3024 3924.587519351475 3137.356176157387 3984 3136 3981.412480648525 3022.643823842613
3983 3019 3985.4968814281024 3128.3854354545165 4090 3126 4087.5031185718976 3016.6145645454835
4084 2998 4087.4898855558827 3150.887777096741 4214 3148 4210.510114444117 2995.112222903259
2640 3214 2643.2513243956123 3356.436693555075 2750 3354 2746.7486756043877 3211.563306444925
2750 3223 2753.163290350127 3361.580025676565 2910 3358 2906.836709649873 3219.419974323435
2919 3216 2922.4080012567897 3365.300522366748 3067 3362 3063.5919987432103 3212.699477633252
3070 3191 3073.6443797542124 3350.655986018978 3190 3348 3186.3556202457876 3188.344013981022
3215 3182 3219.76073110621 3390.562024321064 3332 3388 3327.23926889379 3179.437975678936
2956 3420 2959.3922784289266 3568.6117237906387 3030 3567 3026.6077215710734 3418.3882762093613
3043 3428 3045.960463583628 3557.694423851175 3164 3555 3161.039536416372 3425.305576148825
2880 3638 2883.274039399946 3781.43181114955 2946 3780 2942.725960600054 3636.56818885045
2943 3643 2945.9599428080505 3772.671609286303 3063 3770 3060.0400571919495 3640.328390713697
3056 3640 3059.026303400357 3772.5787887000824 3172 3770 3168.973696599643 3637.4212112999176
3171 3642 3173.8272216234386 3765.8572504587446 3299 3763 3296.1727783765614 3639.1427495412554
3295 3628 3298.163190789589 3766.5756640466175 3411 3764 3407.836809210411 3625.4243359533825
2999 3836 3002.1597444816225 3974.4246853524087 3196 3970 3192.8402555183775 3831.5753146475913
3200 3843 3203.123910527313 3979.8548420061848 3372 3976 3368.876089472687 3839.1451579938152
3348 3834 3351.330283162317 3979.8957841557312 3522 3976 3518.669716837683 3830.1042158442688
3514 3827 3517.430815821662 3977.3000015911703 3662 3974 3658.569184178338 3823.6999984088297
1036 932 1039.5116585696 1085.8416271914193 1164 1083 1160.4883414304 929.1583728085806
1172 930 1175.462805225853 1081.7014197233943 1250 1080 1246.537194774147 928.2985802766055
1243 930 1246.2751805116393 1073.4818019092418 1355 1071 1351.7248194883607 927.5181980907583
1366 924 1369.2358006888255 1065.7566182388612 1490 1063 1486.7641993111745 921.2433817611387
1496 916 1499.4468603040264 1067.0028914722561 1631 1064 1627.5531396959736 912.9971085277436
# Transcript
****CONTOSAQHNODWROYTOYASMENO
******AGRIPPOYITAIOYGPRYTANEIASOI
******EISTHSATTALIDOSFYLHSTIMHSAN
TESEAYTOYSKAITOYSAISITOYSANEGRAUAN
EPW***OSEYPOROSAQHNAIOYAQMONEYS
S******* AQMONEIS
**********AILQEOFI ELEYSINIOSSWTIWNOS
LOS LEWNIDHSSWTIWNOS
************** AMWMHTOSDHMHTRIO
************ DHMHTRIOSAMWMHTO*
******* EINAIOSEPIKTHTOY
*YTYCIDHS**LO*RATOYS SYMFERWNE********
******************* KLFILHTOS
*********** *IOKLHSDIO**SIOY
****************** *GNOS)
***************** ***IG**
*************** ***IOCOS
***************** ****MMWN***