# Baseline angle
0.12287709566507132
# Boxes: x1 y1 x2 y2 x3 y3 x4 y4
1164.9388194675753 312.052657963073 1148.2395988752505 447.2698017679447 1294.8265275322628 465.37318266117893 1311.5257481245874 330.15603885630685
254.61008583632974 403.06143075632224 238.27752148820628 535.3096809038566 384.63980827504247 553.3853186867218 400.97237262316685 421.13706853918734
449.34413761257383 413.29124399053705 433.3524850014178 542.7790592358896 563.5811497888863 558.8622062358596 579.5728024000427 429.374390990507
612.0241659216581 445.0277905789063 598.18821086156 557.0604638821725 709.1807818605585 570.7679670512694 723.016736920657 458.7352937480033
803.4727738777538 440.0850674758883 785.9887517825614 581.6569161057477 901.2070039215387 595.8862878746663 918.6910260167315 454.31443924480686
969.5754820766199 462.9737181351635 952.7745367462767 599.0145487973452 1088.4755219930503 615.7735234618434 1105.2764673233937 479.732692799662
1155.3717399788118 492.80240482335387 1140.233620000988 615.3789846499382 1282.8782068965693 632.99548915404 1298.0163268743927 510.41890932745594
1356.099065290469 503.31624680561936 1339.2743740560284 639.5493531079375 1446.1262927017542 652.7454886715834 1462.9509839361954 516.5123823692653
1539.5661984747978 540.0424097024411 1524.1486487901502 664.8815913457979 1650.04438558421 680.4296248362193 1665.4619352688574 555.5904431928623
254.50629789743743 574.248431512991 239.81081439459967 693.240889580084 377.20772270105044 710.2093095300263 391.9032062038882 591.2168514629336
439.6776035700691 575.0149531973354 423.0623576210719 709.5521364399762 512.865903671709 720.6428101761162 529.4811496207071 586.1056269334756
587.5638005393207 602.0459122253026 571.5886447319422 731.4001493388913 716.7366584294905 749.3258252633207 732.7118142368697 619.9715881497324
790.0048549480655 618.6477039923313 775.4355873995657 736.6181646102729 886.8774421389153 750.3811540001074 901.4467096874153 632.4106933821661
958.6733784881706 629.644483830131 942.7392107008873 758.6668322201137 1065.965576331176 773.885200280159 1081.8997441184595 644.8628518901766
1151.7505959007865 674.8350593542543 1137.697946454923 788.6223532255704 1251.8091723580433 802.7150080457805 1265.8618218039064 688.9277141744648
1316.418825446225 664.6186911947334 1298.70486405554 808.0524072460729 1441.932312823236 825.7408947746894 1459.6462742139206 682.3071787233499
1524.2377577696054 694.4899377032071 1507.2703537770496 831.8786195864409 1625.1579770797973 846.437656785735 1642.1253810723533 709.0489749025012
1686.2502740288462 719.1869937089197 1671.0474201268282 842.2877378992462 1806.7645884886215 859.0487111668798 1821.9674423906395 735.9479669765534
1884.4591221239398 740.5938275900919 1868.0308288472033 873.6172152498775 1964.6869128082371 885.5541725190296 1981.1152060849731 752.5307848592439
222.29637006231633 746.917249047763 208.069267541699 862.1171266002087 356.1274773882128 880.402209668518 370.35457990883106 765.2023321160723
411.84667472701676 760.9058873488774 396.2051815562836 887.5583870686567 511.28985556349653 901.7712620337982 526.9313487342301 775.118762314019
579.2796287211777 776.849723674846 563.0897771311684 907.9423982414648 698.4163592609834 924.655134388682 714.6062108509927 793.5624598220629
771.542541405533 796.9736498853988 754.9417936571776 931.3934381112949 872.6047750897501 945.9247322002204 889.2055228381055 811.5049439743242
934.9799797094188 812.7281337126669 917.9808354002228 950.3738236961149 1058.779737989343 967.76238750786 1075.7788822985387 830.1166975244121
1124.487724553835 848.7394464349707 1109.623783785649 969.0959388381349 1242.1474166199293 985.4625127511993 1257.0113573881158 865.1060203480349
1315.5576275125302 851.7877547125032 1298.4535065712655 990.2834628315943 1388.55657511547 1001.4111273815594 1405.6606960567344 862.9154192624683
1491.128405565658 886.1374547667865 1475.838325126263 1009.9444907976779 1628.5289854597536 1028.8016781893616 1643.8190658991482 904.9946421584701
1672.0201667999645 892.7078974878434 1655.6915996581117 1024.923781405339 1776.1737135012381 1039.8032363315526 1792.5022806430911 907.5873524140571
1850.014745820306 918.1623634883576 1833.3360192380296 1053.2135629314266 1968.9621238614118 1069.9632898924685 1985.6408504436886 934.9120904493996
226.37745031239956 914.2980866128569 210.34155778709737 1044.1441218601492 322.681980007148 1058.0180836914587 338.71787253245066 928.1720484441665
390.4398408458446 959.1147354439711 376.75184904104617 1069.9493187729688 503.57851954584567 1085.6123219111362 517.2665113506441 974.7777385821382
550.1136757784388 948.6616766610744 533.3014841415038 1084.7935710616669 680.9529246410198 1103.0284184064244 697.7651162779548 966.8965240058318
737.9076915257679 978.585039598615 722.271448852221 1105.1950249250408 864.2259270222564 1122.7263014949012 879.8621696958035 996.1163161684751
931.0748068833427 1000.7540617789805 915.9664286190227 1123.0898166203697 1048.639822700087 1139.4748859403464 1063.7482009644064 1017.1391310989575
1105.7366039588603 1012.0348703648307 1089.0968667935442 1146.7703641993132 1215.7414098215218 1162.410874724297 1232.3811469868374 1027.6753808898143
1294.5294986287586 1042.0055714270463 1279.902746256386 1160.441498900358 1398.3469001529152 1175.0692672301168 1412.9736525252877 1056.6333397568053
1488.8848454076024 1060.2264160418115 1471.9339382188232 1197.4815197932812 1604.7409104316512 1213.883085917035 1621.6918176204304 1076.6279821655655
1644.7620737574048 1087.6360800671798 1628.6092129812207 1218.429232140232 1767.8943199874857 1235.6308432797161 1784.0471807636695 1104.8376912066642
1829.9854958591036 1108.4275183275759 1814.05132807182 1237.4498667175583 1937.277693702109 1252.6682347776039 1953.2118614893927 1123.6458863876212
195.2610776491979 1085.0164844271665 177.62509509243455 1227.818789261333 302.88942066932077 1243.288843917833 320.525403226085 1100.4865390836662
376.157617187896 1112.6107226468434 358.877044568741 1252.5351975620838 495.86718352819526 1269.4533817884737 513.1477561473498 1129.5289068732334
549.2099180244604 1157.8534146000336 535.6091527570397 1267.9817060884666 645.4623312901422 1281.548495102584 659.0630965575629 1171.420203614151
731.4319250540614 1157.4790429877837 715.296306393876 1288.132581977366 803.8106987318333 1299.064046151614 819.9463173920192 1168.410507162032
891.6360359668649 1178.0859070538706 875.4071949598954 1309.494287229076 1019.7153386851151 1327.3162398123511 1035.9441796920848 1195.9078596371457
1067.9168858901196 1197.4524232696215 1050.6270655675087 1337.4517788082535 1186.6275733078496 1354.2477442865768 1203.9173936304608 1214.2483887479448
1270.2632640495137 1216.0519728817878 1254.7234956167997 1341.8807857442575 1380.6941130342507 1357.4380669381349 1396.233881466965 1231.6092540756651
1450.6816440370692 1232.6112048285327 1431.690008944978 1386.3905168113488 1569.7284766319165 1403.4381688861265 1588.7201117240077 1249.6588569033108
1627.677344134842 1258.018332704372 1610.3042944811245 1398.69161385353 1737.3981212494525 1414.387610599251 1754.77117090317 1273.7143294500931
2022.8638041642362 1115.566018544734 2003.6112347722337 1271.4581710975392 2126.8801147958757 1286.6817896547698 2146.132684187878 1130.7896371019644
1820.5556524399744 1265.15683292153 1802.4605366044475 1411.676837646952 1918.0531918603833 1425.952447933152 1936.1483076959103 1279.4324432077299
1999.2650816348337 1296.6519105821324 1983.1294629746485 1427.3054495717147 2071.643855312606 1438.2369137459627 2087.7794739727924 1307.5833747563804
160.5895673309724 1309.6270059355165 147.24573915719157 1417.6748230839992 297.748678297301 1436.2618284723153 311.0925064710814 1328.214011323833
351.8014846636929 1309.6786774453428 335.4986620290729 1441.6861026076824 471.88975600139247 1458.5303052064226 488.19257863601206 1326.522880044083
521.4215490016913 1321.7216743303866 504.83929666024824 1455.991701309499 624.4815405310464 1470.7674328945584 641.0637928724891 1336.4974059154456
695.4679504564324 1345.9879089096312 680.066897575563 1470.693512421224 820.8819832797028 1488.0840748361047 836.2830361605725 1363.378471324512
902.3353419819202 1374.8129383708613 884.8645647964547 1516.2775401472898 975.1922752108346 1527.4329478076238 992.6630523963001 1385.9683460311953
1048.9811911008362 1385.7671583883773 1032.3117122220158 1520.7434772080546 1168.9274480645104 1537.6154229171636 1185.5969269433308 1402.6391040974863
1242.9578328822793 1411.9790343836933 1227.0084215821325 1541.1248127421259 1388.0654154088738 1561.0152363390816 1404.0148267090206 1431.869457980649
1452.296363499655 1430.9099508685852 1435.2714746832255 1568.7640996071889 1560.1613971431532 1584.1879157464077 1577.1862859595824 1446.333767007804
1596.8024403994077 1444.7661314044576 1579.7108190556494 1583.1606276218233 1710.613409453644 1599.3270039528998 1727.7050307974023 1460.9325077355338
1784.3124273986864 1480.6827678774107 1770.029838657331 1596.3319291702073 1912.1502611891697 1613.8836997501153 1926.4328499305252 1498.2345384573186
1960.8773060699918 1494.0560105577488 1945.448510078753 1618.9862559395174 2083.2947021255545 1636.0101621101971 2098.723498116794 1511.079916728429
169.66026388950786 1456.2207386253658 150.55040725562094 1610.9573155972553 262.7835826222413 1624.8180325188382 281.89343925612775 1470.0814555469485
341.0461737536598 1494.3766018712238 325.0010335249017 1624.297517741908 436.3518245258392 1638.049260825151 452.3969647545978 1508.1283449544667
509.3359922963641 1513.3644130895743 492.659264317223 1648.399429417624 615.3452824687506 1663.5510649503399 632.0220104478917 1528.5160486222903
670.7756727551118 1529.0242206674923 656.0247030315368 1648.4659624749358 787.483824023313 1664.7010699364769 802.2347937468876 1545.2593281290333
865.8458697084739 1553.2856769423456 849.6712616313275 1684.2549215405147 947.16721556469 1696.295602150821 963.3418236418361 1565.3263575526519
1038.0365276921034 1574.460598504534 1020.9634017552569 1712.7053334751158 1153.8452545914768 1729.116147302326 1170.918380528323 1590.871412331744
1231.5823480470783 1588.6385893043487 1216.342503331235 1712.0388559882426 1348.1011468165786 1728.3109542636087 1363.3409915324216 1604.9106875797147
1421.6581503875962 1612.6633549558267 1405.3963157730725 1744.3388913945603 1519.8657616781322 1758.4757861289163 1536.1275962926559 1626.800249690183
1583.0031545969937 1630.3209203788824 1565.2059638752025 1774.4285620407477 1699.5267316708855 1791.0170808367623 1717.3239223926766 1646.9094391748968
1767.0383452774236 1655.0605362048782 1750.9892078423939 1785.0138183056008 1888.220171787042 1801.9617442454953 1904.2693092220716 1672.0084621447725
1954.16484897491 1677.9444085597615 1937.7623002054067 1810.7593374643916 2050.327364295633 1824.6610424060705 2066.7299130651363 1691.8461135014406
2110.7095893745554 1712.3935631677869 2097.3657612007737 1820.4413803162693 2247.8687003408836 1839.0283857045854 2261.212528514665 1730.980568556103
311.2127087610779 1659.1490642747956 291.2433236844522 1820.845426010512 429.8808363585249 1837.96705971294 449.8502214351506 1676.2706979772236
481.8837684507125 1691.2643158605656 465.22353727534846 1826.165754056851 602.8289043369555 1843.1599185140271 619.4891355123195 1708.2584803177417
666.3497805576098 1728.0378168820625 652.5488177082002 1839.787150806781 780.4400000555049 1855.5816203964714 794.2409629049139 1743.8322864717532
832.2583579533839 1733.898187732993 816.0592586599184 1865.0657429230034 950.3962095706211 1881.6562603221537 966.5953088640863 1750.4887051321425
1010.0114680459585 1743.3232528477308 991.808631663006 1890.7154937755208 1135.3356029242693 1908.4409721179625 1153.538439307222 1761.0487311901722
1195.9970784468508 1769.1564238456458 1178.499811441931 1910.8355193289358 1318.6086053055058 1928.138855206439 1336.1058723104254 1786.4597597231493
1395.5409506416304 1804.6422388921317 1379.4158329758152 1935.210749095008 1521.6698336394181 1952.7790164786936 1537.7949513052336 1822.2105062758171
1571.77446244021 1825.0076340304518 1554.6201057753929 1963.9101114965401 1665.6551911677448 1977.6228651628226 1682.809547832562 1838.7203876967337
1741.1530578504417 1821.021230029719 1722.0372054071481 1975.8063563466667 1873.0906401893333 1994.4613475532267 1892.206492632627 1839.6762212362787
1930.4193337670908 1841.0031418662463 1911.2222505958264 1996.4460106787005 2040.428917934144 2012.4029417243332 2059.6260011054082 1856.9600729118783
2111.2685351811133 1869.5962590084926 2094.0824381996576 2008.7557445747952 2228.028802878381 2025.2980248535282 2245.2148998598377 1886.1385392872253
110.33903569024505 1841.8448974703883 95.77302003579462 1959.7890268099964 247.02476540982207 1978.468509232875 261.59078106427114 1860.5243798932665
295.1837527945422 1870.6273671113345 280.9626460833306 1985.7786953187217 390.2005965142798 1999.2695041020538 404.4217032254919 1884.1181758946664
454.0055014829845 1878.1541289346767 437.12132682153515 2014.8688852073842 563.9156310962953 2030.5278911392807 580.7998057577456 1893.8131348665731
640.2751406319276 1897.9940263971787 624.1427738657917 2028.6212341084279 752.467056838427 2044.4691913157196 768.5994236045631 1913.841983604471
807.0926990053119 1926.9232887165422 792.0675500720981 2048.585117947405 933.6476251251756 2066.0701559999843 948.6727740583888 1944.4083267691208
1005.5382377237811 1943.3357279848701 989.9839710904253 2069.2819358640845 1088.0951531259414 2081.3985967051767 1103.6494197592976 1955.4523888259614
1170.7840813741038 1963.1804037517638 1156.0681038612179 2082.338806180659 1304.4258362012993 2100.660880062794 1319.1418137141848 1981.5024776338985
1380.3119644901801 1978.1158045463803 1363.623990204447 2113.241884612841 1498.260463608717 2129.8693928258162 1514.9484378944499 1994.7433127593558
1544.3222385945583 2002.9075368014433 1528.49904324875 2131.031317710724 1663.6009835083896 2147.7163107475726 1679.4241788541976 2019.5925298382913
1732.542297463964 2023.8409894358642 1715.969292825977 2158.0361357915845 1836.6011679158871 2172.934086124711 1853.1741725538739 2038.7389397689908
1909.1545142599443 2036.2153531936333 1894.2443349744772 2156.9462487137566 2021.8198117131947 2172.701728886487 2036.7299909986614 2051.970833366363
2093.0003524416734 2064.950484709905 2077.7625063289665 2188.334568278779 2196.5810633424544 2203.00857512582 2211.8189094551612 2079.6244915569455
2279.1705370368745 2065.7643445189246 2262.371590309666 2201.788992066087 2385.1324890845854 2216.949875302259 2401.9314358117936 2080.925227755097
94.44253748895107 2008.2789725419798 75.84330314829413 2158.8809321123026 229.56610909424944 2177.8655887492373 248.16534343490684 2027.2636291789158
270.344682414805 2035.6365201382814 252.06986300733752 2183.611622938186 374.7396980438457 2198.761259867767 393.01451745131226 2050.7861570678624
442.5353403984336 2056.81144170047 426.926840835255 2183.1967851567206 571.8502126626286 2201.0947179707814 587.4587122258076 2074.7093745145303
635.0822818308407 2070.94209437561 618.4465418717955 2205.6452219800535 719.2109119560623 2218.0895496483854 735.8466519151075 2083.386422043942
795.0023639955932 2097.5422319771096 778.6625505471484 2229.8491796330163 911.0951196430176 2246.204507239489 927.4349330914624 2113.897559583582
992.4963619161686 2112.908454198194 975.9028632681341 2247.2695449157177 1107.495562391674 2263.5211491810355 1124.089061039709 2129.1600584635116
1174.102973324993 2125.519508579339 1156.0890882174372 2271.3817708092542 1293.5285109172414 2288.355441256382 1311.5423960247972 2142.493179026466
1364.084099416161 2151.5420320759545 1347.4925993712616 2285.8869396784585 1466.1452120229465 2300.540452515451 1482.736712067846 2166.1955449129464
1516.3492953774803 2191.7951077206917 1501.5758330407216 2311.418977004957 1656.9358645379823 2330.605829827017 1671.7093268747412 2210.981960542751
1721.8295463742147 2186.5162394405565 1703.4754948419127 2335.1329016209484 1791.358475962697 2345.9863869612755 1809.7125274949994 2197.369724780883
1886.4599944037611 2219.3463412008446 1871.9534621763196 2336.808820570063 2003.262821921312 2353.0254326246913 2017.7693541487536 2235.562953255474
2085.189561870281 2229.7655069337593 2066.8037700213386 2378.6391772143656 2177.598030428496 2392.3221891671437 2195.9838222774374 2243.448518886538
2253.0533372909085 2257.7432284552297 2235.198661745245 2402.3163369724653 2376.5217286981074 2419.769634708404 2394.3764042437715 2275.1965261911682
781.4871069412297 2277.103747416121 765.3309942709959 2407.923230767506 864.8062106425834 2420.208348873947 880.9623233128175 2289.388865522562
955.2920394682044 2285.34058110959 938.2559043451831 2423.285793586605 1075.096282057853 2440.1854824060824 1092.1324171808742 2302.240269929068
1155.6406597824607 2303.8454544724063 1138.3805811733537 2443.6039850258435 1264.4098960991776 2459.1685153200415 1281.6699747082846 2319.4099847666034
1334.0139438002036 2321.30888909237 1317.2849814943745 2456.766857882437 1473.8431029659037 2476.1016739597953 1490.5720652717325 2340.6437051697285
1503.018612517426 2346.337311970808 1486.9304856654353 2476.6062996801165 1633.1430112054884 2494.6634420560695 1649.2311380574783 2364.3944543467605
1678.016554770061 2371.6497635972964 1662.7192252303455 2495.51549713656 1801.4801678728677 2512.652374351851 1816.7774974125832 2388.7866408125874
1856.4371769124787 2388.1143192946915 1840.4045362812258 2517.9340232636496 1992.5548491359546 2536.7244781280033 2008.5874897672068 2406.9047741590457
2062.4950420140976 2412.896494940971 2048.7793070989305 2523.955720140144 2172.6370839463925 2539.2520670341105 2186.3528188615596 2428.192841834938
2244.8165035974403 2431.548160982204 2229.8026009708183 2553.1189264746563 2359.432220771153 2569.1280918469765 2374.4461233977745 2447.557326354524
1857.1902535221295 2562.3452949437415 1838.076399681971 2717.1142381456702 1976.1897479923014 2734.1711379239046 1995.3036018324601 2579.4021947219762
2025.1013670674329 2589.324137542643 2006.5781129575603 2739.310869010812 2155.2778821845623 2757.6751842039557 2173.8011362944344 2607.688452735787
2202.0970671652053 2614.7312654184816 2183.2164045145896 2767.6120099205964 2333.1304468308786 2786.126286972177 2352.0111094814947 2633.2455424700624
3107.871223492363 63.749066787956735 3092.729851620489 186.3519778928744 3195.564547881393 199.05198936393208 3210.7059197532662 76.44907825901464
3277.1125828329605 83.78309505355105 3261.85224410707 207.34930609924754 3404.571711626043 224.97505830680598 3419.8320503519335 101.40884726110903
3456.768774521323 95.30059426277671 3439.979075497571 231.25036118654725 3563.729605491602 246.5334631707865 3580.519304515354 110.58369624701618
3623.150733163848 91.17217588801896 3604.825678032829 239.55404803492092 3748.4275299174838 257.28877408081917 3766.752585048503 108.90690193391674
3817.174713069966 116.38517296076566 3800.5329773015146 251.13684991026798 3940.1176068013465 268.3754518635774 3956.7593425697987 133.6237749140755
4005.1580813159953 142.31302020803105 3989.5813220694563 268.44135556406786 4111.593414610457 283.5097617656777 4127.170173856997 157.38142640964088
4187.238073971572 144.93528536348754 4170.4318781440425 281.01863041902243 4279.263059227993 294.459203478802 4296.069255055523 158.37585842326735
4375.884175963053 156.8788276947896 4358.894279357312 294.4496370548454 4500.682813165546 311.96041961465767 4517.6727097712865 174.38961025460208
2530.704225361135 222.60515344562123 2517.234926545237 331.6689330915492 2628.002855674061 345.34869315027754 2641.4721544899585 236.28491350434933
2722.0629353722725 240.683983686361 2706.041541047611 370.41262391690816 2846.2413986495976 387.7272061010036 2862.2627929742584 257.9985658704561
2906.429492925428 258.43144705437544 2890.841487372297 384.650846148823 3024.80403516604 401.19512503069166 3040.392040719171 274.97572593624386
3103.729360042911 256.7693894671147 3086.593498785007 395.52210568641954 3199.607846615584 409.4792968488356 3216.743707873488 270.7265806295304
3263.3654134596136 289.36280060402714 3250.7126564632235 391.81486732475423 3369.937982823709 406.5391098953469 3382.5907398200984 304.08704317462
3423.8014366914003 283.9514745586498 3406.680073634138 422.58679576121006 3547.55385684665 439.9846072764118 3564.6752199039133 301.34928607385154
3619.633821943956 313.2546635710221 3605.5401844779967 427.3738461659442 3741.5730584483763 444.1738088505384 3755.6666959143354 330.05462625561654
3806.850223586401 313.11698258214824 3790.5566486552375 445.04952712109605 3927.9373738466693 462.01594846790283 3944.230948777833 330.083403928955
3984.9868169807673 335.57481181495586 3968.234108770841 471.22505624515895 4095.943163641323 486.9970332216658 4112.69587185125 351.34678879146236
4163.3601009985105 353.0382464349193 4147.762847741924 479.3325261527591 4280.735764316555 495.7545862865609 4296.333017573143 369.4603065687213
4351.864188615966 367.9784255339275 4336.583355880028 491.7105809414272 4490.263647432631 510.6899870811774 4505.544480168569 386.9578316736778
2506.34331453254 398.6493127455003 2490.5201191867313 526.7730936547813 2625.622059446371 543.4580866916295 2641.4452547921796 415.3343057823482
2695.9930737509817 431.66398870009743 2682.6789872907048 539.470980863385 2823.2107336162967 556.826551067576 2836.5248200765736 449.0195589042887
2885.4960402910065 446.65150592378075 2871.8840287169937 556.8708611506247 2993.687662502839 571.9135228450011 3007.2996740768513 461.69416761815717
3067.623371071257 448.27489215666856 3051.5742336362277 578.2281742573913 3188.805197580876 595.1761001972856 3204.854335015906 465.22281809656306
3255.317932264845 459.1722174407265 3239.204060905621 589.6496639051916 3369.507606316482 605.7420586086179 3385.621477675705 475.26461214415247
3421.7520073364367 475.0687156420198 3406.738104709815 596.6394811344719 3536.3677245101503 612.6486465067919 3551.3816271367714 491.0778810143398
3606.5919461363437 482.827389784346 3590.9854451763003 609.1965501255773 3722.9687305318184 625.4963915113124 3738.575231491862 499.1272311700809
3795.2380481278246 494.7709321156476 3779.3388725512305 623.5099411270827 3919.463849529825 640.8152756077214 3935.363025106419 512.0762665962867
3966.808532186286 507.9074841726102 3950.6669177166937 638.6095725072507 4078.001569470216 654.3353109664764 4094.1431839398083 523.633222631836
4157.220479703921 545.9638928647267 4144.021362891392 652.8399513172742 4270.548510902623 668.4659636416162 4283.7476277151545 561.5899051890686
4362.033218650813 533.6455340019346 4345.793876649472 665.1389429638458 4436.362412049046 676.3240923376841 4452.601754050387 544.830683375773
2494.063627024121 573.263771696343 2476.914520856489 712.1237347690787 2614.8194104116633 729.1548900400796 2631.9685165792953 590.2949269673437
2679.003020377769 600.0484834921517 2665.5112289486883 709.2943906149026 2800.1800685829967 725.9258960341485 2813.6718600120776 616.6799889113977
2876.402342048995 617.4124635583735 2862.1402473176868 732.8956804893669 2993.2998458158954 749.093797137083 3007.5619405472034 633.6105802060897
3058.5770109539203 618.0369708686925 3041.8407995477705 753.5536371671318 3184.4692033283322 771.1681430680983 3201.205414734482 635.6514767696591
3251.5547738127943 644.2015087393332 3237.550361487348 757.5982163786709 3343.6696570141753 770.7038735108898 3357.674069339622 657.3071658715521
3404.6672777138742 645.4509682792119 3388.7013696099516 774.7303247694085 3534.839014526612 792.778219441905 3550.804922630535 663.4988629517082
3616.1455805504124 661.4799242457476 3599.1894228644487 798.77754239057 3705.126590914454 811.8607069096054 3722.082748600418 674.5630887647827
3785.0555730182855 688.5061049693234 3770.0396717885283 810.0930535767951 3912.609378060717 827.7003103774406 3927.6252792904747 706.113361769969
3967.561608795937 682.1384598216607 3951.5257162706343 811.9844950689529 4063.8661384906854 825.8584569002625 4079.9020310159885 696.0124216529704
4139.941619278266 699.3178656935736 4125.435087050824 816.7803450627922 4256.744446795818 832.9969571174207 4271.25097902326 715.5344777482022
4353.6070324586435 711.4459822191843 4337.050524624434 845.507550443141 4472.601748624424 862.2480297007266 4489.158256458633 728.18646147677
2665.8664683208067 771.618967550613 2648.4154398331684 912.9236599169441 2793.472389792306 930.8380895347818 2810.9234182799446 789.5333971684507
2858.077264576096 771.7179771851141 2841.8761666794944 902.9017154901444 2989.1532040620523 921.0903243176201 3005.3543019586527 789.90658601259
3029.1743673878063 794.843318467765 3012.191719882387 932.3554303194488 3167.909971381587 951.5865230556535 3184.8926188870064 814.0744112039698
3234.943425436982 804.5949721508372 3217.549881773217 945.434197661798 3355.604532575175 962.4838483397114 3372.9980762389405 821.6446228287505
3405.515030572875 817.6841860831247 3387.721837057355 961.7594615149515 3496.162431909328 975.1517974543143 3513.9556254248478 831.0765220224877
3572.80597019301 836.6246591767997 3556.5401383722156 968.3325618455722 3696.8897572209853 985.6656394365798 3713.15558904178 853.9577367678073
3764.7327377002493 842.716942346714 3747.883555249489 979.1483592408738 3891.5764708725546 996.8943315933634 3908.4256533233147 860.4629146992036
3952.810782195629 866.6470317488413 3937.9395923271227 987.0622216603782 4056.533507470435 1001.7084853970497 4071.404697338941 881.2932954855129
4137.556044746185 876.4034637363052 4121.075517142761 1009.8498038581081 4251.603704423797 1025.9699416719031 4268.08423202722 892.5236015501004
4327.05901128621 891.3909809599887 4312.382023190285 1010.233677780298 4451.75819393496 1027.446535226374 4466.435182030887 908.6038384060648
4490.207642537654 892.1149428240493 4473.95305702345 1023.7317817544106 4602.352220619477 1039.5889866651594 4618.606806133681 907.972147734798
3208.0640373918236 991.5321233496232 3193.907664604806 1106.159287193268 3310.073033569543 1120.5056272130685 3324.2294063565605 1005.8784633694236
3376.822458876887 979.5073498436648 3359.110496089338 1122.924882779985 3489.397858385179 1139.015278880276 3507.109821172729 995.5977459439556
3544.4022055494647 1013.4783449005472 3528.4917836662794 1142.3084176503935 3680.567215897616 1161.089624811291 3696.477637780801 1032.259552061445
3772.809333640607 1010.2871324105085 3754.4142940882084 1159.2356833145063 3864.218923276253 1172.7964765192173 3882.6139628286514 1023.8479256152195
3948.2806571399933 1025.610794811309 3931.004081727109 1165.5029034965103 4042.1140477428526 1179.2249048662488 4059.3906231557366 1039.3327961810476
4121.422855921516 1047.831933420741 4104.9555732278195 1181.1710266891134 4210.593218784257 1194.2172003943235 4227.060501477956 1060.8781071259516
4324.247393632053 1077.4664893058393 4308.700376099018 1203.3539996766813 4420.741275825502 1217.190970694166 4436.288293358537 1091.303460323324
4484.446726240466 1077.049557873306 4467.327361786338 1215.668695960847 4595.261058526995 1231.4684160477227 4612.380422981121 1092.8492779601818
3750.592973335566 1204.4531266906515 3731.3588993504773 1360.195517996673 3856.607041812344 1375.6635740500378 3875.8411157974333 1219.9211827440163
3919.9290089255146 1222.489397111108 3901.135572812276 1374.6638497726578 4034.076123156868 1391.0819127001885 4052.869559270107 1238.9074600386389
4102.775968184675 1251.1771905027042 4086.7380770562377 1381.0394088650157 4212.018585748143 1396.5114621246512 4228.056476876581 1266.6492437623397
4301.836902523921 1254.6042037776374 4285.545326195894 1386.5205652015661 4409.98596491547 1401.8888951200474 4426.277541243496 1269.9725336961185
4467.177422423593 1272.4511216993938 4449.624669197936 1414.5795009230342 4583.7956757468355 1431.1495243121365 4601.348428972493 1289.0211450884958
4636.750148636917 1285.492997507006 4620.493564519579 1417.126019552387 4761.832814587462 1434.5813158914614 4778.089398704798 1302.9482938460803
4261.967310180975 1419.9021638570268 4244.412558352183 1562.0467261956871 4391.523651372936 1580.2148410131147 4409.078403201729 1438.0702786744548
4442.148999545156 1441.455790416616 4426.475766057783 1568.3652982366093 4564.471719351368 1585.4076998142018 4580.14495283874 1458.4981919942088
4612.199885309622 1465.5326724971603 4597.7693333129655 1582.3799237642256 4724.055656339004 1597.9761943750632 4738.486208335658 1481.1289431079983
4788 1486 4771.725792356818 1617.7757234855649 4895 1633 4911.274207643182 1501.2242765144351
# Transcript
*T
NAQHNAIO
AIAYTOSKAI
AINESAIAUH
RWNAAUOYTYR
YNOIASTHSEI
WNKAISTEFAN*
RYSWISTEFANW
*ENOYSKAIEYE
AQHNAIWNAYTOY
NKAIGHSKAIOIK
ISKATATON
**SMA
*IAS KAQIS*
ONCRONONEPA
NAQHNAZEKAI
AQONOTIANDY
PATERATONAY
*OSTYRION
SENEKA
NAQH



# Lines: x1 y1 x2 y2 x3 y3 x4 y4
1109.0469142163092 372.6010911003816 1398.43775625887 420.56921115837144
206.30760120286686 439.8226110178741 1718.4089890349844 636.0301361441648
215.457207602592 612.8581122964559 2001.1243603476532 853.940711434902
186.45342433600536 772.2437470199932 2005.0799191387237 1029.6260937370457
175.06977460476855 966.9214615093422 2180.704379635682 1245.1836240512341
159.07246215233636 1141.2346451596309 2014.6432741822528 1386.1222960173945
146.52244356702295 1352.8723002059583 2108.4294571541286 1611.0870752241979
116.2780824346055 1501.146635880383 2313.9146145837503 1829.7005470783442
162.00305005101018 1710.7778056440386 2213.117599346426 1998.1818864582488
57.38418585688578 1861.9561548040015 2360.833946450034 2167.7161921263532
26.565038916170124 2062.313785509314 2313.023353525625 2381.94071734281
680.4094144371725 2334.816138892822 2333.558698704834 2549.7450665068613
1746.3120865632484 2620.6211310719173 2409.244478613211 2746.4012708830787
3047.9341494680807 100.44933441512694 4590.344998334295 307.76255951136955
2484.5279269907633 250.55237022189476 4516.644545019813 493.54835934553023
2459.5391685546365 429.73244838332687 4461.209105684406 663.6180246613608
2450.990021704316 638.2287691881395 4500.261211929802 821.2604301427938
2598.237881468899 778.4035301285065 4696.024650230452 1013.8874421245689
3149.3352675721494 1040.4232864830751 4645.568874689612 1190.4332625922193
3678 1260 4781 1375
4204 1486 4874 1572