# Baseline angle
6.317792593568057
# Boxes: x1 y1 x2 y2 x3 y3 x4 y4
1787 462 1782.265674502101 598.7467893808423 1934 604 1938.734325497899 467.2532106191577
1931 455 1925.9661519363524 600.3982328085192 2030 604 2035.0338480636476 458.6017671914808
2023 467 2018.4752693626308 597.692827890263 2114 601 2118.524730637369 470.307172109737
2114 460 2109.0139006457757 604.0190537230054 2224 608 2228.9860993542243 463.98094627699453
2220 467 2215.3454697610146 601.4419741608089 2347 606 2351.6545302389854 471.55802583919115
2342 491 2338.1550294609597 602.0585608680769 2452 606 2455.8449705390403 494.9414391319232
2445 488 2441.1012948204652 600.6106382589215 2539 604 2542.8987051795348 491.38936174107846
2543 469 2538.1354586830403 609.5079577227892 2639 613 2643.8645413169597 472.49204227721077
2637 486 2632.809232850298 607.0465890059339 2747 611 2751.190767149702 489.953410994066
2762 472 2757.2329342568714 609.6924623010303 2795 611 2799.7670657431286 473.3075376989696
2805 472 2800.5767527125486 599.7615714139044 2923 604 2927.4232472874514 476.2384285860955
2901 472 2896.4468143717845 603.5147250415841 3026 608 3030.5531856282155 476.4852749584159
3038 469 3033.6658479828798 594.188133619609 3086 596 3090.3341520171202 470.811866380391
3088 455 3082.9457997707095 600.9860870466443 3170 604 3175.0542002292905 458.01391295335566
3187 457 3181.7085308881033 609.8393880988797 3273 613 3278.2914691118967 460.1606119011203
3268 452 3262.380692070656 614.308721320744 3369 618 3374.619307929344 455.69127867925596
3355 472 3350.27870481131 608.3704204662479 3484 613 3488.72129518869 476.62957953375206
3484 474 3479.262082943458 610.8505283640408 3628 616 3632.737917056542 479.1494716359592
3631 472 3626.1354586830403 612.5079577227892 3727 616 3731.8645413169597 475.49204227721077
3729 486 3724.6255598690386 612.3518200244583 3830 616 3834.3744401309614 489.6481799755417
3830 481 3825.0772127759847 623.1903390436313 3964 628 3968.9227872240153 485.8096609563687
3952 460 3946.4152717317215 621.3099185069583 4053 625 4058.5847282682785 463.69008149304165
4022 491 4017.8128244089407 611.9428500227355 4135 616 4139.18717559106 495.0571499772646
4135 496 4130.982131155629 612.0525749370054 4245 616 4249.017868844371 499.9474250629946
4250 491 4245.377516310504 624.5163380262892 4346 628 4350.622483689496 494.4836619737108
1816 596 1809.0750452536406 796.021170617138 1924 800 1930.9249547463594 599.978829382862
1936 635 1931.3023710573 770.6868419591915 2027 774 2031.6976289427 638.3131580408085
2027 635 2022.3691360070036 768.7583956537525 2116 772 2120.630863992996 638.2416043462475
2109 640 2104.438434068284 771.7567826690474 2227 776 2231.561565931716 644.2432173309526
2212 644 2207.440967179861 775.6836159897813 2361 781 2365.559032820139 649.3163840102187
2356 649 2351.9079056103433 767.196513923109 2404 769 2408.0920943896567 650.803486076891
2392 635 2387.400262848575 767.8593244660317 2507 772 2511.599737151425 639.1406755339683
4329 491 4324.314342919443 626.3410453485297 4430 630 4434.685657080557 494.65895465147025
2495 649 2491.553224786754 748.5570423575748 2591 752 2594.446775213246 652.4429576424252
2591 632 2586.1785573867546 771.2630899244065 2723 776 2727.8214426132454 636.7369100755935
2731 625 2725.8231832863785 774.5277553507932 2855 779 2860.1768167136215 629.4722446492068
2841 637 2836.426323466993 769.106586636843 2920 772 2924.573676533007 639.893413363157
2887 630 2881.82078891395 779.5969146729254 3009 784 3014.17921108605 634.4030853270746
2995 632 2990.3168760310195 767.2678786692636 3127 772 3131.6831239689805 636.7321213307364
3110 620 3105.048480306842 763.0202509092198 3220 767 3224.951519693158 623.9797490907802
3225 632 3220.5252737053347 761.2484968397506 3300 764 3304.4747262946653 634.7515031602494
3297 625 3292.3092766962895 760.4873787070618 3336 762 3340.6907233037105 626.5126212929382
3336 632 3331.1402474278975 772.3696390785244 3436 776 3440.8597525721025 635.6303609214756
3429 623 3424.4992130869164 753.0012346689392 3540 757 3544.5007869130836 626.9987653310608
3525 632 3520.46463342585 763.000037482725 3636 767 3640.53536657415 635.999962517275
3631 632 3626.4433615522894 763.6144566676489 3782 769 3786.5566384477106 637.3855433323511
3775 620 3769.8875538636535 767.6684683674864 3895 772 3900.1124461363465 624.3315316325136
3885 625 3879.9137532212203 771.9117231811641 3998 776 4003.0862467787797 629.0882768188359
4000 625 3995.0891846381273 766.8445424329693 4144 772 4148.910815361872 630.1554575670307
4103 647 4098.979736783201 763.1217342591378 4211 767 4215.020263216799 650.8782657408622
4231 625 4226.334417606789 759.7612058246718 4291 762 4295.665582393211 627.2387941753282
4288 647 4284.158343541307 757.9628365991456 4343 760 4346.841656458693 649.0371634008544
4329 630 4324.414629083147 762.4443685332375 4456 767 4460.585370916853 634.5556314667625
1780 776 1775.2620829434584 912.8505283640408 1924 918 1928.7379170565416 781.1494716359592
1929 788 1924.729021373941 911.3634262973685 1972 913 1976.270978626059 789.6365737026315
1960 781 1955.2369420329585 918.5767012464307 2083 923 2087.7630579670417 785.4232987535693
2085 796 2080.8414181389353 916.1169455142806 2193 920 2197.1585818610647 799.8830544857194
2193 791 2188.3954741037182 923.9976431102964 2304 928 2308.6045258962818 795.0023568897036
2301 779 2295.9888984744234 923.7412192482616 2419 928 2424.0111015255766 783.2587807517384
2414 810 2410.573576952397 908.9691881194497 2527 913 2530.426423047603 814.0308118805503
2517 796 2512.8128244089407 916.9428500227355 2630 921 2634.1871755910593 800.0571499772645
2620 791 2615.3430753885855 925.5111334829412 2745 930 2749.6569246114145 795.4888665170588
2740 789 2735.6804916957476 913.7651629725474 2858 918 2862.3195083042524 793.2348370274526
2843 791 2839.158621019603 901.9548218848782 2956 906 2959.841378980397 795.0451781151218
2947 801 2943.413847695423 904.5828259166502 3071 909 3074.586152304577 805.4171740833498
3047 805 3043.251724066021 913.2656230359831 3180 918 3183.748275933979 809.7343769640169
3132 801 3127.9701592934857 917.3983715476672 3232 921 3236.0298407065143 804.6016284523328
3216 786 3211.353850064514 920.1999165333456 3350 925 3354.646149935486 790.8000834666544
3340 791 3335.804444105441 912.1849076501987 3446 916 3450.195555894559 794.8150923498013
3415 796 3410.587527388477 923.4503544643088 3542 928 3546.412472611523 800.5496455356912
3518 777 3513.4408284407127 908.687623346915 3638 913 3642.5591715592873 781.312376653085
3628 786 3623.155810848683 925.9201034846641 3741 930 3745.844189151317 790.0798965153359
3744 774 3739.4953440499776 904.1129883664053 3794 906 3798.5046559500224 775.8870116335947
3789 769 3783.470064819283 928.7272688121811 3878 932 3883.529935180717 772.2727311878189
3885 764 3879.8564270220822 912.5675395552073 3979 916 3984.1435729779178 767.4324604447927
3974 779 3968.8326220369445 928.2551254193974 4077 932 4082.1673779630555 782.7448745806026
4092 769 4087.2010264465302 907.6140910784163 4185 911 4189.79897355347 772.3859089215837
4176 779 4171.304765429729 914.6176826370593 4269 918 4273.695234570271 782.3823173629407
4276 774 4271.804721583737 895.1768929359314 4440 901 4444.195278416263 779.8231070640686
1809 913 1803.8160001690928 1062.7352333171903 1927 1067 1932.1839998309072 917.2647666828096
1922 925 1916.939813839638 1071.1589853519754 1999 1074 2004.060186160362 927.8410146480246
1991 961 1987.2861649879387 1068.2708275793311 2095 1072 2098.7138350120613 964.7291724206689
2083 954 2079.161015392031 1064.885662562746 2198 1069 2201.838984607969 958.1143374372541
2195 940 2190.839162505655 1060.1820974792793 2330 1065 2334.160837494345 944.8179025207207
2313 935 2308.633940172538 1061.109762396995 2421 1065 2425.366059827462 938.8902376030051
2402 930 2397.0688324724847 1072.4323966710945 2529 1077 2533.9311675275153 934.5676033289055
2522 932 2517.1320058635456 1072.6076893488541 2644 1077 2648.8679941364544 936.392310651146
2632 952 2628.0547432972558 1065.955237683369 2716 1069 2719.9452567027442 955.0447623166309
2711 968 2707.311305898439 1074.5446546969413 2836 1079 2839.688694101561 972.4553453030588
2815 952 2810.901919679272 1070.3694122284398 2858 1072 2862.098080320728 953.63058777156
2865 947 2860.694580452023 1071.3582217540206 2937 1074 2941.305419547977 949.6417782459796
2932 956 2927.9343824462057 1073.4317540225193 3031 1077 3035.0656175537943 959.5682459774807
3026 959 3022.224188783092 1068.0609552405053 3136 1072 3139.775811216908 962.9390447594945
3112 954 3107.7984581743694 1075.3578059555296 3213 1079 3217.2015418256306 957.6421940444703
3225 952 3221.0951701502454 1064.7875439213863 3285 1067 3288.9048298497546 954.2124560786139
3271 949 3267.2505268798063 1057.3002026970494 3403 1062 3406.7494731201937 953.6997973029506
3405 930 3400.1842658395303 1069.0982063333431 3484 1072 3488.8157341604697 932.9017936666571
3492 935 3487.562108999681 1063.1845420609661 3540 1065 3544.437891000319 936.8154579390339
3544 923 3539.0926374576225 1064.7448108069045 3662 1069 3666.9073625423775 927.2551891930955
1792 1103 1787.1905292488975 1241.9172933137447 1934 1247 1938.8094707511025 1108.0827066862553
3645 930 3640.731693224666 1053.2862522609687 3748 1057 3752.268306775334 933.7137477390312
3796 928 3791.711618537319 1051.8660917848265 3940 1057 3944.288381462681 933.1339082151734
3914 932 3909.475408101779 1062.6888205331293 4034 1067 4038.524591898221 936.3111794668707
4053 923 4048.2796245192285 1059.343855519449 4125 1062 4129.7203754807715 925.6561444805509
4142 942 4137.891145003343 1060.6806291780356 4176 1062 4180.108854996657 943.3193708219644
4190 937 4185.63154580011 1063.1789217191274 4296 1067 4300.36845419989 940.8210782808727
4291 925 4286.2129983086725 1063.2682944677545 4394 1067 4398.7870016913275 928.7317055322455
1924 1105 1919.1498249176118 1245.093001789995 2032 1249 2036.8501750823882 1108.906998210005
2044 1113 2039.8270519043642 1233.531901447075 2140 1237 2144.172948095636 1116.468098552925
2143 1091 2137.973335053638 1236.190754842122 2248 1240 2253.026664946362 1094.809245157878
2254 1096 2249.230956101887 1233.7495995517615 2372 1238 2376.769043898113 1100.2504004482385
2372 1089 2367.3478641334427 1223.3728148386763 2501 1228 2505.6521358665573 1093.6271851613237
2498 1101 2493.390685358861 1234.135961754561 2605 1238 2609.609314641139 1104.864038245439
2609 1101 2604.955931798063 1217.809320123328 2726 1222 2730.044068201937 1105.190679876672
2729 1101 2724.240394852453 1238.476969620366 2826 1242 2830.759605147547 1104.523030379634
2829 1102 2824.8963499656443 1220.5302884623698 2954 1225 2958.1036500343557 1106.4697115376302
2961 1098 2956.3894881726465 1231.1705414156272 3067 1235 3071.6105118273535 1101.8294585843728
3078 1103 3073.7436650868085 1225.9404556503068 3191 1230 3195.2563349131915 1107.0595443496932
3183 1120 3179.243205023373 1228.51168802058 3280 1232 3283.756794976627 1123.48831197942
3282 1093 3277.406248779647 1225.6864261607009 3402 1230 3406.593751220353 1097.3135738392991
3496 1053 3490.3070214819622 1217.4366308783128 3651 1223 3656.6929785180378 1058.5633691216872
3543 1102 3539.205033803664 1211.6142298175644 3637 1215 3640.794966196336 1105.3857701824356
3733 1091 3728.5752780480384 1218.8041657892381 3792 1221 3796.4247219519616 1093.1958342107619
3802 1091 3797.654292338181 1216.5219081588698 3927 1221 3931.345707661819 1095.4780918411302
3924 1086 3919.4956215282737 1216.1049736521377 4032 1220 4036.5043784717263 1089.8950263478623
4028 1086 4023.6078795541202 1212.8625002261836 4172 1218 4176.392120445879 1091.1374997738164
4171 1078 4166.531120897258 1207.0796058915535 4222 1209 4226.468879102742 1079.9203941084465
4231 1073 4225.583381292196 1229.4542230822944 4328 1233 4333.416618707804 1076.5457769177056
4345 1081 4340.179754572969 1220.2285102633402 4478 1225 4482.820245427031 1085.7714897366598
1801 1249 1796.6029520701152 1376.004826227582 1912 1380 1916.3970479298848 1252.995173772418
1928 1247 1923.7364819695226 1370.147933616704 2035 1374 2039.2635180304774 1250.852066383296
2040 1252 2036.1189751353832 1364.099958057196 2091 1366 2094.881024864617 1253.900041942804
2090 1248 2086.1894703828775 1358.0637654114248 2171 1361 2174.8105296171225 1250.9362345885752
2174 1237 2169.7517679120124 1359.7064127371111 2236 1362 2240.2482320879876 1239.2935872628889
2239 1240 2234.6649282749618 1365.2146985664078 2344 1369 2348.3350717250382 1243.7853014335922
2342 1235 2337.575555526335 1362.7961510749706 2459 1367 2463.424444473665 1239.2038489250294
2462 1228 2457.15221929004 1368.0238424678626 2572 1372 2576.84778070996 1231.9761575321374
2639 1228 2634.461180606356 1359.09976910879 2776 1364 2780.538819393644 1232.90023089121
2678 1256 2674.6831631275186 1351.8038887298953 2767 1355 2770.3168368724814 1259.1961112701047
2822 1225 2817.3742022301567 1358.6120622952203 2973 1364 2977.6257977698433 1230.3879377047797
2998 1252 2994.099039187184 1364.67579022392 3119 1369 3122.900960812816 1256.32420977608
3118 1237 3114.050093291547 1351.0895489705001 3227 1355 3230.949906708453 1240.9104510294999
3218 1247 3214.2183415911686 1356.2298461887026 3352 1361 3355.7816584088314 1251.7701538112974
3367 1237 3362.670914206033 1362.0418002610768 3477 1366 3481.329085793967 1240.9581997389232
3494 1226 3489.092221240178 1367.7568328783054 3525 1369 3529.907778759822 1227.2431671216946
3520 1240 3515.9343824462057 1357.4317540225193 3619 1361 3623.0656175537943 1243.5682459774807
3619 1226 3614.0688324724847 1368.4323966710945 3746 1373 3750.9311675275153 1230.5676033289055
3727 1249 3723.3017284087246 1355.8212919854707 3844 1360 3847.6982715912754 1253.1787080145293
3839 1235 3834.917760578354 1352.911861920312 3953 1357 3957.082239421646 1239.088138079688
3952 1246 3948.2563740717296 1354.131311748852 4060 1358 4063.7436259282704 1249.868688251148
4052 1244 4047.9581874313435 1360.744168158329 4142 1364 4146.0418125686565 1247.255831841671
4154 1241 4149.785289126013 1362.7381822272578 4244 1366 4248.214710873987 1244.2618177727422
4229 1249 4225.299472775444 1355.8864439504694 4373 1361 4376.700527224556 1254.1135560495306
1787 1379 1781.1185597558456 1548.8801805411017 1929 1554 1934.8814402441544 1384.1198194588983
1927 1391 1921.7719817574603 1542.0066660623718 2066 1547 2071.2280182425393 1395.9933339376282
2068 1403 2063.3344176067894 1537.7612058246718 2128 1540 2132.6655823932106 1405.2387941753282
2128 1388 2122.230540303396 1554.645721829415 2248 1559 2253.769459696604 1392.354278170585
2256 1388 2250.500914182558 1546.8362123387276 2313 1549 2318.499085817442 1390.1637876612724
2311 1374 2305.3426595900946 1537.4072557605946 2438 1542 2443.6573404099054 1378.5927442394054
2438 1410 2433.5159736939163 1539.5171194140128 2563 1544 2567.4840263060837 1414.4828805859872
2551 1405 2546.3514556920854 1539.269075855478 2683 1544 2687.6485443079146 1409.730924144522
2673 1408 2668.5506920941307 1536.514309243093 2827 1542 2831.4493079058693 1413.485690756907
2810 1403 2804.997278777924 1547.4991616207983 2935 1552 2940.002721222076 1407.5008383792017
2920 1405 2915.391882545075 1538.101382093495 3028 1542 3032.608117454925 1408.898617906505
3021 1398 3016.227364543244 1535.8533385349601 3136 1540 3140.772635456756 1402.1466614650399
3105 1403 3099.9544575525056 1548.7360147049137 3252 1554 3257.0455424474944 1408.2639852950863
3240 1415 3235.3742022301567 1548.6120622952203 3391 1554 3395.6257977698433 1420.3879377047797
3379 1417 3374.0839796758264 1558.9948831486352 3432 1561 3436.9160203241736 1419.0051168513648
3441 1422 3436.792472243298 1543.5307042608606 3537 1547 3541.207527756702 1425.4692957391394
3528 1408 3523.0890458989793 1549.848549790103 3643 1554 3647.9109541010207 1412.151450209897
3619 1398 3613.826774845021 1547.4240163675945 3746 1552 3751.173225154979 1402.5759836324055
3758 1386 3752.5823228451295 1542.484795386227 3883 1547 3888.4176771548705 1390.515204613773
3866 1388 3860.8935397947253 1535.4955700621556 3991 1540 3996.1064602052747 1392.5044299378444
3986 1372 3980.391328007436 1534.001511728282 4067 1537 4072.608671992564 1374.998488271718
4067 1384 4061.5359100610685 1541.825387453541 4211 1547 4216.4640899389315 1389.174612546459
4212 1398 4208.0848116917605 1511.0867387995806 4350 1516 4353.9151883082395 1402.9132612004194
1783 1560 1778.010447826281 1704.1187853490703 1919 1709 1923.989552173719 1564.8812146509297
1914 1567 1909.4134318969323 1699.4789481943035 2040 1704 2044.5865681030677 1571.5210518056965
2051 1552 2046.402795960152 1684.7861577867654 2197 1690 2201.5972040398483 1557.2138422132346
2181 1552 2176.416884716427 1684.379216568239 2281 1688 2285.583115283573 1555.620783431761
2273 1558 2268.3502585058714 1692.303655516544 2404 1697 2408.6497414941286 1562.696344483456
2453 1545 2448.4285791002735 1677.0414346718442 2505 1679 2509.5714208997265 1546.9585653281558
2504 1540 2499.213137047821 1678.2642871106207 2636 1683 2640.786862952179 1544.7357128893793
2641 1569 2636.862828751645 1688.4985189722229 2738 1692 2742.137171248355 1572.5014810277771
2733 1560 2728.662533902533 1685.2838578885403 2836 1689 2840.337466097467 1563.7161421114597
2837 1564 2832.848739995369 1683.9054601907499 2980 1689 2984.151260004631 1569.0945398092501
2961 1564 2956.8759978000016 1683.1181427004951 3069 1687 3073.1240021999984 1567.8818572995049
3057 1564 3052.500410273131 1693.9666550078732 3169 1698 3173.499589726869 1568.0333449921268
3170 1564 3165.5633061858957 1692.1499623999 3219 1694 3223.4366938141043 1565.8500376001
3221 1549 3216.207151116749 1687.4371854159515 3348 1692 3352.792848883251 1553.5628145840485
3344 1552 3339.4015987739376 1684.8207374478318 3489 1690 3493.5984012260624 1557.1792625521682
3492 1559 3487.783033492732 1680.8033341922564 3609 1685 3613.216966507268 1563.1966658077436
3613 1549 3608.4778024742072 1679.6196612109968 3735 1684 3739.5221975257928 1553.3803387890032
3733 1553 3728.4492087442127 1684.4455657194517 3860 1689 3864.5507912557873 1557.5544342805483
3849 1550 3844.6255598690386 1676.3518200244582 3950 1680 3954.3744401309614 1553.6481799755418
3927 1559 3922.021083763061 1702.8115757566084 4043 1707 4047.978916236939 1563.1884242433916
4054 1562 4049.335614793004 1696.7266261636057 4115 1699 4119.6643852069965 1564.2733738363945
1789 1724 1784.7076107612318 1847.9818528394262 1843 1850 1847.2923892387682 1726.0181471605738
1848 1744 1844.2003837979546 1853.7485411046955 1967 1858 1970.7996162020454 1748.2514588953045
1975 1714 1970.2211011338766 1852.0342515545585 2027 1854 2031.7788988661234 1715.9657484454415
2032 1722 2027.6340789116864 1848.1057550398612 2169 1853 2173.3659210883134 1726.8942449601388
2160 1721 2155.4728749902024 1851.7619872123953 2249 1855 2253.5271250097976 1724.2380127876047
2250 1716 2245.204895483469 1854.5023373809504 2404 1860 2408.795104516531 1721.4976626190496
2421 1691 2415.673031519119 1844.8647558594644 2564 1850 2569.326968480881 1696.1352441405356
2460 1737 2455.9319880737767 1854.5009133446515 2557 1858 2561.0680119262233 1740.4990866553485
2582 1710 2576.787406439098 1860.561137825645 2705 1865 2710.212593560902 1714.438862174355
2721 1706 2715.1850472272536 1873.9597489499301 2803 1877 2808.8149527727464 1709.0402510500699
2808 1714 2802.695223100598 1867.2237717277415 2854 1869 2859.304776899402 1715.7762282722585
2852 1698 2846.501330400002 1856.8241902673265 2996 1862 3001.498669599998 1703.1758097326735
2980 1722 2975.0472831206275 1865.0548305702857 3089 1869 3093.9527168793725 1725.9451694297143
3094 1724 3089.483788405279 1854.446762905666 3221 1859 3225.516211594721 1728.553237094334
1780 1851 1775.890225295425 1969.7071941248344 1871 1973 1875.109774704575 1854.2928058751656
1870 1849 1865.636334544967 1975.0406030748625 1980 1979 1984.363665455033 1852.9593969251375
1980 1844 1975.5230180720541 1973.3136488047492 2082 1977 2086.476981927946 1847.6863511952508
2081 1851 2076.731831963814 1974.2822449038351 2213 1979 2217.268168036186 1855.7177550961649
2217 1852 2212.9691008464197 1968.4289438515998 2345 1973 2349.0308991535803 1856.5710561484002
2362 1857 2358.188134457516 1967.1023524296245 2413 1969 2416.811865542484 1858.8976475703755
2413 1849 2408.9508655749096 1965.95565348186 2468 1968 2472.0491344250904 1851.04434651814
759 1953 754.1191142934846 2093.980050906315 928 2100 932.8808857065154 1959.0199490936852
928 1959 923.2025011110403 2097.5714967030826 1080 2103 1084.7974988889596 1964.4285032969171
1062 1953 1057.5144990294061 2082.5597137893465 1128 2085 1132.4855009705939 1955.4402862106538
1121 1967 1116.6578838968242 2092.418169175671 1249 2097 1253.3421161031758 1971.5818308243288
1234 1953 1229.22616735703 2090.887918196026 1348 2095 1352.77383264297 1957.1120818039735
1335 1971 1330.9260021427056 2088.6738116499823 1427 2092 1431.0739978572944 1974.3261883500174
1401 1957 1396.7066910533138 2081.008417786225 1512 2085 1516.2933089466862 1960.991582213775
1515 1985 1511.621048183524 2082.598023748203 1581 2085 1584.378951816476 1987.4019762517967
1717 1968 1713.3336362190662 2073.899663208085 1774 2076 1777.6663637809338 1970.1003367919152
1791 1963 1787.3909624182036 2067.2438468340415 1867 2070 1870.6090375817964 1965.7561531659587
1876 1977 1873.1181937476597 2060.2384154406086 1924 2062 1926.8818062523403 1978.761584559391
1920 1956 1916.2981368500816 2062.9250309686695 2034 2067 2037.7018631499184 1960.0749690313307
780 2090 776.3051812282193 2196.721560359406 871 2200 874.6948187717807 2093.278439640594
# Transcript
AGAQHTYCHIEPIARCONTOSFLABI
FYLASIOYPAIDOTRIBOYNTOSARIS
NIOYOPLOMACOYASKLHPIADOYAZ
FYLAKOSPYQIKOYDIABIOYALKIDA
SANTESANEQESANGYIOYNIOS
NEIKIDHSGYANTWNIOSAPOLLW*
DEISIOSAPOLLWNIOYACARNE*
NOEYSGYKLAYDIOSEYTYCI*
KAIEYSGYARISTE***
KONWN)I*****
PAIDEYTAIDIO***
A*******


# Lines: x1 y1 x2 y2 x3 y3 x4 y4
1699 515 4538 558
1727 690 4497 692
1655 815 4507 841
1749 988 4471 992
1749 1153 4507 1158
1749 1302 4485 1283
1677 1458 4555 1468
1701 1638 4305 1609
1706 1760 3931 1796
1718 1919 3364 1897
676 2001 3110 2027
662 2164 1859 2190