# Baseline angle
0.11686420238626494
# Boxes: x1 y1 x2 y2 x3 y3 x4 y4
1853 396 1841.5808822568156 493.26747427933066 1933 504 1944.4191177431844 406.73252572066934
1952 401 1940.730917320897 496.98948310131135 2026 507 2037.269082679103 411.01051689868865
2037 421 2025.1790923013648 521.689901040875 2113 532 2124.820907698635 431.31009895912496
2121 429 2110.32352788489 519.9416559322442 2196 530 2206.67647211511 439.0583440677558
2206 430 2193.7440464937877 534.395599488913 2250 541 2262.2559535062123 436.6044005110869
1474 590 1464.4412611731682 671.4208596401095 1529 679 1538.5587388268318 597.5791403598905
1554 593 1542.485715986408 691.078095814839 1627 701 1638.514284013592 602.921904185161
1643 606 1632.752996271041 693.2834656811913 1707 702 1717.247003728959 614.7165343188087
1716 619 1705.0984752887678 711.8586426992731 1800 723 1810.9015247112322 630.1413573007269
1807 623 1796.0028209506331 716.6734215712876 1901 729 1911.9971790493669 635.3265784287124
1908 646 1897.8819064613024 732.185415122683 1990 743 2000.1180935386976 656.814584877317
2004 646 1993.63719319454 734.2698704997046 2068 743 2078.3628068054604 654.7301295002954
2095 657 2084.119112094861 749.6828594162682 2172 760 2182.880887905139 667.3171405837318
2186 657 2175.2414687282426 748.6406317277575 2272 760 2282.7585312717574 668.3593682722425
973 647 962.705169101974 734.6908551171986 1042 744 1052.294830898026 656.3091448828014
1047 657 1035.6282213581562 753.8642421798296 1139 766 1150.3717786418438 669.1357578201704
1155 680 1145.3994994932543 761.7765835426255 1241 773 1250.6005005067457 691.2234164573745
1249 680 1237.4655672480412 778.2497217613376 1312 787 1323.5344327519588 688.7502782386624
1315 700 1304.6175325238999 788.4373391096968 1352 794 1362.3824674761001 705.5626608903032
1370 694 1357.9198077176623 796.89847416741 1461 809 1473.0801922823377 706.10152583259
1470 695 1457.6750944508997 799.9829295444314 1543 810 1555.3249055491003 705.0170704555686
1547 714 1536.5687292193793 802.8530432187166 1623 813 1633.4312707806207 724.1469567812834
1637 732 1626.7459546464343 819.343445887695 1709 829 1719.2540453535657 741.656554112305
1730 721 1717.9817181359429 823.3711243183953 1800 833 1812.0182818640571 730.6288756816047
1808 735 1795.9132541607821 837.9542970374075 1890 849 1902.0867458392179 746.0457029625925
1900 744 1888.3436986823867 843.2877921133421 1937 849 1948.6563013176133 749.7122078866579
1961 746 1950.0989633564946 838.854485362767 2028 848 2038.9010366435054 755.145514637233
2034 742 2020.6530155007558 855.6889469645515 2117 867 2130.346984499244 753.3110530354485
2135 773 2122.415809867197 880.1915026709664 2223 892 2235.584190132803 784.8084973290336
1008 763 997.3985454169308 853.3026603432346 1080 863 1090.6014545830692 772.6973396567654
1084 780 1073.6986155450938 867.746677987196 1144 876 1154.3013844549062 788.253322012804
1153 764 1140.4515060579577 870.8874443019417 1184 876 1196.5484939420423 769.1125556980583
1194 774 1181.0421864101734 884.374008606496 1246 892 1258.9578135898266 781.625991393504
1264 793 1253.6512764437537 881.1499100866971 1312 888 1322.3487235562463 799.8500899133029
1334 801 1323.7801866340146 888.0518595281889 1400 897 1410.2198133659854 809.9481404718111
1409 802 1398.2691471589426 893.4048682382489 1480 903 1490.7308528410574 811.5951317617511
1504 817 1491.7702607213073 921.1723080089231 1584 932 1596.2297392786927 827.8276919910769
1599 835 1588.2077248083888 926.9280607507574 1674 937 1684.7922751916112 845.0719392492426
1690 847 1679.2419567959691 938.6364743912513 1759 948 1769.7580432040309 856.3635256087487
1781 852 1768.6403743955925 957.2786732404436 1877 970 1889.3596256044075 864.7213267595564
1886 861 1874.9011011233456 955.5398659767934 1964 966 1975.0988988766544 871.4601340232066
1975 870 1963.9282914863193 964.3082598237911 2055 975 2066.0717085136807 880.6917401762089
2060 881 2049.010350642967 974.6092840282778 2129 984 2139.989649357033 890.3907159717222
2133 889 2120.497869023845 995.4925268754531 2210 1006 2222.502130976155 899.5074731245469
929 864 917.7515541269908 959.8136998183064 996 969 1007.2484458730092 873.1863001816936
1009 868 996.6343089064393 973.330338773935 1079 983 1091.3656910935608 877.669661226065
1094 900 1083.4000096201112 990.290188333716 1115 994 1125.5999903798888 903.709811666284
1141 882 1127.1696544563843 999.8061921851031 1214 1010 1227.8303455436157 892.1938078148969
1233 906 1221.1997291074583 1006.5141177578702 1302 1016 1313.8002708925417 915.4858822421298
1312 922 1301.895501642789 1008.0696120461819 1395 1019 1405.104498357211 932.9303879538181
1392 936 1381.752996271041 1023.2834656811913 1456 1032 1466.247003728959 944.7165343188087
1480 937 1468.7173221394103 1033.1052861778126 1553 1043 1564.2826778605897 946.8947138221873
1559 956 1549.1069590574248 1040.2684283556541 1632 1050 1641.8930409425752 965.7315716443459
1644 968 1633.5959195823527 1056.6214370657144 1722 1067 1732.4040804176473 978.3785629342858
1729 967 1717.0496940433768 1068.7921089358892 1804 1079 1815.9503059566232 977.2078910641105
1836 977 1825.1734928208084 1069.2196471102636 1917 1080 1927.8265071791916 987.7803528897366
1927 974 1914.4908273992378 1080.5525070819567 2012 1092 2024.5091726007622 985.4474929180432
2023 983 2009.700842669823 1096.2815575285442 2101 1107 2114.299157330177 993.7184424714558
922 989 910.1514138706644 1089.9256645303835 1013 1102 1024.8485861293354 1001.0743354696164
1023 1000 1010.7702607213073 1104.172308008923 1103 1115 1115.2297392786927 1010.8276919910769
1116 1013 1104.3905497160006 1111.8887173503472 1182 1121 1193.6094502839994 1022.1112826496527
1196 1023 1183.6146482357995 1128.4978073839275 1239 1135 1251.3853517642005 1029.5021926160725
1239 1032 1228.1805344454153 1124.15966690376 1312 1134 1322.8194655545847 1041.84033309624
1329 1033 1316.6952431892666 1137.8113035979327 1412 1149 1424.3047568107334 1044.1886964020673
1414 1047 1403.705169101974 1134.6908551171987 1483 1144 1493.294830898026 1056.3091448828013
1494 1050 1482.2405146519188 1150.1667085283666 1566 1160 1577.7594853480812 1059.8332914716334
1586 1056 1573.9132541607821 1158.9542970374075 1668 1170 1680.0867458392179 1067.0457029625925
1670 1084 1659.5893660254726 1172.6772599357118 1739 1182 1749.4106339745274 1093.3227400642882
1744 1082 1732.3558296606932 1181.1844610463595 1833 1193 1844.6441703393068 1093.8155389536405
1849 1087 1836.6750944508997 1191.9829295444315 1922 1202 1934.3249055491003 1097.0170704555685
1942 1097 1930.430847192734 1195.5454654573498 2028 1207 2039.569152807266 1108.4545345426502
2033 1107 2022.4403070968447 1196.9469364407187 2074 1203 2084.5596929031553 1113.0530635592813
2075 1124 2064.9841143563167 1209.314813380671 2156 1220 2166.0158856436833 1134.685186619329
2156 1116 2144.1312651322974 1217.0972904768823 2237 1228 2248.8687348677026 1126.9027095231177
819 1100 808.200683183782 1191.988040957261 902 1203 912.799316816218 1111.011959042739
906 1093 893.6343089064393 1198.330338773935 976 1208 988.3656910935607 1102.669661226065
1001 1113 989.9897138368732 1206.7850673112825 1077 1217 1088.010286163127 1123.2149326887175
1084 1129 1073.0113267784204 1222.6009693552653 1119 1228 1129.9886732215796 1134.3990306447347
1136 1133 1124.4655672480412 1231.2497217613377 1199 1240 1210.5344327519588 1141.7502782386623
1214 1141 1202.976606723113 1234.8967130512776 1272 1243 1283.023393276887 1149.1032869487224
1296 1148 1283.8659150594415 1251.3575291369086 1366 1261 1378.1340849405585 1157.6424708630914
1374 1153 1362.547138336962 1250.5549033023306 1443 1260 1454.452861663038 1162.4450966976694
1455 1166 1443.9831602799932 1259.8408901812802 1522 1269 1533.0168397200068 1175.1591098187198
1532 1180 1522.0525783314774 1264.731640661659 1601 1274 1610.9474216685226 1189.268359338341
1595 1179 1583.5874358136955 1276.2116514093332 1684 1288 1695.4125641863045 1190.7883485906668
1704 1187 1691.1167158744875 1296.7391703539924 1770 1306 1782.8832841255125 1196.2608296460076
1787 1201 1775.2545979011322 1301.0467481153592 1843 1309 1854.7454020988678 1208.9532518846408
1861 1214 1848.9067006039022 1317.0101199074052 1934 1327 1946.0932993960978 1223.9898800925948
1953 1220 1941.757619616144 1315.7620342848152 2046 1328 2057.242380383856 1232.2379657151846
2055 1239 2044.9775607994366 1324.3706362506687 2127 1334 2137.0224392005634 1248.6293637493313
2124 1233 2111.4842738423577 1339.6083299519544 2200 1350 2212.5157261576423 1243.3916700480456
804 1192 792.602007130636 1289.0875336598197 860 1297 871.397992869364 1199.9124663401803
857 1213 846.9367752549763 1298.7180454801721 926 1308 936.0632247450237 1222.2819545198279
959 1216 947.8668691357652 1310.8314523362997 1043 1322 1054.1331308642348 1227.1685476637003
1057 1220 1045.7590838193244 1315.7495622752967 1099 1322 1110.2409161806756 1226.2504377247033
1113 1232 1101.8467203973985 1327.0030782827982 1187 1337 1198.1532796026015 1241.9969217172018
1204 1242 1191.327685221396 1349.942143999971 1277 1360 1289.672314778604 1252.057856000029
1283 1254 1271.2611514580124 1353.9909252453617 1348 1363 1359.7388485419876 1263.0090747546383
1362 1262 1350.6694949703433 1358.5126756138197 1440 1369 1451.3305050296567 1272.4873243861803
1453 1263 1441.03609886189 1364.9079120123906 1527 1375 1538.96390113811 1273.0920879876094
1560 1284 1548.2677050148923 1383.935102375364 1634 1394 1645.7322949851077 1294.064897624636
1655 1301 1643.6690069026165 1397.5168329503263 1750 1410 1761.3309930973835 1313.4831670496737
1759 1312 1747.7243637640172 1408.0453059713088 1824 1417 1835.2756362359828 1320.9546940286912
1835 1327 1825.1336613526714 1411.0409795391581 1927 1423 1936.8663386473286 1338.9590204608419
1947 1333 1936.4050989738107 1423.246837473237 2028 1434 2038.5949010261893 1343.753162526763
2026 1340 2015.6362170590864 1428.278185172717 2124 1441 2134.363782940914 1352.7218148272832
2129 1355 2116.926849342269 1457.8384939609064 2212 1469 2224.073150657731 1366.1615060390936
860 1313 849.3441646909836 1403.7658726492393 928 1413 938.6558353090164 1322.2341273507607
933 1328 921.873910760372 1422.771472129796 1009 1433 1020.126089239628 1338.228527870204
1017 1337 1005.4922695432881 1435.0222729448415 1099 1446 1110.5077304567121 1347.9777270551585
1107 1343 1094.538654568305 1449.1451176459495 1187 1460 1199.461345431695 1353.8548823540505
1203 1377 1193.6592721446839 1456.5638530795843 1257 1464 1266.3407278553161 1384.4361469204157
1269 1364 1256.7702607213073 1468.172308008923 1349 1479 1361.2297392786927 1374.827691991077
1360 1384 1349.2006831837818 1475.988040957261 1443 1487 1453.7993168162182 1395.011959042739
1455 1394 1444.0234577567267 1487.4976382882828 1542 1499 1552.9765422432733 1405.5023617117172
1541 1414 1529.928779554046 1508.3041024872848 1604 1517 1615.071220445954 1422.6958975127152
1607 1416 1595.867357203492 1510.8272949997934 1674 1520 1685.132642796508 1425.1727050002066
1683 1430 1672.5209020503119 1519.260432654724 1764 1530 1774.4790979496881 1440.739567345276
1779 1424 1766.5658449312784 1529.9135114929472 1861 1541 1873.4341550687216 1435.0864885070528
1876 1446 1864.5808822568156 1543.2674742793306 1956 1554 1967.4191177431844 1456.7325257206694
1964 1468 1953.5017294473987 1557.4237439282101 2001 1563 2011.4982705526013 1473.5762560717899
2022 1464 2011.8073769969883 1550.8202533751864 2090 1560 2100.1926230030117 1473.1797466248136
2103 1482 2093.0530663992045 1566.727483325153 2155 1574 2164.9469336007955 1489.272516674847
848 1424 836.3150441162328 1523.5318702758632 934 1535 945.6849558837672 1435.4681297241368
942 1450 931.7187642834607 1537.5750520406973 1012 1547 1022.2812357165393 1459.4249479593027
1033 1456 1022.6845322958802 1543.8666384002033 1109 1554 1119.3154677041198 1466.1333615997967
1120 1477 1109.3305695094969 1567.8816757257405 1187 1577 1197.6694304905031 1486.1183242742595
1201 1474 1189.5335431554752 1571.6707063788317 1269 1581 1280.4664568445248 1483.3292936211683
1284 1487 1272.7797206254181 1582.5737789922916 1319 1588 1330.2202793745819 1492.4262210077084
1343 1496 1332.1120704702544 1588.742839622772 1428 1600 1438.8879295297456 1507.257160377228
1442 1520 1431.9503704364631 1605.602242403671 1512 1615 1522.0496295635369 1529.397757596329
1521 1521 1510.132707276348 1613.567056339767 1599 1624 1609.867292723652 1531.432943660233
1616 1519 1604.4993111678948 1616.9622927383377 1690 1627 1701.5006888321052 1529.0377072616623
1707 1539 1696.9161384488827 1624.893828763177 1783 1635 1793.0838615511173 1549.106171236823
1794 1546 1783.2208319221488 1637.8164150107625 1887 1650 1897.7791680778512 1558.1835849892375
1895 1567 1884.2822542727026 1658.2932224982542 1984 1670 1994.7177457272974 1578.7067775017458
1996 1573 1985.2827423404294 1664.2890651617477 2068 1674 2078.7172576595704 1582.7109348382523
2090 1579 2077.6343089064394 1684.3303387739352 2160 1694 2172.3656910935606 1588.6696612260648
773 1557 762.5757708439859 1645.7930630122128 841 1655 851.4242291560141 1566.2069369877872
862 1563 849.9882716928229 1665.3153014483978 941 1676 953.0117283071771 1573.6846985516022
955 1573 943.961547338446 1667.0249881372974 1063 1681 1074.0384526615542 1586.9750118627026
1070 1595 1060.079768694451 1679.5000345086564 1141 1689 1150.920231305549 1604.4999654913436
1160 1606 1149.5621756624992 1694.9088660887141 1227 1704 1237.4378243375008 1615.0911339112859
1244 1613 1232.9348450431992 1707.2524369537934 1333 1719 1344.0651549568008 1624.7475630462066
1340 1621 1328.5335431554752 1718.6707063788317 1408 1728 1419.4664568445248 1630.3292936211683
1423 1626 1411.444442374221 1724.4296623808489 1510 1736 1521.555557625779 1637.5703376191511
1530 1643 1518.132729335478 1744.0848184673637 1560 1749 1571.867270664522 1647.9151815326363
773 1688 761.479162429528 1786.1339186848365 837 1795 848.520837570472 1696.8660813151635
849 1696 837.6352629827628 1792.804261973326 933 1804 944.3647370172372 1707.195738026674
944 1708 933.0848801072808 1800.9744457757743 1027 1812 1037.915119892719 1719.0255542242257
1044 1714 1032.3769545345137 1813.0045204268486 1109 1822 1120.6230454654863 1722.9954795731514
1126 1732 1115.1739808885352 1824.2154897737573 1190 1833 1200.8260191114648 1740.7845102262427
1196 1733 1183.8996589792953 1836.0701001139087 1277 1847 1289.1003410207047 1743.9298998860913
1284 1742 1271.4298931164105 1849.071542257959 1356 1859 1368.5701068835895 1751.928457742041
1368 1741 1354.2376303638182 1858.2271768025971 1446 1869 1459.7623696361818 1751.7728231974029
1456 1764 1444.99675546148 1857.7250871047788 1524 1867 1535.00324453852 1773.2749128952212
1547 1783 1537.768033596578 1861.6374284675749 1609 1870 1618.231966403422 1791.3625715324251
1632 1772 1618.380623803293 1888.0091658310816 1712 1899 1725.619376196707 1782.9908341689184
1727 1797 1715.35631772842 1896.1803037098532 1799 1906 1810.64368227158 1806.8196962901468
1816 1810 1806.0057272978638 1895.1307154246538 1856 1901 1865.9942727021362 1815.8692845753462
1872 1802 1860.2813001963793 1901.819299298863 1947 1912 1958.7186998036207 1812.180700701137
1961 1810 1950.0037970860867 1903.665106898275 2021 1912 2031.9962029139133 1818.334893101725
2036 1814 2023.736028733727 1918.463894368429 2122 1930 2134.263971266273 1825.536105631571
739 1801 727.621667801276 1897.9200650498271 822 1909 833.378332198724 1812.0799349501729
848 1820 837.3240159526167 1910.9374985957381 906 1919 916.6759840473833 1828.0625014042619
915 1836 904.8819064613023 1922.185415122683 997 1933 1007.1180935386977 1846.814584877317
1000 1847 990.7609919719714 1925.6974086740786 1070 1935 1079.2390080280286 1856.3025913259214
1087 1850 1076.3451408264373 1940.757557976227 1121 1946 1131.6548591735627 1855.242442023773
1132 1855 1121.4463725859978 1944.8952709072273 1199 1954 1209.5536274140022 1864.1047290927727
1223 1863 1213.2429108722927 1946.1103975906424 1306 1957 1315.7570891277073 1873.8896024093576
1320 1870 1309.0304993813336 1963.437658081779 1399 1974 1409.9695006186664 1880.562341918221
1407 1874 1395.4922695432879 1972.0222729448415 1489 1983 1500.5077304567121 1884.9777270551585
1508 1877 1495.3140900399094 1985.0579470764721 1580 1995 1592.6859099600906 1886.9420529235279
1596 1893 1584.3900616482738 1991.8928746868535 1679 2003 1690.6099383517262 1904.1071253131465
1693 1907 1681.7102805148038 2003.1652663843163 1774 2014 1785.2897194851962 1917.8347336156837
1775 1914 1764.1594095715948 2006.3396075232708 1872 2019 1882.8405904284052 1926.6603924767292
1880 1936 1869.7867401908948 2022.9960366581915 1955 2033 1965.2132598091052 1946.0039633418085
1980 1937 1968.8945475664655 2031.5956888467908 2049 2041 2060.105452433534 1946.4043111532092
2057 1947 2045.4111865220943 2045.7129340673423 2116 2054 2127.5888134779057 1955.2870659326575
807 1919 794.5325890791516 2025.196783179441 861 2033 873.4674109208484 1926.803216820559
872 1927 860.5330550877485 2024.674863715338 957 2036 968.4669449122515 1938.325136284662
961 1942 949.1443722460576 2042.9856447368873 1060 2056 1071.8556277539424 1955.0143552631127
1063 1955 1052.6231099453264 2043.3898309127121 1143 2054 1153.3768900546736 1965.610169087288
1152 1964 1142.0248999007772 2048.9674041511676 1236 2060 1245.9751000992228 1975.0325958488324
1250 1974 1240.3723091302807 2056.0081896956276 1334 2067 1343.6276908697193 1984.9918103043722
1343 1976 1332.0385171413939 2069.3693632022632 1380 2075 1390.961482858606 1981.630636797737
1403 1984 1392.3985454169308 2074.3026603432345 1475 2084 1485.6014545830692 1993.6973396567653
1496 1999 1485.0511361874271 2092.261874798774 1568 2102 1578.9488638125729 2008.738125201226
1588 2012 1577.6024731392326 2100.565614195717 1675 2112 1685.3975268607674 2023.4343858042832
1693 2015 1681.1448603137844 2115.981487400381 1775 2127 1786.8551396862156 2026.0185125996188
1794 2027 1782.5124182816548 2124.8506469983427 1886 2137 1897.4875817183452 2039.1493530016573
1883 2033 1870.6272672818325 2138.3903189804387 1961 2149 1973.3727327181673 2043.6096810195613
1975 2041 1963.6629414134632 2137.5684984838176 2044 2147 2055.337058586537 2050.431501516183
801 2044 789.3019370024729 2143.643516015858 869 2153 880.6980629975271 2053.356483984142
892 2049 880.4449304419476 2147.4255050443426 962 2157 973.5550695580524 2058.5744949556574
982 2064 970.3014489347461 2163.6476733523646 1067 2175 1078.698551065254 2075.3523266476354
1086 2074 1073.2662628708422 2182.465336512479 1163 2193 1175.7337371291578 2084.534663487521
1179 2086 1167.8260835913047 2181.1788615658033 1260 2192 1271.1739164086953 2096.8211384341967
1269 2086 1256.5728865558854 2191.8535312864433 1343 2202 1355.4271134441146 2096.1464687135567
1350 2102 1337.5114642053313 2208.376723798952 1428 2219 1440.4885357946687 2112.623276201048
1428 2108 1416.9011011233456 2202.5398659767934 1506 2213 1517.0988988766544 2118.4601340232066
1537 2120 1526.5959195823527 2208.621437065714 1615 2219 1625.4040804176473 2130.378562934286
1626 2115 1613.8246414472544 2218.709095702918 1710 2230 1722.1753585527456 2126.290904297082
1717 2134 1704.4294050486837 2241.0756995944653 1806 2253 1818.5705949513163 2145.9243004055347
1817 2141 1804.5592913743985 2246.9693343629447 1890 2257 1902.4407086256015 2151.0306656370553
1910 2160 1898.4036568297604 2258.7770716103523 1994 2270 2005.5963431702396 2171.2229283896477
2004 2167 1991.7768142781874 2271.1164851389253 2093 2283 2105.2231857218126 2178.8835148610747
697 2150 684.1640549758278 2259.335938254492 775 2270 787.8359450241722 2160.664061745508
790 2167 777.0482518993266 2277.3223430730045 868 2288 880.9517481006734 2177.6776569269955
881 2164 869.2606633902857 2263.995082581868 963 2275 974.7393366097143 2175.004917418132
976 2186 965.3985454169307 2276.3026603432345 1048 2286 1058.6014545830692 2195.6973396567655
1060 2195 1048.9841364154468 2288.832575508268 1093 2294 1104.0158635845532 2200.167424491732
1112 2200 1101.4322893367844 2290.0152313202348 1195 2301 1205.5677106632156 2210.9847686797652
1223 2210 1212.5223662534922 2299.2479606452052 1253 2304 1263.4776337465078 2214.7520393547948
1264 2214 1253.9297336303696 2299.778025686676 1341 2310 1351.0702663696304 2224.221974313324
1354 2215 1342.7787444899645 2310.582093665304 1423 2320 1434.2212555100355 2224.417906334696
1437 2215 1425.5879238814223 2312.2074940728266 1509 2322 1520.4120761185777 2224.7925059271734
1520 2219 1507.9887597605498 2321.3111441118913 1582 2330 1594.0112402394502 2227.6888558881087
1597 2253 1586.5959195823527 2341.621437065714 1675 2352 1685.4040804176473 2263.378562934286
1692 2249 1679.2113940771683 2357.9327061549902 1782 2370 1794.7886059228317 2261.0672938450098
1797 2270 1785.6830901518301 2366.396872537319 1876 2377 1887.3169098481699 2280.603127462681
1877 2267 1864.71587999536 2371.635520314928 1953 2382 1965.28412000464 2277.364479685072
1975 2281 1962.988271692823 2383.315301448398 2054 2394 2066.0117283071772 2291.684698551602
682 2270 670.1176699508109 2371.2130935533833 762 2382 773.8823300491891 2280.7869064466167
775 2282 763.3839961591204 2380.9445402203446 832 2389 843.6160038408796 2290.0554597796554
836 2300 826.1004055005446 2384.3242512256516 900 2393 909.8995944994554 2308.6757487743484
908 2303 897.4730748812447 2392.667822090731 994 2404 1004.5269251187553 2314.332177909269
993 2295 980.9132541607821 2397.9542970374073 1075 2409 1087.0867458392179 2306.0457029625927
1075 2317 1064.5551340378925 2405.9688462952176 1150 2416 1160.4448659621075 2327.0311537047824
1161 2321 1149.178604233638 2421.694058377381 1254 2434 1265.821395766362 2333.305941622619
1267 2337 1255.8603155788853 2431.887275206297 1342 2442 1353.1396844211147 2347.112724793703
1355 2344 1344.1120704702544 2436.742839622772 1440 2448 1450.8879295297456 2355.257160377228
1446 2348 1435.2963375219163 2439.1732620852467 1519 2449 1529.7036624780837 2357.8267379147533
1524 2347 1512.1997291074583 2447.5141177578703 1593 2457 1604.8002708925417 2356.4858822421297
1582 2370 1571.6165563884463 2458.445653782709 1653 2468 1663.3834436115537 2379.554346217291
1662 2363 1647.8358404083676 2483.649603564141 1736 2494 1750.1641595916324 2373.350396435859
1740 2379 1728.8467203973985 2474.0030782827985 1814 2484 1825.1532796026015 2388.9969217172015
1823 2387 1811.67653659495 2483.452695407316 1893 2493 1904.32346340505 2396.547304592684
1900 2395 1888.178604233638 2495.694058377381 1993 2508 2004.821395766362 2407.305941622619
1996 2408 1985.1528560147149 2500.3954303932687 2084 2512 2094.8471439852856 2419.6045696067313
573 2389 563.1885301463454 2472.573609896647 652 2483 661.8114698536546 2399.426390103353
663 2403 653.5092370806022 2483.8418442576035 723 2492 732.4907629193978 2411.1581557423965
735 2417 726.3465609113573 2490.709561711515 814 2501 822.6534390886427 2427.290438288485
844 2403 832.3150441162328 2502.531870275863 930 2514 941.6849558837672 2414.468129724137
944 2424 933.0300113136068 2517.4418154182854 1040 2530 1050.9699886863932 2436.5581845817146
1050 2440 1038.5607335184486 2537.4391002258294 1120 2547 1131.4392664815514 2449.5608997741706
1135 2434 1122.641838598773 2539.2662012309247 1180 2546 1192.358161401227 2440.7337987690753
1192 2444 1178.878556164605 2555.767802861016 1249 2564 1262.121443835395 2452.232197138984
1252 2456 1240.1800684368184 2556.6815863678626 1294 2563 1305.8199315631816 2462.3184136321374
1307 2453 1294.5658449312784 2558.9135114929472 1389 2570 1401.4341550687216 2464.0864885070528
1392 2482 1382.0525783314774 2566.731640661659 1461 2576 1470.9474216685226 2491.268359338341
1468 2473 1456.0018668743098 2575.199498371897 1548 2586 1559.9981331256902 2483.800501628103
1579 2497 1568.0169041998467 2590.5534611582802 1657 2601 1667.9830958001533 2507.4465388417198
1669 2490 1654.161658755454 2616.392249192216 1736 2626 1750.838341244546 2499.607750807784
1752 2516 1740.8139526129983 2611.2821926327856 1781 2616 1792.1860473870017 2520.7178073672144
1801 2503 1788.8724686163216 2606.301706266911 1880 2617 1892.1275313836784 2513.698293733089
1894 2523 1881.5653568635516 2628.9176688294533 1993 2642 2005.4346431364484 2536.0823311705467
633 2499 622.7595498279211 2586.2276428111936 706 2596 716.2404501720789 2508.7723571888064
727 2507 716.8753529044222 2593.2412379926805 800 2603 810.1246470955778 2516.7587620073195
826 2516 813.8311950041345 2619.6532728329207 919 2632 931.1688049958655 2528.3467271670793
930 2530 919.1327072763479 2622.567056339767 1008 2633 1018.8672927236521 2540.432943660233
1032 2542 1020.090967655564 2643.4405423698795 1093 2652 1104.909032344436 2550.5594576301205
1101 2557 1092.0812108385014 2632.9698003715416 1169 2642 1177.9187891614986 2566.0301996284584
1181 2564 1170.5551340378925 2652.9688462952176 1256 2663 1266.4448659621075 2574.0311537047824
1272 2566 1260.8945475664655 2660.595688846791 1341 2670 1352.1054524335345 2575.404311153209
1355 2580 1344.1946176946287 2672.0397064907525 1412 2680 1422.8053823053713 2587.9602935092475
1426 2586 1415.0103506429668 2679.6092840282777 1495 2689 1505.9896493570332 2595.3907159717223
1508 2600 1495.2878758123893 2708.281238556462 1544 2714 1556.7121241876107 2605.718761443538
1564 2604 1552.056247600257 2705.736286065892 1648 2717 1659.943752399743 2615.263713934108
1659 2622 1647.744512502384 2717.8736800248103 1734 2728 1745.255487497616 2632.1263199751897
1747 2632 1737.1205542389116 2716.1526252791527 1821 2726 1830.8794457610884 2641.8473747208473
1826 2627 1812.2240351823314 2744.3429798790985 1903 2755 1916.7759648176686 2637.6570201209015
1904 2655 1892.1654971198782 2755.805704117376 1979 2766 1990.8345028801218 2665.194295882624
528 2596 518.215720509319 2679.342003743645 609 2690 618.784279490681 2606.657996256355
617 2621 608.8032196604821 2690.81976530746 687 2700 695.1967803395179 2630.18023469254
693 2614 683.1341494203982 2698.036822202652 768 2708 777.8658505796018 2623.963177797348
827 2629 816.7595498279211 2716.2276428111936 900 2726 910.2404501720789 2638.7723571888064
901 2630 889.9559699170196 2724.0724963342827 966 2733 977.0440300829804 2638.9275036657173
966 2649 954.8326371481849 2744.1230386958055 1056 2756 1067.1673628518151 2660.8769613041945
1059 2661 1047.9011011233456 2755.5398659767934 1137 2766 1148.0988988766544 2671.4601340232066
1141 2677 1132.1355915644488 2752.5065880655366 1213 2762 1221.8644084355512 2686.4934119344634
1233 2675 1220.9062125361754 2778.0142772439112 1323 2790 1335.0937874638246 2686.9857227560888
1328 2690 1316.9695650985063 2783.9566932577814 1394 2793 1405.0304349014937 2699.0433067422186
1404 2694 1392.8532739542784 2788.9472554128006 1487 2800 1498.1467260457216 2705.0527445871994
1501 2702 1488.4570834793842 2808.8399361049565 1575 2819 1587.5429165206158 2712.1600638950435
1596 2717 1584.3699129099068 2816.064500633352 1669 2826 1680.6300870900932 2726.935499366648
1677 2729 1665.553691893842 2826.4990804323334 1755 2837 1766.446308106158 2739.5009195676666
1769 2743 1757.575304835389 2840.314982476316 1806 2846 1817.424695164611 2748.685017523684
1819 2750 1806.7365168014537 2854.459737031923 1888 2864 1900.2634831985463 2759.540262968077
1894 2760 1882.0084204311897 2862.143675501899 1983 2874 1994.9915795688103 2771.856324498101
628 2722 616.8603155788852 2816.887275206297 703 2827 714.1396844211148 2732.112724793703
726 2732 714.6015190629092 2829.0916909963257 799 2839 810.3984809370908 2741.9083090036743
829 2747 817.6418165396428 2843.748439103328 922 2856 933.3581834603572 2759.251560896672
934 2761 922.547138336962 2858.5549033023303 1003 2868 1014.452861663038 2770.4450966976697
1030 2770 1018.3699129099068 2869.064500633352 1103 2879 1114.6300870900932 2779.935499366648
1137 2790 1125.1992410397315 2890.5182750943763 1223 2902 1234.8007589602685 2801.4817249056237
1233 2795 1221.0839260309574 2896.5005225763834 1302 2906 1313.9160739690426 2804.4994774236166
1319 2803 1306.926849342269 2905.8384939609064 1402 2917 1414.073150657731 2814.1615060390936
1412 2814 1400.0300333727369 2915.959577545882 1460 2923 1471.9699666272631 2821.040422454118
609 2844 596.1776501573146 2953.22013517799 688 2964 700.8223498426854 2854.77986482201
702 2849 689.0688887054201 2959.1465597899996 773 2969 785.9311112945799 2858.8534402100004
782 2867 770.6015190629092 2964.0916909963257 855 2974 866.3984809370908 2876.9083090036743
868 2870 855.0009127979862 2980.725575172506 934 2990 946.9990872020138 2879.274424827494
941 2892 930.9433288118562 2977.6622226101745 1019 2988 1029.0566711881436 2902.337777389825
1026 2912 1016.8153726979185 2990.2341963680738 1100 3000 1109.1846273020813 2921.7658036319262
1103 2921 1094.0061933064605 2997.6087959605507 1174 3007 1182.9938066935395 2930.3912040394493
1189 2932 1180.0540204755278 3008.2014065245435 1255 3017 1263.9459795244722 2940.7985934754565
1264 2923 1252.6901317764368 3019.336892330815 1335 3029 1346.3098682235632 2932.663107669185
1359 2930 1347.090479587837 3031.444699706386 1437 3042 1448.909520412163 2940.555300293614
1448 2936 1436.0632892248636 3037.676305859388 1524 3048 1535.9367107751364 2946.323694140612
1535 2948 1522.5456961929117 3054.085137439446 1607 3064 1619.4543038070883 2957.914862560554
1632 2960 1621.3033791465232 3051.113281878743 1697 3060 1707.6966208534768 2968.886718121257
1712 2970 1701.4257357799042 3060.071054190232 1786 3070 1796.5742642200958 2979.928945809768
1796 2977 1783.838724696468 3080.5891352899107 1864 3090 1876.161275303532 2986.4108647100893
1880 2992 1868.8467203973985 3087.0030782827985 1954 3097 1965.1532796026015 3001.9969217172015
1970 3000 1959.2363793745428 3091.6839825882366 1996 3096 2006.7636206254572 3004.3160174117634
596 2974 585.6845322958803 3061.8666384002036 672 3072 682.3154677041197 2984.1333615997964
683 2977 672.5616875947723 3065.91302342522 767 3077 777.4383124052277 2988.08697657478
772 2992 762.147744601885 3075.921019126151 848 3086 857.852255398115 3002.078980873849
857 3007 847.5238083975426 3087.71772650809 884 3092 893.4761916024574 3011.28227349191
913 3013 902.8209721784751 3099.7044502986855 982 3109 992.1790278215249 3022.2955497013145
1002 3023 991.4186941552975 3113.1310343967357 1084 3124 1094.5813058447027 3033.8689656032643
1089 3034 1077.3835080913937 3132.948697556851 1163 3143 1174.6164919086063 3044.051302443149
1193 3036 1182.051624255154 3129.257717462268 1248 3137 1258.948375744846 3043.742282537732
1275 3049 1266.0676156570146 3125.0856034480425 1342 3134 1350.9323843429854 3057.9143965519575
1352 3052 1342.3249700289402 3134.411421795129 1424 3144 1433.6750299710598 3061.588578204871
1437 3064 1426.4871581304585 3153.5478616777236 1507 3163 1517.5128418695415 3073.4521383222764
1528 3064 1516.7037269579237 3160.221089254314 1600 3170 1611.2962730420763 3073.778910745686
1632 3068 1621.1130466057077 3160.73452494976 1683 3168 1693.8869533942923 3075.26547505024
1713 3087 1701.5813703245424 3184.2633169428245 1776 3193 1787.4186296754576 3095.7366830571755
1796 3108 1786.1618278510987 3191.8010587131434 1856 3200 1865.8381721489013 3116.1989412868566
1881 3108 1871.1205542389116 3192.1526252791527 1955 3202 1964.8794457610884 3117.8473747208473
564 3070 551.7360287337269 3174.463894368429 650 3186 662.2639712662731 3081.536105631571
676 3097 665.1734928208083 3189.2196471102634 757 3200 767.8265071791917 3107.7803528897366
757 3104 745.36942484218 3203.068657969858 847 3215 858.63057515782 3115.931342030142
849 3124 838.3919918600508 3214.358483213232 912 3223 922.6080081399492 3132.641516786768
914 3133 903.7937818155016 3219.9360564516874 981 3229 991.2062181844984 3142.0639435483126
993 3136 981.6558997888563 3232.628478690321 1070 3243 1081.3441002111435 3146.371521309679
1068 3152 1057.3436766232567 3242.7700299857456 1153 3254 1163.6563233767433 3163.2299700142544
1164 3157 1152.5879238814223 3254.2074940728266 1236 3264 1247.4120761185777 3166.7925059271734
1249 3173 1239.3863923794943 3254.8882292826206 1317 3264 1326.6136076205057 3182.1117707173794
1334 3164 1322.7440244346571 3259.8778373613163 1426 3272 1437.2559755653429 3176.1221626386837
1430 3167 1417.5658449312784 3272.9135114929472 1512 3284 1524.4341550687216 3178.0864885070528
1515 3200 1505.2841844844797 3282.7588310246324 1584 3292 1593.7158155155203 3209.2411689753676
1592 3201 1580.812000342091 3296.298821978811 1689 3309 1700.187999657909 3213.701178021189
1690 3228 1681.4628520555852 3300.718999556496 1752 3309 1760.5371479444148 3236.281000443504
1770 3227 1760.474517025295 3308.137587953616 1853 3319 1862.525482974705 3237.862412046384
1876 3233 1865.8345673599617 3319.588647222184 1946 3329 1956.1654326400383 3242.411352777816
555 3201 545.1890182140722 3284.5694525601407 617 3293 626.8109817859278 3209.4305474398593
637 3208 628.2317339703097 3282.6876518570157 682 3289 690.7682660296903 3214.3123481429843
692 3212 682.1814885217386 3295.6335901031507 779 3307 788.8185114782614 3223.3664098968493
802 3232 793.0671275892877 3308.089760784549 886 3319 894.9328724107123 3242.910239215451
904 3233 893.6311277053867 3321.321536033196 942 3327 952.3688722946133 3238.678463966804
955 3229 943.1247115754177 3330.1531133468798 1027 3340 1038.8752884245823 3238.8468866531202
1044 3247 1032.744512502384 3342.8736800248103 1119 3353 1130.255487497616 3257.1263199751897
1133 3255 1121.989713836873 3348.7850673112825 1209 3359 1220.010286163127 3265.2149326887175
1235 3263 1223.9625234738994 3357.016673464285 1309 3367 1320.0374765261006 3272.983326535715
1329 3275 1318.3915037923239 3365.3626405497384 1409 3376 1419.6084962076761 3285.6373594502616
1433 3293 1421.7173221394105 3389.1052861778126 1506 3399 1517.2826778605895 3302.8947138221874
1534 3312 1524.4886002745086 3393.0176275406084 1601 3402 1610.5113997254914 3320.9823724593916
624 3323 612.9433508709863 3417.1799847377715 654 3422 665.0566491290137 3327.8200152622285
1629 3321 1619.1557623619453 3404.852724246635 1663 3410 1672.8442376380547 3326.147275753365
544 3307 532.3019370024729 3406.643516015858 612 3416 623.6980629975271 3316.356483984142
666 3327 654.5129063493816 3424.8464896618366 741 3435 752.4870936506184 3337.1535103381634
749 3336 736.8734447517753 3439.2933915938984 794 3446 806.1265552482247 3342.7066084061016
796 3341 783.4022146857102 3448.3073057474676 883 3460 895.5977853142898 3352.6926942525324
881 3353 868.5456961929117 3459.085137439446 953 3469 965.4543038070883 3362.914862560554
970 3374 958.9841364154468 3467.832575508268 1003 3473 1014.0158635845532 3379.167424491732
1028 3367 1016.3019370024729 3466.643516015858 1096 3476 1107.6980629975271 3376.356483984142
1110 3375 1098.7923396714514 3470.466290588803 1180 3480 1191.2076603285486 3384.533709411197
1200 3376 1188.4721208049214 3474.1938988913403 1272 3484 1283.5278791950786 3385.8061011086597
509 3428 500.7619460482949 3498.1713318734696 593 3509 601.2380539517051 3438.8286681265304
596 3422 585.7932937477747 3508.940213788194 680 3520 690.2067062522253 3433.059786211806
677 3447 667.8631998669857 3524.8268069320666 746 3534 755.1368001330143 3456.1731930679334
767 3450 756.3713550539571 3540.534266496237 837 3550 847.6286449460429 3459.465733503763
# Transcript
* KHTTI
**
*OS LAMPTRE
AMPRIAS QORAIEYS
KOIFREWN PAMBWTA
YFILHTOS FLYEYS
NHSIQEOS KOPREIOS
LYSISTRATOS RAMNOY
RC NIKHTHS SKAMBWN
*S XENOFANTOS KEIRI
L QEOTIMOS LAMPTR
ESMOQETAI
SWKRATHS QORAIEYS
KALLITELHS PLWQEY
RASWN KIKYNNEYS
YSANDROS ACARNE
HGHSINIKOS FLYEYS
HROSKAMANDROS ALWP
ARC ANTIFILOS AFIDN
AS DWROQEOS IPPOTO
POL PRWTOMENHS EITE
ESMOQETAI
EYQYLOCOS GARGHTTI
ANTIPATROS PERGAS
MHTRODWROS AQMONE
 DRWPIDHS KHTTI
FILIPPIDHS 
 QEOP***
# Lines: x1 y1 x2 y2 x3 y3 x4 y4
