# Baseline angle
6.347648860369787
# Boxes: x1 y1 x2 y2 x3 y3 x4 y4
623 714 612.4016231477833 878.1810226998856 780 889 790.5983768522167 724.8189773001144
823 740 813.4694243652323 887.6395561748208 912 894 921.5305756347677 746.3604438251792
967 719 956.1424445285328 887.1959970081056 1139 899 1149.857555471467 730.8040029918944
1142 755 1133.0998995834227 892.8727713592947 1259 901 1267.9001004165773 763.1272286407053
1288 764 1279.1186104031426 901.5829192847777 1425 911 1433.8813895968574 773.4170807152223
1451 760 1441.8116723874084 902.3377414647573 1576 911 1585.1883276125916 768.6622585352427
1749 781 1738.4679464253584 944.1535990016239 1891 954 1901.5320535746416 790.8464009983761
1941 788 1931.0982012356064 941.3902285581195 2018 947 2027.9017987643936 793.6097714418805
2054 805 2045.369562898346 938.6953770803342 2205 949 2213.630437101654 815.3046229196658
2244 808 2233.9780040704977 963.2522206129674 2354 971 2364.0219959295023 815.7477793870326
2390 800 2378.6633266852123 975.6180823525915 2524 985 2535.3366733147877 809.3819176474085
2543 836 2534.50228292281 967.6393915598035 2695 978 2703.49771707719 846.3606084401965
2723 836 2712.9178687532867 992.1837857023952 2834 1000 2844.0821312467133 843.8162142976048
2853 846 2843.8116723874086 988.3377414647573 2978 997 2987.1883276125914 854.6622585352427
2999 858 2990.3902384124344 991.3750896348824 3124 1000 3132.6097615875656 866.6249103651176
676 896 667.0812622330174 1034.161485309804 804 1043 812.9187377669826 904.8385146901958
820 911 812.2176452996671 1031.5576072195136 943 1040 950.7823547003329 919.4423927804864
964 904 953.9531787597289 1059.6367931723112 1099 1069 1109.0468212402711 913.3632068276889
1127 911 1117.9526920052335 1051.1531857164427 1255 1060 1264.0473079947665 919.846814283557
1276 913 1267.1186104031426 1050.5829192847777 1413 1060 1421.8813895968574 922.4170807152223
1439 930 1429.5733162208749 1076.030152079511 1615 1088 1624.4266837791251 941.9698479204891
1631 952 1623.576345569937 1067.0009283018974 1732 1074 1739.423654430063 958.9990716981026
1768 959 1759.9044458542548 1084.4094261323341 1862 1091 1870.0955541457452 965.5905738676659
1895 971 1887.6947249793045 1084.16709536997 2071 1096 2078.3052750206953 982.8329046300302
2220 968 2210.793035037003 1110.6264554152667 2356 1120 2365.206964962997 977.3735445847333
2376 988 2366.8697695409364 1129.437749870272 2515 1139 2524.1302304590636 997.5622501297281
2531 988 2522.182895517034 1124.5870690814584 2668 1134 2676.817104482966 997.4129309185416
2695 1012 2686.8422723733606 1138.3725647167041 2805 1146 2813.1577276266394 1019.6274352832958
2863 1007 2853.50051110568 1154.157986882636 2944 1160 2953.49948889432 1012.8420131173642
2985 1021 2977.3752641042147 1139.115911015632 3115 1148 3122.6247358957853 1029.884088984368
631 1057 623.3628147141729 1175.3087663573074 758 1184 765.6371852858271 1065.6912336426926
806 1048 797.5416692566184 1179.029252039835 952 1189 960.4583307433816 1057.970747960165
976 1076 969.6754539357759 1173.9744781126255 1094 1182 1100.3245460642243 1084.0255218873745
1115 1069 1106.4026878024765 1202.1822342932069 1243 1211 1251.5973121975235 1077.8177657067931
1307 1079 1298.3529637116235 1212.9525175359015 1454 1223 1462.6470362883765 1089.0474824640985
1466 1084 1456.9422073095611 1224.3156056871833 1545 1230 1554.0577926904389 1089.6843943128167
1588 1086 1579.4483355659627 1218.4750980403971 1727 1228 1735.5516644340373 1095.5249019596029
1747 1108 1738.8049976725495 1234.9499926177232 1879 1244 1887.1950023274505 1117.0500073822768
1907 1112 1898.1186104031426 1249.5829192847777 2044 1259 2052.8813895968574 1121.4170807152223
2049 1120 2039.581542344922 1265.9027199757347 2196 1276 2205.4184576550783 1130.0972800242653
2234 1122 2223.627603393589 1282.6803293028001 2368 1292 2378.372396606411 1131.3196706971999
2383 1141 2373.641530723505 1285.9734311343216 2467 1292 2476.358469276495 1147.0265688656784
2495 1156 2486.323988604174 1290.4013752091369 2666 1302 2674.676011395826 1167.5986247908631
2687 1158 2677.353376996805 1307.437263115777 2810 1316 2819.646623003195 1166.562736884223
2834 1165 2824.6976631826637 1309.103874910771 2978 1319 2987.3023368173363 1174.896125089229
2997 1158 2986.6110042068667 1318.9374697583673 3127 1328 3137.3889957931333 1167.0625302416327
635 1204 624.9904534605398 1359.059365271292 748 1367 758.0095465394602 1211.940634728708
782 1218 773.5188821095325 1349.3822511042365 938 1360 946.4811178904675 1228.6177488957635
976 1221 966.3616765901656 1370.3086928879932 1101 1379 1110.6383234098344 1229.6913071120068
1111 1235 1102.2202436871594 1371.0085030564321 1257 1381 1265.7797563128406 1244.9914969435679
1307 1225 1296.6316797209554 1385.6171823129155 1411 1393 1421.3683202790446 1232.3828176870845
1456 1237 1447.8338993106852 1363.502273068495 1533 1369 1541.1661006893148 1242.497726931505
1567 1266 1559.3069026629564 1385.1749082088359 1727 1396 1734.6930973370436 1276.8250917911641
1723 1266 1715.391863290937 1383.8587705600648 1857 1393 1864.608136709063 1275.1412294399352
1881 1273 1873.740372742791 1385.4599591171598 2068 1398 2075.259627257209 1285.5400408828402
2090 1268 2081.211870624484 1404.138211408223 2203 1412 2211.788129375516 1275.861788591777
2224 1290 2214.231068198699 1441.3319667895744 2364 1451 2373.768931801301 1299.6680332104256
2373 1292 2365.2487320401146 1412.0760379273283 2488 1420 2495.7512679598854 1299.9239620726717
2522 1309 2514.61995516974 1423.3253655440296 2649 1432 2656.38004483026 1317.6746344559704
2675 1321 2667.333766137409 1439.7587621545501 2795 1448 2802.666233862591 1329.2412378454499
2831 1333 2823.283968577242 1452.5301835212517 2939 1460 2946.716031422758 1340.4698164787483
2980 1336 2972.1326846716865 1457.8737448682846 3129 1468 3136.8673153283135 1346.1262551317154
597 1372 588.4752725097294 1504.0578138621038 727 1513 735.5247274902706 1380.9421861378962
763 1362 753.618890515047 1507.3241539507085 919 1518 928.381109484953 1372.6758460492915
955 1381 945.8490205575335 1522.759175439731 1089 1532 1098.1509794424665 1390.240824560269
1111 1396 1102.6411909076382 1525.4875474304388 1250 1535 1258.3588090923618 1405.5124525695612
1271 1403 1262.3612633049847 1536.8239473081178 1420 1547 1428.6387366950153 1413.1760526918822
1437 1388 1427.7390876801555 1531.4621618958604 1560 1540 1569.2609123198445 1396.5378381041396
1586 1393 1575.0635249222878 1562.4185522960572 1708 1571 1718.9364750777122 1401.5814477039428
1728 1415 1719.0066393620812 1554.3174792358493 1869 1564 1877.9933606379188 1424.6825207641507
1907 1417 1899.5743074062539 1532.0325017968396 2023 1540 2030.4256925937461 1424.9674982031604
2047 1420 2036.8267201649423 1577.5957819600005 2198 1588 2208.173279835057 1430.4042180399995
2241 1451 2232.25336859129 1586.4953602693047 2364 1595 2372.74663140871 1459.5046397306953
2383 1453 2375.2507702037974 1573.0444644323863 2483 1580 2490.7492297962026 1459.9555355676137
2505 1463 2496.211944093798 1599.1370732842156 2649 1609 2657.788055906202 1472.8629267157844
2678 1468 2669.483498633776 1599.9303817583277 2779 1607 2787.516501366224 1475.0696182416723
2831 1484 2822.7531619486995 1611.7529874793672 2966 1621 2974.2468380513005 1493.2470125206328
2961 1480 2952.863094826078 1606.0500010232379 3107 1616 3115.136905173922 1489.9499989767621
616 1532 608.4747857552343 1648.5742064062356 739 1657 746.5252142447657 1540.4257935937644
758 1523 747.8848173184705 1679.6957903655152 923 1691 933.1151826815295 1534.3042096344848
933 1525 923.2558935094681 1675.9473942302307 1048 1684 1057.7441064905317 1533.0526057697693
1099 1532 1090.0356144695309 1670.868621562614 1216 1679 1224.9643855304691 1540.131378437386
1255 1547 1246.75731174538 1674.6887023654754 1391 1684 1399.24268825462 1556.3112976345246
1418 1552 1409.2409192012483 1687.6882156109805 1538 1696 1546.7590807987517 1560.3117843890195
1562 1580 1553.4483355659627 1712.4750980403971 1701 1722 1709.5516644340373 1589.5249019596029
1735 1557 1724.1982831104353 1724.3309932805842 1843 1732 1853.8017168895647 1564.6690067194158
1886 1580 1877.7116639818937 1708.3958386182853 2011 1717 2019.2883360181063 1588.6041613817147
2061 1588 2052.0750742726536 1726.2573439186383 2203 1736 2211.9249257273464 1597.7426560813617
2217 1588 2206.9905269298542 1743.0582271472847 2361 1753 2371.0094730701458 1597.9417728527153
2368 1578 2357.669027891081 1738.0386162878892 2481 1746 2491.330972108919 1585.9613837121108
2522 1597 2512.3076557640043 1747.145537492594 2603 1753 2612.6923442359957 1602.854462507406
2671 1612 2662.1621465336316 1748.9084946509176 2803 1758 2811.8378534663684 1621.0915053490824
2834 1612 2823.669027891081 1772.0386162878892 2947 1780 2957.330972108919 1619.9613837121108
2973 1621 2963.718412166067 1764.782449341312 3122 1775 3131.281587833933 1631.217550658688
600 1681 591.1352095898649 1818.3257788292105 741 1828 749.8647904101351 1690.6742211707895
746 1679 735.9905269298539 1834.0582271472847 890 1844 900.0094730701461 1688.9417728527153
923 1693 912.8805940524758 1849.761213603414 1056 1859 1066.1194059475242 1702.238786396586
1104 1691 1093.6150805342334 1851.8743227684827 1204 1859 1214.3849194657666 1698.1256772315173
1233 1691 1223.4488223204578 1838.9587054962653 1379 1849 1388.5511776795422 1701.0412945037347
1403 1741 1395.8169603080962 1852.2735298201796 1531 1861 1538.1830396919038 1749.7264701798204
1559 1737 1551.0600264951192 1859.9993034233948 1675 1868 1682.9399735048808 1745.0006965766052
1711 1737 1701.6997013463472 1881.0723014158289 1840 1890 1849.3002986536528 1745.9276985841711
1874 1737 1863.9904534605398 1892.059365271292 1987 1900 1997.0095465394602 1744.940634728708
2037 1749 2028.25336859129 1884.4953602693047 2160 1893 2168.74663140871 1757.5046397306953
2169 1780 2161.4126122743396 1897.5373449906056 2308 1907 2315.5873877256604 1789.4626550093944
2354 1773 2345.2699677780124 1908.2382198137375 2481 1917 2489.7300322219876 1781.7617801862625
2488 1792 2480.2341710170754 1912.3016048879535 2584 1919 2591.7658289829246 1798.6983951120465
2656 1775 2644.760736703234 1949.109089362145 2767 1957 2778.239263296766 1782.890910637855
2788 1796 2779.019088752123 1935.124623894174 2932 1945 2940.980911247877 1805.875376105826
2961 1801 2951.56909295488 1947.09557531741 3105 1957 3114.43090704512 1810.90442468259
595 1856 586.2056826641203 1992.234070017057 722 2001 730.7943173358797 1864.765929982943
767 1859 758.1040493801034 1996.808486245403 885 2005 893.8959506198966 1867.191513754597
899 1861 888.5177439855252 2023.382177634922 1053 2034 1063.4822560144746 1871.617822365078
1063 1880 1053.2476673854212 2031.0748263340072 1207 2041 1216.7523326145788 1889.9251736659928
1231 1888 1221.457121913819 2035.8301352684816 1379 2046 1388.542878086181 1898.1698647315184
1401 1890 1391.1065742982817 2043.2605202063287 1511 2051 1520.8934257017183 1897.7394797936713
1535 1888 1523.910129383735 2059.7948252620395 1682 2070 1693.089870616265 1898.2051747379603
1687 1893 1676.5695797093751 2054.5791827732783 1838 2065 1848.4304202906249 1903.4208172267217
1847 1905 1835.8396563094793 2077.8865340741936 2008 2089 2019.1603436905207 1916.1134659258068
2023 1926 2013.4487488511436 2073.9598436202723 2138 2082 2147.5512511488564 1934.0401563797275
2176 1941 2166.340927606763 2090.630118457452 2296 2099 2305.659072393237 1949.3698815425478
2332 1950 2322.5192219253995 2096.868134808119 2433 2104 2442.4807780746005 1957.1318651918812
2469 1945 2458.0055012380735 2115.3174057665356 2608 2125 2618.9944987619265 1954.6825942334647
2618 1986 2609.819558695589 2112.7244256570984 2769 2123 2777.180441304411 1996.2755743429016
2805 1989 2795.591806632652 2134.7437143770157 2908 2142 2917.408193367348 1996.2562856229843
731 2010 720.625565229906 2170.7119027977424 880 2181 890.374434770094 2020.2880972022576
911 2039 900.7975981188644 2197.0469158812502 1024 2205 1034.2024018811355 2046.9530841187495
1058 2051 1049.0066393620812 2190.3174792358495 1199 2200 1207.9933606379188 2060.6825207641505
1240 2065 1230.1770473725373 2217.1688113941755 1336 2224 1345.8229526274627 2071.8311886058245
1370 2051 1359.5758411390534 2212.482186040437 1538 2224 1548.4241588609466 2062.517813959563
1545 2068 1536.6411909076382 2197.487547430439 1684 2207 1692.3588090923618 2077.512452569561
1720 2073 1710.8551350485832 2214.664454954904 1809 2221 1818.1448649514168 2079.335545045096
1859 2082 1848.888893645837 2238.6326433756303 1994 2248 2004.111106354163 2091.3673566243697
2018 2099 2009.6909149984908 2227.7172641877446 2138 2236 2146.309085001509 2107.2827358122554
2160 2121 2152.2632930631535 2240.8504709667036 2294 2250 2301.7367069368465 2130.1495290332964
2318 2118 2309.4109873958378 2251.053664065423 2448 2260 2456.5890126041622 2126.946335934577
2457 2130 2448.398538005796 2263.246519407099 2584 2272 2592.601461994204 2138.753480592901
2611 2135 2602.257518387971 2270.431075155413 2735 2279 2743.742481612029 2143.568924844587
2769 2147 2760.6826154051296 2275.8458344155283 2887 2284 2895.3173845948704 2155.1541655844717
2932 2169 2924.0185285283137 2292.6421545623134 3038 2300 3045.9814714716863 2176.3578454376866
571 2183 563.1782589658586 2304.167746739482 700 2313 707.8217410341414 2191.832253260518
705 2176 695.6603884818529 2320.68130281179 871 2332 880.3396115181471 2187.31869718821
900 2202 891.6286680482822 2331.6815408961215 1005 2339 1013.3713319517178 2209.3184591038785
1053 2214 1044.3322147282208 2348.2739431053606 1195 2358 1203.6677852717792 2223.7260568946394
1209 2217 1199.270454532507 2367.721827269606 1343 2377 1352.729545467493 2226.278172730394
1367 2229 1357.5898419382831 2374.774149747951 1516 2385 1525.4101580617169 2239.225850252049
1523 2221 1513.5192953947135 2367.8669966841117 1655 2377 1664.4807046052865 2230.1330033158883
1665 2217 1654.7893719948172 2375.1743479850265 1807 2385 1817.2106280051828 2226.8256520149735
1840 2241 1830.5192953947135 2387.8669966841117 1972 2397 1981.4807046052865 2250.1330033158883
1987 2250 1976.1050963584078 2418.774563033132 2150 2430 2160.8949036415925 2261.225436966868
2148 2260 2138.6706527695833 2404.522297213072 2270 2413 2279.3293472304167 2268.477702786928
2330 2289 2321.162073064317 2425.9096327749244 2431 2433 2439.837926935683 2296.0903672250756
2476 2279 2466.4114741503327 2427.5372715212916 2613 2437 2622.5885258496673 2288.4627284787084
2637 2305 2628.298942885462 2439.7893621405024 2740 2447 2748.701057114538 2312.2106378594976
2769 2289 2758.969777946451 2444.379652716744 2908 2454 2918.030222053549 2298.620347283256
2906 2291 2895.468019894672 2454.1524608776167 3079 2466 3089.531980105328 2302.8475391223833
719 2363 710.9233036126029 2488.117297809803 895 2500 903.0766963873971 2374.882702190197
899 2363 891.0745875181584 2485.77373646277 1034 2495 1041.9254124818415 2372.22626353723
1053 2353 1042.897193239198 2509.504073147847 1190 2519 1200.102806760802 2362.495926852153
1195 2365 1184.2336665861912 2531.782862626493 1358 2543 1368.7663334138088 2376.217137373507
1367 2370 1356.1672698393022 2537.811424448762 1514 2548 1524.8327301606978 2380.188575551238
1526 2389 1515.0759743123294 2558.225696954382 1651 2567 1661.9240256876706 2397.774303045618
1809 2411 1799.347262505755 2560.531983600604 1977 2572 1986.652737494245 2422.468016399396
2001 2423 1991.5690929548803 2569.09557531741 2145 2579 2154.43090704512 2432.90442468259
2157 2423 2148.4918716964517 2554.800673406537 2291 2564 2299.5081283035483 2432.199326593463
2306 2437 2297.8402342096774 2563.404138211646 2431 2572 2439.1597657903226 2445.595861788354
2481 2445 2472.2345843022563 2580.786350467829 2553 2586 2561.7654156977437 2450.213649532171
2613 2437 2602.1465208558993 2605.132850018221 2755 2615 2765.8534791441007 2446.867149981779
2774 2447 2764.1688212484905 2599.2962434979518 2899 2608 2908.8311787515095 2455.7037565020482
549 2459 538.3684247743387 2623.6953036110203 698 2634 708.6315752256613 2469.3046963889797
731 2485 719.6757760752537 2660.425227010916 868 2670 879.3242239247463 2494.574772989084
887 2502 877.5109958013522 2648.9955669118954 1017 2658 1026.4890041986478 2511.0044330881046
1046 2507 1036.9277932251503 2647.538896399794 1168 2656 1177.0722067748497 2515.461103600206
1219 2540 1210.8277848196356 2666.596993553322 1341 2675 1349.1722151803644 2548.403006446678
1363 2521 1351.3833990825588 2700.9544822302705 1507 2711 1518.6166009174412 2531.0455177697295
1519 2550 1510.5479306862965 2680.9322553069937 1682 2692 1690.4520693137035 2561.0677446930063
1701 2555 1692.4626761810594 2687.2529454517935 1766 2692 1774.5373238189406 2559.7470545482065
1816 2557 1806.1398461410404 2709.745101171187 1965 2720 1974.8601538589596 2567.254898828813
1991 2562 1981.6603150125386 2706.6824409357973 2126 2716 2135.339684987461 2571.3175590642027
2162 2567 2152.0194285679895 2721.6105075980568 2251 2728 2260.9805714320105 2573.3894924019432
2304 2560 2293.826720164943 2717.5957819600007 2455 2728 2465.173279835057 2570.4042180399993
2479 2574 2469.085825314879 2727.581945775788 2584 2735 2593.914174685121 2581.418054224212
2615 2596 2605.4322231337355 2744.2158459518323 2757 2754 2766.5677768662645 2605.7841540481677
2783 2591 2773.233032893068 2742.301531418639 2877 2749 2886.766967106932 2597.698468581361
595 2641 583.4559103204974 2819.8311999231746 710 2828 721.5440896795026 2649.1688000768254
717 2658 707.676914199261 2802.42530048023 856 2812 865.323085800739 2667.57469951977
897 2658 886.1257718724964 2826.45427558768 1034 2836 1044.8742281275036 2667.54572441232
1048 2665 1036.1469341410802 2848.6175955980966 1166 2857 1177.8530658589198 2673.3824044019034
1190 2680 1180.8200454500836 2822.2080331129664 1348 2833 1357.1799545499164 2690.7919668870336
1363 2694 1353.5690929548803 2840.09557531741 1507 2850 1516.4309070451197 2703.90442468259
1507 2696 1497.384537206566 2844.9545556995845 1653 2855 1662.615462793434 2706.0454443004155
1670 2716 1659.326926807533 2881.338154749938 1809 2891 1819.673073192467 2725.661845250062
1816 2735 1808.1534336550894 2856.5523192988258 1970 2867 1977.8465663449106 2745.4476807011742
2011 2706 2000.8701093568031 2862.9236335741543 2095 2869 2105.1298906431966 2712.0763664258457
2116 2732 2106.681137465256 2876.3598772423315 2287 2888 2296.318862534744 2743.6401227576685
2306 2728 2294.955703677907 2899.0888271332374 2433 2908 2444.044296322093 2736.9111728667626
2443 2756 2433.392836799927 2904.825985471801 2591 2915 2600.607163200073 2766.174014528199
2620 2749 2611.332214728221 2883.2739431053606 2762 2893 2770.667785271779 2758.7260568946394
679 2840 670.2556271629155 2975.460372402341 880 2989 888.7443728370845 2853.539627597659
897 2838 887.4071774150237 2986.603832883198 971 2992 980.5928225849763 2843.396167116802
1010 2860 1001.39861147511 2993.2453812830913 1168 3004 1176.60138852489 2870.7546187169087
1178 2838 1167.7852221981368 2996.238633098919 1319 3006 1329.2147778018632 2847.761366901081
1358 2876 1350.1201618123307 2998.0677383339676 1473 3006 1480.8798381876693 2883.9322616660324
1667 2879 1659.2051959096254 2999.750462561189 1787 3008 1794.7948040903746 2887.249537438811
1831 2874 1821.386501900935 3022.9241203286497 1931 3030 1940.613498099065 2881.0758796713503
1965 2896 1957.0041144439028 3019.865445274924 2114 3030 2121.995885556097 2906.134554725076
2124 2898 2115.398538005796 3031.246519407099 2251 3040 2259.601461994204 2906.753480592901
2287 2915 2278.570717833383 3045.5792562425922 2440 3056 2448.429282166617 2925.4207437574078
2448 2896 2437.6857005471174 3055.780337708315 2596 3066 2606.3142994528826 2906.219662291685
693 2992 682.6897768744836 3151.71719071843 811 3160 821.3102231255164 3000.28280928157
863 2970 851.0889104568662 3154.5164490685747 998 3164 1009.9110895431338 2979.4835509314253
1039 2977 1027.3646147935249 3157.2454724287945 1132 3164 1143.6353852064751 2983.7545275712055
1188 3020 1179.3363645249015 3154.2096579914687 1331 3164 1339.6636354750985 3029.7903420085313
1327 3018 1318.027388345484 3156.9960536663903 1473 3167 1481.972611654516 3028.0039463336097
1504 3030 1496.7174386570764 3142.815234429576 1639 3152 1646.2825613429236 3039.184765570424
1667 3016 1657.1107975642763 3169.19509696843 1809 3179 1818.8892024357237 3025.80490303157
1826 3037 1815.4471974419553 3200.475024571083 1963 3210 1973.5528025580447 3046.524975428917
1979 3056 1970.8900317698442 3181.6327168449448 2116 3191 2124.1099682301556 3065.3672831550552
2143 3059 2134.413025559521 3192.022090570481 2258 3200 2266.586974440479 3066.977909429519
554 3152 544.3264400530378 3301.85454729407 686 3311 695.6735599469622 3161.14545270593
710 3140 698.5554319715171 3317.289495313779 818 3325 829.4445680284829 3147.710504686221
828 3162 818.3348131157132 3311.724838942279 993 3323 1002.6651868842868 3173.275161057721
1024 3169 1014.0816755181983 3322.6462308896794 1128 3330 1137.9183244818018 3176.3537691103206
1166 3164 1155.0344763455237 3333.8685480933 1281 3342 1291.9655236544763 3172.1314519067
1324 3184 1314.7038511430276 3328.0080163019375 1454 3337 1463.2961488569724 3192.9919836980625
1485 3184 1475.0610000041095 3337.9665183351317 1615 3347 1624.9389999958905 3193.0334816648683
880 3342 871.9541699451078 3466.6391428896395 955 3472 963.0458300548922 3347.3608571103605
1020 3335 1009.8909318095202 3491.601069880688 1140 3500 1150.1090681904798 3343.398930119312
1164 3352 1154.9278666944645 3492.5377582757865 1317 3503 1326.0721333055355 3362.4622417242135
674 3323 664.63963949845 3468.002728381249 835 3479 844.36036050155 3333.997271618751
1442 3364 1431.2752380223112 3530.1388733635677 1646 3544 1656.7247619776888 3377.8611266364323
1651 3388 1643.449960444465 3504.9587789655793 1799 3515 1806.550039555535 3398.0412210344207
671 3510 665.0964746255687 3601.4523843626253 813 3611 818.9035253744313 3519.5476156373747
837 3481 826.888893645837 3637.6326433756303 972 3647 982.111106354163 3490.3673566243697
988 3505 977.8308699616231 3662.5314968461084 1140 3673 1150.1691300383768 3515.4685031538916
1161 3491 1149.7855620140037 3664.724516802801 1247 3671 1258.2144379859963 3497.275483197199
1142 3657 1131.8495073120287 3814.242782895599 1283 3824 1293.1504926879713 3666.757217104401
1310 3673 1299.8639948657537 3830.0183540589815 1439 3839 1449.1360051342463 3681.9816459410185
1468 3690 1458.2413324864292 3841.1729611908554 1564 3848 1573.7586675135708 3696.8270388091446
650 3805 640.363788223163 3954.2759812690438 791 3964 800.636211776837 3814.7240187309562
837 3817 826.6482789076779 3977.3600418573483 945 3985 955.3517210923221 3824.6399581426517
976 3800 963.7114993668766 3990.3629800607077 1113 4000 1125.2885006331235 3809.6370199392923
1147 3836 1136.4720227527248 3999.090452011739 1259 4007 1269.5279772472752 3843.909547988261
1293 3832 1281.8396563094793 4004.8865340741936 1454 4016 1465.1603436905207 3843.1134659258064
674 3944 664.6063676556912 4089.518147416391 796 4098 805.3936323443088 3952.481852583609
818 3966 808.7328262504775 4109.559158628702 924 4117 933.2671737495225 3973.4408413712986
943 3985 935.2613283687842 4104.880906337638 1123 4117 1130.7386716312158 3997.1190936623616
1130 3990 1121.2409192012483 4125.68821561098 1250 4134 1258.7590807987517 3998.3117843890195
652 4093 642.9900401753589 4232.574619691416 789 4242 798.0099598246411 4102.425380308584
801 4110 792.1684079633094 4246.811497918076 950 4257 958.8315920366906 4120.188502081924
986 4113 976.4611982411853 4260.766988278598 1104 4269 1113.5388017588145 4121.233011721402
611 4269 603.354588590126 4387.436198461083 767 4398 774.645411409874 4279.563801538917
832 4266 822.4403757884683 4414.089551972063 914 4420 923.5596242115317 4271.910448027937
# Transcript
HIMNHS*FILOSMNHS*
TEYENMAIM*KTHRIW*
IKAIEIKOSTEITHSP
IAKYRIATWNPROEDR*
OQEOSKYDAEDOXENT*
OFRONOSLAKIEIPEN
EGEIKAIHBOLHPROE
TOYEUHFISQAITWI*
*ARCIPPONTONARCI
OTIANHRAGAQOSEST
*NAQHNA*WNKAINY*
ENCRONWIKAIPOEI
STEFANWSAIDEAR
*WIAPODRACMW
*SEISAQHNAI*
AYTOYAQ***
WIOD*MO
ONA*I*
**KAI
*LESQA
YTAN*
IAY*
SI*