# Baseline angle
0.17066167270754606
# Boxes: x1 y1 x2 y2 x3 y3 x4 y4
1422 282 1422 374 1504 374 1504 282
1406 380 1406 472 1480 472 1480 380
1304 453 1286.7892875888435 552.8659929673267 1363 566 1380.2107124111565 466.13400703267325
1401 485 1387.8463344869472 561.3247816964034 1473 576 1486.1536655130528 499.67521830359664
702 451 683.2196001157002 559.9741806128428 753 572 771.7803998842998 463.0258193871572
786 474 770.4629595380056 564.1544303595937 845 577 860.5370404619944 486.84556964040627
888 498 874.7313270670472 574.9921178247718 927 584 940.2686729329528 507.00788217522825
966 520 953.6482639448508 591.6715471474735 1060 610 1072.3517360551493 538.3284528525265
1180 553 1164.8322329075088 641.011703734407 1246 655 1261.1677670924912 566.988296265593
1264 567 1248.884225145518 654.7100162532985 1326 668 1341.115774854482 580.2899837467015
1361 584 1346.5882329048536 667.6249771065651 1430 682 1444.4117670951464 598.3750228934349
1471 609 1454.579826565859 704.2788522358447 1540 719 1556.420173434141 623.7211477641553
677 567 660.124021978676 664.9236804457801 736 678 752.875978021324 580.0763195542199
763 571 747.0876233910517 663.3323365448009 838 679 853.9123766089483 586.6676634551991
873 584 857.0534519483879 676.5306179971446 912 686 927.9465480516121 593.4693820028554
963 604 948.3400297327013 689.065188043363 1035 704 1049.6599702672986 618.934811956637
1068 622 1050.7490533687287 722.0994539796908 1114 733 1131.2509466312713 632.9005460203092
1149 638 1131.9737405050917 736.7956959803815 1226 753 1243.0262594949083 654.2043040196185
1247 676 1232.455404689608 760.3957192636982 1323 776 1337.544595310392 691.6042807363018
1339 684 1322.579826565859 779.2788522358447 1408 794 1424.420173434141 698.7211477641553
1441 709 1427.794342248938 785.6264691775118 1517 801 1530.205657751062 724.3735308224882
1551 724 1534.4932953481791 819.7809538205934 1617 834 1633.5067046518209 738.2190461794066
1647 748 1632.5999909227485 831.5567506378209 1699 843 1713.4000090772515 759.4432493621791
1735 771 1721.38483465932 850.0026568150627 1791 862 1804.61516534068 782.9973431849373
1841 761 1823.569560618911 862.1409693605049 1933 881 1950.430439381089 779.8590306394951
638 666 626.7852953295935 731.0738674257004 725 748 736.2147046704065 682.9261325742996
756 680 742.3559909200934 759.1700240099789 811 771 824.6440090799066 691.8299759900211
832 703 818.3442329021985 782.2382504787232 904 797 917.6557670978015 717.7617495212768
935 712 919.5954202162443 801.385820853757 1016 818 1031.4045797837557 728.614179146243
1042 733 1027.166967297341 819.0693912128604 1108 833 1122.833032702659 746.9306087871396
1126 751 1111.7093031022043 833.9224614181763 1205 850 1219.2906968977957 767.0775385818237
1235 766 1221.3039986820838 845.4717114910874 1294 858 1307.6960013179162 778.5282885089126
1343 784 1328.2941002721427 869.3316959644512 1396 881 1410.7058997278573 795.6683040355488
1430 794 1412.6853031128248 894.4693679295436 1497 909 1514.3146968871752 808.5306320704564
1529 815 1512.0834202215544 913.1592741094406 1604 929 1620.9165797784456 830.8407258905594
1626 832 1610.0010921733717 924.8344381295495 1698 940 1713.9989078266283 847.1655618704505
1724 860 1706.2701002827628 962.8786024758185 1765 973 1782.7298997172372 870.1213975241815
1812 874 1797.0512248034277 960.7409926438216 1903 979 1917.9487751965723 892.2590073561784
719 756 704.1263655402197 842.3049848765208 801 859 815.8736344597803 772.6950151234792
826 789 813.1176861578822 863.7502504734131 890 877 902.8823138421178 802.2497495265869
934 807 919.6865221404286 890.0546490530721 989 902 1003.3134778595714 818.9453509469279
1026 820 1012.4482173782174 898.6348755165063 1090 912 1103.5517826217826 833.3651244834937
553 723 535.9741080420985 821.793563329085 601 833 618.0258919579015 734.206436670915
630 746 614.1225299077291 838.1297897898642 683 850 698.8774700922709 757.8702102101358
1128 848 1114.9392960190848 923.785367900338 1151 930 1164.0607039809152 854.214632099662
1207 850 1191.4049045225454 940.4912974007226 1293 958 1308.5950954774546 867.5087025992774
1319 869 1302.5452875861886 964.4792663394849 1381 978 1397.4547124138114 882.5207336605151
1419 896 1403.8208424266209 984.0777975518548 1473 996 1488.1791575733791 907.9222024481452
1502 915 1486.41666254044 1005.4230709319783 1571 1020 1586.58333745956 929.5769290680217
1602 938 1588.1711704668382 1018.2424536482205 1668 1032 1681.8288295331618 951.7575463517795
1696 953 1682.6501235528042 1030.463305152093 1767 1045 1780.3498764471958 967.5366948479071
1796 963 1779.204857955912 1060.4546257697555 1852 1073 1868.795142044088 975.5453742302445
1885 986 1872.7750293826457 1056.9359845503607 1995 1078 2007.2249706173543 1007.0640154496393
527 827 512.5882329048537 910.6249771065651 596 925 610.4117670951463 841.3750228934349
616 843 601.4960064467296 927.1601256000376 676 940 690.5039935532704 855.8398743999624
709 868 693.7513969302726 956.4807584104317 778 971 793.2486030697274 882.5192415895683
806 886 792.3616861605374 965.136977101255 867 978 880.6383138394626 898.863022898745
905 905 891.2463112036305 984.8064458809198 962 997 975.7536887963695 917.1935541190802
989 919 975.7423500109284 995.9281566586203 1069 1012 1082.2576499890715 935.0718433413797
1115 927 1099.2151239028601 1018.5925086450953 1148 1027 1163.7848760971399 935.4074913549047
1196 950 1179.135412459564 1047.8575866283322 1267 1063 1283.864587540436 965.1424133716678
1295 983 1280.3111859934747 1068.2325552382792 1366 1083 1380.6888140065253 997.7674447617208
1389 992 1373.8610766467355 1079.8443365394908 1456 1094 1471.1389233532645 1006.1556634605092
1491 1011 1474.0894829990052 1109.1240945494203 1543 1121 1559.9105170009948 1022.8759054505797
1578 1022 1561.2337016951387 1119.2872585748391 1635 1132 1651.7662983048613 1034.7127414251609
1675 1048 1661.0557955099316 1128.9119224278854 1737 1142 1750.9442044900684 1061.0880775721146
1767 1068 1752.9749595326955 1149.38097710391 1832 1163 1846.0250404673045 1081.61902289609
1872 1094 1856.1278576111665 1186.0988755324368 1960 1204 1975.8721423888335 1111.9011244675632
1983 1101 1964.4446547890698 1208.668289962237 2036 1221 2054.55534521093 1113.331710037763
3479 1401 3461.547147194142 1502.2710243441045 3518 1512 3535.452852805858 1410.7289756558955
3566 1422 3550.8322329075086 1510.0117037344069 3632 1524 3647.1677670924914 1435.9882962655931
3666 1448 3652.0732487682703 1528.8106490504172 3717 1540 3730.9267512317297 1459.1893509495828
3776 1455 3759.7414985203313 1549.3407428837952 3839 1563 3855.2585014796687 1468.6592571162048
586 958 572.5924360743509 1035.7980395419252 655 1050 668.4075639256491 972.2019604580747
682 987 668.3442329021985 1066.2382504787233 754 1081 767.6557670978015 1001.7617495212768
802 996 788.1597799859504 1076.3085474656684 856 1088 869.8402200140496 1007.6914525343316
897 1015 882.8424988544567 1097.1495866097468 940 1107 954.1575011455433 1024.8504133902532
974 1022 958.809084408726 1110.1460240205993 1045 1125 1060.190915591274 1036.8539759794007
1081 1043 1065.716857950602 1131.681172514072 1143 1145 1158.283142049398 1056.318827485928
1181 1066 1168.2562096135716 1139.946461407556 1244 1153 1256.7437903864284 1079.053538592444
1286 1078 1270.2728113813134 1169.2577742552628 1321 1178 1336.7271886186866 1086.7422257447372
1372 1112 1358.7021157908137 1189.1616176709845 1439 1203 1452.2978842091863 1125.8383823290155
1469 1130 1455.759803269267 1206.826883281152 1538 1221 1551.240196730733 1144.173116718848
1760 1176 1745.1612720568971 1262.1024381215843 1820 1275 1834.8387279431029 1188.8975618784157
1855 1203 1842.2156078564503 1277.1820550712166 1934 1293 1946.7843921435497 1218.8179449287834
1958 1209 1942.1973031075145 1300.69591467386 2031 1316 2046.8026968924855 1224.30408532614
3043 1423 3027.3760607833187 1513.6586645956388 3128 1531 3143.6239392166813 1440.3413354043612
3151 1449 3137.4364593603227 1527.7031019852507 3232 1544 3245.5635406396773 1465.2968980147493
3371 1477 3354.2625454343656 1574.119891379923 3429 1587 3445.7374545656344 1489.880108620077
3453 1511 3438.1438187985586 1597.2037114990526 3524 1612 3538.8561812014414 1525.7962885009474
3540 1524 3525.922967294686 1605.6826645850185 3609 1620 3623.077032705314 1538.3173354149815
3652 1539 3636.151373646956 1630.962422594948 3706 1643 3721.848626353044 1551.037577405052
3738 1567 3722.9187641251888 1654.5096021496583 3807 1669 3822.0812358748112 1581.4903978503417
3826 1589 3813.619787742631 1660.8367816910932 3890 1674 3902.380212257369 1602.1632183089068
3930 1593 3911.8196233990166 1698.4925164283263 3996 1713 4014.1803766009834 1607.5074835716737
392 1017 377.42086570993746 1101.5961333673383 461 1116 475.57913429006254 1031.4038666326617
495 1035 481.32145194042266 1114.3704381136192 543 1125 556.6785480595773 1045.6295618863808
586 1045 571.4386865052829 1129.4927273385736 615 1137 629.5613134947171 1052.5072726614264
674 1078 660.2751549428572 1157.6390786860036 732 1170 745.7248450571428 1090.3609213139964
755 1097 741.8808734666178 1173.1243675927633 834 1189 847.1191265333822 1112.8756324072367
890 1122 877.2968113706931 1195.7108677438955 937 1206 949.7031886293069 1132.2891322561045
968 1139 956.0987408285968 1208.0576331949655 1037 1222 1048.9012591714034 1152.9423668050345
1059 1152 1045.4539126186614 1230.6018286077824 1129 1245 1142.5460873813386 1166.3981713922176
1149 1162 1135.7366547704844 1238.9612035673442 1223 1254 1236.2633452295156 1177.0387964326558
1249 1183 1235.7541080288229 1259.859930189876 1312 1273 1325.2458919711771 1196.140069810124
1355 1201 1342.689233238979 1272.4338208325164 1404 1283 1416.310766761021 1211.5661791674836
1448 1221 1434.6501235528042 1298.463305152093 1519 1313 1532.3498764471958 1235.536694847907
1553 1239 1540.5624678011843 1311.169383429629 1586 1319 1598.4375321988157 1246.830616570371
1631 1249 1617.0728812312634 1329.8127817017134 1711 1346 1724.9271187687366 1265.1872182982866
1741 1280 1726.2997955125868 1365.298649055727 1800 1378 1814.7002044874132 1292.701350944273
1851 1295 1836.2823422542479 1380.3999224331956 1921 1395 1935.7176577457521 1309.6000775668044
1963 1321 1952.172389494442 1383.827734771749 2017 1395 2027.827610505558 1332.172265228251
2047 1339 2033.8231859881644 1415.4591019825957 2124 1431 2137.176814011835 1354.5408980174043
2746 1472 2732.627342591028 1549.5954927869886 2793 1560 2806.372657408972 1482.4045072130114
2842 1483 2828.505904856671 1561.300141126674 2908 1575 2921.494095143329 1496.699858873326
2957 1518 2944.3776473479293 1591.2418130678707 3001 1601 3013.6223526520707 1527.7581869321293
3031 1532 3019.7682096082617 1597.1730081518724 3100 1611 3111.2317903917383 1545.8269918481276
3141 1549 3125.9248269026393 1636.474422589638 3187 1647 3202.0751730973607 1559.525577410362
3230 1572 3216.142326727612 1652.4098208431367 3295 1666 3308.857673272388 1585.5901791568633
3330 1601 3318.635748930023 1666.9416176577092 3377 1677 3388.364251069977 1611.0583823422908
3427 1606 3413.9040219654003 1681.990047306571 3501 1697 3514.0959780345997 1621.009952693429
3519 1624 3505.5578970946804 1701.9984536455654 3581 1715 3594.4421029053196 1637.0015463544346
3622 1639 3606.410967299996 1729.456117840702 3685 1743 3700.589032700004 1652.543882159298
3706 1659 3691.6227718845244 1742.424563002925 3782 1758 3796.3772281154756 1674.575436997075
3819 1689 3807.081655107265 1758.1567739211375 3870 1769 3881.918344892735 1699.8432260788625
389 1117 373.69407698882605 1205.8133601489676 427 1215 442.30592301117395 1126.1866398510324
466 1127 449.7414985203314 1221.3407428837954 529 1235 545.2585014796687 1140.6592571162046
550 1136 534.3992092821014 1226.5243443094464 630 1243 645.6007907178986 1152.4756556905536
660 1161 643.7934907583408 1255.039055402687 719 1268 735.2065092416592 1173.960944597313
732 1189 717.7669905806578 1271.587727028344 813 1288 827.2330094193422 1205.412272971656
1163 1268 1148.0982568750064 1354.4680867688444 1186 1361 1200.9017431249936 1274.5319132311556
1230 1288 1216.771193750155 1364.7607894637042 1311 1381 1324.228806249845 1304.2392105362958
842 1210 828.7366547704844 1286.9612035673442 916 1302 929.2633452295156 1225.0387964326558
1445 1332 1431.3214519404228 1411.3704381136192 1493 1422 1506.6785480595772 1342.6295618863808
1516 1330 1501.0629828213223 1416.6727661750772 1590 1432 1604.9370171786777 1345.3272338249228
1619 1361 1605.1711704668382 1441.2424536482204 1685 1455 1698.8288295331618 1374.7575463517796
1708 1374 1692.7282484314896 1462.6150786966239 1782 1478 1797.2717515685104 1389.3849213033761
1823 1396 1805.8758188065235 1495.3638913825782 1885 1509 1902.1241811934765 1409.6361086174218
1922 1412 1909.8736861552272 1482.3635238455713 1989 1496 2001.1263138447728 1425.6364761544287
2024 1435 2008.0819281506078 1527.3653834535248 2093 1542 2108.918071849392 1449.6346165464752
2620 1547 2606.378771881869 1626.037836375083 2699 1642 2712.621228118131 1562.962163624917
2722 1563 2706.642084750816 1652.115047630076 2764 1662 2779.357915249184 1572.884952369924
2812 1581 2797.5073969276173 1665.0940317825898 2884 1680 2898.4926030723827 1595.9059682174102
2904 1616 2891.608029724736 1687.9050081598375 2985 1704 2997.391970275264 1632.0949918401625
3013 1619 2997.8610766467355 1706.8443365394908 3080 1721 3095.1389233532645 1633.1556634605092
3105 1647 3089.636021973366 1736.1502271900965 3170 1750 3185.363978026634 1660.8497728099035
3205 1668 3188.689506282322 1762.6424303649037 3272 1777 3288.310493717678 1682.3575696350963
3297 1686 3282.363178231484 1770.9308677571707 3364 1785 3378.636821768516 1700.0691322428293
3499 1723 3486.8334519351124 1793.5969848579355 3553 1805 3565.1665480648876 1734.4030151420645
3395 1706 3383.3237955019667 1773.7517425443598 3466 1788 3477.6762044980333 1720.2482574556402
3584 1749 3570.828881228608 1825.4260550738716 3667 1842 3680.171118771392 1765.5739449261284
3688 1762 3674.378771881869 1841.037836375083 3767 1857 3780.621228118131 1777.962163624917
3806 1777 3789.3376861711577 1873.6838836126221 3855 1885 3871.6623138288423 1788.3161163873779
3883 1803 3868.599623385742 1886.5588832891171 3964 1903 3978.400376614258 1819.4411167108829
451 1236 438.5681630416282 1308.1363365209054 490 1317 502.4318369583718 1244.8636634790946
522 1252 510.96974824584163 1316.0035704387553 627 1336 638.0302517541584 1271.9964295612447
645 1264 631.4482173782174 1342.6348755165063 709 1356 722.5517826217826 1277.3651244834937
724 1289 712.0642018489261 1358.2580472986058 786 1371 797.9357981510739 1301.7419527013942
809 1308 796.9427641145686 1377.962695638291 890 1394 902.0572358854314 1324.037304361709
918 1318 901.7934907583408 1412.039055402687 977 1425 993.2065092416592 1330.960944597313
1024 1335 1008.7513969302726 1423.4807584104315 1093 1438 1108.2486030697273 1349.5192415895685
1131 1354 1115.7574597077235 1442.4455788504113 1177 1453 1192.2425402922765 1364.5544211495887
1205 1376 1190.6690688820897 1459.1559224305406 1271 1473 1285.3309311179103 1389.8440775694594
1299 1389 1285.1882561881703 1469.1433129220486 1383 1486 1396.8117438118297 1405.8566870779514
1406 1405 1391.4208657099375 1489.5961333673383 1475 1504 1489.5791342900625 1419.4038666326617
1502 1428 1487.086131320105 1514.538445888885 1571 1529 1585.913868679895 1442.461554111115
1597 1458 1583.9271704641833 1533.8557270203785 1666 1548 1679.0728295358167 1472.1442729796215
1690 1471 1676.4596078591053 1549.5687816990583 1766 1565 1779.5403921408947 1486.4312183009417
1814 1491 1798.9073736443008 1578.5756959671062 1871 1591 1886.0926263556992 1503.4243040328938
1899 1515 1887.5200064361093 1581.6132190886703 1971 1596 1982.4799935638907 1529.3867809113297
1994 1527 1984.0259436533483 1584.874945393007 2095 1604 2104.9740563466517 1546.125054606993
2883 1699 2868.4383189682762 1783.4948599898703 2941 1796 2955.5616810317238 1711.5051400101297
2975 1709 2960.651615623751 1792.2571958080086 3052 1808 3066.348384376249 1724.7428041919914
2681 1665 2668.631178223519 1736.7706878736453 2757 1752 2769.368821776481 1680.2293121263547
2788 1685 2775.342740831252 1758.4443598228072 2854 1772 2866.657259168748 1698.5556401771928
3081 1749 3068.8505376564444 1819.4978441317635 3153 1834 3165.1494623435556 1763.5021558682365
3192 1777 3177.166967297341 1863.0693912128602 3258 1877 3272.833032702659 1790.9306087871398
3276 1783 3262.7305919930336 1859.9963831273647 3373 1879 3386.2694080069664 1802.0036168726353
3393 1800 3377.8208424266204 1888.077797551855 3447 1900 3462.1791575733796 1811.922202448145
3468 1823 3455.688865701972 1894.435953483813 3546 1910 3558.311134298028 1838.564046516187
3578 1846 3564.217467464404 1925.973813075836 3634 1938 3647.782532535596 1858.026186924164
3685 1862 3671.240615963187 1941.8394927896438 3736 1953 3749.759384036813 1873.1605072103562
3766 1882 3751.363178231484 1966.9308677571707 3833 1981 3847.636821768516 1896.0691322428293
3869 1902 3857.3814829804196 1969.4170081545276 3942 1984 3953.6185170195804 1916.5829918454724
3959 1927 3948.749264278976 1986.480390873425 4033 2001 4043.250735721024 1941.519609126575
416 1318 402.771193750155 1394.7607894637042 497 1411 510.228806249845 1334.2392105362958
517 1337 502.83680361401275 1419.1826335184708 554 1428 568.1631963859872 1345.8173664815292
605 1356 590.4440142087201 1440.4618130811461 669 1454 683.5559857912799 1369.5381869188539
709 1377 696.1810688767796 1451.3824691748566 781 1466 793.8189311232204 1391.6175308251434
816 1402 802.5984988518018 1479.762859981905 862 1490 875.4015011481982 1412.237140018095
911 1420 897.2231627048478 1499.940766167112 973 1513 986.7768372951522 1433.059233832888
998 1438 984.8406392465032 1514.3578286051272 1064 1528 1077.1593607534967 1451.6421713948728
1098 1459 1086.1332798082676 1527.8572190913253 1174 1543 1185.8667201917324 1474.1427809086747
1208 1462 1192.7286159684966 1550.6129460453274 1253 1561 1268.2713840315034 1472.3870539546726
1290 1494 1274.913068884745 1581.5426490583823 1353 1595 1368.086931115255 1507.4573509416177
1397 1513 1381.6648657125925 1601.9828599951802 1463 1616 1478.3351342874075 1527.0171400048198
1491 1534 1475.9016784038567 1621.6087428758303 1542 1633 1557.0983215961433 1545.3912571241697
1585 1552 1568.7069595406608 1646.5411569874357 1641 1659 1657.2930404593392 1564.4588430125643
1673 1562 1656.6375140443126 1656.9441178460122 1744 1672 1760.3624859556874 1577.0558821539878
1784 1580 1768.1513736469558 1671.962422594948 1838 1684 1853.8486263530442 1592.037577405052
1876 1610 1861.5130921680616 1694.060984873866 1954 1710 1968.4869078319384 1625.939015126134
1987 1628 1971.0879909280584 1720.3302038935044 2033 1731 2048.9120090719416 1638.6697961064956
2671 1748 2656.922967294686 1829.6826645850185 2740 1844 2754.077032705314 1762.3173354149815
2776 1771 2762.863787745286 1847.223508318935 2837 1860 2850.136212254714 1783.776491681065
2868 1794 2854.1711704668387 1874.2424536482206 2934 1888 2947.8288295331613 1807.7575463517794
2964 1824 2952.5833891550064 1890.245437790114 3044 1906 3055.4166108449936 1839.754562209886
3070 1847 3056.592436074351 1924.7980395419252 3139 1939 3152.407563925649 1861.2019604580748
3166 1858 3153.036850180646 1933.2193051494378 3233 1947 3245.963149819354 1871.7806948505622
3269 1886 3256.423576808488 1958.9753051467826 3332 1972 3344.576423191512 1899.0246948532174
3374 1904 3360.944623722522 1979.7544536429104 3432 1992 3445.055376277478 1916.2455463570896
3461 1921 3448.2562096135716 1994.946461407556 3524 2008 3536.7437903864284 1934.053538592444
3560 1931 3543.7703422595578 2025.173375688879 3624 2039 3640.2296577404422 1944.826624311121
3659 1955 3644.5768424239654 2038.691070924013 3716 2051 3730.4231575760346 1967.308929075987
3741 1975 3727.0557955099316 2055.911922427885 3803 2069 3816.9442044900684 1988.0880775721146
3856 1996 3843.538951765395 2068.305836367118 3923 2082 3935.461048234605 2009.694163632882
588 1458 571.3490766520456 1554.6177897951743 649 1568 665.6509233479544 1471.3822102048257
682 1476 665.5623733075204 1571.380125613313 762 1588 778.4376266924796 1492.619874386687
785 1501 768.695201522766 1595.60938345618 858 1611 874.304798477234 1516.39061654382
897 1526 883.4482173782174 1604.6348755165063 961 1618 974.5517826217826 1539.3651244834937
991 1540 976.1901157961239 1625.935070926668 1052 1639 1066.8098842038762 1553.064929073332
1083 1557 1068.1958110365679 1642.902024017944 1150 1657 1164.8041889634321 1571.097975982056
1183 1585 1169.482756357888 1663.434461412866 1254 1678 1267.517243642112 1599.565538587134
1275 1608 1262.3025066111372 1681.6778208351716 1328 1693 1340.6974933888628 1619.3221791648284
1375 1629 1362.2562096135716 1702.946461407556 1438 1716 1450.7437903864284 1642.053538592444
1476 1644 1462.3734441784322 1723.0687506325105 1520 1733 1533.6265558215678 1653.9312493674895
1587 1664 1574.0835147152184 1738.948531925757 1615 1746 1627.9164852847816 1671.051468074243
1651 1677 1636.0341390820956 1763.8401333699935 1724 1779 1738.9658609179044 1692.1598666300065
1766 1698 1753.2156078564503 1772.1820550712166 1845 1788 1857.7843921435497 1713.8179449287834
1867 1713 1853.0212565302609 1794.1123365315254 1922 1806 1935.9787434697391 1724.8876634684746
2644 1862 2628.0356311530422 1954.6340240259094 2723 1971 2738.9643688469578 1878.3659759740906
2743 1885 2729.7021157908134 1962.1616176709845 2810 1976 2823.2978842091866 1898.8383823290155
2838 1897 2825.8448424160006 1967.5308910404876 2904 1981 2916.1551575839994 1910.4691089595124
2941 1902 2923.8006780697315 2001.799899149879 3012 2017 3029.1993219302685 1917.200100850121
3030 1948 3015.4379514312695 2032.4969926411666 3117 2050 3131.5620485687305 1965.5030073588334
3142 1941 3124.010139092716 2045.387039881361 3203 2059 3220.989860907284 1954.6129601186392
3235 1981 3220.7036078617602 2063.9555083269 3308 2079 3322.2963921382398 1996.0444916730999
3336 2002 3321.3054907530304 2087.2656021470034 3401 2101 3415.6945092469696 2015.7343978529966
3420 2003 3403.620060785974 2098.0453912234802 3502 2115 3518.379939214026 2019.9546087765193
3535 2038 3520.796201856891 2120.4182271821314 3588 2132 3602.2037981431085 2049.581772817869
3631 2064 3617.477061117444 2142.4675083215902 3696 2156 3709.522938882556 2077.5324916784098
3721 2072 3704.5566780670765 2167.4131725220373 3795 2183 3811.4433219329235 2087.5868274779627
3815 2102 3802.7002561828604 2173.369859666365 3905 2191 3917.2997438171396 2119.630140333635
2621 1961 2607.448217378217 2039.6348755165063 2685 2053 2698.551782621783 1974.3651244834937
2721 1971 2705.335826563204 2061.892125608003 2793 2077 2808.664173436796 1986.1078743919973
2833 1992 2819.7195690491526 2069.060344293516 2889 2081 2902.2804309508474 2003.939655706484
652 1575 636.543427978235 1664.6875083348655 737 1682 752.456572021765 1592.3124916651345
762 1606 748.0671859908196 1686.8458286104374 836 1702 849.9328140091804 1621.1541713895626
856 1631 845.3568424106904 1692.7574377848039 928 1707 938.6431575893096 1645.2425622151961
948 1631 930.7892875888435 1730.8659929673267 1007 1744 1024.2107124111565 1644.1340070326733
1060 1666 1047.515803266612 1738.4401566533102 1132 1753 1144.484196733388 1680.5598433466898
1163 1675 1147.8553814062914 1762.8773834482147 1224 1776 1239.1446185937086 1688.1226165517853
1276 1694 1263.5507097832894 1766.2376098983734 1326 1777 1338.4492902167106 1704.7623901016266
1360 1712 1347.0888424186555 1786.9176176683295 1423 1800 1435.9111575813445 1725.0823823316705
1447 1733 1432.9692642922514 1814.414024012634 1506 1827 1520.0307357077486 1745.585975987366
1552 1751 1539.423576808488 1823.9753051467826 1615 1837 1627.576423191512 1764.0246948532174
1649 1787 1636.891139413566 1857.2622504681028 1705 1869 1717.108860586434 1798.7377495318972
1755 1782 1740.2884050316986 1867.3647428731751 1802 1878 1816.7115949683014 1792.6352571268249
1847 1804 1832.3286392518132 1889.131281860811 1907 1902 1921.6713607481868 1816.868718139189
1937 1816 1920.781732740446 1910.1072818714313 2013 1926 2029.218267259554 1831.8927181285687
2907 2008 2893.574982816012 2085.8993129193937 2987 2102 3000.4250171839876 2024.1006870806063
3027 2040 3013.667576811143 2117.3620317746245 3087 2130 3100.332423188857 2052.6379682253755
3116 2058 3103.365889330035 2131.310039536615 3177 2144 3189.634110669965 2070.689960463385
3211 2084 3197.932865704627 2159.8226801116543 3286 2175 3299.067134295373 2099.1773198883457
3317 2100 3301.8265376670647 2188.044750643131 3377 2201 3392.1734623329353 2112.955249356869
3406 2116 3394.081655107265 2185.1567739211378 3457 2196 3468.918344892735 2126.8432260788622
3519 2126 3503.6648657125925 2214.98285999518 3585 2229 3600.3351342874075 2140.01714000482
3613 2147 3596.1471704774585 2244.789360159588 3667 2257 3683.8528295225415 2159.210639840412
3717 2180 3703.9738349987556 2255.584953796698 3747 2263 3760.0261650012444 2187.415046203302
654 1686 643.1723894944422 1748.827734771749 708 1760 718.8276105055578 1697.172265228251
744 1709 732.5143111956653 1775.6462659973943 810 1789 821.4856888043347 1722.3537340026057
858 1717 844.7138738087084 1794.0933912022401 908 1805 921.2861261912916 1727.9066087977599
947 1732 932.9749595326954 1813.38097710391 1012 1827 1026.0250404673045 1745.61902289609
1035 1760 1021.6444283123604 1837.4963520608167 1100 1851 1113.3555716876397 1773.5036479391833
1133 1778 1119.1252410062798 1858.5089615693087 1180 1869 1193.8747589937202 1788.4910384306913
1239 1794 1226.135139416221 1868.6489770959447 1292 1880 1304.864860583779 1805.3510229040553
1343 1802 1329.0387097885996 1883.0110631540574 1387 1893 1400.9612902114004 1811.9889368459426
1436 1833 1423.1928268946745 1907.3142427061123 1491 1919 1503.8071731053255 1844.6857572938877
1527 1844 1513.581045593463 1921.8641333593732 1584 1934 1597.418954406537 1856.1358666406268
1618 1867 1604.6387330719165 1944.5293989695408 1677 1957 1690.3612669280835 1879.4706010304592
1736 1892 1723.031154940202 1967.2523520581617 1797 1980 1809.968845059798 1904.7476479418383
1835 1913 1821.7484127883793 1989.8929770985999 1892 2002 1905.2515872116207 1925.1070229014001
1922 1934 1909.504412785724 2006.5062504707582 1982 2019 1994.495587214276 1946.4937495292418
2706 2076 2691.911576813798 2157.7487584024666 2763 2170 2777.088423186202 2088.2512415975334
2807 2082 2791.1916078670706 2173.728961582584 2874 2188 2889.8083921329294 2096.271038417416
2896 2105 2881.6922173808725 2188.0216021443484 2957 2201 2971.3077826191275 2117.9783978556516
2999 2129 2983.9650611227544 2216.240961577274 3058 2229 3073.0349388772456 2141.759038422726
3100 2156 3087.481264286941 2228.64057075695 3165 2242 3177.518735713059 2169.35942924305
3188 2177 3174.8463344869474 2253.324781696403 3260 2268 3273.1536655130526 2191.675218303597
3295 2195 3281.7886470084936 2271.6595160862357 3365 2286 3378.2113529915064 2209.3404839137643
3390 2211 3375.905514036347 2292.783937962487 3470 2309 3484.094485963653 2227.216062037513
3492 2232 3478.1480219680557 2312.3767739344125 3563 2327 3576.8519780319443 2246.6232260655875
3585 2250 3568.7008967632096 2344.576336547456 3664 2361 3680.2991032367904 2266.423663452544
728 1787 714.4539126186613 1865.6018286077824 798 1880 811.5460873813387 1801.3981713922176
831 1809 817.7021157908137 1886.1616176709845 898 1900 911.2978842091863 1822.8383823290155
929 1831 915.1654752263944 1911.2755005569445 989 1924 1002.8345247736056 1843.7244994430555
1023 1849 1010.7469207174324 1920.0990864426842 1074 1931 1086.2530792825676 1859.9009135573158
1118 1864 1104.6964205503698 1941.1946645797084 1179 1954 1192.3035794496302 1876.8053354202916
1212 1882 1199.434967289376 1954.9092113293348 1287 1970 1299.565032710624 1897.0907886706652
1321 1906 1309.4220847375411 1973.181414490867 1378 1985 1389.5779152624589 1917.818585509133
1411 1923 1398.798912955442 1993.7973989615757 1458 2004 1470.201087044558 1933.2026010384243
1508 1937 1492.6937094518191 2025.815492800264 1575 2040 1590.3062905481809 1951.184507199736
1613 1957 1600.1753736363357 2031.4155160835808 1679 2045 1691.8246263636643 1970.5844839164192
1730 1978 1716.84100678351 2054.355695953831 1767 2063 1780.15899321649 1986.6443040461693
1810 2007 1798.901037823507 2071.4022659947395 1872 2084 1883.098962176493 2019.5977340052607
1904 2024 1893.299154932237 2086.0921721746363 1974 2100 1984.700845067763 2037.9078278253637
2760 2183 2744.347217044092 2273.826031790555 2844 2291 2859.652782955908 2200.173968209445
2861 2193 2846.29942797558 2278.3007817070234 2949 2296 2963.70057202442 2210.6992182929766
2976 2222 2962.505904856671 2300.300141126674 3042 2314 3055.494095143329 2235.699858873326
3064 2237 3051.706318960311 2308.3346801063444 3131 2322 3143.293681039689 2250.6653198936556
3148 2267 3137.200498159655 2329.6646328794254 3261 2351 3271.799501840345 2288.3353671205746
3285 2285 3271.685030069482 2362.260758397156 3334 2373 3347.314969930518 2295.739241602844
3365 2312 3354.362537651134 2373.7243908760797 3443 2389 3453.637462348866 2327.2756091239203
897 1929 883.4539126186613 2007.6018286077824 967 2022 980.5460873813387 1943.3981713922176
1003 1945 989.2808501833013 2024.6060317772797 1067 2038 1080.719149816699 1958.3939682227206
1091 1958 1076.7442096188818 2040.7199146632397 1148 2053 1162.2557903811182 1970.2800853367603
1197 1986 1184.5389517653948 2058.305836367118 1264 2072 1276.4610482346052 1999.694163632882
1293 2001 1279.1423267276116 2081.409820843137 1358 2095 1371.8576732723884 2014.5901791568633
1391 2012 1376.3460925101522 2097.0300084833425 1440 2108 1454.6539074898478 2022.9699915166573
1484 2027 1468.803389168282 2115.179070929323 1549 2129 1564.196610831718 2040.8209290706768
1612 2066 1600.0991083656036 2135.0555005436695 1652 2144 1663.9008916343964 2074.9444994563305
1692 2079 1678.7715612871618 2155.7586568124075 1744 2167 1757.2284387128382 2090.2413431875925
1808 2097 1792.6823189709312 2185.881586617712 1863 2198 1878.3176810290688 2109.118413382288
2872 2302 2854.7892875888438 2401.8659929673267 2931 2415 2948.2107124111562 2315.1340070326733
3063 2336 3045.0446780723864 2440.1866257777206 3131 2455 3148.9553219276136 2350.8133742222794
3164 2369 3150.1483895050624 2449.3746412831165 3206 2459 3219.8516104949376 2378.6253587168835
3255 2388 3241.973467461749 2463.587086447994 3314 2476 3327.026532538251 2400.412913552006
3353 2413 3340.337045590808 2486.4774067315316 3413 2499 3425.662954409192 2425.5225932684684
3439 2429 3425.6558187932483 2506.430258243369 3516 2522 3529.3441812067517 2444.569741756631
1090 2074 1075.9749595326955 2155.38097710391 1155 2169 1169.0250404673045 2087.61902289609
1172 2089 1160.3989362387586 2156.3157347770593 1234 2169 1245.6010637612414 2101.6842652229407
1271 2118 1258.504412785724 2190.506250470758 1331 2203 1343.495587214276 2130.493749529242
1357 2126 1344.048240661534 2201.15321133199 1436 2217 1448.951759338466 2141.84678866801
1463 2152 1450.3715845704785 2225.276992627891 1530 2239 1542.6284154295215 2165.723007372109
1581 2170 1568.2451866696906 2244.0104225737077 1603 2250 1615.7548133303094 2175.9895774262923
1629 2190 1618.702599744404 2249.7511640971056 1742 2271 1752.297400255596 2211.2488359028944
1054 2160 1038.999600102425 2247.0405474736335 1120 2261 1135.000399897575 2173.9594525263665
1166 2178 1152.3620536975443 2257.1348444499586 1198 2265 1211.6379463024557 2185.8651555500414
1251 2200 1237.038342251593 2281.013195805354 1324 2296 1337.961657748407 2214.986804194646
1353 2226 1339.4713658770002 2304.500555230314 1412 2317 1425.5286341229998 2238.499444769686
1433 2240 1422.5242096056065 2300.7862815240305 1505 2315 1515.4757903943935 2254.2137184759695
1557 2255 1543.4539126186612 2333.6018286077824 1627 2348 1640.5460873813388 2269.3981713922176
1419 2333 1402.3893108721602 2429.3843287828104 1493 2445 1509.6106891278398 2348.6156712171896
1532 2362 1518.2349207227426 2441.8725396983677 1577 2452 1590.7650792772574 2372.1274603016323
1615 2377 1603.7333030915843 2442.3755549068087 1706 2460 1717.2666969084157 2394.6244450931913
1734 2400 1720.0212565302609 2481.1123365315257 1789 2493 1802.9787434697391 2411.8876634684743
1828 2413 1812.4686547784495 2503.12138345087 1893 2517 1908.5313452215505 2426.87861654913
986 2046 971.363178231484 2130.9308677571707 1053 2145 1067.6368217685158 2060.0691322428293
1783 2212 1771.0873503477087 2281.1237270124134 1840 2293 1851.9126496522913 2223.8762729875866
# Transcript
**O****
****T****
*****EN******
ERIW*EDOX******
KAISIMALOSKAI
*WSANSAHIKEWST*
AIPOLEISAIEGKEW
HLQONEISTOSYNEDRIDHM*
OLEISKAIANRAF*****KASTHSTAO
LHIKAISYNTAXINSYNTNAIEISINDEDO**
IOYSEEINITOYSOR*AITASSYNQHKAST*
*IWNASSYNEQETOCABR****ATHGOSWNPROSTA
WIKAIPOLITEYESQAI**KATAPOLEISKAT
*SYNQHKASKAITAU***ATOYDHMOYTOYA
*STASEPIQALATTH***EYAZEINTATEI
HSPENTHKOSTHST**OMENHSENEK
KASEINAIKEIOS**KLHTWIA**
*KATATOYSOR**S*NQHKA
*YAQHNAIWN***
*HIPOLE*****
***TINAE

# Lines: x1 y1 x2 y2 x3 y3 x4 y4