# Baseline angle
0.011676048601556577
# Boxes: x1 y1 x2 y2 x3 y3 x4 y4
4134 393 4134 459 4203 459 4203 393
4213 394 4213 455 4271 455 4271 394
4290 390 4290 460 4366 460 4366 390
4375 397 4375 457 4445 457 4445 397
4445 398 4445 458 4487 458 4487 398
2233 441 2233 521 2301 521 2301 441
2301 441 2301 522 2367 522 2367 441
2382 455 2382 522 2457 522 2457 455
2471 452 2471 521 2554 521 2554 452
2552 458 2552 517 2648 517 2648 458
2663 442 2663 532 2721 532 2721 442
2732 458 2732 519 2803 519 2803 458
2825 446 2825 524 2869 524 2869 446
2893 454 2893 531 2970 531 2970 454
2980 466 2980 540 3051 540 3051 466
3067 470 3067 535 3126 535 3126 470
3135 469 3135 535 3211 535 3211 469
3223 472 3223 546 3292 546 3292 472
3303 471 3303 536 3375 536 3375 471
3390 466 3390 542 3460 542 3460 466
3471 470 3471 546 3534 546 3534 470
3543 468 3543 544 3609 544 3609 468
3617 470 3617 544 3681 544 3681 470
3691 479 3691 542 3757 542 3757 479
3765 478 3765 548 3859 548 3859 478
3862 477 3862 536 3949 536 3949 477
3953 475 3953 546 4017 546 4017 475
4030 479 4030 542 4096 542 4096 479
4112 478 4112 547 4191 547 4191 478
2027 528 2027 606 2077 606 2077 528
2096 525 2096 605 2154 605 2154 525
2160 532 2160 592 2215 592 2215 532
2237 534 2237 608 2304 608 2304 534
2313 540 2313 597 2383 597 2383 540
2406 535 2406 598 2447 598 2447 535
2458 546 2458 599 2521 599 2521 546
2533 533 2533 610 2573 610 2573 533
2586 547 2586 606 2652 606 2652 547
2663 544 2663 607 2723 607 2723 544
2737 541 2737 604 2811 604 2811 541
2846 548 2846 618 2883 618 2883 548
2900 558 2900 612 2968 612 2968 558
2981 539 2981 614 3043 614 3043 539
3049 549 3049 610 3088 610 3088 549
3104 558 3104 615 3167 615 3167 558
3184 553 3184 616 3275 616 3275 553
3275 551 3275 611 3338 611 3338 551
3352 543 3352 633 3410 633 3410 543
3435 555 3435 620 3498 620 3498 555
3521 559 3521 618 3591 618 3591 559
3612 563 3612 628 3658 628 3658 563
3663 552 3663 626 3726 626 3726 552
3743 558 3743 624 3816 624 3816 558
3826 557 3826 627 3915 627 3915 557
3923 565 3923 624 3995 624 3995 565
3995 561 3995 623 4036 623 4036 561
4050 560 4050 623 4141 623 4141 560
4140 563 4140 634 4225 634 4225 563
4225 574 4225 631 4325 631 4325 574
4332 571 4332 629 4407 629 4407 571
4419 579 4419 633 4478 633 4478 579
4493 570 4493 641 4558 641 4558 570
2032 609 2032 681 2122 681 2122 609
2135 599 2135 681 2177 681 2177 599
2175 606 2175 674 2253 674 2253 606
2260 605 2260 680 2332 680 2332 605
2351 616 2351 678 2424 678 2424 616
2423 613 2423 689 2503 689 2503 613
2516 620 2516 676 2570 676 2570 620
2591 619 2591 682 2622 682 2622 619
2634 620 2634 685 2712 685 2712 620
2725 621 2725 693 2784 693 2784 621
2806 621 2806 693 2866 693 2866 621
2888 626 2888 696 2948 696 2948 626
2962 620 2962 699 3028 699 3028 620
3035 635 3035 692 3101 692 3101 635
3117 623 3117 693 3178 693 3178 623
3180 634 3180 691 3283 691 3283 634
3282 631 3282 709 3365 709 3365 631
3364 630 3364 697 3423 697 3423 630
3430 623 3430 697 3463 697 3463 623
3487 631 3487 695 3565 695 3565 631
3578 624 3578 705 3650 705 3650 624
3655 630 3655 701 3727 701 3727 630
3731 634 3731 700 3803 700 3803 634
3811 624 3811 714 3872 714 3872 624
3883 638 3883 710 3941 710 3941 638
3957 635 3957 697 4023 697 4023 635
4027 635 4027 704 4100 704 4100 635
4116 637 4116 708 4162 708 4162 637
2092 691 2092 762 2157 762 2157 691
2165 698 2165 756 2232 756 2232 698
2246 682 2246 772 2308 772 2308 682
2322 687 2322 765 2395 765 2395 687
2397 694 2397 757 2466 757 2466 694
2475 690 2475 758 2516 758 2516 690
2530 688 2530 772 2605 772 2605 688
2618 703 2618 770 2684 770 2684 703
2687 710 2687 773 2759 773 2759 710
2763 709 2763 778 2833 778 2833 709
2835 716 2835 776 2922 776 2922 716
2925 714 2925 777 3014 777 3014 714
3024 710 3024 775 3094 775 3094 710
3098 710 3098 777 3162 777 3162 710
3172 716 3172 785 3255 785 3255 716
3317 718 3317 779 3373 779 3373 718
3390 723 3390 778 3447 778 3447 723
3464 717 3464 786 3498 786 3498 717
3570 714 3570 788 3630 788 3630 714
3637 726 3637 788 3700 788 3700 726
3698 721 3698 794 3778 794 3778 721
3779 730 3779 797 3833 797 3833 730
3842 724 3842 789 3905 789 3905 724
3902 719 3902 779 3965 779 3965 719
3966 724 3966 783 4049 783 4049 724
4054 724 4054 790 4092 790 4092 724
4098 716 4098 805 4158 805 4158 716
4166 723 4166 796 4229 796 4229 723
4230 740 4230 792 4298 792 4298 740
4300 710 4300 804 4362 804 4362 710
4363 728 4363 796 4426 796 4426 728
4424 723 4424 787 4501 787 4501 723
4509 720 4509 800 4569 800 4569 720
2108 775 2108 848 2186 848 2186 775
2193 789 2193 846 2258 846 2258 789
2270 780 2270 848 2304 848 2304 780
2320 783 2320 857 2396 857 2396 783
2396 797 2396 851 2458 851 2458 797
2458 792 2458 854 2523 854 2523 792
2526 800 2526 859 2589 859 2589 800
2584 800 2584 860 2649 860 2649 800
2645 793 2645 854 2715 854 2715 793
2715 794 2715 858 2798 858 2798 794
2797 802 2797 865 2888 865 2888 802
2883 799 2883 870 2953 870 2953 799
2950 788 2950 878 3024 878 3024 788
3031 809 3031 874 3080 874 3080 809
3089 798 3089 869 3132 869 3132 798
3134 807 3134 866 3191 866 3191 807
235 749 235 816 301 816 301 749
313 742 313 823 374 823 374 742
3190 798 3190 868 3267 868 3267 798
3286 792 3286 873 3354 873 3354 792
3358 808 3358 878 3431 878 3431 808
3443 806 3443 878 3483 878 3483 806
3493 806 3493 882 3547 882 3547 806
3552 813 3552 874 3618 874 3618 813
3624 815 3624 872 3692 872 3692 815
3692 815 3692 879 3759 879 3759 815
3764 814 3764 875 3830 875 3830 814
3836 814 3836 871 3916 871 3916 814
3923 812 3923 875 3999 875 3999 812
4000 812 4000 876 4064 876 4064 812
4077 808 4077 882 4150 882 4150 808
4154 823 4154 885 4222 885 4222 823
4220 817 4220 883 4278 883 4278 817
4285 822 4285 884 4350 884 4350 822
4355 815 4355 884 4392 884 4392 815
4398 817 4398 888 4464 888 4464 817
4465 815 4465 882 4523 882 4523 815
4517 825 4517 882 4570 882 4570 825
233 829 233 903 292 903 292 829
297 832 297 904 369 904 369 832
373 839 373 902 444 902 444 839
439 831 439 910 509 910 509 831
512 839 512 905 568 905 568 839
2085 859 2085 935 2148 935 2148 859
2162 871 2162 939 2221 939 2221 871
2228 862 2228 941 2299 941 2299 862
2305 868 2305 940 2337 940 2337 868
2337 866 2337 940 2409 940 2409 866
2413 867 2413 932 2479 932 2479 867
2474 884 2474 940 2531 940 2531 884
2536 869 2536 937 2572 937 2572 869
2574 871 2574 934 2635 934 2635 871
2654 864 2654 940 2733 940 2733 864
2752 877 2752 945 2839 945 2839 877
2850 881 2850 944 2916 944 2916 881
2926 886 2926 945 2996 945 2996 886
3026 879 3026 939 3062 939 3062 879
3078 877 3078 959 3148 959 3148 877
3167 872 3167 943 3230 943 3230 872
3246 877 3246 949 3322 949 3322 877
3332 884 3332 954 3402 954 3402 884
3401 878 3401 950 3504 950 3504 878
3505 887 3505 953 3583 953 3583 887
3598 882 3598 956 3677 956 3677 882
3676 882 3676 956 3750 956 3750 882
3759 897 3759 961 3831 961 3831 897
3832 893 3832 954 3933 954 3933 893
3934 891 3934 952 4006 952 4006 891
4028 893 4028 959 4100 959 4100 893
4112 902 4112 956 4180 956 4180 902
4183 901 4183 957 4222 957 4222 901
4239 893 4239 957 4300 957 4300 893
4315 895 4315 968 4390 968 4390 895
4400 897 4400 971 4478 971 4478 897
169 917 169 982 234 982 234 917
244 915 244 978 307 978 307 915
323 917 323 980 384 980 384 917
387 925 387 982 489 982 489 925
500 901 500 993 574 993 574 901
584 911 584 974 629 974 629 911
640 904 640 985 725 985 725 904
2117 955 2117 1015 2185 1015 2185 955
2197 947 2197 1011 2265 1011 2265 947
2272 947 2272 1013 2350 1013 2350 947
2369 945 2369 1014 2436 1014 2436 945
2448 953 2448 1018 2490 1018 2490 953
2528 944 2528 1021 2588 1021 2588 944
2595 964 2595 1026 2662 1026 2662 964
2669 964 2669 1027 2757 1027 2757 964
2760 962 2760 1019 2813 1019 2813 962
2906 956 2906 1016 2970 1016 2970 956
2983 953 2983 1021 3048 1021 3048 953
3058 958 3058 1026 3124 1026 3124 958
3122 956 3122 1027 3190 1027 3190 956
3188 959 3188 1020 3281 1020 3281 959
3290 946 3290 1037 3359 1037 3359 946
3360 955 3360 1038 3431 1038 3431 955
3446 960 3446 1036 3491 1036 3491 960
3502 962 3502 1039 3568 1039 3568 962
3575 961 3575 1033 3654 1033 3654 961
3660 961 3660 1037 3733 1037 3733 961
3742 960 3742 1036 3807 1036 3807 960
3824 963 3824 1037 3889 1037 3889 963
3890 968 3890 1041 3972 1041 3972 968
3981 951 3981 1041 4050 1041 4050 951
4052 974 4052 1041 4119 1041 4119 974
4234 969 4234 1048 4299 1048 4299 969
4307 978 4307 1045 4390 1045 4390 978
4395 985 4395 1044 4462 1044 4462 985
4477 965 4477 1056 4545 1056 4545 965
2815 956 2815 1024 2891 1024 2891 956
4127 987 4127 1038 4222 1038 4222 987
235 999 234.3200367960074 1057.2330827058584 300 1058 300.67996320399254 999.7669172941415
311 997 310.2927334275854 1057.5713846935691 347 1058 347.7072665724146 997.4286153064309
371 997 370.35492543438914 1052.2451666650381 435 1053 435.64507456561086 997.7548333349619
450 996 449.28037682057413 1057.6296233068156 481 1058 481.71962317942587 996.3703766931842
502 999 501.3895414249393 1051.2806005990828 563 1052 563.6104585750606 999.719399400917
574 996 573.3436594187039 1052.210005378825 641 1053 641.6563405812961 996.7899946211751
665 995 664.2681565374786 1057.67618693263 692 1058 692.7318434625214 995.3238130673701
716 1008 715.3937674663279 1059.9186759886757 808 1061 808.6062325336721 1009.0813240113242
824 1004 823.3542438148103 1059.3035416022005 883 1060 883.6457561851897 1004.6964583977993
898 1001 897.1351455319082 1075.0674516991514 977 1076 977.8648544680918 1001.9325483008486
2151 1021 2150.168943578964 1092.172935557791 2221 1093 2221.831056421036 1021.8270644422089
2230 1026 2229.2641156893287 1089.0222513124947 2313 1090 2313.7358843106713 1026.9777486875053
2326 1021 2325.257163169625 1084.6176756715518 2358 1085 2358.742836830375 1021.3823243284482
2370 1034 2369.318946204681 1092.3264826053185 2427 1093 2427.681053795319 1034.6735173946815
2456 1034 2455.2339495186757 1099.605728036288 2489 1100 2489.7660504813243 1034.394271963712
2495 1035 2494.3239901895645 1092.894508070316 2589 1094 2589.6760098104355 1036.105491929684
2599 1039 2598.274427437603 1101.1391375107355 2672 1102 2672.725572562397 1039.8608624892645
2693 1037 2692.1987882324624 1105.616994051973 2725 1106 2725.8012117675376 1037.383005948027
2749 1035 2748.1696251985427 1106.1145606206287 2824 1107 2824.8303748014573 1035.8854393793713
2838 1041 2837.296959468974 1101.2094600831617 2905 1102 2905.703040531026 1041.7905399168383
2931 1040 2930.222547179075 1106.582241737507 2966 1107 2966.777452820925 1040.417758262493
2984 1047 2983.2962778493948 1107.2678350203244 3046 1108 3046.7037221506052 1047.7321649796756
3069 1051 3068.320854739502 1109.1630327812634 3140 1110 3140.679145260498 1051.8369672187366
3147 1040 3146.1673076919747 1111.3130354069808 3205 1112 3205.8326923080253 1040.6869645930192
3229 1046 3228.167444015891 1117.3013604195485 3288 1118 3288.832555984109 1046.6986395804515
3291 1046 3290.192020905997 1115.1965581804875 3359 1116 3359.807979094003 1046.8034418195125
3366 1056 3365.31962782426 1114.2681076681558 3428 1115 3428.68037217574 1056.7318923318442
3450 1053 3449.2921881319226 1113.618084643299 3482 1114 3482.7078118680774 1053.381915356701
3492 1065 3491.4274291894676 1114.0358348347477 3574 1115 3574.5725708105324 1065.9641651652523
3585 1057 3584.2396751231377 1122.1153785641231 3660 1123 3660.7603248768623 1057.8846214358769
3672 1057 3671.3045447389336 1116.5598460300523 3709 1117 3709.6954552610664 1057.4401539699477
3723 1053 3722.2159161765253 1120.1501308785892 3795 1121 3795.7840838234747 1053.8498691214108
3805 1065 3804.3554707300523 1120.1984667153083 3873 1121 3873.6445292699477 1065.8015332846917
3880 1061 3879.293415047164 1121.5130097564067 3921 1122 3921.706584952836 1061.4869902435933
3933 1055 3932.155769028458 1127.3012240956327 3992 1128 3992.844230971542 1055.6987759043673
4002 1052 4001.144366688857 1125.277737796852 4063 1126 4063.855633311143 1052.722262203148
4080 1068 4079.3502904212532 1123.6421162377428 4110 1124 4110.649709578746 1068.3578837622572
4130 1061 4129.260707591434 1124.314125998307 4188 1125 4188.739292408566 1061.685874001693
4198 1066 4197.306589597671 1125.384721218565 4250 1126 4250.693410402329 1066.615278781435
4264 1059 4263.121153037908 1134.2657901615878 4326 1135 4326.878846962092 1059.7342098384122
4336 1073 4335.411255512815 1123.4209730961043 4385 1124 4385.588744487185 1073.5790269038957
4402 1061 4401.142049182289 1134.4762125832044 4446 1135 4446.857950817711 1061.5237874167956
4450 1067 4449.281331087985 1128.5478983947885 4488 1129 4488.718668912015 1067.4521016052115
4483 1070 4482.33457458567 1126.9880442936917 4569 1128 4569.66542541433 1071.0119557063083
151 1079 150.32289959823837 1136.987907969776 237 1138 237.67710040176163 1080.012092030224
252 1070 251.18711324503 1139.616857728057 284 1140 284.81288675497 1070.383142271943
307 1064 305.98091686480217 1151.2758292620313 368 1152 369.01908313519783 1064.7241707379687
370 1072 369.21577985260956 1139.1618058660217 441 1140 441.78422014739044 1072.8381941339783
443 1081 442.3815471832323 1133.9652396144897 531 1135 531.6184528167677 1082.0347603855103
532 1075 531.2027416260195 1143.2784194164308 593 1144 593.7972583739805 1075.7215805835692
607 1073 606.2030142738511 1141.2550694415656 670 1142 670.7969857261489 1073.7449305584344
688 1073 687.0868096951891 1151.2070062526782 755 1152 755.9131903048109 1073.7929937473218
767 1085 766.2391298274746 1150.1620785138532 838 1151 838.7608701725254 1085.8379214861468
854 1080 853.2032869216825 1148.2317194667007 919 1149 919.7967130783175 1080.7682805332993
927 1078 926.110841289633 1154.1489039633473 999 1155 999.889158710367 1078.8510960366527
2141 1103 2140.122107305318 1178.1840652495605 2210 1179 2210.877892694682 1103.8159347504395
2230 1103 2229.1335096449193 1177.2075515483414 2297 1178 2297.8664903550807 1103.7924484516586
2318 1114 2317.262752450171 1177.1390011868198 2391 1178 2391.737247549829 1114.8609988131802
2394 1116 2393.285557129373 1177.185973784381 2463 1178 2463.714442870627 1116.814026215619
2481 1119 2480.320445767755 1177.1980577435609 2549 1178 2549.679554232245 1119.8019422564391
2574 1110 2573.1405496192156 1183.6046374449616 2607 1184 2607.8594503807844 1110.3953625550384
2627 1115 2626.180891214228 1185.149721906842 2699 1186 2699.819108785772 1115.850278093158
2705 1116 2704.0523300285545 1197.159897331201 2776 1198 2776.9476699714455 1116.840102668799
2789 1114 2788.0035852200886 1199.3344768470254 2845 1200 2845.9964147799114 1114.6655231529746
2871 1110 2870.0472860436716 1191.591871866203 2905 1192 2905.9527139563284 1110.408128133797
2947 1131 2946.44764371427 1178.3046321935267 3006 1179 3006.55235628573 1131.6953678064733
3043 1125 3042.3084981324905 1184.2212713945103 3109 1185 3109.6915018675095 1125.7787286054897
3166 1120 3165.048240311082 1201.5101469541758 3207 1202 3207.951759688918 1120.4898530458242
3224 1122 3223.0398370976277 1204.2298109318804 3289 1205 3289.9601629023723 1122.7701890681196
3316 1129 3315.2043775130082 1197.1383195672408 3389 1198 3389.7956224869918 1129.8616804327592
3406 1131 3405.2039685412615 1199.1733445295383 3476 1200 3476.7960314587385 1131.8266554704617
3494 1123 3492.9123665032807 1216.1465864567795 3566 1217 3567.0876334967193 1123.8534135432205
3573 1133 3572.0771795664928 1212.0317451172752 3655 1213 3655.9228204335072 1133.9682548827248
3668 1142 3667.1800732707334 1212.219771831437 3734 1213 3734.8199267292666 1142.780228168563
3755 1139 3754.121562009655 1214.2307651992903 3820 1215 3820.878437990345 1139.7692348007097
3823 1139 3822.2353127578335 1204.488978161963 3866 1205 3866.7646872421665 1139.511021838037
3884 1127 3883.1770741445866 1197.4766215549514 3928 1198 3928.8229258554134 1127.5233784450486
3937 1143 3936.3539711669787 1198.3268915770655 3994 1199 3994.6460288330213 1143.6731084229345
4019 1145 4018.3799112962433 1198.1053394636797 4095 1199 4095.6200887037567 1145.8946605363203
4114 1138 4113.085719103863 1216.3004061521383 4173 1217 4173.914280896137 1138.6995938478617
4185 1138 4184.199333528126 1206.570294102243 4221 1207 4221.800666471874 1138.429705897757
4246 1150 4245.344068390451 1206.1749804165274 4316 1207 4316.655931609549 1150.8250195834726
4327 1138 4326.0262535753745 1221.3931244320192 4378 1222 4378.9737464246255 1138.6068755679808
150 1157 149.14859273024555 1229.9158131864447 242 1231 242.85140726975445 1158.0841868135553
258 1153 257.10947805047533 1229.265653837672 320 1230 320.89052194952467 1153.734346162328
327 1157 326.16430856582804 1228.5698851304958 363 1229 363.83569143417196 1157.4301148695042
392 1160 391.1803459185648 1230.1964218565718 460 1231 460.8196540814352 1160.8035781434282
483 1162 482.2002877955358 1230.4885691902157 526 1231 526.7997122044642 1162.5114308097843
536 1164 535.2733368462774 1226.2325374101954 601 1227 601.7266631537226 1164.7674625898046
607 1159 606.110841289633 1235.1489039633473 679 1236 679.889158710367 1159.8510960366527
685 1158 683.8184213081576 1259.1921958151834 753 1260 754.1815786918424 1158.8078041848166
774 1157 773.0270715188691 1240.3230745074243 831 1241 831.9729284811309 1157.6769254925757
841 1159 840.0171687423415 1243.1711633468863 911 1244 911.9828312576585 1159.8288366531137
925 1170 924.1817091577224 1240.079671982247 1003 1241 1003.8182908422776 1170.920328017753
1006 1174 1005.1337822927507 1248.1842015734762 1075 1249 1075.8662177072495 1174.8157984265238
2286 1191 2285.281331087984 1252.5478983947885 2324 1253 2324.718668912016 1191.4521016052115
2336 1193 2335.263025098003 1256.1156512119549 2411 1257 2411.736974901997 1193.8843487880451
2427 1211 2426.3785480570855 1264.2220893380047 2493 1265 2493.6214519429145 1211.7779106619953
2510 1193 2509.133373321003 1267.2192265357737 2576 1268 2576.866626678997 1193.7807734642263
2584 1202 2583.237221292654 1267.325528337908 2641 1268 2641.762778707346 1202.674471662092
2649 1201 2648.0993026261162 1278.137092651999 2722 1279 2722.9006973738838 1201.862907348001
2735 1194 2734.0267988710375 1277.3464244822892 2790 1278 2790.9732011289625 1194.6535755177108
2805 1209 2804.3428414752093 1265.2800553034199 2866 1266 2866.6571585247907 1209.7199446965801
2882 1211 2881.2737458180245 1273.197512447898 2950 1274 2950.7262541819755 1211.802487552102
2955 1210 2954.262207154508 1273.1857011365498 3024 1274 3024.737792845492 1210.8142988634502
3033 1206 3032.2125080786313 1273.4420055644014 3080 1274 3080.7874919213687 1206.5579944355986
3086 1199 3085.051103113313 1280.2649722180934 3148 1281 3148.948896886687 1199.7350277819066
3157 1204 3156.029389025437 1287.1245997210722 3231 1288 3231.970610974563 1204.8754002789278
3242 1208 3240.935443830314 1299.1702090794759 3312 1300 3313.064556169686 1208.8297909205241
# Transcript
********TONAI*
*ERAMWSAI KATA TA GEGRAMMENA
ISTYLIA :DDP: ARIQMOS EPITONAIWN WN DE
AI EG DYOIN TETRAGWNOIN EKASTON :
TAS KAI KALYMMATA *DDI* TAYTA O MISQWSAME
*OSKAI KOLLAN WMOBOION KAI TALLA WN AN DEHI PRO
* THN ERGEUIN KAI THN ALIFHN TWN XYLWN KAI THN
DORWSIN LHN KERAMOY APODWSEI EXERGASAMENOS
*PI DIOTIMOYYNICIWNI KAI QARGHLIWNI KAI SKIROFORIW
MISQWTHS AGAYS ALAIEYS :CC: EGGYHTAI : CARIAS
PEIQIOY FREAR**IKLEOYS ALAIEYS
# Lines: x1 y1 x2 y2 x3 y3 x4 y4
