# Baseline angle
6.319638885418912
# Boxes: x1 y1 x2 y2 x3 y3 x4 y4
278 904 273.52382053560416 1026.736827526484 363 1030 367.47617946439584 907.2631724735161
365 903 360.2398619750391 1033.5229704079231 483 1038 487.7601380249609 907.4770295920771
230 1053 224.6467076318579 1199.7872607239585 395 1206 400.3532923681421 1059.2127392760415
382 1071 377.2039985542299 1202.5063452992522 473 1206 477.7960014457701 1074.4936547007478
468 1082 463.2153951563707 1213.193850502635 595 1218 599.7846048436293 1086.806149497365
597 1079 592.26509919709 1208.8309658547655 734 1214 738.73490080291 1084.1690341452345
726 1087 721.2901238872206 1216.144788926227 827 1220 831.7098761127794 1090.855211073773
816 1078 811.1146588000872 1211.956041090646 922 1216 926.8853411999128 1082.043958909354
932 1094 927.443778705375 1218.9315742719778 1039 1223 1043.556221294625 1098.0684257280222
229 1226 224.42064016155152 1351.5660330744183 346 1356 350.57935983844845 1230.4339669255817
323 1213 317.56833941601553 1361.9361169679742 429 1366 434.43166058398447 1217.0638830320258
434 1232 429.32500437272694 1360.1883661179627 479 1362 483.67499562727306 1233.8116338820373
578 1227 573.2616722440179 1356.9249328977537 685 1361 689.7383277559821 1231.0750671022463
682 1228 676.8193036373814 1370.0546787687022 785 1374 790.1806963626186 1231.9453212312978
785 1229 779.9661045493916 1367.0293982004291 834 1369 839.0338954506084 1230.9706017995709
846 1234 840.8799792164009 1374.3909545734539 885 1376 890.1200207835991 1235.6090454265461
892 1236 886.8716642277902 1376.6189515362896 1007 1381 1012.1283357722098 1240.3810484637104
301 1390 296.0311900167861 1526.2447548791279 399 1530 403.9688099832139 1393.7552451208721
412 1396 407.34968372331565 1523.5116583986312 503 1527 507.65031627668435 1399.4883416013688
508 1400 503.47865919088144 1523.975151463713 559 1526 563.5213408091186 1402.024848536287
552 1405 547.6729326577621 1523.6481735828747 667 1528 671.3270673422379 1409.3518264171253
673 1403 668.3967312143454 1529.2216163353044 772 1533 776.6032687856546 1406.7783836646956
782 1418 778.0874074926581 1525.2832748496267 880 1529 883.9125925073419 1421.7167251503733
868 1410 863.5828225002371 1531.1189938327138 970 1535 974.4171774997629 1413.8810061672862
272 1550 267.1949131622367 1681.755466720533 411 1687 415.8050868377633 1555.244533279467
417 1549 412.2034406827676 1680.521642133078 535 1685 539.7965593172323 1553.478357866922
541 1557 536.0046245198904 1693.973180724557 619 1697 623.9953754801096 1560.026819275443
626 1573 622.0953771417269 1680.0647470959982 730 1684 733.9046228582731 1576.9352529040018
733 1576 728.2914521620653 1705.1083676339558 835 1709 839.7085478379347 1579.8916323660442
841 1574 836.59477697384 1694.7912022022708 952 1699 956.40522302616 1578.2087977977292
948 1570 942.9471633620226 1708.5487655014363 1065 1713 1070.0528366379774 1574.4512344985637
257 1704 251.5345746734337 1853.8619461085864 365 1858 370.4654253265663 1708.1380538914136
341 1716 336.27761154215534 1845.4878773904964 460 1850 464.72238845784466 1720.5121226095036
463 1725 458.07823750781586 1859.9547128158013 569 1864 573.9217624921841 1729.0452871841987
572 1728 567.2146247529881 1859.2149749610805 671 1863 675.7853752470119 1731.7850250389195
674 1740 669.1766626539516 1872.2558956031264 717 1874 721.8233373460484 1741.7441043968736
732 1714 726.4896258606313 1865.0944424211966 861 1870 866.5103741393687 1718.9055575788034
859 1734 853.8139905380021 1876.2003639377879 958 1880 963.1860094619979 1737.7996360622121
963 1734 958.2965527295243 1862.9685100894892 1014 1865 1018.7034472704757 1736.0314899105108
1019 1734 1013.9921121748251 1871.316269188826 1115 1875 1120.007887825175 1737.683730811174
1113 1762 1109.1894721237863 1866.4846629693445 1233 1871 1236.8105278762137 1766.5153370306555
291 1874 285.5005973989315 2024.793602873818 346 2027 351.4994026010685 1876.206397126182
346 1887 341.496139295784 2010.495847039565 465 2015 469.503860704216 1891.504152960435
469 1897 464.9170429729836 2008.9546694695791 521 2011 525.0829570270164 1899.0453305304209
507 1884 502.2954369865997 2012.9991037571413 612 2017 616.7045630134002 1888.0008962428587
599 1892 594.5312323132107 2014.5335966066814 717 2019 721.4687676867893 1896.4664033933186
720 1887 715.4695737988883 2011.224272884994 819 2015 823.5304262011117 1890.775727115006
824 1897 819.785198423808 2012.5698466136594 859 2014 863.214801576192 1898.4301533863406
861 1904 856.4894979215601 2027.6779535009223 975 2032 979.5105020784399 1908.3220464990777
969 1897 964.3047349105133 2025.7441547112412 1081 2030 1085.6952650894866 1901.2558452887588
1069 1885 1063.884734444318 2025.2605662381943 1139 2028 1144.115265555682 1887.7394337618057
1125 1896 1119.6935425909674 2041.5030462852512 1243 2046 1248.3064574090326 1900.4969537147488
1242 1938 1238.8509263555138 2024.3475899136388 1339 2028 1342.1490736444862 1941.6524100863612
294 2059 290.17430322903147 2163.9005940181564 430 2169 433.82569677096853 2064.0994059818436
433 2066 429.23309266174397 2169.288587949006 531 2173 534.766907338256 2069.711412050994
528 2061 523.9388532419624 2172.3566319594097 569 2174 573.0611467580376 2062.6433680405903
574 2051 569.506552962622 2174.2103043260126 646 2177 650.493447037378 2053.7896956739874
622 2061 618.027847656563 2169.9164053772224 730 2174 733.972152343437 2065.0835946227776
708 2058 703.9834567152229 2168.1336048560065 810 2172 814.0165432847771 2061.8663951439935
808 2066 803.7450048389225 2182.67195459101 895 2186 899.2549951610775 2069.32804540899
898 2070 893.5198357110697 2192.846091403298 980 2196 984.4801642889303 2073.153908596702
988 2084 984.0834226681238 2191.392538726441 1083 2195 1086.9165773318762 2087.607461273559
1082 2087 1077.946265019569 2198.153401039607 1156 2201 1160.053734980431 2089.846598960393
1151 2068 1146.290681758683 2197.129492092401 1225 2200 1229.709318241317 2070.870507907599
1213 2092 1209.3442426848653 2192.240854647443 1285 2195 1288.6557573151347 2094.759145352557
1285 2104 1281.7369072507827 2193.473993424364 1351 2196 1354.2630927492173 2106.526006575636
273 2208 268.84651159858845 2321.8886395445534 409 2327 413.15348840141155 2213.1113604554466
404 2198 399.36827957114264 2325.001760306831 509 2329 513.6317204288573 2201.998239693169
510 2216 506.08607921781334 2323.319696141898 607 2327 610.9139207821867 2219.680303858102
607 2216 602.9020866101491 2328.3647728937717 730 2333 734.0979133898509 2220.6352271062283
726 2217 721.621900342198 2337.0474795230157 830 2341 834.378099657802 2220.9525204769843
831 2226 826.6123898863642 2346.3082561935353 873 2348 877.3876101136358 2227.6917438064647
881 2226 876.6126024182845 2346.3024285689157 978 2350 982.3873975817155 2229.6975714310843
975 2215 970.3789057699009 2341.710389968659 1088 2346 1092.621094230099 2219.289610031341
1087 2243 1083.0589558494555 2351.063418821153 1191 2355 1194.9410441505445 2246.936581178847
1192 2242 1187.6788036286034 2360.487191579963 1284 2364 1288.3211963713966 2245.512808420037
1309 2250 1305.1357832585327 2355.9568114940284 1416 2360 1419.8642167414673 2254.0431885059716
1394 2250 1390.0794378435894 2357.5018026032553 1486 2361 1489.9205621564106 2253.4981973967447
1484 2252 1480.2019844688516 2356.1415745050754 1586 2360 1589.7980155311484 2255.8584254949246
307 2397 301.879633876859 2537.4004237826607 428 2542 433.120366123141 2401.5995762173393
428 2403 423.0915202562637 2537.5904998930864 544 2542 548.9084797437363 2407.4095001069136
541 2410 536.2720859108558 2539.639390184201 601 2542 605.7279140891442 2412.360609815799
593 2414 588.3682795711426 2541.001760306831 698 2545 702.6317204288574 2417.998239693169
659 2430 654.881604616015 2542.92638911167 794 2548 798.118395383985 2435.07361088833
806 2435 802.0667129666037 2542.850718692144 861 2545 864.9332870333963 2437.149281307856
862 2433 857.1074595544012 2567.153444385829 990 2572 994.8925404455988 2437.846555614171
997 2449 992.8741928384086 2562.1296200314723 1099 2566 1103.1258071615914 2452.8703799685277
# Transcript
TE*
POMPOS Q
TAI* KAI IE
NTINOOY
OQETHSE*
ASTEI KAI EN *
INI ANTINOIWN*
MOIRAGENHS AZH
PLOYTIADHS *AZH
SERAPIWN*****
# Lines: x1 y1 x2 y2 x3 y3 x4 y4
