# Baseline angle
0.22167495073145194
# Boxes: x1 y1 x2 y2 x3 y3 x4 y4
734 430 708.3378891936441 543.862137701754 811 567 836.6621108063559 453.1378622982459
830 433 800.8728359931642 562.2364912626937 893 583 922.1271640068358 453.7635087373064
924 455 892.5378857432838 594.5966065659441 1023 624 1054.4621142567162 484.40339343405594
627 546 601.7518269723539 658.0255062291881 717 684 742.2481730276461 571.9744937708119
744 569 718.4073527440985 682.5539296822819 818 705 843.5926472559015 591.4460703177181
826 582 798.9965520676644 701.8136166621264 893 723 920.0034479323356 603.1863833378736
912 603 888.6549657998099 706.5813273043716 997 731 1020.3450342001901 627.4186726956284
506 683 476.31672133972205 814.7039579386043 522 825 551.683278660278 693.2960420613957
547 703 523.39823501553 807.7204353119918 640 834 663.60176498447 729.2795646880082
649 689 617.9124202109347 826.934806589648 738 854 769.0875797890653 716.065193410352
769 698 735.495819814919 846.6572015297048 879 879 912.504180185081 730.3427984702952
403 823 374.04182333346864 951.4866987005472 434 965 462.95817666653136 836.5133012994528
459 834 431.53711768005496 955.8521154396294 481 967 508.46288231994504 845.1478845603706
500 835 471.3834540377071 961.97089189172 578 986 606.6165459622929 859.02910810828
602 852 571.9364998240374 985.390991203434 690 1012 720.0635001759626 878.609008796566
335 942 304.969809837256 1075.2431955158313 437 1105 467.030190162744 971.7568044841687
438 969 408.61001191104407 1099.402635078981 500 1120 529.389988088956 989.5973649210189
524 979 494.866742695324 1108.2635270713608 578 1127 607.133257304676 997.7364729286392
582 1004 551.9031898108185 1137.5387868910368 656 1161 686.0968101891815 1027.4612131089634
680 1013 652.5948008846351 1134.5961765173581 752 1157 779.4051991153649 1035.4038234826419
778 1016 746.1783813953307 1157.1917182806392 874 1186 905.8216186046693 1044.8082817193608
328 1220 303.4586490725795 1328.8893544171324 406 1352 430.5413509274205 1243.1106455828676
419 1236 396.27404445605987 1336.8344909377895 468 1353 490.72595554394013 1252.1655090622105
486 1239 461.45255577473915 1347.9163902257997 555 1369 579.5474442252608 1260.0836097742003
561 1252 536.2925052562922 1361.6265303350121 640 1385 664.7074947437078 1275.3734696649879
655 1267 628.3016229848607 1385.4600247053024 715 1405 741.6983770151393 1286.5399752946976
725 1275 696.1234734796037 1403.1244190637408 771 1420 799.8765265203963 1291.8755809362592
790 1283 761.7880487447533 1408.1757153922217 832 1424 860.2119512552467 1298.8242846077783
846 1301 817.4346376946405 1427.7437912982496 894 1445 922.5653623053595 1318.2562087017504
910 1310 883.44664338361 1427.816572857691 973 1448 999.55335661639 1330.183427142309
983 1334 957.0389115742881 1449.1886938499108 1076 1476 1101.961088425712 1360.8113061500892
1106 1330 1074.2206282304069 1471.0042701401026 1194 1498 1225.7793717695931 1356.9957298598974
1224 1353 1194.449961392597 1484.1127751881936 1296 1507 1325.550038607403 1375.8872248118064
1294 1369 1264.863899171307 1498.2761437156275 1379 1524 1408.136100828693 1394.7238562843725
1390 1384 1361.1328165512675 1512.0829640906732 1485 1540 1513.8671834487325 1411.9170359093268
1054 1328 1033.2649267274915 1420.0009965674994 1122 1440 1142.7350732725085 1347.9990034325006
379 1353 350.4378874684639 1479.7293721338492 467 1506 495.5621125315361 1379.2706278661508
481 1379 451.7066921768769 1508.9736671805733 545 1530 574.2933078231231 1400.0263328194267
553 1405 526.3349329980795 1523.3122290176998 627 1546 653.6650670019205 1427.6877709823002
642 1428 617.9782039389797 1534.5841025932248 713 1556 737.0217960610203 1449.4158974067752
709 1422 680.0873199423681 1550.2848313956101 772 1571 800.9126800576319 1442.7151686043899
801 1433 772.619061404449 1558.9255079543682 875 1582 903.380938595551 1456.0744920456318
895 1449 866.8396386514931 1573.9468122786175 978 1599 1006.1603613485069 1474.0531877213825
977 1466 950.5855704845189 1583.2001568187468 1034 1602 1060.414429515481 1484.7998431812532
1060 1483 1032.4258135443308 1605.3459690795046 1164 1635 1191.5741864556692 1512.6540309204954
318 1496 294.0265440718961 1602.369618644021 390 1624 413.9734559281039 1517.630381355979
402 1511 376.95087455205373 1622.1423371438393 434 1635 459.04912544794627 1523.8576628561607
463 1517 437.9630611477344 1628.088265526505 513 1645 538.0369388522656 1533.911734473495
532 1517 502.8244958602479 1646.4509752118975 594 1667 623.1755041397521 1537.5490247881025
618 1535 588.8517125756263 1664.330215332962 685 1686 714.1482874243737 1556.669784667038
721 1557 694.8573313884966 1672.9943605495253 757 1687 783.1426686115034 1571.0056394504747
782 1569 755.6034441282336 1686.1208519128788 795 1695 821.3965558717664 1577.8791480871212
828 1575 802.0750651115237 1690.0282815180415 904 1713 929.9249348884763 1597.9717184819585
907 1589 880.2744062694823 1707.580784584238 962 1726 988.7255937305177 1607.419215415762
979 1613 955.425045481102 1717.60147795319 1006 1729 1029.574954518898 1624.39852204681
1027 1602 995.9908205832464 1739.586946117242 1091 1761 1122.0091794167533 1623.413053882758
1120 1621 1089.3503249311996 1756.9918344025468 1187 1779 1217.6496750688004 1643.0081655974532
312 1618 283.02719946357735 1746.5515844420147 427 1779 455.97280053642265 1650.4484155579853
445 1659 416.7279282659626 1784.4424684386263 539 1812 567.2720717340374 1686.5575315613737
567 1681 541.8513507622038 1792.5839216865136 628 1812 653.1486492377962 1700.4160783134864
653 1684 623.5827951956657 1814.5233949579165 710 1834 739.4172048043343 1703.4766050420835
727 1706 698.5796580933899 1832.1003394506379 778 1850 806.4203419066101 1723.8996605493621
801 1710 772.461854410019 1836.623031419314 854 1855 882.538145589981 1728.376968580686
868 1709 838.5344550627492 1839.7378789071204 924 1859 953.4655449372508 1728.2621210928796
947 1740 920.0538290224381 1859.5594802599887 993 1876 1019.9461709775619 1756.4405197400113
1015 1747 987.3620370419103 1869.6289438104432 1060 1886 1087.6379629580897 1763.3710561895568
1076 1759 1049.6127871998974 1876.0793969398112 1138 1896 1164.3872128001026 1778.9206030601888
1157 1775 1131.8785674775822 1886.4631618075782 1223 1907 1248.1214325224178 1795.5368381924218
1244 1785 1218.0206316807669 1900.2698012759124 1310 1921 1335.9793683192331 1805.7301987240876
1324 1796 1295.129566777444 1924.0973832550735 1379 1943 1407.870433222556 1814.9026167449265
1411 1798 1377.341456344506 1947.3421083503838 1469 1968 1502.658543655494 1818.6578916496162
318 1765 287.28695467858546 1901.2730066133518 397 1926 427.71304532141454 1789.7269933866482
418 1804 389.779111922896 1929.2153678451557 482 1950 510.220888077104 1824.7846321548443
499 1816 472.8544878644796 1932.0069771937922 566 1953 592.1455121355204 1836.9930228062078
575 1824 546.6068748087682 1949.9795795717025 631 1969 659.3931251912318 1843.0204204282975
649 1835 618.0330674183225 1972.3994979767053 705 1992 735.9669325816775 1854.6005020232947
707 1859 682.3258152695109 1968.4787346474097 800 1995 824.6741847304891 1885.5212653525903
815 1846 782.9817710898415 1988.0640732418549 867 2007 899.0182289101585 1864.9359267581451
888 1879 862.0356618004647 1994.2031130143112 941 2012 966.9643381995353 1896.7968869856888
959 1890 933.8241340468255 2001.7046815654492 1015 2020 1040.1758659531745 1908.2953184345508
1038 1904 1010.2836366695984 2026.9768042828493 1108 2049 1135.7163633304017 1926.0231957171507
1146 1896 1110.692204777313 2052.6597959118467 1232 2080 1267.3077952226872 1923.3402040881529
1273 1912 1239.3231764509849 2061.4232157763854 1304 2076 1337.6768235490151 1926.5767842236146
1324 1943 1292.0150811030603 2084.916277554252 1390 2107 1421.9849188969397 1965.083722445748
1405 1971 1378.9150145930766 2086.738421627254 1491 2112 1517.0849854069234 1996.261578372746
329 2058 301.0663091963776 2181.9410807942 430 2211 457.9336908036224 2087.0589192058
444 2077 415.2079671497561 2204.749522782667 474 2218 502.7920328502439 2090.250477217333
499 2093 469.75178253597 2222.77360239577 524 2235 553.2482174640301 2105.22639760423
532 2100 503.3139904872527 2227.279099911192 613 2252 641.6860095127473 2124.720900088808
629 2113 601.0118757656209 2237.1826005520707 720 2264 747.9881242343791 2139.8173994479293
354 2211 324.8911158866853 2340.155383836692 444 2367 473.1088841133147 2237.844616163308
463 2236 436.1415724664137 2355.170164814515 533 2377 559.8584275335863 2257.829835185485
309 2339 281.74916435504826 2459.911269696679 433 2494 460.25083564495174 2373.088730303321
312 2490 280.64350283097406 2629.1279862146025 391 2654 422.35649716902594 2514.8720137853975
410 2504 378.16619479965004 2645.2457898979733 488 2670 519.83380520035 2528.7542101020267
265 2916 240.9148336863655 3022.86527480403 348 3047 372.08516631363443 2940.13472519597
359 2931 332.881704579858 3046.886217314857 431 3069 457.118295420142 2953.113782685143
299 3345 271.4286570683478 3467.333352435238 372 3490 399.5713429316522 3367.666647564762
398 3360 368.74000219009565 3489.8258714929707 476 3514 505.25999780990435 3384.1741285070293
489 3363 462.60385037804 3480.119049392745 573 3505 599.39614962196 3387.880950607255
1712 1166 1688.099257396174 1272.0469914601485 1821 1302 1844.900742603826 1195.9530085398515
1825 1182 1800.966017343299 1288.6381742105593 1878 1306 1902.033982656701 1199.3618257894407
1899 1204 1875.975066836704 1306.1610470859464 1964 1326 1987.024933163296 1223.8389529140536
1968 1210 1943.231978527695 1319.8950859015504 2028 1339 2052.768021472305 1229.1049140984496
2051 1220 2027.6123127149272 1323.7705779650416 2073 1334 2096.3876872850724 1230.2294220349581
2094 1231 2071.3556946021954 1331.4722113009832 2158 1351 2180.6443053978046 1250.5277886990168
2168 1241 2144.005420654358 1347.4633427142894 2244 1370 2267.994579345642 1263.5366572857106
1708 1297 1679.6946182527438 1422.590264126229 1788 1447 1816.3053817472562 1321.409735873771
1795 1303 1766.7551449813411 1428.3217085596907 1894 1457 1922.2448550186589 1331.6782914403093
1918 1338 1892.162402305693 1452.6407685927013 1947 1465 1972.837597694307 1350.3592314072987
1963 1337 1931.7068730835883 1475.8468140037976 2030 1498 2061.293126916412 1359.1531859962024
2041 1359 2015.9057841929605 1470.3424019286426 2112 1492 2137.0942158070393 1380.6575980713574
2123 1375 2094.4439807663043 1501.702336325182 2220 1530 2248.5560192336957 1403.297663674818
2241 1383 2210.2174911281313 1519.581214632824 2323 1545 2353.7825088718687 1408.418785367176
2342 1410 2314.712604568006 1531.0734845486822 2412 1553 2439.287395431994 1431.9265154513178
2416 1420 2386.5555784802873 1550.644154836852 2468 1569 2497.4444215197127 1438.355845163148
2475 1425 2447.1146493292945 1548.7265968449958 2577 1578 2604.8853506707055 1454.2734031550042
1686 1438 1658.5253373341807 1559.90438453683 1761 1583 1788.4746626658193 1461.09561546317
1771 1447 1743.1113995554708 1570.7410160093962 1833 1591 1860.8886004445292 1467.2589839906038
1835 1468 1807.0691527203946 1591.9284641499328 1905 1614 1932.9308472796054 1490.0715358500672
1916 1470 1887.0511664051323 1598.4452437274795 1996 1623 2024.9488335948677 1494.5547562725205
2006 1500 1981.3558755089064 1609.3453581242072 2073 1630 2097.644124491094 1520.6546418757928
2094 1511 2067.682250750352 1627.771188920339 2153 1647 2179.317749249648 1530.228811079661
2163 1521 2138.7153798568597 1628.7502464095123 2233 1650 2257.2846201431403 1542.2497535904877
2230 1543 2206.4132651352274 1647.6537470503906 2310 1671 2333.5867348647726 1566.3462529496094
2318 1548 2291.821177851261 1664.1547728813948 2371 1682 2397.178822148739 1565.8452271186052
2390 1556 2361.5796580933898 1682.1003394506379 2441 1700 2469.4203419066102 1573.8996605493621
2475 1553 2438.145320523987 1716.5232822863688 2529 1737 2565.854679476013 1573.4767177136312
2547 1585 2520.682250750352 1701.771188920339 2606 1721 2632.317749249648 1604.228811079661
1648 1551 1615.7039168880235 1694.2969053197432 1712 1716 1744.2960831119765 1572.7030946802568
1732 1596 1706.8842545256161 1707.4379285190446 1736 1714 1761.1157454743839 1602.5620714809554
1748 1612 1722.6913002437568 1724.2940617957263 1819 1746 1844.3086997562432 1633.7059382042737
1828 1607 1800.788161416301 1727.7382407205428 1904 1751 1931.211838583699 1630.2617592794572
1913 1647 1891.2408471143885 1743.5448119537134 1982 1764 2003.7591528856115 1667.4551880462866
1996 1646 1971.9237705082228 1752.825622351096 2057 1772 2081.076229491777 1665.174377648904
2060 1657 2035.691006665498 1764.858389644181 2094 1778 2118.3089933345022 1670.141610355819
2113 1670 2088.3497822110658 1779.3723939328745 2171 1798 2195.6502177889342 1688.6276060671255
2174 1670 2145.854668771191 1794.8801240170164 2244 1817 2272.145331228809 1692.1198759829836
2235 1695 2211.7605828875003 1798.11270695303 2300 1818 2323.2394171124997 1714.88729304697
2304 1695 2279.017494578491 1805.846745768634 2364 1825 2388.982505421509 1714.153254231366
2384 1703 2355.4257008727836 1829.7834437511835 2454 1852 2482.5742991272164 1725.2165562488165
2459 1718 2432.1687891817924 1837.0494049355793 2534 1860 2560.8312108182076 1740.9505950644207
2561 1735 2535.3651059090225 1848.7413778228185 2643 1873 2668.6348940909775 1759.2586221771815
1611 1698 1580.2508011413497 1834.4334189452213 1707 1863 1737.7491988586503 1726.5665810547787
1692 1719 1665.2232226125489 1837.8078851777084 1777 1863 1803.7767773874511 1744.1921148222916
1769 1737 1738.335294811502 1873.0585226641479 1849 1898 1879.664705188498 1761.9414773358521
1854 1756 1826.6281108978537 1877.4483808297553 1940 1903 1967.3718891021463 1781.5516191702447
1952 1762 1926.0689718136832 1877.0553173267087 2019 1898 2044.9310281863168 1782.9446826732913
2028 1785 2003.026837650155 1895.8052907955664 2137 1926 2161.973162349845 1815.1947092044336
2142 1817 2120.6304117017376 1911.8163237158162 2188 1927 2209.3695882982624 1832.1836762841838
2187 1807 2160.9239514149344 1922.6987691743202 2251 1943 2277.0760485850656 1827.3012308256798
2249 1836 2227.6698150127963 1930.6414922195463 2318 1951 2339.3301849872037 1856.3585077804537
2320 1820 2296.8722932730307 1922.6170507930212 2374 1940 2397.1277067269693 1837.3829492069788
2385 1836 2359.198962092735 1950.4785537406983 2468 1975 2493.801037907265 1860.5214462593017
2468 1874 2448.8114047310114 1959.139312713111 2497 1970 2516.1885952689886 1884.860687286889
2505 1847 2478.0782022137996 1966.45133702532 2587 1991 2613.9217977862004 1871.54866297468
2604 1858 2575.4801343035397 1984.5419239933124 2684 2009 2712.5198656964603 1882.4580760066876
1627 1849 1602.57035945811 1957.3936982571236 1694 1978 1718.42964054189 1869.6063017428764
1708 1858 1679.1206299555868 1986.1370357080073 1785 2010 1813.8793700444132 1881.8629642919927
1788 1876 1760.4014403529695 1998.4541123141732 1856 2020 1883.5985596470305 1897.5458876858268
1875 1894 1850.2803186606116 2003.6806019523465 1936 2023 1960.7196813393884 1913.3193980476535
1953 1902 1926.425519966072 2019.9102969279593 2020 2041 2046.574480033928 1923.0897030720407
2032 1927 2007.017494578491 2037.8467457686338 2092 2057 2116.982505421509 1946.153254231366
2113 1935 2084.2656503543362 2062.493583860396 2193 2087 2221.7343496456638 1959.506416139604
2200 1945 2173.4555802054674 2062.776920404757 2241 2078 2267.5444197945326 1960.223079595243
2256 1946 2227.425700872783 2072.7834437511838 2326 2095 2354.5742991272164 1968.2165562488165
2328 1978 2305.887436064276 2076.112887859741 2403 2098 2425.112563935724 1999.8871121402588
2417 1980 2389.963242054446 2099.961412349729 2470 2118 2497.036757945554 1998.038587650271
2486 1977 2456.7521887857765 2106.7717998756366 2582 2135 2611.2478112142235 2005.2282001243634
2601 2015 2573.82147142952 2135.5904450329404 2691 2162 2718.17852857048 2041.4095549670596
1603 1982 1571.9969138810868 2119.559910308575 1676 2143 1707.0030861189132 2005.4400896914253
1692 2010 1667.386341998108 2119.210179080871 1804 2150 1828.613658001892 2040.7898209191285
1811 2022 1784.9995082632288 2137.3635253461807 1881 2159 1907.0004917367712 2043.6364746538193
1980 2058 1951.6913684789204 2183.6046832906295 2020 2199 2048.30863152108 2073.3953167093705
2041 2058 2011.1989176563511 2190.2266499072803 2059 2201 2088.801082343649 2068.7733500927197
2084 2068 2055.4346376946405 2194.743791298249 2132 2212 2160.5653623053595 2085.256208701751
2156 2090 2131.4948026098155 2198.728942085263 2217 2218 2241.5051973901845 2109.271057914737
2236 2102 2210.609650097622 2214.656341432533 2292 2233 2317.390349902378 2120.343658567467
2307 2111 2279.893778503991 2231.269620369201 2363 2250 2390.106221496009 2129.730379630799
2372 2114 2344.449780485886 2236.2396283649696 2441 2258 2468.550219514114 2135.7603716350304
2460 2124 2428.8912967933966 2262.028530659916 2553 2290 2584.1087032066034 2151.971469340084
2550 2143 2522.5948008846353 2264.596176517358 2622 2287 2649.4051991153647 2165.403823482642
2635 2161 2610.271381838754 2270.7202544052807 2718 2295 2742.728618161246 2185.2797455947193
1572 2130 1541.1841811149122 2266.729010320427 1640 2289 1670.8158188850878 2152.270989679573
1665 2151 1637.1325229730087 2274.6472919391276 1723 2294 1750.8674770269913 2170.3527080608724
1736 2145 1704.4229255839298 2285.1066818903532 1806 2308 1837.5770744160702 2167.8933181096468
1820 2164 1789.1147175644578 2301.0372183398986 1891 2324 1921.8852824355422 2186.9627816601014
1899 2191 1874.0447112938696 2301.7259858896987 1964 2322 1988.9552887061304 2211.2740141103013
1976 2204 1949.585570484519 2321.2001568187466 2033 2340 2059.414429515481 2222.7998431812534
2040 2215 2014.0750651115238 2330.0282815180417 2116 2353 2141.924934888476 2237.9717184819583
2126 2220 2098.652077839409 2341.3420401152202 2177 2359 2204.347922160591 2237.6579598847798
2200 2230 2172.7004179723253 2351.127556166017 2252 2369 2279.2995820276747 2247.872443833983
2268 2250 2239.7307717899794 2375.42985179436 2331 2396 2359.2692282100206 2270.57014820564
2356 2268 2329.5616035429643 2385.306497533282 2448 2412 2474.4383964570357 2294.693502466718
2468 2276 2442.2078989145925 2390.4389012877646 2529 2410 2554.7921010854075 2295.5610987122354
2544 2290 2516.15689616437 2413.539148704459 2638 2441 2665.84310383563 2317.460851295541
1520 2274 1494.5767463342092 2386.802334600002 1633 2418 1658.4232536657908 2305.197665399998
1648 2292 1619.8274520558123 2417.0008838959516 1713 2438 1741.1725479441877 2312.9991161040484
1740 2310 1712.2807931455816 2432.989420927116 1841 2462 1868.7192068544184 2339.010579072884
1849 2330 1821.510307214483 2451.971072798431 1937 2478 1964.489692785517 2356.028927201569
1939 2346 1912.9300447127744 2461.671733365653 2012 2484 2038.0699552872256 2368.328266634347
2019 2356 1990.863605593048 2480.8404715640827 2067 2498 2095.136394406952 2373.1595284359173
2086 2362 2057.700305300778 2487.5650308376953 2104 2498 2132.299694699222 2372.4349691623047
2120 2374 2092.1447095686894 2497.5932203217935 2196 2521 2223.8552904313106 2397.4067796782065
2212 2380 2184.7004179723253 2501.127556166017 2264 2519 2291.2995820276747 2397.872443833983
2280 2402 2255.253101945233 2511.801361831282 2336 2530 2360.746898054767 2420.198638168718
2352 2423 2331.576090942528 2513.620368802008 2422 2534 2442.423909057472 2443.379631197992
2433 2431 2409.1049444442083 2537.021758171615 2480 2553 2503.8950555557917 2446.978241828385
2500 2428 2471.3135842374463 2555.2809024313256 2510 2564 2538.6864157625537 2436.7190975686744
1529 2401 1502.2804995673227 2519.553748775571 1593 2540 1619.7195004326773 2421.446251224429
1609 2417 1583.796917331447 2528.8254414443845 1660 2546 1685.203082668553 2434.1745585556155
1684 2426 1657.6217240217547 2543.039744486877 1724 2558 1750.3782759782453 2440.960255513123
1752 2444 1726.7697006160686 2555.9462013233206 1798 2572 1823.2302993839314 2460.0537986766794
1825 2455 1801.8239531401143 2557.831534742225 1878 2575 1901.1760468598857 2472.168465257775
1897 2468 1871.561309964705 2580.8708253817363 1952 2599 1977.438690035295 2486.1291746182637
1976 2482 1950.298485882585 2596.0369691980236 2030 2614 2055.701514117415 2499.9630308019764
2056 2500 2032.3888919438662 2604.761890285059 2100 2620 2123.6111080561336 2515.238109714941
2121 2505 2096.594326399665 2613.2873575425883 2153 2626 2177.405673600335 2517.7126424574117
2168 2508 2144.3738618241687 2612.8285785466605 2225 2631 2248.6261381758313 2526.1714214533395
2240 2522 2216.700056158903 2625.3812625195683 2286 2641 2309.299943841097 2537.6187374804317
2307 2530 2284.198487607765 2631.169734765929 2350 2646 2372.801512392235 2544.830265234071
2372 2543 2347.4070591658397 2652.1182575307366 2409 2666 2433.5929408341603 2556.8817424692634
2435 2556 2413.0019899738236 2653.6046150554657 2468 2666 2489.9980100261764 2568.3953849445343
2496 2559 2473.376818019733 2659.3784872307147 2556 2678 2578.623181980267 2577.6215127692853
1497 2518 1466.0030071789272 2655.5328744999074 1579 2681 1609.9969928210728 2543.4671255000926
1603 2550 1575.5070574406595 2671.985491962832 1651 2689 1678.4929425593405 2567.014508037168
1654 2567 1624.9362062457785 2695.955319051889 1705 2714 1734.0637937542215 2585.044680948111
1726 2577 1695.969809837256 2710.2431955158313 1828 2740 1858.030190162744 2606.7568044841687
1836 2607 1812.8089230204164 2709.8982230038264 1902 2730 1925.1910769795836 2627.1017769961736
1918 2615 1893.114174844324 2725.417777870226 1980 2745 2004.885825155676 2634.582222129774
1995 2622 1971.1593778749648 2727.780238413744 2052 2746 2075.840622125035 2640.219761586256
2064 2623 2034.2988476960074 2754.783262844472 2124 2775 2153.701152303993 2643.216737155528
2148 2630 2118.3983714858573 2761.341678301798 2179 2775 2208.6016285141427 2643.658321698202
2203 2634 2172.960466765592 2767.284650488899 2256 2786 2286.039533234408 2652.715349511101
2256 2652 2229.4104898463743 2769.9769851895603 2336 2794 2362.5895101536257 2676.0230148104397
2342 2686 2321.775544772034 2775.735397196526 2425 2799 2445.224455227966 2709.264602803474
2446 2695 2422.727679124088 2798.2587001204993 2568 2831 2591.272320875912 2727.7412998795007
2571 2716 2547.068790906972 2822.1821705034845 2635 2842 2658.931209093028 2735.8178294965155
1481 2686 1454.839457744782 2802.073665455393 1561 2826 1587.160542255218 2709.926334544607
1563 2695 1538.3558755089064 2804.345358124207 1630 2825 1654.6441244910936 2715.654641875793
1635 2716 1609.9691544455748 2827.0612297178377 1694 2846 1719.0308455544252 2734.9387702821623
1713 2732 1688.3981223439823 2841.1579099836704 1772 2860 1796.6018776560177 2750.8420900163296
1787 2738 1759.4254072945243 2860.3477715996382 1820 2874 1847.5745927054757 2751.6522284003618
1833 2743 1805.8454383710746 2863.484104318405 1888 2882 1915.1545616289254 2761.515895681595
1905 2748 1872.5044630585176 2892.1818769252254 1956 2911 1988.4955369414824 2766.8181230747746
1976 2786 1951.98429723682 2892.5570667845577 2056 2916 2080.01570276318 2809.4429332154423
2072 2782 2044.7881614163007 2902.7382407205428 2148 2926 2175.2118385836993 2805.2617592794572
2156 2790 2128.4769972012646 2912.118868486034 2230 2935 2257.5230027987354 2812.881131513966
2248 2814 2221.250033078121 2932.6889278189064 2267 2943 2293.749966921879 2824.3110721810936
2292 2822 2265.428363490089 2939.8976802836924 2328 2954 2354.571636509911 2836.1023197163076
2355 2826 2327.7520078790653 2946.898653052412 2448 2974 2475.2479921209347 2853.101346947588
1451 2831 1428.8451892291998 2929.3003360002776 1534 2953 1556.1548107708002 2854.6996639997224
1545 2839 1520.2258852298546 2948.922121710217 1596 2966 1620.7741147701454 2856.077878289783
1611 2866 1588.4040347351115 2966.257727351779 1676 2986 1698.5959652648885 2885.742272648221
1676 2873 1651.8815236731468 2980.013070491633 1745 3001 1769.1184763268532 2893.986929508367
1764 2886 1739.7787501094735 2993.4690741987074 1822 3012 1846.2212498905265 2904.5309258012926
1849 2892 1822.787867838042 3008.3025685689972 1888 3023 1914.212132161958 2906.6974314310028
1910 2902 1885.1413915597025 3012.297017991291 1977 3033 2001.8586084402975 2922.702982008709
1974 2908 1949.114174844324 3018.417777870226 2036 3038 2060.885825155676 2927.5822221297735
2056 2919 2028.594800884635 3040.596176517358 2128 3063 2155.4051991153647 2941.403823482642
2145 2943 2120.177545096938 3053.1366056594215 2195 3070 2219.822454903062 2959.8633943405785
2212 2942 2182.7428457141127 3071.813254848704 2259 3089 2288.2571542858873 2959.186745151296
2276 2956 2245.7037359813125 3090.423758496519 2337 3111 2367.2962640186875 2976.576241503481
2361 2972 2333.975428650126 3091.907340732395 2432 3114 2459.024571349874 2994.092659267605
2444 2975 2418.020631680767 3090.2698012759124 2510 3111 2535.979368319233 2995.7301987240876
1419 2956 1390.0966630140317 3084.243376422543 1531 3116 1559.9033369859683 2987.756623577457
1545 2990 1520.3981223439823 3099.1579099836704 1604 3118 1628.6018776560177 3008.8420900163296
1617 2986 1590.3199028783818 3104.3789172793013 1704 3130 1730.6800971216182 3011.6210827206987
1705 3012 1676.9485055130067 3136.4637727628756 1808 3166 1836.0514944869933 3041.5362272371244
1820 3023 1792.5432109778953 3144.825079630962 1851 3158 1878.4567890221047 3036.174920369038
1876 3041 1846.5588282541107 3171.6297356724517 1968 3199 1997.4411717458893 3068.3702643275483
1995 3054 1965.906146006383 3183.088695575091 2072 3207 2101.093853993617 3077.911304424909
2099 3073 2073.833477118489 3184.6632265923818 2204 3214 2229.166522881511 3102.3367734076182
2206 3100 2184.974885929993 3193.2879002627224 2268 3212 2289.025114070007 3118.7120997372776
2289 3090 2260.4106707530855 3216.8501320127843 2372 3242 2400.5893292469145 3115.1498679872157
1419 3124 1394.8815236731468 3231.013070491633 1488 3252 1512.1184763268532 3144.986929508367
1488 3145 1469.0957584804758 3228.877642306422 1585 3255 1603.9042415195242 3171.122357693578
1598 3158 1576.8903922598406 3251.6627965437956 1676 3274 1697.1096077401594 3180.3372034562044
1680 3148 1652.8998718018315 3268.242584560534 1745 3289 1772.1001281981685 3168.757415439466
1747 3190 1727.0867089870708 3278.3547694310346 1832 3302 1851.9132910129292 3213.6452305689654
1817 3183 1793.5672223558345 3286.9706427498454 1878 3306 1901.4327776441655 3202.0293572501546
1889 3193 1865.4372320767827 3297.5474063358556 1934 3313 1957.5627679232173 3208.4525936641444
1945 3198 1918.6761574525115 3314.798224729006 1995 3332 2021.3238425474885 3215.201775270994
2017 3201 1988.1929370300584 3328.8162110442686 2060 3345 2088.8070629699414 3217.1837889557314
2084 3217 2058.3858230767537 3330.649456272684 2091 3338 2116.6141769232463 3224.350543727316
2113 3222 2086.6521905109566 3338.9045654435413 2198 3364 2224.3478094890434 3247.0954345564587
2228 3250 2203.579702529774 3358.352243284056 2344 3390 2368.420297470226 3281.647756715944
2372 3260 2344.4648106055834 3382.172940103368 2428 3401 2455.5351893944166 3278.827059896632
2436 3265 2407.32902060695 3392.212411649591 2504 3414 2532.67097939305 3286.787588350409
1385 3234 1354.7792928296071 3368.0885146683795 1452 3390 1482.2207071703929 3255.9114853316205
1459 3255 1433.615743395462 3367.6293056238655 1524 3388 1549.384256604538 3275.3706943761345
1529 3278 1504.1202681421644 3388.390742061559 1600 3410 1624.8797318578356 3299.609257938441
1625 3303 1601.6850260392052 3406.4479507811693 1684 3425 1707.3149739607948 3321.5520492188307
1700 3311 1678.8932357838576 3404.6501798995287 1747 3420 1768.1067642161424 3326.3498201004713
1780 3314 1755.3798424504612 3423.239017409672 1812 3436 1836.6201575495388 3326.760982590328
2044 3358 2020.9389132994681 3460.3214594178157 2126 3484 2149.0610867005316 3381.678540582184
2142 3377 2119.6847324609466 3476.0122786296242 2164 3486 2186.3152675390534 3386.9877213703758
2185 3375 2159.47965981857 3488.233105018543 2225 3503 2250.52034018143 3389.766894981457
2243 3383 2218.5581728624293 3491.447769874458 2292 3508 2316.4418271375707 3399.552230125542
2318 3390 2293.5703594581105 3498.3936982571236 2385 3519 2409.4296405418895 3410.6063017428764
2456 3401 2430.730703554816 3513.1192302994564 2550 3540 2575.269296445184 3427.8807697005436
1369 3383 1345.524975520758 3487.158090890382 1438 3508 1461.475024479242 3403.841909109618
1435 3383 1413.5548548534423 3478.1515675439555 1475 3492 1496.4451451465577 3396.8484324560445
1488 3398 1465.3012611714382 3498.713731058854 1542 3516 1564.6987388285618 3415.286268941146
1561 3410 1540.325047206282 3501.734243521095 1577 3510 1597.674952793718 3418.265756478905
1593 3409 1570.470654761549 3508.9621359765742 1686 3535 1708.529345238451 3435.0378640234258
1704 3433 1678.7457336745138 3545.052542037855 1785 3569 1810.2542663254862 3456.947457962145
2043 3471 2007.9428422637525 3626.547723712894 2112 3650 2147.0571577362475 3494.452276287106
2126 3498 2102.0566043112913 3604.236242120819 2172 3620 2195.9433956887087 3513.763757879181
2180 3511 2157.144460426815 3612.4094520036665 2284 3641 2306.855539573185 3539.5905479963335
2288 3529 2267.394917006543 3620.424232981489 2372 3644 2392.605082993457 3552.575767018511
2385 3538 2359.733547078833 3650.1066136551894 2448 3670 2473.266452921167 3557.8933863448106
2459 3550 2433.376886254897 3663.6891087256176 2488 3676 2513.623113745103 3562.3108912743824
2499 3559 2472.7939611358825 3675.2755327603304 2547 3692 2573.2060388641175 3575.7244672396696
2560 3578 2538.5759782709806 3673.057843473687 2596 3686 2617.4240217290194 3590.942156526313
2593 3569 2567.4101962681157 3682.5413130380152 2636 3698 2661.5898037318843 3584.4586869619848
1536 3538 1514.6182251060566 3632.8703953331506 1564 3644 1585.3817748939434 3549.1296046668494
1590 3558 1566.8844798687114 3660.562979175687 1662 3682 1685.1155201312886 3579.437020824313
1680 3570 1655.3558755089064 3679.345358124207 1747 3700 1771.6441244910936 3590.654641875793
1945 3623 1923.3436206780618 3719.0888082466386 2025 3742 2046.6563793219382 3645.9111917533614
2027 3628 2003.5639725820108 3731.9850619142453 2048 3742 2071.436027417989 3638.0149380857547
2073 3630 2045.652077839409 3751.3420401152202 2124 3769 2151.347922160591 3647.6579598847798
2148 3634 2122.63077351516 3746.5626173622645 2200 3764 2225.36922648484 3651.4373826377355
2224 3655 2196.9421186369077 3775.0551364199973 2281 3794 2308.0578813630923 3673.9448635800027
1803 3447 1777.2834557628871 3561.103657459625 1870 3582 1895.7165442371129 3467.896342540375
1886 3463 1861.9148336863655 3569.86527480403 1969 3594 1993.0851663136345 3487.13472519597
# Transcript
OYE****
*QEYS
*IDHS
RIOS
TARCOS
OGENOYSAQMONEYS
*KOLLYTEYS
AROYQRIASIOS
WNOSLEYKONOEYS
ENOYSPALLHNEYS
TRIOY
*OY
S
OY
OY
LOY
MYSTIKO***
EPIGONOSEP**
EYODOSDORYFO*
DIONYSISASKLHP**
AGAQOPOYSAPOLL*
ONASOSEYKARPO*
SWT*RICOSASMEN
QALLOSEYGAMOY
DHMHTRIOSZWSI**
EYODOSELEYQEROY
ALYPOSSTRATWNO*
SATYROSMATREA
EYODOSEYKARPOY
PONPIWNPON****
SWTYSCRYSIPPOY
SYNFOR***PIGON*Y
EISIWNEP*FRODEITOY
IOS**EILOS
# Lines: x1 y1 x2 y2 x3 y3 x4 y4
688 457 1060 545
563 578 1032 690
473 719 952 825
360 857 828 969
281 998 918 1153
284 1260 1507 1487
329 1417 1203 1596
268 1537 1230 1730
265 1676 1515 1906
281 1839 1529 2094
278 2116 761 2215
307 2268 604 2326
273 2399 537 2452
244 2542 590 2599
217 2959 526 3030
249 3383 628 3465
1689 1210 2464 1356
1683 1353 2704 1535
1654 1500 2772 1706
1608 1644 2713 1820
1609 1756 2712 1945
1630 1908 2728 2094
1595 2036 2734 2242
1555 2188 2643 2378
1529 2340 2664 2524
1496 2462 2604 2641
1468 2602 2651 2778
1476 2746 2476 2911
1446 2897 2523 3068
1382 2999 2491 3190
1393 3204 2488 3361
1299 3319 2560 3487
1307 3412 2699 3654
1446 3558 2563 3788