# Baseline angle
5.941694909167796
# Boxes: x1 y1 x2 y2 x3 y3 x4 y4
442 416 571.7414018297047 781.042352650554 766 712 636.2585981702952 346.957647349446
662 384 753.837115520694 642.3942846117708 890 594 798.162884479306 335.6057153882292
410 804 483.05583397421503 1009.550989373462 690 936 616.944166025785 730.4490106265379
610 726 680.0104456505583 922.982439144127 936 832 865.9895543494417 635.017560855873
508 1036 581.7440186351668 1243.4872760494882 766 1178 692.2559813648334 970.5127239505118
692 952 771.5228744956217 1175.7467515074293 934 1118 854.4771255043783 894.2532484925707
882 882 956.4169337450858 1091.3806000878815 1146 1024 1071.5830662549142 814.6193999121185
452 1372 522.2387522431737 1569.6248059947902 690 1510 619.7612477568263 1312.3751940052098
630 1320 701.3337398802834 1520.7056796213787 844 1470 772.6662601197166 1269.2943203786213
766 1270 827.43377916607 1442.8510017830122 948 1400 886.56622083393 1227.1489982169878
904 1238 955.6857772893102 1383.4238776071447 1106 1330 1054.3142227106898 1184.5761223928553
1050 1154 1113.0039144225482 1331.2687578725963 1246 1284 1182.9960855774518 1106.7312421274037
406 1670 477.23485613500804 1870.42745883368 636 1814 564.765143864992 1613.57254116632
576 1642 630.0847880491368 1794.1737702354867 760 1748 705.9152119508632 1595.8262297645133
684 1604 747.2700265563094 1782.017494960427 888 1732 824.7299734436906 1553.982505039573
824 1526 888.4333588366295 1707.2906640994488 1044 1652 979.5666411633705 1470.7093359005512
990 1472 1048.825732920636 1637.512963779505 1160 1598 1101.1742670793637 1432.487036220495
1100 1444 1154.8107782512343 1598.2164271486804 1358 1526 1303.1892217487657 1371.7835728513196
1304 1356 1363.0347684062435 1522.10110915467 1504 1472 1444.9652315937565 1305.89889084533
504 1926 559.9363049904085 2083.3832260505346 682 2040 626.0636950095915 1882.6167739494656
630 1890 685.6131162084936 2046.4738972500381 822 1998 766.3868837915064 1841.5261027499619
778 1850 828.2981399723503 1991.5196004553252 962 1944 911.7018600276497 1802.4803995446748
916 1804 965.0624614928439 1942.042876966005 1134 1882 1084.9375385071562 1743.957123033995
1086 1724 1137.1953601189093 1868.0440325065163 1278 1818 1226.8046398810907 1673.9559674934837
1242 1670 1285.006225503571 1791.0029606204655 1406 1748 1362.993774496429 1626.9970393795345
1362 1604 1420.179355356806 1767.694306178512 1560 1718 1501.820644643194 1554.305693821488
1482 1536 1548.592795008784 1723.3664860773604 1710 1666 1643.407204991216 1478.6335139226396
278 2294 335.4228260526438 2455.565723990053 458 2412 400.5771739473562 2250.434276009947
388 2244 449.2400132314951 2416.30581904548 512 2394 450.7599867685049 2221.69418095452
442 2232 497.8792283422547 2389.222634337869 642 2338 586.1207716577453 2180.777365662131
570 2184 624.9402010985743 2338.580573211645 756 2292 701.0597989014257 2137.419426788355
716 2114 776.000333196013 2282.8178367182945 964 2216 903.999666803987 2047.1821632817055
922 2052 975.4954871334605 2202.5157043471595 1112 2154 1058.5045128665395 2003.4842956528405
1050 1992 1103.917559660651 2143.703253935355 1210 2106 1156.082440339349 1954.2967460646453
1166 1950 1219.3587978470393 2100.131113322293 1276 2080 1222.6412021529607 1929.8688866777068
1230 1928 1279.8342603480385 2068.214421792097 1438 2012 1388.1657396519615 1871.7855782079032
1388 1872 1436.404815933957 2008.1925155652445 1572 1960 1523.595184066043 1823.8074844347555
1510 1800 1572.1485013731108 1974.8619548964384 1704 1928 1641.8514986268892 1753.1380451035616
268 2560 330.19030847023225 2734.9795839714716 468 2686 405.80969152976775 2511.0204160285284
410 2508 473.04572151966977 2685.3863869476295 612 2636 548.9542784803302 2458.6136130523705
548 2478 601.5791013277035 2628.7509624972254 750 2576 696.4208986722965 2425.2490375027746
662 2412 724.4033455118154 2587.578988184502 802 2560 739.5966544881846 2384.421011815498
744 2388 805.2512812265518 2560.3375228452473 930 2516 868.7487187734482 2343.6624771547527
880 2346 934.5068605763272 2499.361319823682 1034 2464 979.4931394236728 2310.638680176318
988 2294 1040.3626939552053 2441.3284604834034 1106 2418 1053.637306044795 2270.6715395165966
1062 2270 1114.8225720235414 2418.622380308766 1246 2372 1193.1774279764586 2223.377619691234
1198 2216 1252.2520164376226 2368.644286535619 1406 2314 1351.7479835623774 2161.355713464381
1342 2162 1397.1492365841816 2317.1687185868095 1558 2260 1502.8507634158184 2104.8312814131905
1490 2094 1547.8979736720123 2256.9026064530485 1708 2200 1650.1020263279877 2037.0973935469515
1084 2512 1118.6764000458359 2609.5660388716833 1230 2570 1195.3235999541641 2472.4339611283167
1180 2468 1217.8054025637352 2574.369847251084 1292 2548 1254.1945974362648 2441.630152748916
1258 2438 1290.2661212909525 2528.784442443574 1360 2504 1327.7338787090475 2413.215557556426
1338 2416 1368.821407325839 2502.719573579089 1444 2476 1413.178592674161 2389.280426420911
1406 2380 1438.9961130490256 2472.8383581946327 1492 2454 1459.0038869509744 2361.1616418053673
532 2832 576.4509394686846 2957.067829484951 692 2916 647.5490605313154 2790.932170515049
648 2806 689.1699781133315 2921.836467443051 790 2886 748.8300218866685 2770.163532556949
734 2766 774.8049822342948 2880.8095095675208 884 2842 843.1950177657052 2727.1904904324792
830 2742 862.4028105773735 2833.16903346844 1012 2780 979.5971894226265 2688.83096653156
964 2688 1005.9265074174938 2805.96504963151 1124 2764 1082.0734925825063 2646.03495036849
1086 2642 1124.6760851642055 2750.819612864875 1172 2734 1133.3239148357945 2625.180387135125
1126 2632 1162.1211140109494 2733.6309077361684 1268 2696 1231.8788859890506 2594.3690922638316
1232 2590 1267.406391803909 2689.619954622742 1362 2656 1326.593608196091 2556.380045377258
1322 2562 1352.2739135072839 2647.1791367657943 1440 2616 1409.7260864927161 2530.8208632342057
1402 2524 1437.7143110347915 2624.486320785606 1546 2586 1510.2856889652085 2485.513679214394
528 3008 567.527496657667 3119.215157003168 706 3070 666.472503342333 2958.784842996832
660 2960 701.5502435434004 3076.906387956213 766 3054 724.4497564565996 2937.093612043787
726 2952 759.4141840202402 3046.0146489449626 872 3006 838.5858159797598 2911.9853510550374
818 2864 881.5514082411031 3042.809194685891 1002 3000 938.4485917588969 2821.190805314109
940 2858 984.789397801632 2984.0201209230804 1058 2958 1013.210602198368 2831.9798790769196
1010 2852 1045.208624313358 2951.0635130473447 1172 2906 1136.791375686642 2806.9364869526553
1116 2798 1156.5654076466228 2912.1354389170906 1292 2864 1251.4345923533772 2749.8645610829094
1232 2756 1271.3602682691812 2866.7446407030357 1386 2826 1346.6397317308188 2715.2553592969643
1334 2722 1376.838997115085 2842.5324443203335 1474 2808 1431.161002884915 2687.4675556796665
1426 2688 1464.5619318678976 2796.4984294395435 1556 2764 1517.4380681321024 2655.5015705604565
840 3036 895.1797756862463 3191.254643862075 1000 3154 944.8202243137537 2998.745356137925
956 3016 999.8085634608302 3139.260430721823 1054 3120 1010.1914365391699 2996.7395692781765
1016 2994 1060.8577424448426 3120.2124164355137 1174 3080 1129.1422575551574 2953.7875835644863
1138 2958 1182.846474449786 3084.180712635746 1234 3066 1189.153525550214 2939.819287364254
1170 2934 1211.3942831499712 3050.4675754558484 1314 3014 1272.6057168500288 2897.5324245441516
1280 2912 1317.6076350731848 3017.8134056756867 1424 2980 1386.3923649268152 2874.1865943243133
1370 2864 1412.599422527413 2983.8583736699034 1536 2940 1493.400577472587 2820.1416263300966
# Transcript
*
FR
QW
*YSO
*NAGOR
YTANEWN
SKYMNOSS
EIASZTEIMHS
YSAISEITOYS
HRESI*
ANTWNIOYEN
TROFIMOSAK
*SIMIANO
**
