# Baseline angle
0
# Boxes: x1 y1 x2 y2 x3 y3 x4 y4
1276 82 1276 252 1432 252 1432 82
1463 67 1463 247 1598 247 1598 67
933 290 933 490 1065 490 1065 290
1101 278 1101 482 1255 482 1255 278
1291 266 1291 442 1449 442 1449 266
1480 271 1480 454 1627 454 1627 271
731 514 731 713 899 713 899 514
940 514 940 701 1072 701 1072 514
215 1003 215 1179 395 1179 395 1003
439 984 439 1179 559 1179 559 984
599 972 599 1152 787 1152 787 972
830 960 830 1133 899 1133 899 960
955 934 955 1155 1101 1155 1101 934
1147 931 1147 1087 1317 1087 1317 931
1370 888 1370 1078 1471 1078 1471 888
1528 895 1528 1059 1684 1059 1684 895
55 1179 55 1414 232 1414 232 1179
275 1179 275 1380 345 1380 345 1179
422 1191 422 1382 599 1382 599 1191
623 1171 623 1358 751 1358 751 1171
794 1186 794 1344 926 1344 926 1186
959 1157 959 1327 1159 1327 1159 1157
1161 1097 1161 1315 1343 1315 1343 1097
1377 1092 1377 1298 1516 1298 1516 1092
1543 1073 1543 1279 1670 1279 1670 1073
67 1433 67 1639 218 1639 218 1433
249 1418 249 1606 403 1606 403 1418
441 1409 441 1594 597 1594 597 1409
621 1385 621 1594 770 1594 770 1385
799 1370 799 1546 971 1546 971 1370
993 1344 993 1534 1132 1534 1132 1344
1207 1339 1207 1534 1319 1534 1319 1339
1387 1327 1387 1510 1552 1510 1552 1327
1569 1306 1569 1486 1725 1486 1725 1306
98 1661 98 1836 251 1836 251 1661
273 1627 273 1790 443 1790 443 1627
475 1613 475 1757 621 1757 621 1613
664 1611 664 1774 811 1774 811 1611
832 1577 832 1762 1003 1762 1003 1577
1019 1558 1019 1730 1159 1730 1159 1558
1211 1546 1211 1718 1396 1718 1396 1546
1425 1526 1425 1685 1552 1685 1552 1526
1598 1490 1598 1690 1766 1690 1766 1490
297 1807 297 1987 427 1987 427 1807
508 1790 508 1954 655 1954 655 1790
679 1793 679 1946 827 1946 827 1793
851 1776 851 1946 1000 1946 1000 1776
1022 1754 1022 1932 1199 1932 1199 1754
1226 1747 1226 1913 1367 1913 1367 1747
1456 1709 1456 1882 1559 1882 1559 1709
1600 1718 1600 1867 1783 1867 1783 1718
295 2009 295 2170 451 2170 451 2009
503 1994 503 2206 674 2206 674 1994
698 1978 698 2163 830 2163 830 1978
885 1968 885 2146 1055 2146 1055 1968
1096 1973 1096 2131 1180 2131 1180 1973
1221 1942 1221 2119 1401 2119 1401 1942
1423 1908 1423 2107 1603 2107 1603 1908
1639 1927 1639 2131 1807 2131 1807 1927
489 2239 489 2407 724 2407 724 2239
743 2201 743 2395 883 2395 883 2201
899 2175 899 2355 1041 2355 1041 2175
1082 2153 1082 2347 1252 2347 1252 2153
1298 2148 1298 2391 1384 2391 1384 2148
1468 2139 1468 2335 1605 2335 1605 2139
935 2374 935 2614 1072 2614 1072 2374
# Transcript
AM
FHTT
EN
OLHIKAIT
EINIASEGR
ANDROTIWN
SEPESTATE
PENENAIA
IKELIWTH
METOIK*
*S***