# Baseline angle
0
# Boxes: x1 y1 x2 y2 x3 y3 x4 y4
554 326 554 448 666 448 666 326
654 316 654 440 710 440 710 316
698 320 698 452 812 452 812 320
786 300 786 458 920 458 920 300
386 474 386 594 506 594 506 474
466 466 466 578 568 578 568 466
554 468 554 570 654 570 654 468
622 450 622 572 728 572 728 450
712 458 712 580 840 580 840 458
478 732 478 848 598 848 598 732
586 732 586 842 720 842 720 732
698 732 698 838 798 838 798 732
782 722 782 842 836 842 836 722
828 722 828 840 934 840 934 722
900 710 900 828 1034 828 1034 710
326 868 326 982 460 982 460 868
466 856 466 976 574 976 574 856
566 852 566 976 668 976 668 852
660 852 660 980 714 980 714 852
698 850 698 966 798 966 798 850
790 844 790 964 894 964 894 844
872 842 872 956 976 956 976 842
956 832 956 960 1090 960 1090 832
268 978 268 1098 392 1098 392 978
374 974 374 1090 486 1090 486 974
480 964 480 1088 592 1088 592 964
516 1078 516 1204 638 1204 638 1078
630 1080 630 1206 746 1206 746 1080
728 1088 728 1194 816 1194 816 1088
798 1076 798 1190 934 1190 934 1076
494 1212 494 1326 606 1326 606 1212
592 1212 592 1322 686 1322 686 1212
656 1204 656 1316 776 1316 776 1204
804 1196 804 1314 906 1314 906 1196
886 1206 886 1298 960 1298 960 1206
942 1192 942 1314 1012 1314 1012 1192
986 1190 986 1314 1074 1314 1074 1190
1046 1184 1046 1306 1140 1306 1140 1184
1118 1184 1118 1300 1218 1300 1218 1184
1198 1188 1198 1298 1284 1298 1284 1188
1266 1190 1266 1302 1358 1302 1358 1190
1332 1188 1332 1298 1456 1298 1456 1188
554 1348 554 1464 666 1464 666 1348
636 1348 636 1456 742 1456 742 1348
718 1354 718 1456 832 1456 832 1354
570 1592 570 1714 674 1714 674 1592
652 1598 652 1716 758 1716 758 1598
738 1596 738 1708 844 1708 844 1596
816 1592 816 1696 912 1696 912 1592
890 1590 890 1714 990 1714 990 1590
954 1580 954 1702 1054 1702 1054 1580
1030 1582 1030 1712 1158 1712 1158 1582
314 1746 314 1856 440 1856 440 1746
430 1742 430 1848 538 1848 538 1742
514 1722 514 1846 610 1846 610 1722
576 1722 576 1842 674 1842 674 1722
666 1720 666 1842 772 1842 772 1720
766 1718 766 1836 814 1836 814 1718
796 1714 796 1838 898 1838 898 1714
884 1708 884 1850 1008 1850 1008 1708
354 1858 354 1964 470 1964 470 1858
456 1856 456 1962 550 1962 550 1856
526 1842 526 1962 618 1962 618 1842
590 1844 590 1960 714 1960 714 1844
700 1852 700 1960 756 1960 756 1852
742 1842 742 1960 830 1960 830 1842
820 1844 820 1960 932 1960 932 1844
372 1964 372 2078 472 2078 472 1964
492 1958 492 2070 604 2070 604 1958
582 1958 582 2074 660 2074 660 1958
648 1956 648 2074 722 2074 722 1956
708 1960 708 2084 812 2084 812 1960
370 2212 370 2342 484 2342 484 2212
468 2218 468 2320 564 2320 564 2218
540 2220 540 2332 656 2332 656 2220
636 2220 636 2322 738 2322 738 2220
710 2210 710 2322 798 2322 798 2210
784 2228 784 2318 876 2318 876 2228
868 2218 868 2326 934 2326 934 2218
902 2216 902 2328 1000 2328 1000 2216
978 2210 978 2334 1086 2334 1086 2210
496 2340 496 2456 616 2456 616 2340
608 2330 608 2442 712 2442 712 2330
700 2322 700 2438 790 2438 790 2322
770 2328 770 2450 886 2450 886 2328
874 2320 874 2440 992 2440 992 2320
472 2454 472 2572 540 2572 540 2454
526 2460 526 2580 638 2580 638 2460
616 2460 616 2582 730 2582 730 2460
448 2576 448 2724 522 2724 522 2576
512 2608 512 2734 640 2734 640 2608
602 2578 602 2728 740 2728 740 2578
1536 422 1536 554 1650 554 1650 422
1626 410 1626 540 1730 540 1730 410
1796 420 1796 546 1898 546 1898 420
1880 412 1880 538 1972 538 1972 412
2042 416 2042 534 2144 534 2144 416
2206 416 2206 528 2306 528 2306 416
2296 414 2296 524 2390 524 2390 414
2374 408 2374 514 2474 514 2474 408
1538 560 1538 684 1636 684 1636 560
1622 564 1622 674 1678 674 1678 564
1662 564 1662 678 1744 678 1744 564
1734 558 1734 656 1824 656 1824 558
1818 546 1818 680 1908 680 1908 546
1892 544 1892 680 1994 680 1994 544
1974 550 1974 666 2070 666 2070 550
2050 554 2050 654 2138 654 2138 554
2112 554 2112 674 2222 674 2222 554
2204 558 2204 672 2304 672 2304 558
2300 548 2300 684 2406 684 2406 548
2386 544 2386 668 2516 668 2516 544
2510 542 2510 664 2612 664 2612 542
2564 508 2564 658 2680 658 2680 508
2646 516 2646 670 2762 670 2762 516
2738 528 2738 658 2838 658 2838 528
1528 700 1528 828 1654 828 1654 700
1642 702 1642 806 1718 806 1718 702
1698 678 1698 810 1792 810 1792 678
1780 688 1780 812 1884 812 1884 688
1862 700 1862 808 1964 808 1964 700
1926 672 1926 806 2022 806 2022 672
2008 678 2008 806 2120 806 2120 678
2110 670 2110 806 2218 806 2218 670
2196 684 2196 796 2314 796 2314 684
2292 694 2292 788 2380 788 2380 694
2366 676 2366 786 2460 786 2460 676
2438 664 2438 786 2540 786 2540 664
2530 688 2530 784 2632 784 2632 688
2616 666 2616 790 2728 790 2728 666
2706 674 2706 796 2762 796 2762 674
2756 680 2756 790 2842 790 2842 680
2812 654 2812 802 2934 802 2934 654
1524 818 1524 922 1646 922 1646 818
1640 802 1640 918 1708 918 1708 802
1680 810 1680 922 1782 922 1782 810
1762 804 1762 924 1880 924 1880 804
1856 800 1856 924 1960 924 1960 800
1946 798 1946 924 2060 924 2060 798
2044 798 2044 924 2164 924 2164 798
2150 802 2150 914 2286 914 2286 802
2244 796 2244 906 2358 906 2358 796
2350 788 2350 898 2464 898 2464 788
2456 788 2456 896 2530 896 2530 788
2522 786 2522 904 2576 904 2576 786
2572 790 2572 900 2674 900 2674 790
2658 796 2658 896 2750 896 2750 796
2744 786 2744 900 2852 900 2852 786
1716 918 1716 1060 1830 1060 1830 918
1820 912 1820 1046 1950 1046 1950 912
1952 914 1952 1050 2046 1050 2046 914
2038 908 2038 1050 2162 1050 2162 908
2154 906 2154 1044 2268 1044 2268 906
2254 906 2254 1046 2338 1046 2338 906
2310 912 2310 1046 2426 1046 2426 912
2416 886 2416 1056 2518 1056 2518 886
2506 914 2506 1032 2618 1032 2618 914
1528 1041 1528 1166 1620 1166 1620 1041
1620 1044 1620 1184 1718 1184 1718 1044
1706 1050 1706 1176 1814 1176 1814 1050
1796 1050 1796 1174 1900 1174 1900 1050
1872 1050 1872 1170 2002 1170 2002 1050
1994 1054 1994 1164 2098 1164 2098 1054
2068 1054 2068 1162 2182 1162 2182 1054
2160 1042 2160 1160 2290 1160 2290 1042
2270 1046 2270 1162 2378 1162 2378 1046
2358 1038 2358 1166 2434 1166 2434 1038
2406 1044 2406 1166 2502 1166 2502 1044
2472 1040 2472 1162 2578 1162 2578 1040
2546 1046 2546 1160 2656 1160 2656 1046
2642 1032 2642 1164 2740 1164 2740 1032
2716 1040 2716 1148 2802 1148 2802 1040
2788 1038 2788 1152 2892 1152 2892 1038
2854 1032 2854 1152 2980 1152 2980 1032
2960 1020 2960 1146 3040 1146 3040 1020
3024 1026 3024 1138 3070 1138 3070 1026
3050 1026 3050 1156 3142 1156 3142 1026
3124 1024 3124 1142 3214 1142 3214 1024
3208 1024 3208 1142 3262 1142 3262 1024
1554 1192 1554 1300 1644 1300 1644 1192
1636 1182 1636 1302 1692 1302 1692 1182
1678 1186 1678 1292 1778 1292 1778 1186
1758 1176 1758 1300 1870 1300 1870 1176
1850 1166 1850 1284 1950 1284 1950 1166
1928 1168 1928 1290 2032 1290 2032 1168
2022 1172 2022 1290 2082 1290 2082 1172
2066 1168 2066 1286 2156 1286 2156 1168
2142 1164 2142 1290 2252 1290 2252 1164
2266 1160 2266 1300 2372 1300 2372 1160
2374 1156 2374 1280 2484 1280 2484 1156
2456 1172 2456 1284 2566 1284 2566 1172
2548 1158 2548 1278 2672 1278 2672 1158
2652 1156 2652 1280 2754 1280 2754 1156
2742 1156 2742 1272 2800 1272 2800 1156
2788 1156 2788 1276 2882 1276 2882 1156
2868 1144 2868 1270 2948 1270 2948 1144
2926 1144 2926 1274 3036 1274 3036 1144
1542 1316 1542 1448 1654 1448 1654 1316
1640 1320 1640 1426 1742 1426 1742 1320
1736 1312 1736 1428 1850 1428 1850 1312
1832 1300 1832 1430 1922 1430 1922 1300
1920 1298 1920 1426 1992 1426 1992 1298
1968 1310 1968 1428 2068 1428 2068 1310
2048 1302 2048 1434 2144 1434 2144 1302
2156 1298 2156 1434 2244 1434 2244 1298
2232 1298 2232 1436 2302 1436 2302 1298
2282 1296 2282 1442 2390 1442 2390 1296
2358 1300 2358 1438 2474 1438 2474 1300
2456 1298 2456 1434 2556 1434 2556 1298
2544 1294 2544 1418 2596 1418 2596 1294
2586 1294 2586 1428 2680 1428 2680 1294
2666 1310 2666 1414 2770 1414 2770 1310
2708 1276 2708 1404 2824 1404 2824 1276
2828 1284 2828 1412 2928 1412 2928 1284
2896 1280 2896 1406 2982 1406 2982 1280
2972 1276 2972 1406 3040 1406 3040 1276
3042 1282 3042 1406 3122 1406 3122 1282
3114 1280 3114 1404 3220 1404 3220 1280
3208 1290 3208 1402 3300 1402 3300 1290
1538 1448 1538 1578 1632 1578 1632 1448
1622 1444 1622 1574 1752 1574 1752 1444
1738 1416 1738 1588 1852 1588 1852 1416
1844 1436 1844 1556 1928 1556 1928 1436
1914 1424 1914 1550 1956 1550 1956 1424
1956 1442 1956 1554 2064 1554 2064 1442
2050 1444 2050 1550 2142 1550 2142 1444
2150 1436 2150 1544 2230 1544 2230 1436
2220 1428 2220 1558 2298 1558 2298 1428
2294 1440 2294 1562 2404 1562 2404 1440
2386 1432 2386 1546 2480 1546 2480 1432
2460 1422 2460 1546 2536 1546 2536 1422
2532 1424 2532 1538 2596 1538 2596 1424
2596 1408 2596 1554 2678 1554 2678 1408
2662 1430 2662 1552 2718 1552 2718 1430
2700 1426 2700 1544 2780 1544 2780 1426
2764 1424 2764 1538 2854 1538 2854 1424
2826 1412 2826 1546 2918 1546 2918 1412
2918 1414 2918 1564 3006 1564 3006 1414
2978 1422 2978 1542 3052 1542 3052 1422
3060 1416 3060 1544 3106 1544 3106 1416
3104 1424 3104 1530 3182 1530 3182 1424
3164 1416 3164 1526 3254 1526 3254 1416
3244 1414 3244 1516 3322 1516 3322 1414
1544 1564 1544 1692 1638 1692 1638 1564
1624 1570 1624 1684 1718 1684 1718 1570
1710 1578 1710 1680 1812 1680 1812 1578
1800 1570 1800 1688 1892 1688 1892 1570
1896 1580 1896 1678 1938 1678 1938 1580
1930 1578 1930 1688 2028 1688 2028 1578
2010 1566 2010 1676 2114 1676 2114 1566
2116 1566 2116 1684 2174 1684 2174 1566
2164 1564 2164 1674 2262 1674 2262 1564
2270 1572 2270 1664 2362 1664 2362 1572
2344 1560 2344 1668 2426 1668 2426 1560
2424 1552 2424 1666 2510 1666 2510 1552
2506 1558 2506 1656 2566 1656 2566 1558
2558 1556 2558 1654 2632 1654 2632 1556
2628 1558 2628 1654 2708 1654 2708 1558
2690 1558 2690 1674 2790 1674 2790 1558
2764 1550 2764 1660 2866 1660 2866 1550
2842 1560 2842 1662 2938 1662 2938 1560
2944 1550 2944 1662 3062 1662 3062 1550
3066 1544 3066 1666 3164 1666 3164 1544
3140 1528 3140 1648 3228 1648 3228 1528
3214 1540 3214 1646 3270 1646 3270 1540
3254 1542 3254 1636 3342 1636 3342 1542
1550 1698 1550 1800 1646 1800 1646 1698
1634 1690 1634 1802 1704 1802 1704 1690
1704 1674 1704 1798 1742 1798 1742 1674
1728 1692 1728 1810 1830 1810 1830 1692
1820 1694 1820 1800 1914 1800 1914 1694
1886 1690 1886 1806 2000 1806 2000 1690
1988 1688 1988 1802 2094 1802 2094 1688
2088 1684 2088 1806 2170 1806 2170 1684
2172 1682 2172 1800 2234 1800 2234 1682
2226 1670 2226 1800 2278 1800 2278 1670
2256 1682 2256 1804 2360 1804 2360 1682
2340 1682 2340 1798 2426 1798 2426 1682
2422 1676 2422 1798 2506 1798 2506 1676
2498 1668 2498 1788 2546 1788 2546 1668
2536 1674 2536 1786 2618 1786 2618 1674
2600 1686 2600 1796 2698 1796 2698 1686
2662 1658 2662 1792 2774 1792 2774 1658
2794 1650 2794 1816 2890 1816 2890 1650
2892 1672 2892 1776 2942 1776 2942 1672
2930 1662 2930 1784 3018 1784 3018 1662
3008 1664 3008 1786 3086 1786 3086 1664
3078 1660 3078 1788 3170 1788 3170 1660
3166 1664 3166 1788 3256 1788 3256 1664
3240 1666 3240 1778 3344 1778 3344 1666
1542 1820 1542 1932 1652 1932 1652 1820
1642 1814 1642 1926 1716 1926 1716 1814
1678 1802 1678 1932 1784 1932 1784 1802
1762 1808 1762 1918 1860 1918 1860 1808
1854 1798 1854 1916 1930 1916 1930 1798
1922 1810 1922 1920 2012 1920 2012 1810
1992 1814 1992 1924 2120 1924 2120 1814
2106 1804 2106 1912 2210 1912 2210 1804
2216 1802 2216 1918 2322 1918 2322 1802
2304 1806 2304 1916 2358 1916 2358 1806
2336 1820 2336 1924 2432 1924 2432 1820
2408 1804 2408 1916 2498 1916 2498 1804
2474 1784 2474 1910 2576 1910 2576 1784
2554 1808 2554 1920 2656 1920 2656 1808
2634 1806 2634 1924 2692 1924 2692 1806
2668 1808 2668 1906 2760 1906 2760 1808
2718 1778 2718 1904 2826 1904 2826 1778
2804 1804 2804 1908 2914 1908 2914 1804
2896 1772 2896 1914 3002 1914 3002 1772
2968 1796 2968 1920 3058 1920 3058 1796
3022 1786 3022 1918 3130 1918 3130 1786
3106 1798 3106 1904 3204 1904 3204 1798
3180 1794 3180 1922 3314 1922 3314 1794
1548 1926 1548 2064 1658 2064 1658 1926
1628 1938 1628 2048 1732 2048 1732 1938
1708 1936 1708 2046 1814 2046 1814 1936
1782 1916 1782 2048 1876 2048 1876 1916
1872 1934 1872 2052 1958 2052 1958 1934
1936 1932 1936 2050 2000 2050 2000 1932
1984 1918 1984 2050 2072 2050 2072 1918
2062 1940 2062 2044 2152 2044 2152 1940
2144 1924 2144 2060 2254 2060 2254 1924
2240 1916 2240 2060 2338 2060 2338 1916
2324 1924 2324 2030 2418 2030 2418 1924
2406 1924 2406 2040 2530 2040 2530 1924
2520 1928 2520 2036 2622 2036 2622 1928
2614 1930 2614 2030 2696 2030 2696 1930
2696 1920 2696 2044 2752 2044 2752 1920
2728 1922 2728 2032 2792 2032 2792 1922
2778 1918 2778 2020 2862 2020 2862 1918
2828 1902 2828 2014 2920 2014 2920 1902
2926 1896 2926 2032 2990 2032 2990 1896
2988 1904 2988 2040 3086 2040 3086 1904
3072 1916 3072 2032 3168 2032 3168 1916
3144 1908 3144 2010 3208 2010 3208 1908
3208 1906 3208 2020 3260 2020 3260 1906
3236 1902 3236 2016 3324 2016 3324 1902
1542 2060 1542 2188 1668 2188 1668 2060
1658 2052 1658 2176 1756 2176 1756 2052
1746 2058 1746 2176 1818 2176 1818 2058
1792 2058 1792 2174 1896 2174 1896 2058
1874 2050 1874 2174 1986 2174 1986 2050
1948 2070 1948 2174 2070 2174 2070 2070
2046 2058 2046 2170 2156 2170 2156 2058
2140 2050 2140 2170 2244 2170 2244 2050
2218 2042 2218 2166 2312 2166 2312 2042
2308 2050 2308 2150 2370 2150 2370 2050
2358 2042 2358 2168 2406 2168 2406 2042
2394 2046 2394 2166 2474 2166 2474 2046
2464 2046 2464 2160 2548 2160 2548 2046
2544 2054 2544 2166 2612 2166 2612 2054
2606 2054 2606 2164 2690 2164 2690 2054
2660 2036 2660 2164 2770 2164 2770 2036
2740 2052 2740 2160 2828 2160 2828 2052
2832 2044 2832 2152 2946 2152 2946 2044
2940 2042 2940 2154 3030 2154 3030 2042
3014 2044 3014 2154 3060 2154 3060 2044
3050 2040 3050 2154 3110 2154 3110 2040
3086 2038 3086 2150 3172 2150 3172 2038
3154 2042 3154 2158 3214 2158 3214 2042
1556 2200 1556 2322 1674 2322 1674 2200
1658 2194 1658 2310 1758 2310 1758 2194
1750 2190 1750 2314 1848 2314 1848 2190
1820 2178 1820 2302 1920 2302 1920 2178
1914 2184 1914 2292 1972 2292 1972 2184
1954 2194 1954 2302 2050 2302 2050 2194
2040 2184 2040 2304 2166 2304 2166 2184
2158 2180 2158 2296 2272 2296 2272 2180
2256 2190 2256 2304 2338 2304 2338 2190
2314 2174 2314 2298 2404 2298 2404 2174
2390 2180 2390 2290 2466 2290 2466 2180
2432 2174 2432 2300 2544 2300 2544 2174
2530 2172 2530 2298 2634 2298 2634 2172
2626 2180 2626 2290 2680 2290 2680 2180
2670 2160 2670 2290 2778 2290 2778 2160
2754 2192 2754 2296 2846 2296 2846 2192
2792 2164 2792 2300 2930 2300 2930 2164
2924 2164 2924 2306 3052 2306 3052 2164
2998 2184 2998 2318 3126 2318 3126 2184
3100 2176 3100 2298 3158 2298 3158 2176
3132 2168 3132 2314 3224 2314 3224 2168
3196 2164 3196 2308 3304 2308 3304 2164
3284 2166 3284 2288 3336 2288 3336 2166
3330 2154 3330 2298 3434 2298 3434 2154
1560 2328 1560 2446 1664 2446 1664 2328
1650 2316 1650 2440 1742 2440 1742 2316
1714 2320 1714 2450 1818 2450 1818 2320
1796 2314 1796 2438 1896 2438 1896 2314
1864 2304 1864 2438 1974 2438 1974 2304
1946 2314 1946 2430 2048 2430 2048 2314
2046 2310 2046 2438 2152 2438 2152 2310
2126 2326 2126 2430 2250 2430 2250 2326
2230 2308 2230 2430 2326 2430 2326 2308
2300 2318 2300 2436 2396 2436 2396 2318
2394 2318 2394 2420 2502 2420 2502 2318
2496 2310 2496 2414 2568 2414 2568 2310
2554 2312 2554 2416 2594 2416 2594 2312
2588 2304 2588 2424 2684 2424 2684 2304
2676 2306 2676 2432 2776 2432 2776 2306
2754 2308 2754 2416 2888 2416 2888 2308
2876 2306 2876 2408 2966 2408 2966 2306
2942 2298 2942 2418 3026 2418 3026 2298
3004 2302 3004 2416 3116 2416 3116 2302
1552 2452 1552 2568 1654 2568 1654 2452
1648 2448 1648 2570 1732 2570 1732 2448
1710 2450 1710 2576 1818 2576 1818 2450
1776 2448 1776 2564 1872 2564 1872 2448
1850 2454 1850 2562 1954 2562 1954 2454
1950 2450 1950 2564 2014 2564 2014 2450
2002 2462 2002 2560 2076 2560 2076 2462
2048 2446 2048 2570 2162 2570 2162 2446
2154 2454 2154 2558 2264 2558 2264 2454
2246 2466 2246 2568 2354 2568 2354 2466
2324 2458 2324 2564 2428 2564 2428 2458
2404 2442 2404 2562 2502 2562 2502 2442
2500 2438 2500 2562 2596 2562 2596 2438
2588 2448 2588 2564 2660 2564 2660 2448
2646 2444 2646 2558 2692 2558 2692 2444
2686 2444 2686 2554 2784 2554 2784 2444
2768 2440 2768 2554 2860 2554 2860 2440
2856 2446 2856 2554 2970 2554 2970 2446
2960 2440 2960 2544 3050 2544 3050 2440
3012 2418 3012 2546 3106 2546 3106 2418
3078 2442 3078 2578 3198 2578 3198 2442
1570 2566 1570 2666 1660 2666 1660 2566
1642 2580 1642 2672 1748 2672 1748 2580
1744 2574 1744 2666 1828 2666 1828 2574
1828 2560 1828 2670 1934 2670 1934 2560
1908 2570 1908 2670 2020 2670 2020 2570
2058 2566 2058 2690 2162 2690 2162 2566
2254 2552 2254 2674 2368 2674 2368 2552
2340 2552 2340 2670 2416 2670 2416 2552
2398 2542 2398 2660 2456 2660 2456 2542
2454 2562 2454 2672 2540 2672 2540 2562
2530 2546 2530 2652 2612 2652 2612 2546
2614 2554 2614 2666 2710 2666 2710 2554
2710 2550 2710 2654 2790 2654 2790 2550
2782 2558 2782 2646 2896 2646 2896 2558
2884 2559 2884 2642 2964 2642 2964 2559
2954 2534 2954 2650 3046 2650 3046 2534
3030 2538 3030 2658 3142 2658 3142 2538
1560 2682 1560 2792 1682 2792 1682 2682
1678 2672 1678 2770 1776 2770 1776 2672
1768 2670 1768 2770 1862 2770 1862 2670
1850 2678 1850 2776 1928 2776 1928 2678
1918 2670 1918 2776 1996 2776 1996 2670
1976 2676 1976 2776 2102 2776 2102 2676
2076 2670 2076 2782 2142 2782 2142 2670
2134 2668 2134 2772 2216 2772 2216 2668
2204 2678 2204 2770 2316 2770 2316 2678
2282 2648 2282 2802 2408 2802 2408 2648
2484 2662 2484 2780 2618 2780 2618 2662
2604 2664 2604 2772 2690 2772 2690 2664
2686 2670 2686 2758 2750 2758 2750 2670
2740 2646 2740 2748 2816 2748 2816 2646
2802 2668 2802 2752 2892 2752 2892 2668
2880 2656 2880 2760 3002 2760 3002 2656
2990 2660 2990 2758 3094 2758 3094 2660
3090 2654 3090 2762 3126 2762 3126 2654
3116 2654 3116 2760 3204 2760 3204 2654
3178 2650 3178 2762 3284 2762 3284 2650
1554 2798 1554 2908 1666 2908 1666 2798
1648 2788 1648 2896 1744 2896 1744 2788
1738 2780 1738 2902 1824 2902 1824 2780
1824 2784 1824 2892 1890 2892 1890 2784
1868 2796 1868 2890 1946 2890 1946 2796
1942 2786 1942 2904 2020 2904 2020 2786
2014 2772 2014 2898 2096 2898 2096 2772
2088 2772 2088 2902 2192 2902 2192 2772
2184 2772 2184 2906 2234 2906 2234 2772
2228 2770 2228 2888 2298 2888 2298 2770
2304 2782 2304 2890 2402 2890 2402 2782
2390 2774 2390 2896 2490 2896 2490 2774
2482 2772 2482 2900 2586 2900 2586 2772
2568 2782 2568 2894 2680 2894 2680 2782
2650 2782 2650 2894 2768 2894 2768 2782
2738 2784 2738 2884 2836 2884 2836 2784
2818 2774 2818 2884 2916 2884 2916 2774
2906 2770 2906 2890 3016 2890 3016 2770
2980 2790 2980 2884 3062 2884 3062 2790
3026 2770 3026 2886 3144 2886 3144 2770
2284 2914 2284 3026 2366 3026 2366 2914
2340 2918 2340 3028 2462 3028 2462 2918
2446 2908 2446 3022 2498 3022 2498 2908
2488 2916 2488 3018 2586 3018 2586 2916
2538 2890 2538 3020 2662 3020 2662 2890
2670 2910 2670 3024 2800 3024 2800 2910
2784 2900 2784 3020 2886 3020 2886 2900
2856 2890 2856 3016 2942 3016 2942 2890
2934 2896 2934 3018 2982 3018 2982 2896
2978 2910 2978 3018 3070 3018 3070 2910
3052 2904 3052 3010 3142 3010 3142 2904
# Transcript
**SIOS
*LYEYS
**EXOIOY
MELITEYS
NOS
****NEYS
NOSAGRYLHQEN
EYS
***KONOEYS
**MNOYSIOS
***NOYSIOS
**SSYBA
AGNOYSIOS
*PHLHX
****REY
*IOY
EY*AR*O*QEO****
DIONYSOGENHSEYNO***
HRAKOYSAPOLLWNIOY
PRAXASSWTHRICOY
EPENGRAFO*
EYNOMOSSTRATWNOSPAIANI
DIONYSIOS)AZHNIEYS
ZWPYROSERASEINOYGARGHT
AMFEIWNBAKCYLLIDOYGARGHT
AQHNIWNIPPOKRATOYSMELIT
ARISTWNARISTEIDOYFILADHS
HRAKLEWNDIONYSIOYMARAQW
EYTYCIDHSDHMHTRIOYBHSAIE
STRATWNCARIKLEOYSPEIRAI
MOSCIWNHRAKLEIDOYPAIANIE*
STACYSSWTATRINEMEYS
KRATEROSSWTATRINEMEYS
SWTAS)TRINENEMEYS
MHNODWROS)MARAQWNIOS
ANDROKLEIDHSSWZONTOS****
******RMIOYMELITE**
# Lines: x1 y1 x2 y2 x3 y3 x4 y4
542 384 918 390
372 532 830 538
462 784 1030 778
308 930 1082 920
256 1032 584 1034
502 1140 922 1136
478 1262 1442 1254
540 1398 824 1408
552 1654 1146 1648
296 1794 992 1800
336 1902 912 1908
360 2006 798 2022
338 2266 1068 2274
484 2396 984 2390
456 2502 730 2518
424 2648 742 2656
1506 482 2476 488
1532 608 2830 602
1520 758 2896 722
1508 874 2842 860
1700 964 2708 962
1563 1112 3217 1072
1542 1234 3016 1206
1530 1378 3288 1368
1514 1492 3292 1482
1532 1628 3328 1596
1534 1734 3334 1712
1524 1866 3292 1836
1524 1996 3276 1980
1520 2116 3206 2096
1530 2252 3426 2210
1530 2386 3086 2378
1544 2492 3192 2500
1542 2624 3130 2614
1516 2730 3258 2702
1526 2846 3148 2842
2262 2956 3134 2954