# Baseline angle
0.15922751997473927
# Boxes: x1 y1 x2 y2 x3 y3 x4 y4
310 303 285.7371387230421 454.0886130868492 472 484 496.2628612769579 332.9113869131508
502 341 477.96333270657635 490.68006794987343 536 500 560.0366672934236 350.31993205012657
566 333 542.324479632534 480.4311498383332 714 508 737.675520367466 360.5688501616668
734 343 707.6311010512156 507.20323742207165 806 523 832.3688989487844 358.7967625779284
821 348 794.120295950649 515.3841002775004 854 525 880.879704049351 357.61589972249965
874 365 848.0721972293408 526.4564628751583 976 547 1001.9278027706592 385.54353712484175
992 388 967.983942898823 537.5517250752857 1114 561 1138.016057101177 411.44827492471427
1126 411 1103.8122611064985 549.1665030635083 1246 572 1268.1877388935015 433.83349693649166
1262 424 1237.5748134682854 576.099437710137 1293 585 1317.4251865317146 432.90056228986293
1313 429 1291.2567707278656 564.3984724743092 1432 587 1453.7432292721344 451.60152752569087
1429 443 1407.4407576340866 577.2527573762532 1574 604 1595.5592423659134 469.74724262374684
1598 449 1573.2720189094282 602.9849865506362 1673 619 1697.7279810905718 465.0150134493639
1702 476 1682.216498901928 599.1949401511255 1818 621 1837.7835010980723 497.80505984887446
1828 479 1805.6808511401118 617.9848133749147 1949 641 1971.3191488598882 502.01518662508533
1980 459 1949.5539786499864 648.592113117952 2114 675 2144.446021350014 485.40788688204805
2142 523 2120.90810989893 654.342482091233 2262 677 2283.09189010107 545.657517908767
2270 544 2248.801839793647 676.0042425751492 2392 699 2413.198160206353 566.9957574248508
261 448 240.2406387541448 577.271773159905 388 601 408.7593612458552 471.728226840095
405 460 383.39047791187943 594.5658570312336 548 621 569.6095220881206 486.4341429687665
566 480 545.7240067759808 606.2617652636358 706 632 726.2759932240192 505.7382347363641
725 496 702.7756999236567 634.394175238909 856 659 878.2243000763433 520.605824761091
868 512 846.3264796503071 646.9643841657937 996 671 1017.6735203496929 536.0356158342063
1025 539 1004.646289975043 665.7457198777757 1137 687 1157.3537100249569 560.2542801222243
1162 533 1138.6958021218204 678.1188669103715 1194 687 1217.3041978781796 541.8811330896285
1222 564 1202.6050181402186 684.7755703908618 1341 707 1360.3949818597814 586.2244296091382
1350 573 1328.8715487160882 704.5701542666336 1481 729 1502.1284512839118 597.4298457333664
1472 585 1451.6714298361464 711.5891700502856 1585 733 1605.3285701638536 606.4108299497144
1634 583 1608.6983965393017 740.5570223195724 1736 761 1761.3016034606983 603.4429776804276
1757 601 1733.7975425582467 745.4853133793579 1874 768 1897.2024574417533 623.5146866206421
1878 624 1857.5537384091251 751.3220528821121 2005 775 2025.4462615908749 647.6779471178879
2030 637 2007.3265958670354 778.1908160914468 2112 795 2134.6734041329646 653.8091839085532
2133 644 2111.7115206789585 776.5666737582523 2158 784 2179.2884793210415 651.4333262417477
2185 656 2163.9389604209023 787.1503710897875 2300 809 2321.0610395790977 677.8496289102125
2293 676 2272.30233979809 804.8875511570142 2410 827 2430.69766020191 698.1124488429858
404 579 383.1595085099651 708.7769838163309 534 733 554.8404914900349 603.2230161836691
546 585 523.6671326007465 724.0702408544944 654 745 676.3328673992535 605.9297591455056
666 604 644.3379009720453 738.8932618178833 782 761 803.6620990279547 626.1067381821167
796 629 775.8497060814984 754.4790161261848 941 781 961.1502939185016 655.5209838738152
937 632 913.1656325874168 780.420315108899 1060 804 1083.8343674125833 655.579684891101
1073 651 1051.9389604209027 782.1503710897875 1188 804 1209.0610395790973 672.8496289102125
1201 673 1178.356330163393 814.0056560006182 1334 839 1356.643669836607 697.9943439993818
1346 685 1322.571283808315 830.8942618267698 1454 852 1477.428716191685 706.1057381732302
1452 704 1430.3493222937834 838.8221394699729 1556 859 1577.6506777062166 724.1778605300271
1576 712 1553.4203284249654 852.6071288660579 1724 880 1746.5796715750346 739.3928711339421
1724 739 1703.2429359717719 868.2574680282357 1876 896 1896.7570640282281 766.7425319717643
1884 744 1862.5950102439494 877.292202369026 2004 900 2025.4049897560506 766.707797630974
2021 759 2000.8336903245058 884.5787487374339 2128 905 2148.166309675494 779.4212512625661
2114 768 2091.99276980308 905.0424473181744 2154 915 2176.00723019692 777.9575526818256
2153 764 2130.719709540581 902.7428360678447 2288 928 2310.280290459419 789.2571639321553
2296 785 2272.867251480688 929.0512250708425 2422 953 2445.132748519312 808.9487749291575
509 717 488.20059936166365 846.5211046880278 541 855 561.7994006383362 725.4788953119722
554 725 534.6804377235293 845.3059209083913 676 868 695.3195622764707 747.6940790916087
682 739 658.8341037410884 883.2576412039573 788 904 811.1658962589116 759.7423587960427
1650 836 1628.413320555356 970.4236123354127 1769 993 1790.586679444644 858.5763876645873
1789 847 1768.2463494150138 976.2362119859498 1910 999 1930.7536505849862 869.7637880140502
1936 872 1915.41313957223 1000.1975837201956 1964 1008 1984.58686042777 879.8024162798044
1978 869 1956.8418144197306 1000.7553143574625 2058 1017 2079.1581855802697 885.2446856425375
2065 888 2043.9572086291248 1019.0367366573053 2106 1029 2127.0427913708754 897.9632633426947
2110 885 2089.1595085099652 1014.7769838163309 2240 1039 2260.8404914900348 909.2230161836691
2240 913 2220.0039586913613 1037.5184611189577 2360 1060 2379.9960413086387 935.4815388810423
2373 921 2352.827979663637 1046.614309911389 2486 1068 2506.172020336363 942.3856900886109
1642 963 1617.7885346708638 1113.768562521252 1750 1135 1774.2114653291362 984.2314374787479
1765 975 1742.0855023521235 1117.692142929055 1881 1140 1903.9144976478765 997.3078570709449
1866 991 1843.0797916912543 1133.7277041030102 1988 1157 2010.9202083087457 1014.2722958969897
2002 1005 1977.5645731385596 1157.1632058369946 2126 1181 2150.4354268614406 1028.8367941630052
2134 1017 2108.2733161181686 1177.2040642552365 2244 1199 2269.7266838818314 1038.7959357447635
2250 1056 2227.2169123185104 1197.8738326176488 2365 1220 2387.7830876814896 1078.1261673823512
1596 1097 1573.3905941286077 1237.7922889568868 1693 1257 1715.6094058713923 1116.2077110431132
1705 1127 1684.2874402667123 1255.9803328576468 1728 1263 1748.7125597332877 1134.0196671423532
1742 1129 1720.5058721212736 1262.8472793310764 1846 1283 1867.4941278787264 1149.1527206689236
1864 1139 1840.5038721035007 1285.3140450036158 1988 1309 2011.4961278964993 1162.6859549963842
570 1127 552.5030452703356 1235.956260070569 696 1259 713.4969547296644 1150.043739929431
809 1171 792.01266937889 1276.7827514361932 893 1293 909.98733062111 1187.2172485638068
916 1173 895.400602024877 1301.2756569787227 1012 1320 1032.599397975123 1191.7243430212773
1025 1196 1004.7217095583537 1322.2760703953052 1140 1344 1160.2782904416463 1217.7239296046948
1166 1161 1137.9924804106302 1335.4071831618378 1260 1355 1288.0075195893698 1180.5928168381622
1281 1205 1258.3859996933536 1345.8208992202253 1328 1357 1350.6140003066464 1216.1791007797747
1340 1243 1323.1635085455111 1347.843452471252 1430 1365 1446.8364914544889 1260.156547528748
1433 1228 1413.227920223666 1351.1238178032152 1537 1371 1556.772079776334 1247.8761821967848
1548 1251 1528.8346903333925 1370.345365901164 1645 1389 1664.1653096666075 1269.654634098836
1662 1263 1643.311166702347 1379.3782733999028 1697 1388 1715.688833297653 1271.6217266000972
1696 1261 1675.6074315745743 1387.9876971848457 1794 1407 1814.3925684254257 1280.0123028151543
1814 1285 1793.9022182549352 1410.1520146499713 1849 1419 1869.0977817450648 1293.8479853500287
1865 1300 1850.260357346829 1391.786048662707 1945 1407 1959.739642653171 1315.213951337293
1940 1312 1920.2896212676112 1434.7395958003242 2034 1453 2053.710378732389 1330.2604041996758
470 1257 448.4624192855506 1391.1178669014848 510 1401 531.5375807144495 1266.8821330985152
528 1265 510.28019996364594 1375.3439524756952 614 1392 631.7198000363541 1281.6560475243048
372 1384 348.372462137114 1531.132355315022 497 1555 520.627537862886 1407.867644684978
502 1396 480.29904257157636 1531.1352391249534 604 1551 625.7009574284236 1415.8647608750466
617 1403 594.2900346841938 1544.4184882668476 710 1563 732.7099653158062 1421.5815117331524
722 1415 697.4708405806293 1567.7468930623836 780 1581 804.5291594193707 1428.2531069376164
789 1448 772.1326580235384 1553.0355634726975 884 1571 900.8673419764616 1465.9644365273025
878 1440 854.422741859321 1586.8192556600418 1005 1611 1028.577258140679 1464.1807443399582
1030 1484 1009.6691326185195 1610.603475181955 1118 1628 1138.3308673814806 1501.396524818045
1126 1493 1104.768692054047 1625.2106587082637 1228 1645 1249.231307945953 1512.7893412917363
1253 1469 1224.3354305786966 1647.4987347188692 1352 1668 1380.6645694213034 1489.5012652811308
1372 1527 1352.6598275312826 1647.434263782979 1406 1656 1425.3401724687174 1535.565736217021
1409 1524 1385.6581247133638 1669.3534899963886 1508 1689 1531.3418752866362 1543.6465100036114
1529 1552 1508.4382794333335 1680.0410338927054 1558 1688 1578.5617205666665 1559.9589661072946
1569 1545 1548.0063721257168 1675.7305879129415 1668 1695 1688.9936278742832 1564.2694120870585
1689 1575 1669.2953319284802 1697.704034626369 1777 1715 1796.7046680715198 1592.295965373631
1796 1581 1772.9963642294479 1724.2472198911057 1896 1744 1919.0036357705521 1600.7527801088943
332 1532 315.0458171184897 1637.5763353030784 436 1657 452.9541828815103 1551.4236646969216
438 1540 420.5990102794955 1648.358671023947 518 1664 535.4009897205045 1555.641328976053
512 1540 492.2119044666735 1663.2235504144642 578 1677 597.7880955333264 1553.7764495855358
590 1553 569.3879997111264 1681.354133547686 617 1689 637.6120002888736 1560.645866452314
634 1573 617.6582978890854 1674.7623222270722 725 1692 741.3417021109146 1590.2376777729278
730 1577 710.6358686621913 1697.5834593894165 844 1719 863.3641313378087 1598.4165406105835
940 1600 918.9195312206682 1731.2713597433226 1048 1752 1069.080468779332 1620.7286402566774
1057 1641 1041.085675527845 1740.1009751597387 1165 1760 1180.914324472155 1660.8990248402613
1177 1648 1158.9693975262928 1760.2793676218187 1288 1781 1306.0306024737072 1668.7206323781813
1301 1667 1284.6194394886163 1769.004299534142 1378 1784 1394.3805605113837 1681.995700465858
1380 1671 1359.9319525512929 1795.9668545591423 1466 1813 1486.0680474487071 1688.0331454408577
1484 1696 1465.1454927707457 1813.4099507550404 1556 1828 1574.8545072292543 1710.5900492449596
1554 1708 1532.6487034093984 1840.9578466717596 1645 1859 1666.3512965906016 1726.0421533282404
1665 1728 1645.6050181402186 1848.775570390862 1784 1871 1803.3949818597814 1750.224429609138
993 1749 971.8555329590959 1880.6698868778828 1086 1899 1107.1444670409041 1767.3301131221172
1110 1762 1090.8529385416145 1881.231731468682 1133 1888 1152.1470614583855 1768.768268531318
1157 1767 1139.2081938235774 1877.7923459158797 1209 1889 1226.7918061764226 1778.2076540841203
1241 1776 1221.3993048161365 1898.0565792741222 1302 1911 1321.6006951838635 1788.9434207258778
# Transcript
*PI TRIBELIOY ROYFOY
ONTOS TITOY FLABIOY
Y KYDAQHNEWSPAIDO
*IOYNEIKIPPO
NAYMAC
TION
W*OS AFRODEISIOY
IO*
*ANDROS KHFISIEYS
HTRIOS AQMONEYS
******EIRE**



# Lines: x1 y1 x2 y2 x3 y3 x4 y4
248 370 2499 623
152 492 2464 756
364 641 2499 887
444 780 2504 1023
1523 1030 2446 1145
1483 1140 2128 1225
476 1151 2161 1401
424 1286 761 1343
316 1430 1984 1668
286 1574 1851 1828
712 1777 1779 1921