# Baseline angle
0
# Boxes: x1 y1 x2 y2 x3 y3 x4 y4
1210 916 1210 1009 1324 1009 1324 916
1352 917 1352 1016 1473 1016 1473 917
1508 903 1508 1010 1639 1010 1639 903
1051 1062 1051 1189 1178 1189 1178 1062
1208 1059 1208 1171 1327 1171 1327 1059
1363 1057 1363 1183 1466 1183 1466 1057
1508 1078 1508 1185 1621 1185 1621 1078
1674 1078 1674 1186 1761 1186 1761 1078
724 1211 724 1322 854 1322 854 1211
912 1220 912 1334 1027 1334 1027 1220
1054 1214 1054 1323 1136 1323 1136 1214
1205 1217 1205 1315 1311 1315 1311 1217
1354 1220 1354 1331 1469 1331 1469 1220
1514 1219 1514 1342 1626 1342 1626 1219
1682 1211 1682 1327 1758 1327 1758 1211
397 1321 397 1412 460 1412 460 1321
464 1318 464 1434 543 1434 543 1318
545 1323 545 1438 627 1438 627 1323
612 1320 612 1438 704 1438 704 1320
698 1326 698 1433 784 1433 784 1326
793 1329 793 1439 857 1439 857 1329
860 1329 860 1445 914 1445 914 1329
909 1349 909 1441 998 1441 998 1349
994 1343 994 1437 1075 1437 1075 1343
1096 1341 1096 1445 1192 1445 1192 1341
1187 1341 1187 1447 1290 1447 1290 1341
1279 1329 1279 1447 1377 1447 1377 1329
1368 1330 1368 1440 1458 1440 1458 1330
1452 1337 1452 1458 1543 1458 1543 1337
1533 1331 1533 1421 1609 1421 1609 1331
1605 1340 1605 1439 1683 1439 1683 1340
1683 1346 1683 1449 1737 1449 1737 1346
1744 1343 1744 1463 1848 1463 1848 1343
260 1423 260 1544 367 1544 367 1423
418 1413 418 1541 517 1541 517 1413
584 1444 584 1538 688 1538 688 1444
722 1445 722 1545 846 1545 846 1445
914 1441 914 1556 985 1556 985 1441
1042 1447 1042 1541 1186 1541 1186 1447
1203 1434 1203 1543 1341 1543 1341 1434
1365 1440 1365 1543 1472 1543 1472 1440
1528 1460 1528 1585 1646 1585 1646 1460
1683 1458 1683 1575 1793 1575 1793 1458
1993 1450 1993 1590 2098 1590 2098 1450
268 1590 268 1682 357 1682 357 1590
414 1580 414 1718 523 1718 523 1580
559 1593 559 1719 689 1719 689 1593
738 1597 738 1724 850 1724 850 1597
908 1605 908 1718 989 1718 989 1605
1049 1610 1049 1722 1169 1722 1169 1610
1200 1596 1200 1712 1319 1712 1319 1596
1361 1597 1361 1738 1473 1738 1473 1597
1514 1601 1514 1721 1638 1721 1638 1601
1688 1597 1688 1731 1775 1731 1775 1597
408 1744 408 1867 535 1867 535 1744
567 1748 567 1872 673 1872 673 1748
733 1752 733 1881 842 1881 842 1752
894 1754 894 1897 1007 1897 1007 1754
1051 1759 1051 1887 1157 1887 1157 1759
1207 1761 1207 1868 1318 1868 1318 1761
1354 1757 1354 1882 1451 1882 1451 1757
1497 1768 1497 1870 1625 1870 1625 1768
1664 1761 1664 1863 1812 1863 1812 1761
1840 1779 1840 1882 1956 1882 1956 1779
1970 1758 1970 1859 2082 1859 2082 1758
409 1914 409 2025 530 2025 530 1914
567 1918 567 2034 663 2034 663 1918
708 1921 708 2024 873 2024 873 1921
906 1917 906 2033 1019 2033 1019 1917
1048 1914 1048 2039 1171 2039 1171 1914
1199 1915 1199 2031 1311 2031 1311 1915
1348 1910 1348 2036 1471 2036 1471 1910
1493 1907 1493 2055 1633 2055 1633 1907
1672 1922 1672 2046 1817 2046 1817 1922
418 2053 418 2201 535 2201 535 2053
567 2062 567 2194 682 2194 682 2062
713 2055 713 2189 856 2189 856 2055
897 2064 897 2179 1018 2179 1018 2064
1055 2071 1055 2181 1169 2181 1169 2071
1213 2071 1213 2190 1310 2190 1310 2071
1360 2086 1360 2188 1462 2188 1462 2086
1516 2071 1516 2202 1636 2202 1636 2071
1666 2082 1666 2202 1795 2202 1795 2082
412 2221 412 2322 515 2322 515 2221
564 2223 564 2350 689 2350 689 2223
713 2225 713 2334 857 2334 857 2225
891 2241 891 2340 987 2340 987 2241
1060 2248 1060 2334 1161 2334 1161 2248
1200 2245 1200 2358 1330 2358 1330 2245
1369 2237 1369 2359 1464 2359 1464 2237
1511 2242 1511 2353 1637 2353 1637 2242
1665 2250 1665 2381 1782 2381 1782 2250
405 2369 405 2487 520 2487 520 2369
560 2378 560 2495 689 2495 689 2378
726 2391 726 2488 844 2488 844 2391
901 2398 901 2514 982 2514 982 2398
1046 2385 1046 2524 1160 2524 1160 2385
1199 2394 1199 2536 1337 2536 1337 2394
1359 2403 1359 2543 1485 2543 1485 2403
1513 2391 1513 2525 1622 2525 1622 2391
1671 2398 1671 2546 1819 2546 1819 2398
414 2553 414 2650 516 2650 516 2553
567 2546 567 2683 687 2683 687 2546
728 2561 728 2682 853 2682 853 2561
899 2565 899 2696 1021 2696 1021 2565
1049 2585 1049 2679 1160 2679 1160 2585
1201 2576 1201 2686 1327 2686 1327 2576
1342 2583 1342 2697 1468 2697 1468 2583
1508 2584 1508 2700 1630 2700 1630 2584
1678 2592 1678 2694 1790 2694 1790 2592
1836 2580 1836 2719 1958 2719 1958 2580
416 2707 416 2831 542 2831 542 2707
553 2718 553 2856 685 2856 685 2718
723 2712 723 2840 845 2840 845 2712
904 2733 904 2840 990 2840 990 2733
1059 2728 1059 2842 1173 2842 1173 2728
1208 2736 1208 2853 1290 2853 1290 2736
1355 2741 1355 2842 1467 2842 1467 2741
1508 2727 1508 2856 1621 2856 1621 2727
1682 2734 1682 2852 1810 2852 1810 2734
1849 2738 1849 2854 1924 2854 1924 2738
1989 2739 1989 2872 2116 2872 2116 2739
2156 2730 2156 2867 2258 2867 2258 2730
412 2873 412 2985 524 2985 524 2873
561 2877 561 3001 679 3001 679 2877
724 2878 724 2977 848 2977 848 2878
909 2868 909 2996 1010 2996 1010 2868
1029 2872 1029 2982 1104 2982 1104 2872
1206 2882 1206 3011 1311 3011 1311 2882
1350 2874 1350 2998 1469 2998 1469 2874
1493 2865 1493 2985 1652 2985 1652 2865
1684 2872 1684 3013 1790 3013 1790 2872
1836 2873 1836 3004 1970 3004 1970 2873
2007 2903 2007 3012 2127 3012 2127 2903
2156 2888 2156 3018 2297 3018 2297 2888
411 3018 411 3147 522 3147 522 3018
571 3029 571 3139 685 3139 685 3029
732 3048 732 3143 835 3143 835 3048
887 3035 887 3154 1014 3154 1014 3035
1053 3035 1053 3152 1170 3152 1170 3035
1224 3020 1224 3150 1347 3150 1347 3020
1364 3041 1364 3150 1492 3150 1492 3041
1518 3045 1518 3164 1619 3164 1619 3045
1677 3047 1677 3156 1791 3156 1791 3047
1993 3044 1993 3143 2116 3143 2116 3044
2169 3043 2169 3150 2283 3150 2283 3043
1845 3045 1845 3146 1917 3146 1917 3045
413 3181 413 3297 532 3297 532 3181
570 3194 570 3319 672 3319 672 3194
731 3189 731 3303 846 3303 846 3189
886 3186 886 3310 1004 3310 1004 3186
1017 3185 1017 3326 1150 3326 1150 3185
1217 3198 1217 3318 1329 3318 1329 3198
1365 3208 1365 3328 1447 3328 1447 3208
1504 3209 1504 3311 1636 3311 1636 3209
1664 3199 1664 3337 1786 3337 1786 3199
1839 3200 1839 3327 1957 3327 1957 3200
1985 3198 1985 3325 2106 3325 2106 3198
2169 3205 2169 3317 2245 3317 2245 3205
2292 3224 2292 3334 2447 3334 2447 3224
265 3350 265 3473 348 3473 348 3350
406 3353 406 3457 525 3457 525 3353
580 3365 580 3472 668 3472 668 3365
716 3359 716 3470 840 3470 840 3359
895 3355 895 3472 1009 3472 1009 3355
1038 3362 1038 3470 1147 3470 1147 3362
1190 3357 1190 3496 1312 3496 1312 3357
1348 3363 1348 3481 1475 3481 1475 3363
1500 3365 1500 3478 1635 3478 1635 3365
1708 3363 1708 3484 1832 3484 1832 3363
2003 3366 2003 3486 2116 3486 2116 3366
258 3503 258 3626 384 3626 384 3503
405 3507 405 3612 531 3612 531 3507
566 3498 566 3637 693 3637 693 3498
738 3524 738 3615 837 3615 837 3524
1067 3515 1067 3635 1180 3635 1180 3515
1209 3511 1209 3621 1318 3621 1318 3511
1369 3511 1369 3619 1450 3619 1450 3511
250 3653 250 3792 376 3792 376 3653
412 3668 412 3802 528 3802 528 3668
584 3668 584 3786 659 3786 659 3668
717 3670 717 3783 851 3783 851 3670
897 3667 897 3808 1014 3808 1014 3667
1054 3661 1054 3779 1187 3779 1187 3661
1217 3676 1217 3800 1318 3800 1318 3676
1360 3678 1360 3795 1471 3795 1471 3678
1517 3663 1517 3811 1663 3811 1663 3663
263 3814 263 3932 370 3932 370 3814
434 3817 434 3931 518 3931 518 3817
558 3828 558 3945 708 3945 708 3828
742 3838 742 3941 833 3941 833 3838
900 3834 900 3953 1021 3953 1021 3834
1065 3848 1065 3949 1149 3949 1149 3848
1223 3846 1223 3947 1319 3947 1319 3846
1359 3830 1359 3947 1486 3947 1486 3830
424 3997 424 4101 533 4101 533 3997
588 3982 588 4094 689 4094 689 3982
731 3976 731 4096 853 4096 853 3976
909 3985 909 4095 1028 4095 1028 3985
1081 3992 1081 4096 1155 4096 1155 3992
1191 3991 1191 4105 1347 4105 1347 3991
420 4126 420 4246 502 4246 502 4126
584 4136 584 4249 664 4249 664 4136
734 4147 734 4259 860 4259 860 4147
885 4165 885 4265 1005 4265 1005 4165
1065 4167 1065 4260 1179 4260 1179 4167
1220 4142 1220 4280 1328 4280 1328 4142
1353 4147 1353 4286 1489 4286 1489 4147
404 4303 404 4429 533 4429 533 4303
562 4316 562 4424 684 4424 684 4316
751 4332 751 4430 839 4430 839 4332
911 4329 911 4449 1035 4449 1035 4329
1058 4339 1058 4444 1175 4444 1175 4339
1207 4318 1207 4450 1333 4450 1333 4318
576 4497 576 4594 684 4594 684 4497
752 4491 752 4588 845 4588 845 4491
905 4480 905 4597 1015 4597 1015 4480
1054 4479 1054 4600 1176 4600 1176 4479
1207 4484 1207 4595 1326 4595 1326 4484
1374 4481 1374 4596 1448 4596 1448 4481
585 4647 585 4742 697 4742 697 4647
750 4645 750 4776 830 4776 830 4645
887 4635 887 4759 1011 4759 1011 4635
1066 4641 1066 4752 1179 4752 1179 4641
1198 4651 1198 4758 1349 4758 1349 4651
743 4826 743 4927 856 4927 856 4826
901 4819 901 4929 1014 4929 1014 4819
1049 4805 1049 4932 1182 4932 1182 4805
1223 4797 1223 4932 1336 4932 1336 4797
738 4973 738 5095 858 5095 858 4973
912 4993 912 5088 999 5088 999 4993
1057 4971 1057 5106 1181 5106 1181 4971
1197 4980 1197 5103 1362 5103 1362 4980
# Transcript
*AAN*
*EARCI
NEIONEI*
**IFRATRIASGENESQAIP**
HBOLIWNOSE*E
OSTEITHSPR**
*NEYSEGRAMMA
*DRWNEPEUH**
SSYNPROED**
QYMOCARHS**
HNAIEYSEY***
OSKEFALHQE**
EYSINIOSNIKI
HSARISTARCOY*
EDOXENARCIPP
*KETEYEINEPEID
RCIPPOSKAP*P
ELFOKAI
YSINEPITE*
AIMONIOY**
*QHNAIW*
RILLOSE*
NTOYDH*
AQHNAI
CIPPW
THNE
GONW
