# Baseline angle
0
# Boxes: x1 y1 x2 y2 x3 y3 x4 y4
1539 76 1539 216 1689 216 1689 76
1708 95 1708 210 1830 210 1830 95
1875 56 1875 229 2022 229 2022 56
2009 79 2009 226 2160 226 2160 79
2176 88 2176 242 2288 242 2288 88
2300 101 2300 239 2435 239 2435 101
518 239 518 392 675 392 675 239
684 229 684 386 800 386 800 229
796 245 796 373 950 373 950 245
944 223 944 386 1084 386 1084 223
1113 236 1113 389 1241 389 1241 236
1254 236 1254 380 1401 380 1401 236
1404 213 1404 386 1532 386 1532 213
1536 213 1536 392 1699 392 1699 213
1692 216 1692 402 1856 402 1856 216
1862 216 1862 402 2009 402 2009 216
2006 239 2006 402 2144 402 2144 239
2147 229 2147 402 2284 402 2284 229
2288 236 2288 399 2432 399 2432 236
2422 236 2422 405 2572 405 2572 236
2582 239 2582 405 2720 405 2720 239
2745 252 2745 386 2873 386 2873 252
2889 255 2889 396 3033 396 3033 255
3049 242 3049 402 3168 402 3168 242
3193 252 3193 399 3267 399 3267 252
3302 274 3302 412 3443 412 3443 274
3452 261 3452 399 3622 399 3622 261
259 360 259 565 358 565 358 360
368 376 368 552 515 552 515 376
518 396 518 565 659 565 659 396
675 402 675 568 812 568 812 402
819 402 819 578 953 578 953 402
947 399 947 578 1094 578 1094 399
1107 405 1107 578 1257 578 1257 405
1254 402 1254 562 1385 562 1385 402
1388 402 1388 559 1555 559 1555 402
1555 415 1555 552 1686 552 1686 415
1699 402 1699 562 1852 562 1852 402
1862 418 1862 568 1993 568 1993 418
2000 412 2000 588 2144 588 2144 412
2137 402 2137 568 2272 568 2272 402
2284 418 2284 543 2409 543 2409 418
2396 408 2396 572 2550 572 2550 408
2604 412 2604 568 2694 568 2694 412
2745 396 2745 559 2883 559 2883 396
2886 402 2886 559 3004 559 3004 402
3024 418 3024 568 3161 568 3161 418
3174 428 3174 578 3324 578 3324 428
3318 428 3318 565 3414 565 3414 428
3449 415 3449 562 3593 562 3593 415
3603 402 3603 568 3747 568 3747 402
3763 408 3763 591 3897 591 3897 408
3904 431 3904 588 4028 588 4028 431
4028 437 4028 588 4163 588 4163 437
4176 450 4176 604 4300 604 4300 450
345 581 345 732 547 732 547 581
579 578 579 722 729 722 729 578
777 591 777 722 937 722 937 591
960 588 960 725 1036 725 1036 588
1049 588 1049 735 1260 735 1260 588
1257 588 1257 735 1420 735 1420 588
1433 575 1433 719 1606 719 1606 575
1606 572 1606 725 1744 725 1744 572
1766 584 1766 732 1952 732 1952 584
1993 588 1993 735 2156 735 2156 588
2176 578 2176 716 2342 716 2342 578
2384 584 2384 719 2572 719 2572 584
2329 572 2329 725 2400 725 2400 572
2595 562 2595 725 2691 725 2691 562
2723 572 2723 716 2883 716 2883 572
2860 549 2860 732 3027 732 3027 549
3027 575 3027 712 3145 712 3145 575
3152 575 3152 712 3283 712 3283 575
3286 575 3286 741 3452 741 3452 575
3465 584 3465 706 3584 706 3584 584
3603 578 3603 741 3731 741 3731 578
3753 578 3753 754 3878 754 3878 578
3881 584 3881 732 4019 732 4019 584
4019 588 4019 741 4156 741 4156 588
4150 610 4150 748 4313 748 4313 610
4329 588 4329 738 4467 738 4467 588
364 728 364 872 508 872 508 728
515 735 515 892 640 892 640 735
659 716 659 888 806 888 806 716
796 725 796 892 960 892 960 725
947 728 947 885 1081 885 1081 728
1097 735 1097 888 1244 888 1244 735
1241 738 1241 879 1379 879 1379 738
1388 712 1388 879 1500 879 1500 712
1548 728 1548 885 1708 885 1708 728
1718 709 1718 895 1811 895 1811 709
1830 725 1830 888 2000 888 2000 725
2019 725 2019 888 2105 888 2105 725
2121 732 2121 888 2284 888 2284 732
2291 728 2291 885 2428 885 2428 728
2435 728 2435 901 2556 901 2556 728
2572 728 2572 892 2688 892 2688 728
2720 728 2720 885 2886 885 2886 728
2886 728 2886 876 3001 876 3001 728
3024 728 3024 885 3164 885 3164 728
3161 722 3161 872 3273 872 3273 722
3328 732 3328 888 3411 888 3411 732
3420 754 3420 898 3580 898 3580 754
3587 732 3587 892 3747 892 3747 732
3769 741 3769 898 3859 898 3859 741
3884 732 3884 904 4009 904 4009 732
4009 735 4009 876 4144 876 4144 735
4163 748 4163 885 4268 885 4268 748
4329 748 4329 901 4489 901 4489 748
377 879 377 1055 492 1055 492 879
502 904 502 1045 643 1045 643 904
662 895 662 1048 796 1048 796 895
809 888 809 1042 934 1042 934 888
947 898 947 1058 1091 1058 1091 898
1075 898 1075 1042 1235 1042 1235 898
1254 879 1254 1042 1372 1042 1372 879
1385 869 1385 1055 1542 1055 1542 869
1542 872 1542 1042 1715 1042 1715 872
1724 895 1724 1048 1817 1048 1817 895
1820 885 1820 1036 1996 1036 1996 885
2012 885 2012 1039 2140 1039 2140 885
2131 882 2131 1052 2294 1052 2294 882
2294 892 2294 1061 2444 1061 2444 892
2432 895 2432 1042 2553 1042 2553 895
2566 888 2566 1048 2720 1048 2720 888
2716 885 2716 1058 2889 1058 2889 885
2876 901 2876 1045 3020 1045 3020 901
3027 898 3027 1061 3193 1061 3193 898
3168 920 3168 1061 3270 1061 3270 920
3289 898 3289 1058 3436 1058 3436 898
3462 895 3462 1064 3555 1064 3555 895
3580 898 3580 1061 3744 1061 3744 898
3747 892 3747 1068 3881 1068 3881 892
3875 908 3875 1061 4048 1061 4048 908
4025 908 4025 1052 4172 1052 4172 908
4169 901 4169 1055 4339 1055 4339 901
4323 904 4323 1064 4470 1064 4470 904
361 1061 361 1215 502 1215 502 1061
493 1066 493 1208 659 1208 659 1066
676 1057 676 1217 754 1217 754 1057
798 1063 798 1218 929 1218 929 1063
949 1054 949 1223 1068 1223 1068 1054
1088 1056 1088 1225 1217 1225 1217 1056
1230 1057 1230 1232 1379 1232 1379 1057
1389 1066 1389 1232 1547 1232 1547 1066
1552 1047 1552 1244 1674 1244 1674 1047
1694 1061 1694 1223 1850 1223 1850 1061
1852 1071 1852 1217 1988 1217 1988 1071
1993 1069 1993 1230 2112 1230 2112 1069
2130 1083 2130 1208 2261 1208 2261 1083
2283 1071 2283 1222 2422 1222 2422 1071
2432 1063 2432 1228 2554 1228 2554 1063
2565 1054 2565 1227 2691 1227 2691 1054
2721 1052 2721 1222 2860 1222 2860 1052
2868 1059 2868 1230 3022 1230 3022 1059
3017 1059 3017 1240 3169 1240 3169 1059
3171 1066 3171 1234 3295 1234 3295 1066
3293 1068 3293 1228 3445 1228 3445 1068
3444 1069 3444 1218 3606 1218 3606 1069
3614 1068 3614 1234 3741 1234 3741 1068
3743 1073 3743 1237 3870 1237 3870 1073
3872 1069 3872 1234 4010 1234 4010 1069
4019 1071 4019 1235 4158 1235 4158 1071
4168 1064 4168 1228 4312 1228 4312 1064
4327 1057 4327 1215 4464 1215 4464 1057
360 1224 360 1376 494 1376 494 1224
506 1220 506 1391 643 1391 643 1220
665 1230 665 1362 782 1362 782 1230
817 1239 817 1379 892 1379 892 1239
920 1246 920 1384 1076 1384 1076 1246
1106 1239 1106 1381 1234 1381 1234 1239
1251 1241 1251 1395 1389 1395 1389 1241
1417 1251 1417 1381 1510 1381 1510 1251
1555 1259 1555 1393 1679 1393 1679 1259
1699 1232 1699 1395 1835 1395 1835 1232
1847 1241 1847 1383 2011 1383 2011 1241
2008 1246 2008 1381 2128 1381 2128 1246
2131 1242 2131 1372 2253 1372 2253 1242
2277 1222 2277 1376 2404 1376 2404 1222
2406 1233 2406 1377 2555 1377 2555 1233
2560 1232 2560 1382 2719 1382 2719 1232
2722 1223 2722 1379 2871 1379 2871 1223
2877 1239 2877 1388 3015 1388 3015 1239
3033 1247 3033 1396 3152 1396 3152 1247
3170 1251 3170 1388 3320 1388 3320 1251
3301 1229 3301 1396 3453 1396 3453 1229
3468 1220 3468 1383 3589 1383 3589 1220
3601 1225 3601 1389 3732 1389 3732 1225
3735 1244 3735 1406 3867 1406 3867 1244
3880 1242 3880 1400 4019 1400 4019 1242
4024 1239 4024 1405 4149 1405 4149 1239
4171 1228 4171 1403 4290 1403 4290 1228
4325 1230 4325 1413 4420 1413 4420 1230
345 1393 345 1533 497 1533 497 1393
501 1394 501 1530 658 1530 658 1394
660 1398 660 1520 784 1520 784 1398
792 1401 792 1528 909 1528 909 1401
916 1406 916 1533 1089 1533 1089 1406
1099 1405 1099 1532 1221 1532 1221 1405
1232 1405 1232 1538 1368 1538 1368 1405
1391 1398 1391 1521 1518 1521 1518 1398
1556 1401 1556 1542 1703 1542 1703 1401
1698 1403 1698 1549 1845 1549 1845 1403
1842 1394 1842 1538 1972 1538 1972 1394
1989 1394 1989 1552 2130 1552 2130 1394
2130 1377 2130 1559 2279 1559 2279 1377
2282 1388 2282 1545 2401 1545 2401 1388
2413 1386 2413 1549 2551 1549 2551 1386
2544 1370 2544 1543 2725 1543 2725 1370
2724 1390 2724 1550 2890 1550 2890 1390
2881 1387 2881 1548 3012 1548 3012 1387
3021 1419 3021 1548 3163 1548 3163 1419
3168 1405 3168 1550 3294 1550 3294 1405
3302 1409 3302 1556 3437 1556 3437 1409
3443 1405 3443 1560 3603 1560 3603 1405
3615 1412 3615 1560 3742 1560 3742 1412
3744 1416 3744 1565 3885 1565 3885 1416
3883 1409 3883 1565 4002 1565 4002 1409
4024 1405 4024 1558 4146 1558 4146 1405
4175 1421 4175 1556 4304 1556 4304 1421
4306 1416 4306 1560 4458 1560 4458 1416
337 1538 337 1689 486 1689 486 1538
488 1540 488 1674 649 1674 649 1540
651 1540 651 1691 766 1691 766 1540
776 1538 776 1698 929 1698 929 1538
933 1535 933 1688 1075 1688 1075 1535
1104 1543 1104 1683 1228 1683 1228 1543
1240 1550 1240 1688 1374 1688 1374 1550
1396 1540 1396 1696 1556 1696 1556 1540
1567 1532 1567 1713 1673 1713 1673 1532
1686 1537 1686 1684 1863 1684 1863 1537
1870 1543 1870 1681 1958 1681 1958 1543
1999 1562 1999 1706 2145 1706 2145 1562
2134 1560 2134 1708 2280 1708 2280 1560
2301 1554 2301 1696 2411 1696 2411 1554
2431 1557 2431 1696 2550 1696 2550 1557
2596 1547 2596 1710 2691 1710 2691 1547
2715 1549 2715 1712 2868 1712 2868 1549
2873 1564 2873 1718 3007 1718 3007 1564
3027 1552 3027 1705 3149 1705 3149 1552
3153 1550 3153 1701 3307 1701 3307 1550
3309 1549 3309 1707 3447 1707 3447 1549
3447 1558 3447 1721 3601 1721 3601 1558
3608 1559 3608 1727 3752 1727 3752 1559
3750 1571 3750 1739 3861 1739 3861 1571
3869 1551 3869 1727 4008 1727 4008 1551
4027 1571 4027 1724 4158 1724 4158 1571
4168 1566 4168 1729 4324 1729 4324 1566
4326 1575 4326 1731 4513 1731 4513 1575
362 1702 362 1863 491 1863 491 1702
505 1702 505 1870 657 1870 657 1702
671 1707 671 1870 769 1870 769 1707
786 1712 786 1861 931 1861 931 1712
932 1696 932 1866 1085 1866 1085 1696
1078 1710 1078 1851 1243 1851 1243 1710
1243 1686 1243 1861 1398 1861 1398 1686
1389 1717 1389 1854 1540 1854 1540 1717
1542 1698 1542 1854 1708 1854 1708 1698
1730 1693 1730 1856 1795 1856 1795 1693
1854 1686 1854 1866 1999 1866 1999 1686
2014 1702 2014 1876 2128 1876 2128 1702
2133 1700 2133 1892 2272 1892 2272 1700
2280 1700 2280 1873 2374 1873 2374 1700
2406 1715 2406 1887 2579 1887 2579 1715
2569 1734 2569 1887 2722 1887 2722 1734
2718 1727 2718 1873 2876 1873 2876 1727
2880 1725 2880 1873 3002 1873 3002 1725
3017 1715 3017 1912 3163 1912 3163 1715
3165 1727 3165 1909 3304 1909 3304 1727
3328 1719 3328 1875 3421 1875 3421 1719
3443 1724 3443 1868 3586 1868 3586 1724
3605 1707 3605 1876 3734 1876 3734 1707
3751 1741 3751 1881 3871 1881 3871 1741
3881 1725 3881 1887 4016 1887 4016 1725
4029 1735 4029 1890 4156 1890 4156 1735
4172 1730 4172 1876 4302 1876 4302 1730
349 1870 349 2021 476 2021 476 1870
502 1887 502 2045 636 2045 636 1887
650 1869 650 2043 757 2043 757 1869
797 1877 797 2033 920 2033 920 1877
959 1874 959 2038 1025 2038 1025 1874
1089 1865 1089 2028 1235 2028 1235 1865
1234 1872 1234 2049 1383 2049 1383 1872
1391 1870 1391 2037 1532 2037 1532 1870
1541 1882 1541 2049 1700 2049 1700 1882
1711 1892 1711 2040 1848 2040 1848 1892
1860 1894 1860 2049 2014 2049 2014 1894
1994 1909 1994 2035 2116 2035 2116 1909
2143 1882 2143 2042 2262 2042 2262 1882
2271 1877 2271 2043 2407 2043 2407 1877
2412 1887 2412 2054 2570 2054 2570 1887
2570 1899 2570 2043 2709 2043 2709 1899
2724 1913 2724 2050 2887 2050 2887 1913
2895 1921 2895 2062 3014 2062 3014 1921
3018 1918 3018 2054 3169 2054 3169 1918
3179 1925 3179 2062 3310 2062 3310 1925
3310 1916 3310 2064 3418 2064 3418 1916
3456 1916 3456 2062 3598 2062 3598 1916
3612 1904 3612 2062 3729 2062 3729 1904
3732 1904 3732 2064 3877 2064 3877 1904
3887 1897 3887 2057 3994 2057 3994 1897
4024 1909 4024 2069 4148 2069 4148 1909
4177 1909 4177 2067 4299 2067 4299 1909
4325 1911 4325 2059 4456 2059 4456 1911
327 2071 327 2201 479 2201 479 2071
513 2049 513 2205 615 2205 615 2049
658 2064 658 2210 790 2210 790 2064
787 2072 787 2201 904 2201 904 2072
924 2067 924 2210 1080 2210 1080 2067
1092 2074 1092 2208 1225 2208 1225 2074
1245 2081 1245 2213 1411 2213 1411 2081
1410 2076 1410 2205 1542 2205 1542 2076
1557 2059 1557 2224 1681 2224 1681 2059
1708 2052 1708 2203 1822 2203 1822 2052
1861 2059 1861 2213 1994 2213 1994 2059
1997 2088 1997 2215 2129 2215 2129 2088
2141 2074 2141 2220 2247 2220 2247 2074
2270 2062 2270 2212 2430 2212 2430 2062
2461 2078 2461 2234 2581 2234 2581 2078
2591 2079 2591 2224 2710 2224 2710 2079
2737 2072 2737 2242 2875 2242 2875 2072
2890 2096 2890 2239 3002 2239 3002 2096
3011 2081 3011 2239 3175 2239 3175 2081
3185 2083 3185 2252 3248 2252 3248 2083
3282 2089 3282 2256 3409 2256 3409 2089
3440 2069 3440 2246 3585 2246 3585 2069
3608 2076 3608 2247 3756 2247 3756 2076
3751 2083 3751 2234 3883 2234 3883 2083
3890 2072 3890 2249 4013 2249 4013 2072
4021 2074 4021 2240 4160 2240 4160 2074
4164 2098 4164 2232 4289 2232 4289 2098
4284 2105 4284 2242 4425 2242 4425 2105
314 2224 314 2371 477 2371 477 2224
485 2252 485 2395 662 2395 662 2252
641 2235 641 2371 777 2371 777 2235
784 2237 784 2398 918 2398 918 2237
942 2230 942 2402 1069 2402 1069 2230
1103 2232 1103 2419 1234 2419 1234 2232
1223 2259 1223 2410 1371 2410 1371 2259
1373 2232 1373 2368 1505 2368 1505 2232
1554 2240 1554 2412 1622 2412 1622 2240
1667 2232 1667 2407 1821 2407 1821 2232
1848 2242 1848 2395 1981 2395 1981 2242
1982 2245 1982 2405 2120 2405 2120 2245
2116 2240 2116 2408 2249 2408 2249 2240
2250 2237 2250 2405 2405 2405 2405 2237
2408 2242 2408 2413 2558 2413 2558 2242
2587 2247 2587 2407 2724 2407 2724 2247
2729 2261 2729 2412 2860 2412 2860 2261
2860 2262 2860 2407 2996 2407 2996 2262
3002 2269 3002 2401 3155 2401 3155 2269
3156 2272 3156 2405 3254 2405 3254 2272
3302 2279 3302 2439 3432 2439 3432 2279
3453 2276 3453 2427 3577 2427 3577 2276
3592 2267 3592 2434 3757 2434 3757 2267
3763 2267 3763 2430 3877 2430 3877 2267
3891 2267 3891 2422 4015 2422 4015 2267
4023 2257 4023 2420 4156 2420 4156 2257
4162 2266 4162 2427 4303 2427 4303 2266
4303 2274 4303 2403 4446 2403 4446 2274
306 2411 306 2536 460 2536 460 2411
475 2412 475 2536 614 2536 614 2412
613 2419 613 2547 799 2547 799 2419
803 2421 803 2552 908 2552 908 2421
939 2423 939 2553 1059 2553 1059 2423
1088 2441 1088 2572 1231 2572 1231 2441
1251 2412 1251 2584 1317 2584 1317 2412
1356 2433 1356 2586 1514 2586 1514 2433
1516 2424 1516 2565 1650 2565 1650 2424
1706 2429 1706 2572 1791 2572 1791 2429
1862 2424 1862 2569 1993 2569 1993 2424
1995 2421 1995 2577 2129 2577 2129 2421
2134 2426 2134 2579 2246 2579 2246 2426
2290 2421 2290 2582 2394 2582 2394 2421
2426 2443 2426 2570 2556 2570 2556 2443
2572 2428 2572 2581 2694 2581 2694 2428
2735 2423 2735 2584 2850 2584 2850 2423
2859 2429 2859 2579 2991 2579 2991 2429
3010 2436 3010 2586 3147 2586 3147 2436
3151 2443 3151 2584 3247 2584 3247 2443
3280 2452 3280 2597 3434 2597 3434 2452
3460 2429 3460 2592 3587 2592 3587 2429
3609 2435 3609 2589 3742 2589 3742 2435
3760 2435 3760 2597 3850 2597 3850 2435
3874 2440 3874 2599 4023 2599 4023 2440
4030 2445 4030 2586 4140 2586 4140 2445
4173 2443 4173 2587 4244 2587 4244 2443
4300 2436 4300 2603 4458 2603 4458 2436
368 2570 368 2723 454 2723 454 2570
480 2575 480 2716 621 2716 621 2575
638 2577 638 2720 748 2720 748 2577
770 2570 770 2720 920 2720 920 2570
933 2574 933 2730 1052 2730 1052 2574
1084 2589 1084 2723 1217 2723 1217 2589
1215 2614 1215 2730 1349 2730 1349 2614
1400 2601 1400 2723 1487 2723 1487 2601
1526 2589 1526 2749 1680 2749 1680 2589
1683 2603 1683 2745 1838 2745 1838 2603
1838 2603 1838 2766 2013 2766 2013 2603
2011 2609 2011 2749 2110 2749 2110 2609
2123 2611 2123 2769 2244 2769 2244 2611
2262 2626 2262 2772 2408 2772 2408 2626
2432 2604 2432 2762 2524 2762 2524 2604
2557 2623 2557 2772 2706 2772 2706 2623
2737 2621 2737 2779 2866 2779 2866 2621
2863 2625 2863 2791 3000 2791 3000 2625
3019 2621 3019 2772 3153 2772 3153 2621
3177 2623 3177 2793 3253 2793 3253 2623
3301 2606 3301 2800 3413 2800 3413 2606
3426 2618 3426 2774 3610 2774 3610 2618
3608 2637 3608 2788 3737 2788 3737 2637
3732 2635 3732 2788 3885 2788 3885 2635
3885 2631 3885 2803 4014 2803 4014 2631
4017 2635 4017 2796 4158 2796 4158 2635
4160 2638 4160 2794 4290 2794 4290 2638
4321 2626 4321 2777 4409 2777 4409 2626
322 2727 322 2854 410 2854 410 2727
466 2725 466 2876 622 2876 622 2725
656 2730 656 2878 724 2878 724 2730
756 2725 756 2898 892 2898 892 2725
901 2742 901 2888 1035 2888 1035 2742
1084 2735 1084 2883 1215 2883 1215 2735
1228 2738 1228 2910 1351 2910 1351 2738
1376 2754 1376 2903 1517 2903 1517 2754
1531 2767 1531 2901 1668 2901 1668 2767
1685 2754 1685 2905 1822 2905 1822 2754
1822 2759 1822 2913 1997 2913 1997 2759
1991 2772 1991 2908 2123 2908 2123 2772
2126 2767 2126 2906 2259 2906 2259 2767
2255 2767 2255 2903 2400 2903 2400 2767
2427 2745 2427 2915 2532 2915 2532 2745
2559 2766 2559 2922 2697 2922 2697 2766
2739 2781 2739 2932 2860 2932 2860 2781
2858 2796 2858 2957 2999 2957 2999 2796
3006 2791 3006 2952 3164 2952 3164 2791
3171 2806 3171 2940 3276 2940 3276 2806
3300 2805 3300 2962 3405 2962 3405 2805
3452 2774 3452 2945 3588 2945 3588 2774
3604 2810 3604 2959 3739 2959 3739 2810
3743 2810 3743 2968 3894 2968 3894 2810
3894 2810 3894 2952 4021 2952 4021 2810
4036 2810 4036 2968 4143 2968 4143 2810
4155 2811 4155 2968 4339 2968 4339 2811
303 2868 303 3035 433 3035 433 2868
467 2899 467 3043 618 3043 618 2899
651 2904 651 3050 725 3050 725 2904
756 2901 756 3047 903 3047 903 2901
917 2912 917 3048 1049 3048 1049 2912
1073 2906 1073 3057 1192 3057 1192 2906
1229 2907 1229 3057 1352 3057 1352 2907
1380 2921 1380 3057 1533 3057 1533 2921
1564 2916 1564 3060 1662 3060 1662 2916
1686 2929 1686 3072 1846 3072 1846 2929
1846 2936 1846 3069 1975 3069 1975 2936
1987 2931 1987 3091 2116 3091 2116 2931
2121 2936 2121 3089 2260 3089 2260 2936
2267 2945 2267 3082 2396 3082 2396 2945
2404 2952 2404 3106 2548 3106 2548 2952
2576 2943 2576 3094 2688 3094 2688 2943
2711 2967 2711 3104 2864 3104 2864 2967
2886 2969 2886 3101 2949 3101 2949 2969
2980 2962 2980 3121 3136 3121 3136 2962
3145 2963 3145 3091 3269 3091 3269 2963
3288 2969 3288 3135 3427 3135 3427 2969
3485 2975 3485 3131 3563 3131 3563 2975
3592 2984 3592 3142 3734 3142 3734 2984
3748 2985 3748 3150 3891 3150 3891 2985
3904 2974 3904 3154 4015 3154 4015 2974
4038 2982 4038 3165 4130 3165 4130 2982
4169 2982 4169 3155 4288 3155 4288 2982
4317 2997 4317 3135 4463 3135 4463 2997
282 3064 282 3248 450 3248 450 3064
457 3073 457 3226 608 3226 608 3073
613 3076 613 3231 752 3231 752 3076
754 3080 754 3234 890 3234 890 3080
893 3080 893 3248 1070 3248 1070 3080
1065 3076 1065 3232 1207 3232 1207 3076
1207 3071 1207 3232 1380 3232 1380 3071
1380 3073 1380 3238 1511 3238 1511 3073
1525 3086 1525 3241 1671 3241 1671 3086
1693 3102 1693 3243 1849 3243 1849 3102
1854 3100 1854 3258 1985 3258 1985 3100
1981 3115 1981 3268 2110 3268 2110 3115
2119 3112 2119 3266 2204 3266 2204 3112
2248 3124 2248 3260 2363 3260 2363 3124
2399 3122 2399 3263 2547 3263 2547 3122
2562 3120 2562 3266 2682 3266 2682 3120
2726 3117 2726 3277 2844 3277 2844 3117
2864 3110 2864 3280 2996 3280 2996 3110
3005 3134 3005 3270 3153 3270 3153 3134
3168 3119 3168 3278 3285 3278 3285 3119
3283 3139 3283 3287 3424 3287 3424 3139
3458 3139 3458 3273 3531 3273 3531 3139
3591 3156 3591 3278 3732 3278 3732 3156
3738 3148 3738 3290 3867 3290 3867 3148
3897 3153 3897 3298 4045 3298 4045 3153
4038 3172 4038 3313 4120 3313 4120 3172
298 3252 298 3384 454 3384 454 3252
471 3233 471 3381 595 3381 595 3233
606 3240 606 3401 753 3401 753 3240
777 3254 777 3405 879 3405 879 3254
896 3255 896 3401 1050 3401 1050 3255
1071 3250 1071 3400 1179 3400 1179 3250
1205 3271 1205 3418 1352 3418 1352 3271
1383 3271 1383 3410 1504 3410 1504 3271
1526 3255 1526 3434 1665 3434 1665 3255
1682 3264 1682 3422 1829 3422 1829 3264
1840 3257 1840 3434 1975 3434 1975 3257
1972 3286 1972 3435 2113 3435 2113 3286
2130 3271 2130 3437 2242 3437 2242 3271
2247 3282 2247 3434 2400 3434 2400 3282
2407 3289 2407 3432 2520 3432 2520 3289
2539 3282 2539 3440 2707 3440 2707 3282
2729 3289 2729 3452 2851 3452 2851 3289
2846 3301 2846 3462 2994 3462 2994 3301
3013 3315 3013 3442 3137 3442 3137 3315
3137 3293 3137 3471 3274 3471 3274 3293
3269 3294 3269 3464 3407 3464 3407 3294
3454 3310 3454 3474 3590 3474 3590 3310
3617 3313 3617 3488 3680 3488 3680 3313
3712 3318 3712 3452 3875 3452 3875 3318
3877 3316 3877 3466 4038 3466 4038 3316
4040 3337 4040 3479 4184 3479 4184 3337
268 3416 268 3557 465 3557 465 3416
477 3424 477 3562 614 3562 614 3424
612 3438 612 3557 741 3557 741 3438
748 3428 748 3570 884 3570 884 3428
881 3424 881 3579 1045 3579 1045 3424
1071 3424 1071 3579 1215 3579 1215 3424
1220 3441 1220 3589 1378 3589 1378 3441
1380 3441 1380 3579 1509 3579 1509 3441
1517 3439 1517 3580 1622 3580 1622 3439
1695 3438 1695 3599 1829 3599 1829 3438
1843 3451 1843 3589 1952 3589 1952 3451
1970 3448 1970 3609 2096 3609 2096 3448
2091 3450 2091 3592 2250 3592 2250 3450
2252 3453 2252 3602 2388 3602 2388 3453
2410 3453 2410 3596 2551 3596 2551 3453
2559 3456 2559 3619 2700 3619 2700 3456
2709 3468 2709 3616 2843 3616 2843 3468
2858 3470 2858 3602 2972 3602 2972 3470
2999 3453 2999 3604 3154 3604 3154 3453
3178 3462 3178 3619 3262 3619 3262 3462
3281 3470 3281 3613 3415 3613 3415 3470
3439 3463 3439 3606 3607 3606 3607 3463
3624 3462 3624 3608 3695 3608 3695 3462
3712 3480 3712 3628 3879 3628 3879 3480
3884 3480 3884 3645 3996 3645 3996 3480
4016 3480 4016 3631 4193 3631 4193 3480
251 3584 251 3735 439 3735 439 3584
449 3599 449 3716 611 3716 611 3599
612 3592 612 3730 750 3730 750 3592
750 3582 750 3730 899 3730 899 3582
913 3584 913 3728 996 3728 996 3584
1021 3592 1021 3730 1240 3730 1240 3592
1230 3620 1230 3747 1363 3747 1363 3620
1386 3592 1386 3749 1534 3749 1534 3592
1543 3601 1543 3749 1673 3749 1673 3601
1689 3606 1689 3735 1811 3735 1811 3606
1845 3625 1845 3738 1972 3738 1972 3625
1975 3615 1975 3759 2106 3759 2106 3615
2120 3589 2120 3766 2237 3766 2237 3589
2250 3609 2250 3740 2381 3740 2381 3609
2385 3611 2385 3749 2549 3749 2549 3611
2559 3618 2559 3754 2665 3754 2665 3618
2707 3615 2707 3752 2862 3752 2862 3615
2872 3608 2872 3755 2996 3755 2996 3608
3009 3616 3009 3771 3150 3771 3150 3616
3150 3630 3150 3754 3276 3754 3276 3630
3315 3618 3315 3762 3385 3762 3385 3618
3424 3630 3424 3786 3576 3786 3576 3630
3593 3621 3593 3788 3719 3788 3719 3621
3722 3623 3722 3791 3887 3791 3887 3623
3891 3671 3891 3798 4026 3798 4026 3671
4033 3643 4033 3808 4159 3808 4159 3643
4161 3634 4161 3785 4279 3785 4279 3634
4283 3663 4283 3794 4402 3794 4402 3663
303 3729 303 3899 414 3899 414 3729
475 3741 475 3899 616 3899 616 3741
629 3754 629 3892 745 3892 745 3754
767 3754 767 3897 855 3897 855 3754
874 3754 874 3902 1040 3902 1040 3754
1089 3768 1089 3902 1206 3902 1206 3768
1218 3754 1218 3909 1366 3909 1366 3754
1378 3765 1378 3919 1532 3919 1532 3765
1534 3773 1534 3912 1650 3912 1650 3773
1673 3770 1673 3907 1841 3907 1841 3770
1840 3773 1840 3919 1972 3919 1972 3773
1977 3773 1977 3924 2116 3924 2116 3773
2118 3776 2118 3929 2247 3929 2247 3776
2250 3775 2250 3924 2376 3924 2376 3775
2407 3775 2407 3921 2514 3921 2514 3775
2566 3771 2566 3922 2683 3922 2683 3771
2712 3788 2712 3933 2870 3933 2870 3788
2884 3795 2884 3927 2979 3927 2979 3795
2989 3770 2989 3941 3133 3941 3133 3770
3133 3788 3133 3951 3281 3951 3281 3788
3289 3797 3289 3953 3425 3953 3425 3797
3440 3790 3440 3948 3593 3948 3593 3790
3581 3798 3581 3941 3751 3941 3751 3798
3749 3804 3749 3946 3885 3946 3885 3804
3889 3802 3889 3951 4014 3951 4014 3802
4016 3805 4016 3951 4131 3951 4131 3805
4125 3810 4125 3975 4293 3975 4293 3810
4303 3821 4303 3956 4444 3956 4444 3821
4131 3967 4131 4131 4296 4131 4296 3967
4002 3970 4002 4135 4128 4135 4128 3970
3873 3965 3873 4152 3992 4152 3992 3965
3591 3951 3591 4129 3721 4129 3721 3951
3459 3967 3459 4128 3578 4128 3578 3967
3276 3958 3276 4138 3427 4138 3427 3958
3152 3961 3152 4136 3272 4136 3272 3961
3016 3963 3016 4124 3143 4124 3143 3963
2863 3956 2863 4128 3002 4128 3002 3956
2710 3946 2710 4148 2853 4148 2853 3946
2558 3946 2558 4109 2695 4109 2695 3946
2390 3956 2390 4109 2541 4109 2541 3956
2113 3968 2113 4096 2267 4096 2267 3968
2276 3956 2276 4096 2345 4096 2345 3956
1975 3953 1975 4119 2099 4119 2099 3953
2865 4143 2865 4304 3004 4304 3004 4143
2717 4138 2717 4274 2865 4274 2865 4138
2559 4123 2559 4298 2693 4298 2693 4123
2402 4114 2402 4311 2527 4311 2527 4114
2237 4136 2237 4308 2369 4308 2369 4136
1868 3948 1868 4096 1967 4096 1967 3948
297 3922 297 4067 451 4067 451 3922
492 3919 492 4063 563 4063 563 3919
589 3922 589 4072 752 4072 752 3922
750 3926 750 4080 892 4080 892 3926
911 3938 911 4085 1018 4085 1018 3938
1049 3951 1049 4090 1189 4090 1189 3951
1237 3933 1237 4090 1368 4090 1368 3933
1368 3948 1368 4079 1519 4079 1519 3948
1521 3953 1521 4092 1670 4092 1670 3953
1690 3960 1690 4094 1823 4094 1823 3960
275 4087 275 4257 468 4257 468 4087
480 4097 480 4260 594 4260 594 4097
600 4085 600 4272 729 4272 729 4085
736 4089 736 4253 874 4253 874 4089
903 4090 903 4291 1055 4291 1055 4090
1062 4125 1062 4263 1205 4263 1205 4125
1215 4127 1215 4264 1366 4264 1366 4127
1386 4113 1386 4264 1488 4264 1488 4113
1497 4108 1497 4263 1682 4263 1682 4108
1704 4130 1704 4281 1850 4281 1850 4130
1865 4112 1865 4298 1979 4298 1979 4112
1991 4135 1991 4297 2099 4297 2099 4135
2125 4132 2125 4285 2194 4285 2194 4132
# Transcript
ANEYEN****
**KHQENEGRAMMATEYENSIMW*
IOSEPESTATEASTYFILOSEIPENPER*
WNOIMHQYMNAIOILEGOSINEPEID
HSYMACOIEISINKAIEYNOITHIPOLH
ITHIAQHNAIWNMHQYMNAIOIOPWSAN
KAIPROSTOSALLOSSYMMACOSTOSAQ
HNAIWNHIAYTOISHSYMMACIAANAGR
AUAIAYTOSTONGRAMMATEATHSBOLH
SWSPERKAIOIALLOISYMMACOIANAG
EGRAMMENOIEISINOMOSAIDETHNP*
ESBEIANTWNMHQYMNAIWNTONAYTON
ORKONOMPERKAIOIALLOISYMMACOI
WMOSANTOISTESYNEDROISTWNSYMM
ACWNKAITOISSTRATHGOISKAITOIS
IPPARCOISOMOSAIDETOISMHQYMNA
IOISTOSTESYNEDROSTWNSYMMACW
KAITOSSTRATHGOSKAITOSIPPARCO
SKATATAYTAEPIMELHQHNAIDEAI
MONKAITOSSYNEDROSTOSEPITWN
WNOPWSANOMOSWSINAIARCAIAIM
YMNAIWNKAQAPEROIALLOISYMMACO
EPAINESAIDETHMPOLINTHNMHQYMN
AIWNKAIKALESAITOSPRESBESTW*
MHQYMNAIWNEPIXENIA