# Baseline angle
6.384709971671821
# Boxes: x1 y1 x2 y2 x3 y3 x4 y4
2066.4836042434295 860.0444763101214 2056.763888031148 955.4528064122376 2203.448819073915 970.3963223591973 2213.168535286197 874.9879922570813
2431.4854689857275 879.0760999055526 2420.856200185913 983.4125603791003 2539.980689961321 995.548358514447 2550.609958761135 891.2118980408991
2290.659774659029 888.7954671786752 2280.094306730965 992.5056609485648 2417.1151563792914 1006.4646493547345 2427.6806243073556 902.7544555848449
1187.5190072807993 959.3314240315062 1175.0234736927796 1081.9870620491527 1339.5847150434383 1098.751725719057 1352.0802486314578 976.0960877014106
1784.8611170284862 1019.1846104310816 1774.3493570964292 1122.3676087458487 1869.5424485186495 1132.0653975343484 1880.0542084507065 1028.882399219581
1882.843701677325 1022.7078341726458 1871.2289439946057 1136.7178125348466 1913.0460891498979 1140.9779309467526 1924.6608468326172 1026.9679525845515
1932.8774454485279 1011.737866048773 1922.3834079808462 1114.746901390302 2022.547710478877 1124.951131920697 2033.0417479465586 1021.9420965791678
2036.9021796395073 1023.9947563733454 2025.621144889922 1134.7289243032585 2104.1556668169187 1142.729622619439 2115.436701566504 1031.9954546895262
2137.2789618247425 1024.6309549998598 2118.9431876173735 1204.6141520446486 2209.8556133213287 1213.8758483458707 2228.1913875286978 1033.8926513010824
2295.99424496052 1064.2725858836916 2283.5650953950117 1186.276601097245 2381.4077305458613 1196.244311947128 2393.8368801113697 1074.2402967335745
2393.1788805645824 1079.769250121702 2382.827163414783 1181.381275141917 2466.019763065762 1189.856514764118 2476.371480215561 1088.244489743903
2468.7439865563506 1058.7474814888576 2456.640509596111 1177.554707953631 2503.602828800452 1182.3389905718075 2515.706305760692 1063.531764107034
2508.92178829483 1072.4494611802534 2496.999080471217 1189.482265317996 2594.6677526488284 1199.4322537035039 2606.590460472442 1082.3994495657614
813.0868631746575 1103.7529233315672 800.8263473221532 1224.1016370316527 917.5247919664369 1235.9902820078628 929.7853078189412 1115.6415683077773
554.4609689338972 1104.5571796135391 544.6050600473684 1201.3023713418863 624.6409700796224 1209.4560234545752 634.4968789661513 1112.710831726228
643.8624477327897 1101.4952213232978 635.268077434185 1185.8572027392795 727.811625127775 1195.2850694663953 736.4059954263798 1110.9230880504138
928.364651030852 1118.4509377206682 917.7105707809123 1223.0309463567496 1029.8753650501849 1234.4577260534431 1040.5294453001243 1129.8777174173617
1035.393811805757 1121.5748365377779 1023.7572465629055 1235.798877003272 1116.3503298807634 1245.2317901682595 1127.9868951236149 1131.0077497027655
1143.7535884594224 1134.809593942722 1133.8819996563973 1231.70869907928 1181.0731239936517 1236.516291202585 1190.9447127966769 1139.617186066027
1200.7670622008936 1126.4047912281424 1189.942305690071 1232.6601509427194 1311.1248650850982 1245.0056147605742 1321.949621595921 1138.7502550459974
1318.5058937492822 1127.2512901684458 1308.3851092392415 1226.5964900011554 1399.4620614222222 1235.8749474246385 1409.582845932263 1136.5297475919292
1406.1049969194723 1153.2957638821138 1395.9381340020564 1253.0932674452426 1474.089937387929 1261.0549763397983 1484.256800305345 1161.2574727766694
1657.081777068725 1177.0372007786832 1644.7113819370952 1298.4644849128463 1730.5883179113514 1307.2131910893058 1742.9587130429811 1185.7859069551425
1755.5523153153779 1179.9442564009626 1743.768383316772 1295.6148428120384 1823.4711104321696 1303.7345519409737 1835.2550424307751 1188.0639655298976
1845.5393265481425 1181.334488635064 1835.0204776303358 1284.5870721391266 1928.2250846222314 1294.082284230868 1938.7439335400381 1190.8297007268054
1936.0076515028327 1194.3080400110746 1926.0560413086787 1291.9926317949084 1979.2474115315536 1297.411498501363 1989.199021725708 1199.726906717529
1984.8881337368412 1194.8988107125695 1973.7438322643848 1304.2908104808437 2062.1859837483557 1313.3008477879398 2073.3302852208117 1203.9088480196656
2073.8244926616803 1207.8546557528778 2061.197812837285 1331.7976197724877 2188.9720922269435 1344.8146145523672 2201.5987720513385 1220.871650532757
2214.246085077932 1205.1884074868626 2201.8999607935452 1326.3774499938995 2351.4779837274764 1341.615699452368 2363.8241080118632 1220.426656945331
2482.353740437532 1238.9978526249934 2469.8729254238947 1361.5090137286415 2581.6697441816623 1372.8983059487064 2594.1505591952996 1250.3871448450582
586.7239130884456 1251.0955696893816 577.3632718623049 1342.9792346612683 710.9838837293731 1356.5918241078007 720.3445249555139 1264.7081591359138
2369.235503592354 1228.5063157750412 2356.7375067172234 1351.1861333165205 2406.8217229456413 1356.2884589513337 2419.3197198207718 1233.6086414098547
776.0392674904826 1253.6211176024729 763.3381533157121 1378.2947261096838 870.2333461869646 1389.1846655736033 882.9344603617353 1264.5110570663924
900.5922419315204 1286.095298518789 889.4585739376892 1395.38292050312 980.8834520671467 1404.6968228553535 992.017120060978 1295.4092008710224
984.639109042128 1289.6872313060474 973.1266010499021 1402.6935309588735 1100.5181618984361 1415.671536317128 1112.0306698906618 1302.6652366643018
1131.2506347475899 1247.2270131822677 1111.9161550279307 1437.0134620000872 1207.1534755390112 1446.715756623576 1226.4879552586701 1256.9293078057565
1222.848926234083 1316.4711681468239 1214.0271677885949 1403.065182155663 1299.6806051653452 1411.7911194298758 1308.5023636108333 1325.1971054210367
1304.5340943836036 1308.8860969945824 1291.4101043509413 1437.7106373356805 1393.473256524974 1448.1083130292047 1406.597246557636 1319.2837726881069
1399.2576862954716 1331.2342766813906 1388.3614993242666 1438.1907948243281 1546.4006058695898 1454.291016517958 1557.2967928407948 1347.3344983750205
1550.9216163191911 1356.3749276228505 1541.6693524271795 1447.1947651902797 1677.2436561299246 1461.006386840695 1686.4959200219362 1370.1865492732659
1689.9464475050177 1360.6289038513273 1678.302252673534 1474.9278360415242 1825.648243014607 1489.9386973531095 1837.2924378460903 1375.6397651629125
1827.9069962290755 1365.8141710341097 1815.6393913908214 1486.2324699234903 1930.3493516047806 1497.9185382029423 1942.6169564430347 1377.5002393135615
1932.6815908509352 1375.6300342890002 1920.1653309085477 1498.4891213391252 2022.0197275146943 1508.8655300753994 2034.5359874570818 1386.0064430252742
2274.9889274614234 1403.4402911108282 2263.241942336564 1518.7482085458078 2381.7549084379343 1530.8217077544004 2393.501893562793 1415.5137903194213
2038.194278639729 1388.2707564942875 2027.4297785077815 1493.9346420998538 2165.514455560566 1508.0020078401528 2176.2789556925136 1402.3381222345865
2177.7669193012125 1399.1102651566362 2167.052582672398 1504.281747901728 2262.3152592839133 1513.9866256759774 2273.029595912728 1408.8151429308855
2402.270791499477 1410.9720176181775 2389.3807379965665 1537.5002467125294 2557.0638763713023 1554.582953399071 2569.953929874213 1428.054724304719
2544.7843740820977 1421.673504379852 2531.9662916424513 1547.4952685104356 2606.0514914133523 1555.0426924778467 2618.8695738529987 1429.220928347263
489.6125417569407 1430.9674758553629 476.336138530653 1561.2880977663103 535.6468754527119 1567.3303744795353 548.9232786789997 1437.0097525685878
546.4863841150607 1444.7577338180517 535.4306949644798 1553.2799187201342 648.7289018275051 1564.8221647367068 659.7845909780858 1456.299979834624
656.5136820000693 1460.9814247631818 647.0233964825493 1554.1376727074119 772.724863222968 1566.943499859787 782.2151487404878 1473.7872519155571
785.5606461055238 1446.5704434543445 773.7159171251606 1562.8378105098386 893.2579180363402 1575.0161425596855 905.1026470167035 1458.7487755041916
901.5654606688379 1460.4257955624994 888.8188086895741 1585.5464012647224 926.0474613101792 1589.3390673563586 938.794113289443 1464.2184616541354
933.3619942206317 1479.5825294722672 922.1093154140463 1590.038356644999 1008.5977750623406 1598.8493617482122 1019.8504538689258 1488.3935345754805
1020.3024293273302 1483.3720866308236 1009.1064624067449 1593.2712322891925 1111.502797497634 1603.7028509664706 1122.698764418219 1493.8037053081016
1118.218868624504 1502.9263934547143 1108.3426541228393 1599.8709042567348 1268.0223191520104 1616.1382577183724 1277.8985336536748 1519.1937469163518
1269.6873875688884 1508.8941166385334 1258.4225733386816 1619.4690646248284 1313.0604895071388 1625.035298087037 1324.3253037373454 1514.4603501007418
1309.9269080751073 1503.698004755066 1300.348010235712 1597.7240675654875 1401.1934215970764 1607.9976860083864 1410.7723194364717 1513.9716231979646
1400.991831923484 1511.7912678867624 1391.4767349558388 1605.1910639935263 1510.2185061901223 1617.287872707248 1519.7336031577672 1523.888076600484
1703.5890503635746 1529.848542307203 1693.5973695420312 1627.9264657029762 1849.3348583052007 1643.7922102639727 1859.3265391267441 1545.7142868681995
1854.717749859281 1519.938093543824 1840.5646558234498 1658.864275980162 1966.8723397024987 1671.7318614564083 1981.0254337383299 1532.8056790200706
1974.984821657728 1537.001883075871 1963.3128114861265 1651.5738494878422 2045.9634726523627 1659.9938791690392 2057.6354828239637 1545.4219127570682
2054.142450361323 1545.2661140804646 2042.811252108605 1656.4926848708524 2164.167774476871 1668.8558711530823 2175.498972729589 1557.6293003626947
2258.2232552328273 1557.8822505516591 2245.971870913951 1678.1413294974218 2336.785225369371 1687.3929329229013 2349.036609688247 1567.1338539771386
534.5829433930098 1583.2949618081302 524.6839599890986 1680.4629712076571 649.5303548929458 1693.181687983153 659.4293382968568 1596.0136785836262
648.1976366017868 1592.8710511495829 637.870730902113 1694.2395280072642 728.023026059227 1703.4237860681183 738.3499317589008 1602.055309210437
724.3619051812702 1592.9357948929821 711.1174023908576 1722.9432834521008 779.3763192493761 1729.8971553007373 792.6208220397889 1599.8896667416184
792.0119140666052 1600.4508662708279 781.4525737821766 1704.100911345635 834.8526995729378 1709.5410450093395 845.4120398573664 1605.8909999345324
887.9989252993696 1603.8410985049295 875.1165013850907 1730.2944358745788 988.0467327366118 1741.7991944145224 1000.929156650891 1615.345857044873
995.1769210275434 1619.537250004134 980.7503604374538 1761.1477687637496 1087.2427852025546 1771.9966762581653 1101.6693457926442 1630.3861574985497
1092.232641306002 1621.863199776467 1080.7484892567766 1734.5911586721118 1216.0939878266079 1748.3794708173984 1227.5781398758336 1635.6515119217536
1218.949690336829 1647.4079526283736 1208.9458740916639 1745.6049968377101 1332.8328193749965 1758.225969757702 1342.8366356201616 1660.0289255483654
1346.5555303777548 1655.2500249847512 1335.5231507323026 1763.5434047539202 1426.9132362671126 1772.8537626132788 1437.9456159125646 1664.5603828441099
1436.067867764482 1652.8574508157494 1421.75881604215 1793.3145074165848 1504.3198424540633 1801.725405564153 1518.6288941763953 1661.2683489633177
1513.2993329018295 1667.9910005996903 1502.9759716950307 1769.3246848627239 1594.122509067307 1778.6102312719572 1604.4458702741058 1677.2765470089234
1596.7787243163339 1677.632073207044 1585.2080024931113 1791.2097974038525 1667.8238710647 1799.626282592175 1679.3945928879225 1686.048558395366
1681.322398192607 1685.3418548600916 1669.980566461264 1796.6728034344223 1788.354362184043 1808.7321246715153 1799.6961939153857 1697.4011760971848
1813.62206556121 1695.3387012414942 1802.1591804692343 1807.857904569253 1943.4701323300387 1822.253946804814 1954.933017422015 1709.7347434770552
1946.0022092394543 1712.0053791410496 1935.5618797677798 1814.4872190274561 1993.8984240397044 1820.4302499401808 2004.3387535113789 1717.9484100537743
1992.9643298688675 1706.0995964840981 1980.6506466232377 1826.9701991038987 2082.435458040089 1837.3395188544227 2094.7491412857185 1716.4689162346222
2084.286383564318 1717.4676957985716 2072.2694763780755 1835.425156962181 2171.961425580659 1845.5812665373219 2183.978332766902 1727.6238053737125
2177.078334119814 1730.718296649322 2165.5055697487123 1844.316070411158 2275.99501293949 1855.5721738469686 2287.5677773105917 1741.9744000851324
2300.8307958220457 1753.1991174415261 2290.1782175171024 1857.7643830479878 2431.210828620726 1872.1320693405485 2441.863406925669 1767.566803734087
2430.671632790418 1739.980983517995 2419.518740387215 1849.4573115051842 2477.104590606511 1855.323865519655 2488.2574830097137 1745.8475375324656
2482.973572868509 1758.953372808242 2472.8740553157186 1858.0898170730652 2569.916460789672 1867.976004586823 2580.015978342463 1768.8395603219997
448.4443117538185 1732.8982242703096 438.10118553476593 1834.4259210716095 552.1500864504198 1846.0446439864359 562.4932126694723 1744.516947185136
563.0567916706327 1742.5408093654933 551.5787672650428 1855.2086195660556 603.3035419773086 1860.4780769688768 614.7815663828986 1747.8102667683147
600.4403701441285 1738.0166452972944 588.4021960006357 1856.1828620287897 682.1286919122466 1865.7312415136564 694.1668660557393 1747.5650247821611
686.7154973114466 1736.7507731619332 674.4159920373171 1857.482205403143 780.1777723148168 1868.2566785471834 792.4772775889464 1747.5252463059735
886.0737020597571 1768.0765804066111 873.1735556811032 1894.7038807494987 981.1325759568135 1905.7021975475473 994.0327223354673 1779.07489720466
986.1183558784019 1770.7350089476008 974.7552571898088 1882.2747130898179 1087.1635996216148 1893.7263042366362 1098.5266983102078 1782.1866000944192
1272.0823036727909 1798.9058026447524 1261.092998544721 1906.7763647427419 1307.6725992079378 1911.5216579392932 1318.6619043360076 1803.6510958413035
1322.864856668675 1802.3949183283303 1311.853743980473 1910.4795425296131 1409.2092828062557 1920.397630479246 1420.2203954944578 1812.3130062779628
1417.073838484328 1807.1601292752955 1404.7737926073164 1927.8968680519129 1567.2769643383556 1944.4518660393092 1579.5770102153672 1823.7151272626916
1556.1253261685554 1817.6132423628999 1543.585756721039 1940.7011345459382 1667.348274655401 1953.3094314394266 1679.8878441029176 1830.2215392563883
1686.5845445481752 1796.8165662834513 1667.2890542501411 1986.2202965601464 1773.4630391280052 1997.0367630158048 1792.7585294260398 1807.6330327391097
1802.9513114797955 1837.8851328014907 1791.3932656830766 1951.3384296493286 1849.1182862809628 1957.2191616352995 1860.6763320776818 1843.7658647874614
1841.492324667192 1828.631027930076 1826.802931001469 1972.8215052290263 1916.4628232981086 1981.9555997867483 1931.152216963831 1837.7651224877982
1938.160837687209 1854.6778119305538 1928.0294196985437 1954.127389547206 2016.123645236038 1963.1019819255523 2026.255063224704 1863.6524043089003
2161.2324389887963 1868.5266350423844 2151.841939874659 1960.7033838010727 2248.640797186079 1970.5647598647051 2258.0312963002166 1878.3880111060168
2254.427887645453 1880.6546100413532 2242.572525186465 1997.0263548807902 2359.1317994521582 2008.9008218854997 2370.9871619111464 1892.529077046063
2360.014061465933 1878.1313546516985 2349.76513460951 1978.734394427131 2461.7907585001913 1990.1469961523244 2472.0396853566144 1889.5439563768919
2466.90580414945 1882.3838183923451 2455.1091961243405 1998.1788321523918 2559.7027712134395 2008.8342944836781 2571.499379238549 1893.0392807236312
454.10240765611513 1903.6523924500657 442.4445754560136 2018.085188483446 529.0722054828985 2026.9103715581596 540.7300376830001 1912.4775755247788
541.7742960538588 1896.4662958202127 528.2932735829343 2028.795451726512 615.5471703134772 2037.6844356729757 629.0281927844018 1905.3552797666764
625.588379528983 1902.0519391336493 613.7492375893734 2018.264464029468 706.4119060965265 2027.7044661802056 718.2510480361361 1911.4919412843867
713.393960238322 1922.9368618363005 701.9457937207287 2035.311588250061 790.4923229886426 2044.3322590357825 801.940489506236 1931.9575326220217
792.4850931881858 1924.198879548931 780.0539010747984 2046.2229443275119 905.7701108448371 2059.0302734248835 918.2013029582245 1937.0062086463026
898.3838261496571 1944.2851524026728 887.8401657817253 2047.781284069269 974.0850772674858 2056.5674777223576 984.6287376354176 1953.071346055761
994.5883813813848 1961.183354857101 983.8988562026948 2066.1112894396592 1086.1212283203456 2076.525185652562 1096.8107534990354 1971.5972510700035
1095.9787937204633 1956.4538753355164 1084.7261149138778 2066.9097025082483 1171.214574562172 2075.7207076114614 1182.4672533687576 1965.2648804387295
1165.6466059363477 1961.4340665874156 1153.2083248372103 2083.527716555292 1276.9360501769245 2096.132468955905 1289.3743312760619 1974.0388189880287
1278.4744165601621 1985.6511176566573 1269.2753200612758 2075.9490663043716 1419.7632569914533 2091.2800131804725 1428.9623534903394 2000.9820645327582
1410.914065714183 1998.4861997350804 1399.7180987935978 2108.3853453934494 1502.114433884487 2118.8169640707274 1513.3104008050718 2008.9178184123584
1509.0964880262823 2014.0493597268223 1500.123818332165 2102.124712275891 1571.8926572912924 2109.4361571656723 1580.8653269854099 2021.3608046166032
1594.506819993026 2010.7214184216555 1583.8674583174684 2115.156950143739 1643.2678299938505 2121.2083583905924 1653.907191669408 2016.772826668509
1646.5247203184226 2012.183624199613 1635.9025405043583 2116.4504994838658 1757.0155147100904 2128.78887431597 1767.6376945241545 2024.5219990317178
1765.9931422679601 2024.154261479528 1754.5561498318739 2136.419303573938 1789.3440142917352 2139.9633145614407 1800.7810067278215 2027.6982724670306
1860.938003958584 2017.8108271306214 1850.2165783440191 2123.0518950650085 1943.4907705252103 2132.5541961424997 1954.2121961397752 2027.3131282081126
1992.2240411733442 2013.1733516601225 1979.5152974099415 2137.9218518920366 2141.163397304409 2154.3897395025538 2153.8721410678118 2029.6412392706397
2153.866188679502 2054.012256513186 2143.0900937268157 2159.789956396908 2192.582835846223 2164.8320256528464 2203.3589307989096 2059.054325769124
2201.89294217275 2041.208479276218 2191.1092176314314 2147.061070884643 2295.354866774054 2157.6810882871787 2306.1385913153727 2051.828496678754
2300.6734758663656 2046.7582625213358 2288.238739260103 2168.8171198945643 2412.96070681498 2181.523160643557 2425.395443421242 2059.4643032703284
2435.24204034599 2072.7640590654364 2421.423209846175 2208.4091245340787 2527.7068790433896 2219.2367650712445 2541.5257095432044 2083.591699602602
2537.8145840126263 2082.606481823881 2524.9215266197225 2209.1641969774732 2634.869031325757 2220.36509047228 2647.7620887186613 2093.8073753186877
625.1939602334578 2103.4715122476327 613.2160424688406 2221.0462548701175 723.8446560382082 2232.3165362774284 735.8225738028254 2114.7417936549436
727.234187468177 2106.262932296085 714.0954788611326 2235.2319495511815 868.9230536280556 2251.0049966945453 882.0617622351001 2122.035979439449
878.4991429695081 2137.390303485768 868.1899597342092 2238.5848173702116 963.3134659671341 2248.275517172961 973.6226492024327 2147.0810032885174
983.2667473134131 2144.372357627564 973.1672297606224 2243.508801892387 1070.2096352345764 2253.3949894061448 1080.3091527873669 2154.258545141321
1069.3420368174707 2131.066549242025 1057.8006322793626 2244.3564961874395 1233.9796468601385 2262.3047196020175 1245.5210513982463 2149.014772656603
1234.2431770605992 2153.080498149844 1224.1067126340618 2252.579611390764 1282.3388791220434 2258.5120088248636 1292.4753435485807 2159.012895583944
1287.1258725865703 2150.6047730976074 1276.8789882780252 2251.187763308013 1361.0310375495187 2259.7607467857174 1371.2779218580636 2159.1777565753123
1368.9440322435535 2147.024128529292 1355.2442125564924 2281.5009888095337 1466.4643002348703 2292.83152659572 1480.1641199219316 2158.3546663154775
1482.4918792965327 2142.564708204492 1467.3967916344113 2290.7374608994983 1613.9372457631805 2305.6662582720764 1629.0323334253019 2157.49350557707
1638.35343369155 2166.811791149861 1627.1377017587113 2276.9049493464963 1752.4364003929777 2289.669744529367 1763.6521323258166 2179.576586332732
1773.7794526917278 2178.0125513763833 1760.5916617873154 2307.463358421139 1844.7584540884286 2316.0378438438406 1857.946244992841 2186.587036799084
1845.0881296405541 2190.7825393093403 1833.7392089234613 2302.1830730729666 1950.1245202159162 2314.0398176133012 1961.473440933009 2202.639283849675
1959.7674557131663 2199.4606340707765 1948.6444211979601 2308.6438782711643 2043.0520259729042 2318.261645668535 2054.17506048811 2209.0784014681467
2052.5616195606253 2208.6447391677953 2043.7393205122553 2295.244059712042 2186.1341493425443 2309.7505218296105 2194.9564483909144 2223.1512012853636
2194.457535420848 2190.728000930594 2182.399596265102 2309.088230200355 2299.0284557200903 2320.9697861908153 2311.086394875836 2202.6095569210543
2317.9835999562656 2210.9668345173977 2305.1498376001227 2336.942512056192 2346.3902516760245 2341.1438760342194 2359.224014032167 2215.168198495425
2354.159188402782 2212.7353099625248 2341.56645156214 2336.345091065278 2450.41533626907 2347.4340627330807 2463.008073109712 2223.8242816303277
2458.527818224299 2230.7040843525433 2446.9621428389482 2344.232272925084 2559.4400704600494 2355.690953057653 2571.0057458454003 2242.1627644851123
680.0099382465688 2288.526121902367 668.6255726007258 2400.2745816124693 775.0684617415586 2411.118442669014 786.4528273874018 2299.369982958912
769.0792886788709 2305.4863935266008 758.9402411015731 2405.010862867956 901.7873736622821 2419.5634033929 911.9264212395799 2320.038934051545
891.8067033653788 2298.632074861272 881.0604663006889 2404.1166909581925 967.3749629757447 2412.909973597031 978.1212000404348 2307.4253575001103
974.6230001324657 2304.1512224209773 962.5919149747231 2422.247853963177 1058.3068953166583 2431.998810144802 1070.3379804744009 2313.902178602602
1059.5678618230897 2307.8077880720707 1047.5828550727224 2425.452115883851 1156.2229842117658 2436.5198205944034 1168.2079909621332 2318.8754927826226
1152.362376072615 2329.0251895433785 1142.6978698013372 2423.8915811607517 1276.4228594523483 2437.5148040859094 1286.0873657236261 2342.648412468536
1289.6797497769207 2327.49006989493 1277.593454678174 2446.128639921872 1386.2683764118653 2457.1998891252997 1398.3546715106118 2338.5613190983577
1409.0971690164663 2331.9930236067626 1396.8427808075978 2452.2815886117655 1429.920501594316 2455.65137884551 1442.1748898031844 2335.362813840507
1415.0462633013217 2342.5224259425845 1401.452778400511 2475.955508383396 1542.5001325337544 2490.3246966209535 1556.093617434565 2356.891614180142
1561.2155028564916 2350.481646360619 1549.5860265993902 2464.636101636818 1644.1675943475725 2474.2715914985633 1655.7970706046735 2360.1171362223645
1655.131591751599 2364.0026568102203 1644.6729992126675 2466.6637662052726 1754.7797238623202 2477.880880219458 1765.2383164012517 2375.2197708244057
1764.5711439107727 2365.840652984739 1754.1976192008417 2467.6667401082473 1888.1661570143865 2481.31477448353 1898.5396817243177 2379.4886873600217
1883.4736996468841 2366.7244274863438 1869.4705555175678 2504.178707876665 1924.0536295263496 2509.73935429812 1938.056773655666 2372.2850739077985
1923.5210735719302 2392.388781214372 1912.4532489977278 2501.030086930017 1993.900912380916 2509.3275613055857 2004.9687369551184 2400.68625558994
2010.073250213988 2379.7992834782053 1998.8489273504028 2489.9767698937553 2093.2913247199945 2499.598081784001 2104.5156475835797 2389.420595368451
2115.425686187632 2375.166935395765 2100.4283423810148 2522.3802384702567 2245.939761699974 2537.2042030015805 2260.9371055065917 2389.990899927089
2266.4977943036574 2395.0881794483653 2255.3230943403228 2504.7785695388484 2363.6848827221847 2515.8179183064008 2374.8595826855194 2406.1275282159177
2337.9989682357236 2404.030998144116 2326.776147317135 2514.1937415300463 2450.0863615210774 2526.7559600161594 2461.309182439666 2416.593216630229
2469.855298247835 2398.347393944465 2457.994889350976 2514.7686744081698 2544.692104567156 2523.6009464686326 2556.5525134640156 2407.179666004928
790.7019719097625 2477.3044937660593 780.8425185303586 2574.084478089054 859.8841863474504 2582.1368418533634 869.7436397268543 2485.356857530369
880.9678955071631 2461.2713082713344 867.9998631610017 2588.5649744479347 1013.8096728021699 2603.4193374701376 1026.777705148331 2476.125671293537
1029.3723853969982 2491.2065328798444 1019.1574015243284 2591.4763897384205 1112.2576307322813 2600.960968351537 1122.472614604951 2500.6911114929608
1091.035771028957 2497.319715639206 1079.5657969512317 2609.9085041562603 1218.8882643817115 2624.1019696950634 1230.358238459437 2511.5131811780093
1252.8921010410688 2501.636111439555 1239.821278401532 2629.938762860938 1356.7980638029971 2641.855763780148 1369.8688864425337 2513.5531123587652
1366.2275314831434 2516.6023221355445 1354.576788268792 2630.9655329796296 1443.1929027260012 2639.993292751101 1454.8436459403526 2525.6300819070157
1441.5982776017759 2522.5075148679275 1430.1424814955503 2634.957133006391 1573.4419177866791 2649.55575193871 1584.8977138929044 2537.1061338002464
1541.5698927856479 2534.360303282053 1531.2748875218492 2635.4156467879056 1630.3753626154225 2645.5114999841708 1640.6703678792212 2544.4561564783185
1669.5036880164578 2535.3493477018033 1657.962824081232 2648.6339881118106 1777.4004472084684 2660.8016866830326 1788.9413111436943 2547.5170462730252
1753.726046578735 2543.7126700302847 1742.590336037025 2653.020341579643 1861.8887887856708 2665.173862179365 1873.024499327381 2555.8661906300067
1855.872705817363 2555.306465707439 1845.1548246956731 2660.512741047179 1939.4232590920265 2670.1163304730494 1950.1411402137164 2564.9100551333095
2013.0847957188062 2573.0659454570605 2004.0143821691845 2662.100747626644 2076.812255938122 2669.517025357679 2085.8826694877434 2580.4822231880953
2087.63883525076 2567.3766555928732 2076.554790157179 2676.177181252137 2181.899059298907 2686.909120481677 2192.983104392488 2578.1085948224127
2215.2421115976567 2559.251927328693 2202.5389548750077 2683.9455854009316 2337.3077223654486 2697.6751431123394 2350.0108790880977 2572.981485040101
2359.8369821736155 2578.423564357632 2348.7428442042915 2687.3231612654317 2394.3629952469937 2691.970710606479 2405.4571332163177 2583.0711136986793
389.0015345018853 2612.7865497480957 375.6076224078398 2744.260633817824 458.8497576830864 2752.740919877896 472.2436697771318 2621.2668358081683
485.7979116413069 2637.9041590913835 471.4853154261 2778.3960082868657 553.0520996228511 2786.7056180860554 567.3646958380581 2646.213768890573
557.6610379416792 2655.0601921970183 546.9927797202394 2759.779371211691 655.1806051288632 2770.800997514868 665.848863350303 2666.0818185001954
648.0761468944148 2660.632555758678 638.4420391140156 2755.200557053842 752.2473918671358 2766.794468518544 761.8814996475351 2672.2264672233796
753.5748541272987 2659.605659737775 739.3169272502136 2799.5608769839228 864.665161508748 2812.3307186046654 878.9230883858331 2672.375501358518
415.27624592038035 2802.0590538038596 405.10788105796814 2901.8713003966086 454.39186760948985 2906.8921026952967 464.56023247190217 2807.079856102548
460.90845147516563 2809.1090053076523 450.7841224722499 2908.4889977350094 540.8668324400686 2917.6661668101133 550.9911614429843 2818.286174382756
545.720321658327 2814.76114437482 535.4045900401603 2916.019936913151 571.7982203892215 2919.727535175786 582.1139520073881 2818.4687426374553
586.2306021654634 2823.47419052603 576.5539604705641 2918.4597029569663 678.4284066417382 2928.838154241119 688.1050483366377 2833.8526418101824
668.5814286564307 2835.9778450419954 657.8600030418656 2941.2189129763824 751.1341952230568 2950.721214053874 761.8556208376217 2845.4801461194866
768.4927405655462 2825.5985506247703 754.9068852533676 2958.9567413408795 841.201332363396 2967.747981431839 854.7871876755744 2834.3897907157298
857.3622533345874 2830.5188859988266 845.2293392255838 2949.615066291596 997.7205036157056 2965.1500918094516 1009.8534177247095 2846.053911516682
992.1968008291374 2852.5335357107783 982.7445433911284 2945.3165016080966 1033.773466210441 2950.515069153418 1043.22572364845 2857.7321032560994
1054.3631857057367 2846.534697796542 1042.5027768088771 2962.9559782602464 1129.1999920250573 2971.7882503207097 1141.0604009219169 2855.366969857005
1133.3238908421667 2855.7590895458047 1122.1810913147071 2965.1363462844593 1239.4910596330285 2977.0872901874227 1250.6338591604883 2867.710033448768
1266.4373507013527 2870.35032152893 1256.2020612135473 2970.8194974611797 1428.946045418417 2988.4177774232458 1439.1813349062224 2887.948601490996
1439.253938452981 2864.8607268003484 1427.203088282985 2983.1513708808143 1545.8204321682974 2995.2355035680325 1557.8712823382934 2876.9448594875666
408.0080812615827 3011.6854548590586 395.7440209162032 3132.068961153792 511.4482233453249 3143.8563177816227 523.7122836907042 3023.4728114868894
519.5850515121447 3019.39488611004 508.0143296889222 3132.9726103068488 590.6301982605107 3141.389095495171 602.2009200837332 3027.8113712983622
596.7426802157398 3008.659117114634 583.8212668798358 3135.4951730254074 685.8148338645731 3145.8857597331817 698.736247200477 3019.0497038224075
341.54905687165717 3010.476302746316 330.79573082121703 3116.030504032532 415.12174306594864 3124.621209974612 425.87506911638866 3019.067008688396
683.5302041873101 3007.0427094728466 672.2734402849677 3117.5386357756333 814.5090491716389 3132.0288773738234 825.7658130739815 3021.532951071037
1337.0694314918562 3045.929906935561 1326.406219708288 3150.5995503259655 1464.4561041664247 3164.663371573389 1475.119315949993 3059.993728182985
1474.9121313501248 3055.611980884009 1461.464511260072 3187.613260408859 1586.534404761425 3200.354746086602 1599.9820248514777 3068.3534665617517
1568.3894064675133 3064.3166351489986 1556.93415096417 3176.7609467520547 1643.4921958017594 3185.5790408410176 1654.9474513051027 3073.1347292379614
1665.4893925852282 3068.312669846704 1651.913630148793 3201.5717893142773 1797.9321953578465 3216.44741929373 1811.5079577942824 3083.1882998261563
1800.0421136190466 3089.7506402926347 1786.5129701928686 3222.552149494382 1888.7152927454913 3232.964003159406 1902.2444361716698 3100.162493957659
305.2621346709576 3159.534780708498 294.05907876462265 3269.5035115561623 394.4669294251871 3279.7325535366826 405.6699853315222 3169.7638226890185
689.6102053306032 3212.2088785195483 679.7826523870746 3308.675729490714 767.7725001406259 3317.6396883904354 777.6000530841545 3221.17283741927
773.7564171723179 3197.77229191851 760.7038576000382 3325.8956738312468 825.910462623775 3332.5385916489963 838.9630221960545 3204.4152097362594
582.9128225202222 3174.0294534136747 570.0091316486934 3300.6915463512096 676.9739097092415 3311.5885748008795 689.8776005807704 3184.926481863344
848.1903945465197 3163.646304573719 828.189430302707 3359.9749377619023 935.6012055582673 3370.9175040160644 955.6021698020797 3174.5888708278812
944.2446023371483 3196.105342848362 931.5738866532565 3320.4805610333638 1018.5494426266177 3329.341189036827 1031.22015831051 3204.9659708518257
1029.788276213421 3205.8151245014096 1017.2791052567836 3328.6046263622393 1121.1219862932544 3339.1836117952716 1133.631157249892 3216.394109934442
1122.58244006088 3211.9992295984284 1109.2133394169596 3343.229765505623 1199.4151701983412 3352.4190700043487 1212.7842708422618 3221.188534097154
1300.786585473016 3199.8220970159914 1286.4557261905518 3340.4932157201197 1419.7926907650315 3354.07690862077 1434.1235500474957 3213.4057899166414
1439.7452713071775 3220.107156326794 1426.3903486347572 3351.198521855398 1520.5691482767877 3360.79297974764 1533.924070949208 3229.701614219036
1533.1382473402853 3232.3444774257678 1518.0062128044174 3380.8798990968708 1625.736427947214 3391.854906389791 1640.8684624830817 3243.319484718688
1641.5648701497485 3259.614744496964 1628.2388440232105 3390.422462732979 1673.6301899329992 3395.046702568897 1686.956216059537 3264.238984332882
1689.1926491206082 3266.7976875082195 1676.2869157012008 3393.4798300107823 1811.125268380937 3407.2164767079403 1824.0310018003447 3280.534334205377
1822.9629141533896 3289.743628174477 1812.3802643638323 3393.622478382198 1887.6885114828092 3401.2945002031165 1898.271161272366 3297.4156499953956
1900.9232688877532 3292.9347235494506 1890.582185216579 3394.4423707857227 1976.7575115130448 3403.221475453061 1987.0985951842185 3301.713828216789
389.7228001916508 3328.1766886921537 375.87561374883535 3464.100094917978 474.2053452247527 3474.1174286681107 488.05253166756813 3338.194022442287
486.6503059486388 3346.3985167473875 474.04897817725055 3470.0926260690567 552.0415616195048 3478.0381144442335 564.642889390893 3354.3440051225643
552.9700493572795 3356.836025911688 541.2195197395453 3472.178735941315 658.738243625753 3484.150946801529 670.4887732434871 3368.8082367719016
669.7221606574449 3362.283550329603 658.1777522293439 3475.602983334258 776.6211331414183 3487.669393557101 788.1655415695193 3374.3499605524457
781.7468948484243 3370.5404406541757 769.3886351404158 3491.848603974776 887.1161145945093 3503.8420817922397 899.4743743025178 3382.5339184716395
883.0956050422758 3383.1076768277762 871.0326194486581 3501.517441721805 957.7994198541337 3510.356802768019 969.8624054477511 3391.94703787399
978.1690316564368 3382.901660570258 965.9819888121933 3502.5291662769555 1017.950311686993 3507.8234351299025 1030.1373545312365 3388.195929423205
1030.4444122309742 3390.671998905282 1018.4558609877317 3508.35111931171 1126.101747911613 3519.3175356738834 1138.0902991548553 3401.6384152674555
1138.3342920245946 3412.0242547739495 1127.3854782631465 3519.497355301194 1213.7695601274977 3528.2977269257826 1224.7183738889457 3420.8246263985375
1211.1461622077559 3416.6763938411173 1198.507346959739 3540.7384786742905 1294.43108286956 3550.510701813165 1307.069898117577 3426.448616979992
1301.3012272173216 3404.9738242251524 1287.1729446316156 3543.656458498957 1420.4403240167997 3557.2330624138567 1434.568606602506 3418.550428140053
1441.0182762481484 3423.5185770770595 1429.6232771236803 3535.371414571105 1533.0834396190269 3545.911410582512 1544.478438743495 3434.058573088467
1524.5930332067478 3437.294504081772 1513.3028669235339 3548.118306766008 1617.7224790393948 3558.756046632919 1629.0126453226087 3447.932243948683
1631.6424640113846 3452.8532374895885 1620.7468176430616 3559.804449097119 1722.0445327348455 3570.124145947392 1732.9401791031682 3463.172934339863
1711.8954582590745 3452.2523228915416 1700.9304239782475 3559.884643362405 1811.2111116011388 3571.119479840965 1822.1761458819656 3463.487159370102
1828.920192450054 3459.5092132161135 1816.2748288191688 3583.6355767031746 1853.4686888451265 3587.4246983019357 1866.1140524760112 3463.2983348148746
1861.2512557257278 3471.650454082142 1851.8217671899656 3564.209921381954 1937.6839601346019 3572.9571256134172 1947.113448670364 3480.397658313605
1939.2467697242773 3454.7414069270285 1926.7553212320145 3577.3569458146203 2035.5694133442967 3588.442372989547 2048.0608618365586 3465.8268341019557
396.6494428029022 3518.9065106603193 376.6413895733398 3715.304729037797 482.06468039857555 3726.0447185952016 502.07273362813805 3529.6465002177238
497.9482014929612 3571.105952388705 484.1547230461532 3706.5021631594063 540.6566962959639 3712.25829729187 554.4501747427719 3576.8620865211687
567.2327856374162 3595.6436040830927 557.2897663740084 3693.2438676480115 641.3374378615588 3701.806217647091 651.2804571249666 3604.205954082173
630.2810682410067 3575.105362464137 617.647299430861 3699.117911673042 743.4330943901952 3711.9323297561637 756.0668632003408 3587.9197805472586
743.6899847147674 3597.9075955651842 733.05062303921 3702.3431272872676 792.4509947155921 3708.394535534121 803.0903563911493 3603.9590038120377
788.3823965494621 3613.1925439964234 778.3274554590503 3711.8914275604466 859.4271928957617 3720.1534570072645 869.4821339861733 3621.454573443241
868.6970125700443 3596.6964519196076 855.5912856046396 3725.34172275206 905.8842574009436 3730.465315344123 918.9899843663484 3601.820044511671
896.418547602322 3629.150251926628 887.7122554767129 3714.6108533417146 977.3078691194642 3723.7383995165683 986.014161245073 3638.2777981014815
977.7132439952388 3618.2526216333945 964.582164976827 3747.146747163788 1064.656832720535 3757.3418461605543 1077.7879117389468 3628.447720630161
1074.979517994706 3619.252732512959 1063.3677642019793 3733.2332248159196 1162.9205430259726 3743.375156419561 1174.5322968186993 3629.3946641166003
1159.438989781545 3619.492266903895 1148.041948109198 3731.365153962968 1279.3756852237332 3744.744768221864 1290.77272689608 3632.871881162791
1287.353312781603 3646.110155385422 1276.8754958333 3748.959970783333 1353.1431925727911 3756.7297364597553 1363.6210095210943 3653.879921061844
1365.324033171648 3614.9021792431604 1350.004140513404 3765.2816084305896 1405.0395182526056 3770.8883332594196 1420.3594109108494 3620.5089040719904
1472.5368377619411 3608.464891837988 1456.748952180545 3763.4381200955113 1579.636348713308 3775.9572640642427 1595.424234294704 3620.9840358067195
1592.4093616219252 3632.3824101107957 1582.003936476119 3734.5216305861336 1707.0242943532044 3747.2580698260044 1717.4297194990106 3645.118849350667
1708.5228214811114 3637.9736420939216 1698.2030047671874 3739.272533762308 1790.3437843546258 3748.6593685199196 1800.6636010685497 3647.360476851534
1803.8001619403922 3629.6412742048287 1791.8151551900246 3747.2856020166096 1900.455284329068 3758.353306727162 1912.440291079436 3640.7089789153815
1918.1750812357309 3629.3772649593643 1904.1324070819073 3767.219570426217 2004.5202081774446 3777.4465698588583 2018.5628823312682 3639.6042643920055
396.16010536019576 3728.221611655137 382.5985208952602 3861.34156074412 532.594054964963 3876.6223441170887 546.1556394298984 3743.5023950281056
561.9788094089396 3728.668435268919 546.4380769866804 3881.2156183953184 653.3132202929056 3892.10351531136 668.8539527151647 3739.5563321849604
664.8195493824645 3744.4532154414833 651.7209114028096 3873.02890108464 704.0023676294381 3878.355070373462 717.1010056090929 3749.779384730305
711.626895986853 3745.2412601122096 699.2296468572193 3866.9321419739344 806.0204619445292 3877.8114479592286 818.4177110741628 3756.120566097504
803.7187297408495 3779.569870573419 794.107931465579 3873.9090667356695 886.0051628904837 3883.271090043157 895.6159611657542 3788.9318938809065
906.6832576519196 3763.591763970545 893.3637799082494 3894.3352035526723 997.4850017019016 3904.9425449287046 1010.8044794455716 3774.199105346577
1017.8979251321089 3742.054684437353 998.8440009524581 3929.0872117425997 1115.8850650078111 3941.010761044677 1134.938989187462 3753.9782337394304
1127.3138318838246 3779.6907266514954 1113.6054212660167 3914.2519151506526 1193.96920767972 3922.438969644213 1207.6776182975277 3787.877781145055
1188.6934311703083 3783.329936368952 1176.4668583015575 3903.3454671521813 1274.2399082631125 3913.306089016314 1286.4664811318632 3793.2905582330854
1288.820073786424 3792.525107925785 1276.8421560218069 3910.0998505482703 1387.4707695911743 3921.370131955581 1399.4486873557917 3803.795389333096
1436.0311124816678 3802.184698552539 1424.2126968964265 3918.1937744158786 1579.582210148092 3934.0220315002466 1591.4006257333333 3818.0129556369066
1584.331480654404 3807.2481376825194 1571.559476622133 3932.617598082684 1658.569825190142 3941.481770579022 1671.341829222413 3816.1123101788576
1642.4289030780897 3794.277371759667 1629.4431482675532 3921.7450009095055 1770.2817468329104 3936.092922189813 1783.2675016434468 3808.625293039974
1774.1415255249908 3806.9551161190366 1764.0420079722003 3906.0915603838594 1861.084413446154 3915.9777478976175 1871.1839309989446 3816.841303632794
1880.9176326346806 3801.637890871617 1867.9035218811441 3929.3838607786374 2000.788182725204 3942.921475271912 2013.8022934787405 3815.1755053648917
1969.4037609199204 3818.076562121681 1958.7957590773563 3922.204267027343 2083.885702143737 3934.9477952529637 2094.4937039863016 3830.8200903473016
162.63599478029005 3900.4937830722074 151.47547278845536 4010.0450027841 263.814230030966 4021.4895049451684 274.9747520228009 3911.9382852332765
268.40546201409165 3907.3760450859827 255.88920207170395 4030.235132136107 357.7435986778504 4040.6115408723817 370.259858620238 3917.752453822257
371.59895078600505 3915.6067263090677 358.9332815399846 4039.9324088698017 475.770896562859 4051.835231817512 488.43656580887955 3927.5095492567775
481.5571892232531 3912.861403341677 467.92729805157785 4046.6518482231786 513.4230217453096 4051.286721537722 527.0529129169847 3917.4962766562203
618.2296220127573 3926.7027748939217 603.2611747520224 4073.632430675825 699.9851403387397 4083.486177150826 714.9535875994748 3936.5565213689224
711.2217606335803 3963.0266083691395 700.1802494544995 4071.40962289263 817.4554251781735 4083.35702230272 828.4969363572543 3974.974007779228
822.7027615307618 3929.5316783780872 808.9036960432 4064.9827313084643 892.2850016970374 4073.477195340037 906.084067184599 3938.0261424096598
904.6789597109314 3957.2905998512306 894.3611855448862 4058.569441954589 958.6283905131361 4065.1166584647135 968.9461646791813 3963.837816361355
972.3998909339234 3963.6748930135764 961.5326005086004 4070.347763863925 1070.7842533216817 4081.477767501232 1081.6515437470046 3974.8048966508823
1083.3647692470597 3957.730082784992 1071.02981904418 4078.809440972678 1166.8491771700583 4088.5710306329283 1179.184127372938 3967.4916724452414
1168.8789695236833 3949.237716487969 1154.5557398298513 4089.8339434673944 1233.139797381116 4097.839688221447 1247.463027074948 3957.2434612420216
1239.6512538587333 3968.122989592687 1227.5310157762333 4087.0947425364866 1355.1313321926532 4100.09401485199 1367.2515702751534 3981.1222619081914
1372.365739195531 3977.700941824036 1360.1138142737732 4097.965327305205 1507.6685601827319 4112.997455574041 1519.9204851044897 3992.7330700928715
1505.0713713644773 3983.54487707031 1494.3499457499124 4088.785945004697 1587.6241379311036 4098.288246082188 1598.3455635456687 3993.0471781478013
1591.464347397585 3995.782198169283 1579.6104868835932 4112.139199979099 1725.0375779836372 4126.954573579677 1736.891438497629 4010.597571769861
387.67955573858376 4133.842402200444 376.33976655511947 4245.153301209747 466.83998765871013 4254.373004199351 478.1797768421744 4143.062105190048
467.7881416169306 4128.536243412838 453.7773678989822 4266.065415527863 563.1133489309789 4277.204010095915 577.1241226489274 4139.6748379808905
644.7506502257321 4109.618804371505 629.3431065877271 4260.858611930913 745.1316372357642 4272.654559489491 760.5391808737692 4121.414751930082
737.9197927860547 4125.580938885634 725.8937540661835 4243.628034803567 851.4707934576315 4256.421185929438 863.4968321775027 4138.374090011505
844.8115354695713 4140.833402626282 832.4907632381917 4261.773590435378 932.2870902247184 4271.940333489143 944.607862456098 4151.000145680047
947.9359647937242 4141.095069936846 934.3445224407922 4274.50810281263 1047.5183019548467 4286.037672802699 1061.109744307779 4152.624639926915
1041.766339111568 4166.278921626645 1029.5722072815747 4285.9760125226385 1079.5520457260495 4291.067704678826 1091.7461775560428 4171.370613782834
1096.3978438622203 4146.2622803818595 1082.7192911324091 4280.5303850942155 1199.9048321017603 4292.468652970675 1213.5833848315713 4158.200548258319
1219.3897290758239 4159.549903386692 1206.9504866345721 4281.652989848781 1245.0690036863966 4285.53631081017 1257.5082461276484 4163.433224348081
1275.3540629971997 4151.577624976009 1262.1394180947837 4281.292029748326 1367.2200895089504 4291.997114979862 1380.4347344113664 4162.282710207545
1377.0492325156179 4181.823545835614 1366.5729175123113 4284.6586182039055 1471.708431086153 4295.369290476195 1482.1847460894596 4192.534218107904
1471.0292534704274 4178.37996895662 1459.8297420569675 4288.313907209637 1561.2318349326943 4298.644237538536 1572.4313463461544 4188.71029928552
1572.8699934439524 4181.164749129184 1561.282510498469 4294.90699980502 1724.5363762821366 4311.538474690669 1736.12385922762 4197.796224014835
2145 1564 2135.4710152070857 1657.5361184220221 2248 1669 2257.5289847929143 1575.4638815779779
2019 1855 2007.783146302066 1965.1041693961574 2154 1980 2165.216853697934 1869.8958306038426
1096 1786 1086.1368944909213 1882.815833475994 1245 1899 1254.8631055090787 1802.184166524006
1799 2016 1788.788469746144 2116.235956279935 1865 2124 1875.211530253856 2023.7640437200648
440 1581 429.57194037883096 1683.3613995441424 534 1694 544.428059621169 1591.6386004558576
# Transcript
*W*DH*
*****D*SIOS)TRIN*
LHYGEINOSRGEIOYMI*H
*DSYNFERWNALEXANDR*
IDWNIOYMILH*WKRATH***
KMYRIEYHMEROSZWILOYMIL*
MILHQEMISWNFILOXENOY
EROSARTEMWNOSMILHDIONYS
ONOYMILHAPOLLWNIOS
APOLLWNIDOYMILHAGAQ*
EYODOSAQHNA*OYMI**
STOSK********
ILICOYMILHMH
STOYM*****MASAG*
O**HS)FALHALKIMOS
HRAKLEIDHSAQHNAIOY
FRODISIOYEXOIAPOLL*
MFILOYFYLAAGAQHM
OYNIYGEINOSAMEM**
OSKALLINIKOSP


# Lines: x1 y1 x2 y2 x3 y3 x4 y4
2006 887 2592 924
1148 1010 2643 1112
540 1135 2634 1272
535 1259 2690 1460
437 1471 2663 1621
464 1607 2616 1792
433 1748 2599 1920
408 1920 2727 2138
550 2140 2601 2292
609 2314 2582 2451
744 2496 2438 2633
349 2647 960 2724
396 2834 1643 2907
326 3056 1956 3146
231 3203 2037 3359
344 3379 2114 3528
331 3604 2106 3702
346 3780 2148 3885
123 3935 1902 4050
351 4177 1819 4265