# Baseline angle
0
# Boxes: x1 y1 x2 y2 x3 y3 x4 y4
991 495 991 656 1190 656 1190 495
1184 492 1184 653 1342 653 1342 492
1350 515 1350 675 1416 675 1416 515
1439 529 1439 669 1585 669 1585 529
1595 495 1595 659 1737 659 1737 495
1741 511 1741 657 1897 657 1897 511
1876 500 1876 666 2027 666 2027 500
2005 483 2005 668 2177 668 2177 483
2166 502 2166 680 2270 680 2270 502
370 679 370 809 504 809 504 679
505 702 505 811 567 811 567 702
570 701 570 809 679 809 679 701
683 694 683 814 744 814 744 694
749 685 749 817 879 817 879 685
877 702 877 825 1011 825 1011 702
1000 697 1000 825 1063 825 1063 697
1065 714 1065 828 1170 828 1170 714
1167 708 1167 828 1287 828 1287 708
1276 725 1276 820 1381 820 1381 725
1398 718 1398 825 1494 825 1494 718
1483 705 1483 837 1610 837 1610 705
1588 702 1588 825 1695 825 1695 702
1687 710 1687 843 1795 843 1795 710
1788 708 1788 828 1851 828 1851 708
1848 719 1848 831 1992 831 1992 719
1997 722 1997 834 2113 834 2113 722
2093 719 2093 851 2216 851 2216 719
2209 718 2209 876 2315 876 2315 718
2316 728 2316 863 2394 863 2394 728
387 873 387 986 491 986 491 873
496 874 496 978 590 978 590 874
590 874 590 986 682 986 682 874
680 885 680 980 801 980 801 885
798 884 798 991 907 991 907 884
911 901 911 989 1039 989 1039 901
1051 896 1051 997 1155 997 1155 896
1159 898 1159 994 1277 994 1277 898
1280 898 1280 992 1330 992 1330 898
1325 901 1325 998 1429 998 1429 901
1432 899 1432 989 1529 989 1529 899
1525 899 1525 995 1633 995 1633 899
1632 901 1632 987 1729 987 1729 901
1733 910 1733 994 1820 994 1820 910
1819 899 1819 1010 1923 1010 1923 899
1926 906 1926 1006 2035 1006 2035 906
2038 908 2038 1013 2117 1013 2117 908
2120 906 2120 1006 2215 1006 2215 906
2206 909 2206 1013 2293 1013 2293 909
2297 906 2297 1018 2392 1018 2392 906
375 1042 375 1141 477 1141 477 1042
415 986 415 1088 507 1088 507 986
676 1032 676 1143 790 1143 790 1032
784 1031 784 1143 842 1143 842 1031
848 1054 848 1149 947 1149 947 1054
939 1048 939 1151 1062 1151 1062 1048
1063 1045 1063 1152 1152 1152 1152 1045
1153 1051 1153 1161 1259 1161 1259 1051
1260 1054 1260 1166 1307 1166 1307 1054
1314 1058 1314 1157 1424 1157 1424 1058
1415 1055 1415 1167 1508 1167 1508 1055
1512 1040 1512 1181 1583 1181 1583 1040
1614 1052 1614 1165 1750 1165 1750 1052
1758 1058 1758 1172 1867 1172 1867 1058
1871 1057 1871 1162 1966 1162 1966 1057
1971 1055 1971 1172 2033 1172 2033 1055
2029 1063 2029 1159 2140 1159 2140 1063
2143 1063 2143 1170 2258 1170 2258 1063
2260 1062 2260 1178 2353 1178 2353 1062
364 1179 364 1305 501 1305 501 1179
501 1173 501 1303 577 1303 577 1173
564 1184 564 1303 687 1303 687 1184
685 1192 685 1313 778 1313 778 1192
779 1186 779 1305 886 1305 886 1186
893 1187 893 1317 1001 1317 1001 1187
990 1212 990 1330 1043 1330 1043 1212
1040 1212 1040 1314 1139 1314 1139 1212
1122 1196 1122 1317 1237 1317 1237 1196
1239 1204 1239 1325 1342 1325 1342 1204
1341 1209 1341 1324 1455 1324 1455 1209
1451 1212 1451 1324 1544 1324 1544 1212
1545 1218 1545 1328 1665 1328 1665 1218
1648 1226 1648 1336 1750 1336 1750 1226
1741 1231 1741 1319 1797 1319 1797 1231
1793 1232 1793 1327 1899 1327 1899 1232
1910 1229 1910 1341 2003 1341 2003 1229
2005 1229 2005 1334 2104 1334 2104 1229
2103 1225 2103 1334 2199 1334 2199 1225
2200 1225 2200 1354 2280 1354 2280 1225
2269 1219 2269 1340 2323 1340 2323 1219
376 1360 376 1476 480 1476 480 1360
462 1357 462 1475 583 1475 583 1357
586 1363 586 1473 670 1473 670 1363
668 1360 668 1469 753 1469 753 1360
755 1355 755 1467 880 1467 880 1355
877 1355 877 1478 986 1478 986 1355
981 1348 981 1492 1087 1492 1087 1348
1076 1388 1076 1483 1167 1483 1167 1388
1166 1374 1166 1490 1268 1490 1268 1374
1262 1372 1262 1493 1358 1493 1358 1372
1349 1383 1349 1501 1462 1501 1462 1383
1472 1379 1472 1490 1564 1490 1564 1379
1557 1379 1557 1500 1664 1500 1664 1379
1664 1374 1664 1504 1779 1504 1779 1374
1778 1385 1778 1506 1911 1506 1911 1385
1910 1387 1910 1508 1961 1508 1961 1387
1959 1382 1959 1503 2048 1503 2048 1382
2048 1374 2048 1518 2136 1518 2136 1374
2127 1388 2127 1531 2229 1531 2229 1388
369 1518 369 1638 505 1638 505 1518
488 1517 488 1644 597 1644 597 1517
590 1539 590 1644 690 1644 690 1539
669 1514 669 1653 772 1653 772 1514
781 1542 781 1641 879 1641 879 1542
877 1525 877 1657 936 1657 936 1525
922 1520 922 1653 1037 1653 1037 1520
1029 1534 1029 1652 1144 1652 1144 1534
1141 1542 1141 1655 1231 1655 1231 1542
1227 1532 1227 1649 1339 1649 1339 1532
1334 1525 1334 1652 1435 1652 1435 1525
1432 1542 1432 1641 1522 1641 1522 1542
1519 1536 1519 1640 1615 1640 1615 1536
1609 1536 1609 1648 1710 1648 1710 1536
1711 1534 1711 1655 1803 1655 1803 1534
1798 1528 1798 1665 1947 1665 1947 1528
1945 1538 1945 1662 2033 1662 2033 1538
2033 1539 2033 1663 2114 1663 2114 1539
2114 1553 2114 1651 2212 1651 2212 1553
2189 1555 2189 1669 2291 1669 2291 1555
2300 1552 2300 1671 2378 1671 2378 1552
363 1658 363 1806 501 1806 501 1658
498 1668 498 1815 615 1815 615 1668
613 1674 613 1798 728 1798 728 1674
723 1683 723 1796 827 1796 827 1683
821 1660 821 1848 933 1848 933 1660
920 1677 920 1807 985 1807 985 1677
979 1697 979 1829 1071 1829 1071 1697
1066 1694 1066 1827 1178 1827 1178 1694
1154 1696 1154 1829 1282 1829 1282 1696
1257 1701 1257 1826 1367 1826 1367 1701
1349 1666 1349 1846 1473 1846 1473 1666
1470 1699 1470 1826 1550 1826 1550 1699
1546 1696 1546 1829 1671 1829 1671 1696
1660 1695 1660 1822 1762 1822 1762 1695
1747 1718 1747 1821 1809 1821 1809 1718
1800 1684 1800 1850 1916 1850 1916 1684
1906 1703 1906 1824 1976 1824 1976 1703
1969 1703 1969 1832 2079 1832 2079 1703
2039 1692 2039 1827 2166 1827 2166 1692
2141 1690 2141 1844 2298 1844 2298 1690
342 1839 342 1968 484 1968 484 1839
484 1839 484 1968 532 1968 532 1839
525 1856 525 1966 633 1966 633 1856
627 1856 627 1977 737 1977 737 1856
726 1862 726 1982 827 1982 827 1862
1066 1855 1066 1998 1185 1998 1185 1855
1171 1866 1171 1982 1277 1982 1277 1866
1264 1840 1264 2017 1376 2017 1376 1840
1370 1866 1370 1990 1453 1990 1453 1866
1461 1860 1461 1995 1560 1995 1560 1860
1552 1856 1552 1989 1651 1989 1651 1856
1650 1870 1650 1995 1701 1995 1701 1870
1698 1856 1698 1998 1809 1998 1809 1856
1797 1872 1797 1992 1861 1992 1861 1872
1853 1886 1853 2004 1960 2004 1960 1886
1945 1866 1945 2031 2056 2031 2056 1866
2063 1880 2063 2006 2177 2006 2177 1880
2276 1896 2276 2011 2377 2011 2377 1896
353 2014 353 2130 491 2130 491 2014
485 2004 485 2124 597 2124 597 2004
592 2004 592 2108 651 2108 651 2004
643 2015 643 2136 787 2136 787 2015
780 1998 780 2127 897 2127 897 1998
888 2011 888 2125 995 2125 995 2011
987 2012 987 2135 1046 2135 1046 2012
1035 2015 1035 2128 1150 2128 1150 2015
1133 2017 1133 2147 1265 2147 1265 2017
1257 2018 1257 2144 1377 2144 1377 2018
1369 2011 1369 2134 1484 2134 1484 2011
1479 2031 1479 2134 1572 2134 1572 2031
1560 2022 1560 2140 1671 2140 1671 2022
1661 2014 1661 2143 1775 2143 1775 2014
1781 2005 1781 2127 1914 2127 1914 2005
1920 2013 1920 2124 2043 2124 2043 2013
2036 2034 2036 2133 2133 2133 2133 2034
2127 2042 2127 2140 2237 2140 2237 2042
2245 2036 2245 2136 2366 2136 2366 2036
348 2157 348 2304 471 2304 471 2157
474 2186 474 2288 569 2288 569 2186
562 2188 562 2296 677 2296 677 2188
671 2189 671 2304 773 2304 773 2189
773 2205 773 2288 871 2288 871 2205
866 2200 866 2293 904 2293 904 2200
904 2206 904 2301 1001 2301 1001 2206
997 2188 997 2298 1101 2298 1101 2188
1093 2198 1093 2302 1201 2302 1201 2198
1201 2195 1201 2309 1256 2309 1256 2195
1262 2196 1262 2305 1345 2305 1345 2196
1334 2186 1334 2305 1446 2305 1446 2186
1446 2193 1446 2310 1559 2310 1559 2193
1556 2203 1556 2313 1677 2313 1677 2203
1677 2204 1677 2305 1755 2305 1755 2204
1742 2206 1742 2321 1860 2321 1860 2206
1852 2178 1852 2361 1947 2361 1947 2178
1947 2209 1947 2316 2054 2316 2054 2209
2053 2220 2053 2319 2140 2319 2140 2220
2139 2220 2139 2319 2229 2319 2229 2220
2230 2221 2230 2314 2284 2314 2284 2221
2286 2221 2286 2335 2393 2335 2393 2221
355 2357 355 2466 469 2466 469 2357
469 2348 469 2475 519 2475 519 2348
516 2345 516 2466 628 2466 628 2345
614 2357 614 2483 721 2483 721 2357
702 2379 702 2481 808 2481 808 2379
806 2351 806 2483 896 2483 896 2351
1162 2367 1162 2480 1260 2480 1260 2367
1260 2354 1260 2478 1361 2478 1361 2354
1397 2339 1397 2500 1492 2500 1492 2339
1501 2357 1501 2467 1548 2467 1548 2357
1548 2346 1548 2486 1652 2486 1652 2346
1652 2377 1652 2497 1762 2497 1762 2377
1985 2384 1985 2491 2101 2491 2101 2384
2084 2386 2084 2487 2158 2487 2158 2386
2161 2391 2161 2500 2261 2500 2261 2391
2242 2386 2242 2478 2332 2478 2332 2386
347 2532 347 2645 476 2645 476 2532
466 2518 466 2645 550 2645 550 2518
545 2524 545 2663 634 2663 634 2524
640 2528 640 2646 752 2646 752 2528
739 2521 739 2651 851 2651 851 2521
840 2527 840 2651 950 2651 950 2527
955 2549 955 2660 1073 2660 1073 2549
1064 2539 1064 2637 1166 2637 1166 2539
1155 2542 1155 2657 1256 2657 1256 2542
1245 2549 1245 2651 1338 2651 1338 2549
1337 2550 1337 2656 1454 2656 1454 2550
1433 2538 1433 2649 1535 2649 1535 2538
1533 2538 1533 2665 1656 2665 1656 2538
1649 2549 1649 2660 1752 2660 1752 2549
1739 2546 1739 2656 1848 2656 1848 2546
1831 2550 1831 2654 1960 2654 1960 2550
1944 2555 1944 2663 2060 2663 2060 2555
2046 2555 2046 2665 2139 2665 2139 2555
2141 2542 2141 2670 2241 2670 2241 2542
2243 2547 2243 2671 2351 2671 2351 2547
322 2678 322 2812 437 2812 437 2678
429 2683 429 2804 507 2804 507 2683
496 2689 496 2812 623 2812 623 2689
611 2688 611 2799 677 2799 677 2688
676 2694 676 2812 775 2812 775 2694
776 2692 776 2824 879 2824 879 2692
882 2697 882 2796 994 2796 994 2697
991 2692 991 2812 1067 2812 1067 2692
1070 2694 1070 2816 1155 2816 1155 2694
1155 2678 1155 2860 1279 2860 1279 2678
1285 2709 1285 2812 1423 2812 1423 2709
1434 2708 1434 2823 1549 2823 1549 2708
1547 2700 1547 2810 1662 2810 1662 2700
1645 2700 1645 2816 1761 2816 1761 2700
1790 2699 1790 2832 1963 2832 1963 2699
1961 2688 1961 2821 2082 2821 2082 2688
2087 2689 2087 2838 2160 2838 2160 2689
2155 2700 2155 2823 2243 2823 2243 2700
2240 2708 2240 2820 2366 2820 2366 2708
330 2838 330 2981 449 2981 449 2838
451 2852 451 2974 533 2974 533 2852
538 2855 538 2974 646 2974 646 2855
649 2870 649 2971 738 2971 738 2870
730 2861 730 2980 809 2980 809 2861
801 2862 801 2977 891 2977 891 2862
894 2842 894 3022 1025 3022 1025 2842
1025 2870 1025 2982 1113 2982 1113 2870
1098 2872 1098 3000 1205 3000 1205 2872
1211 2881 1211 2988 1299 2988 1299 2881
1302 2870 1302 2985 1432 2985 1432 2870
1434 2889 1434 2990 1542 2990 1542 2889
1545 2884 1545 2988 1637 2988 1637 2884
1637 2886 1637 2999 1750 2999 1750 2886
1747 2878 1747 3004 1800 3004 1800 2878
1798 2878 1798 3008 1902 3008 1902 2878
1896 2891 1896 3007 1995 3007 1995 2891
1989 2889 1989 3016 2101 3016 2101 2889
2100 2890 2100 3006 2201 3006 2201 2890
2196 2897 2196 3032 2283 3032 2283 2897
2278 2888 2278 3012 2388 3012 2388 2888
339 3154 339 3402 468 3402 468 3154
466 3177 466 3312 552 3312 552 3177
555 3179 555 3318 635 3318 635 3179
637 3199 637 3313 770 3313 770 3199
769 3191 769 3320 849 3320 849 3191
854 3186 854 3315 950 3315 950 3186
938 3197 938 3327 1073 3327 1073 3197
1065 3193 1065 3331 1187 3331 1187 3193
1184 3194 1184 3331 1239 3331 1239 3194
1229 3203 1229 3340 1339 3340 1339 3203
1333 3206 1333 3326 1452 3326 1452 3206
1455 3216 1455 3332 1496 3332 1496 3216
1499 3227 1499 3331 1620 3331 1620 3227
1606 3225 1606 3337 1727 3337 1727 3225
1717 3230 1717 3346 1831 3346 1831 3230
1814 3220 1814 3344 1921 3344 1921 3220
1921 3206 1921 3350 2056 3350 2056 3206
2073 3195 2073 3344 2135 3344 2135 3195
2132 3237 2132 3350 2180 3350 2180 3237
2180 3192 2180 3395 2291 3395 2291 3192
2298 3221 2298 3351 2358 3351 2358 3221
327 5187 327 5334 474 5334 474 5187
483 5173 483 5339 669 5339 669 5173
662 5162 662 5345 815 5345 815 5162
# Transcript
PAIDEYTAI
LIKINNIOSPOLYAINOSKO*
HGEMWNEPIKTHTOSPROSD
GRDIONYSIOS)MELITEY*
HRAKLEIDHSPOQEINOYERI*
OPLOMACOSASKLHPIADH*
PLOYTIANOSAGAQHMEROYS
MHNOFILOSAFRODISIOYM*
DIONY***SAFRODISIOYE*O
PAIWNDIOMHDOYSPALLH
SEXSTIOSNIKANWRSFHTTIO
PISTOK***HSFILO**ATOY*
ABASKANTOSEYMOLPOYKH*
ERMIASTRYFWNOSMARAQ*
KESTROFYLAXPYQIKOSEYD*
QYRWROSAISCINHSOKAIUI*
KOK
# Lines: x1 y1 x2 y2 x3 y3 x4 y4
