# Baseline angle
-0.1768221815463451
# Boxes: x1 y1 x2 y2 x3 y3 x4 y4
790 522 827.9366816946939 734.3063838535559 908 720 870.0633183053061 507.69361614644407
866 564 884.492861041247 667.4922475921925 960 654 941.507138958753 550.5077524078075
886 490 923.2571008362818 698.503221633236 1038 678 1000.7428991637182 469.496778366764
1164 464 1198.4615692704897 656.8584901710003 1304 638 1269.5384307295103 445.1415098289996
366 858 401.4147968305746 1056.193071036556 548 1030 512.5852031694254 831.806928963444
474 828 510.836975687919 1034.1520605134347 646 1010 609.163024312081 803.8479394865653
604 802 640.7251323985022 1007.526147985674 750 988 713.2748676014978 782.473852014326
688 794 723.0804009362666 990.3216795514661 848 968 812.9195990637334 771.6783204485339
770 764 803.6832021403418 952.5024868694445 952 926 918.3167978596582 737.4975131305555
882 802 899.9239894983093 902.308651801441 980 888 962.0760105016907 787.691348198559
902 724 943.4509651719411 955.9734918756855 1100 928 1058.5490348280587 696.0265081243145
1168 690 1203.7361357072016 889.9913910751211 1338 866 1302.2638642927984 666.0086089248789
1300 648 1336.0574745838285 849.7897111136864 1458 828 1421.9425254161715 626.2102888863136
1386 646 1418.2718123527934 826.6038766427059 1500 812 1467.7281876472066 631.3961233572941
142 1134 177.9848023474549 1335.3830129254998 376 1300 340.0151976525451 1098.6169870745002
316 1110 349.79504542975866 1299.1283993972052 524 1268 490.20495457024134 1078.8716006027948
474 1066 509.2660504359997 1263.3606363656058 640 1240 604.7339495640003 1042.6393636343942
604 1046 634.6889640571355 1217.7457271465444 734 1200 703.3110359428645 1028.2542728534556
702 1032 736.2021135604405 1223.4064890704817 856 1202 821.7978864395595 1010.5935109295182
806 1002 844.482841124097 1217.362875045835 1020 1186 981.517158875903 970.6371249541651
1172 950 1200.265865464752 1108.1852554107807 1358 1080 1329.734134535248 921.8147445892193
1560 844 1595.0934579539478 1040.394750997991 1754 1012 1718.9065420460522 815.6052490020093
276 1366 308.24796626531634 1546.4704259460411 434 1524 401.75203373468366 1343.5295740539589
376 1336 411.14228410284426 1532.6679984895127 538 1510 502.85771589715574 1313.3320015104873
496 1296 531.2291473308416 1493.1541142224162 672 1468 636.7708526691584 1270.8458857775838
636 1270 671.4886030408908 1468.606115322935 798 1446 762.5113969591092 1247.393884677065
760 1252 796.1812409169839 1454.4823489897794 922 1432 885.8187590830161 1229.5176510102206
888 1226 927.0386556493537 1444.4733993900616 1064 1420 1024.9613443506464 1201.5266006099384
1420 1102 1451.7659579503759 1279.7729458881934 1596 1254 1564.2340420496241 1076.2270541118066
1594 1060 1625.2090094511766 1234.6560754457741 1752 1212 1720.7909905488234 1037.3439245542259
446 1542 486.089535507232 1766.354475238661 600 1746 559.9104644927679 1521.645524761339
562 1532 593.1102231794408 1706.1032343645381 728 1682 696.8897768205592 1507.8967656354619
702 1496 737.079266962324 1692.3153334532738 806 1680 770.920733037676 1483.6846665467262
752 1490 782.9864568462855 1663.410596488445 914 1640 883.0135431537145 1466.589403511555
854 1454 891.5545936254317 1664.1680909751365 1038 1638 1000.4454063745683 1427.8319090248635
1150 1374 1191.6865747945135 1607.2920422795391 1378 1574 1336.3134252054865 1340.7079577204609
1342 1352 1381.9288660689185 1575.4553152193785 1502 1554 1462.0711339310815 1330.5446847806215
1458 1326 1494.205087004461 1528.6157996864445 1576 1514 1539.794912995539 1311.3842003135555
1552 1310 1587.264916462057 1507.3542902674135 1662 1494 1626.735083537943 1296.6457097325865
1600 1282 1641.2153555493687 1512.6549414718315 1768 1490 1726.7846444506313 1259.3450585281685
660 1680 711.8405333133381 1970.1169968783547 858 1944 806.1594666866619 1653.8830031216453
820 1688 859.483760859136 1908.9643573047201 988 1886 948.516239140864 1665.0356426952799
930 1658 970.5107946295374 1884.7119824566546 1120 1858 1079.4892053704627 1631.2880175433454
1250 1612 1286.565596934131 1816.6333340645836 1458 1786 1421.434403065869 1581.3666659354164
1418 1572 1454.9238389159163 1778.6381762463384 1604 1752 1567.0761610840837 1545.3618237536616
1538 1542 1572.1532874115437 1733.1332415789598 1724 1706 1689.8467125884563 1514.8667584210402
1686 1522 1720.9185975240107 1717.4161734339912 1796 1704 1761.0814024759893 1508.5838265660088
872 1920 911.4088206748775 2140.544966920149 1004 2124 964.5911793251225 1903.4550330798513
950 1902 988.5804934218903 2117.9093700288786 1100 2098 1061.4195065781096 1882.0906299711214
1014 1900 1050.4287735832947 2103.8676247419658 1184 2080 1147.5712264167053 1876.1323752580342
1130 1862 1170.373971278701 2087.9462731340363 1282 2068 1241.626028721299 1842.0537268659632
1228 1840 1274.6326922249586 2100.972172930495 1392 2080 1345.3673077750414 1819.0278270695046
1340 1808 1384.0716363077963 2054.6396457739215 1466 2040 1421.9283636922037 1793.3603542260787
1432 1800 1472.0157292969159 2023.941430952282 1606 2000 1565.9842707030841 1776.058569047718
1562 1782 1601.7801196743437 2004.6228805484282 1706 1986 1666.2198803256563 1763.3771194515718
1638 1764 1678.0157292969159 1987.941430952282 1812 1964 1771.9842707030841 1740.058569047718
1164 2154 1185.721574773083 2275.561211620754 1284 2258 1262.278425226917 2136.438788379246
1222 2102 1258.55253991645 2306.5602626180594 1396 2282 1359.44746008355 2077.4397373819406
1408 2084 1444.7132093547636 2289.4594226373415 1576 2266 1539.2867906452364 2060.5405773626585
1528 2056 1565.8021262917423 2267.5533667273226 1720 2240 1682.1978737082577 2028.4466332726772
1694 2018 1732.1842143610047 2231.691659605742 1820 2216 1781.8157856389953 2002.3083403942578
1540 2358 1578.8671971412443 2575.513860120639 1800 2536 1761.1328028587557 2318.486139879361
# Transcript
*IOY I
**STRATOY KHR
*WPYROS P***K
OYNTHS **B*D
YKIOY PERIT*
FOY ANTI
RAT*YS IERA*
*OY EPI*
P