# Baseline angle
0
# Boxes: x1 y1 x2 y2 x3 y3 x4 y4
725 217 725 316 839 316 839 217
832 216 832 324 938 324 938 216
950 219 950 331 1049 331 1049 219
1054 224 1054 339 1147 339 1147 224
664 319 664 420 761 420 761 319
776 325 776 430 869 430 869 325
883 335 883 441 981 441 981 335
323 425 323 547 445 547 445 425
451 430 451 548 516 548 516 430
521 437 521 553 629 553 629 437
634 446 634 565 725 565 725 446
731 446 731 569 850 569 850 446
838 464 838 565 934 565 934 464
947 459 947 575 1059 575 1059 459
1092 455 1092 588 1166 588 1166 455
328 558 328 670 415 670 415 558
412 562 412 668 497 668 497 562
502 560 502 684 584 684 584 560
583 590 583 682 665 682 665 590
679 571 679 684 799 684 799 571
808 582 808 696 863 696 863 582
871 579 871 705 972 705 972 579
963 598 963 694 1072 694 1072 598
1055 603 1055 696 1142 696 1142 603
1149 608 1149 707 1237 707 1237 608
1250 599 1250 716 1336 716 1336 599
471 694 471 797 532 797 532 694
536 708 536 813 637 813 637 708
645 718 645 801 748 801 748 718
745 720 745 816 838 816 838 720
842 721 842 820 936 820 936 721
935 717 935 826 1066 826 1066 717
1069 723 1069 840 1176 840 1176 723
1167 734 1167 839 1267 839 1267 734
1265 734 1265 845 1305 845 1305 734
1308 738 1308 849 1388 849 1388 738
306 818 306 938 407 938 407 818
411 835 411 932 441 932 441 835
449 825 449 933 520 933 520 825
527 840 527 953 628 953 628 840
633 846 633 966 734 966 734 846
738 850 738 959 829 959 829 850
831 859 831 952 870 952 870 859
868 850 868 954 965 954 965 850
968 852 968 974 1069 974 1069 852
1111 870 1111 987 1198 987 1198 870
298 954 298 1058 384 1058 384 954
387 961 387 1057 484 1057 484 961
487 954 487 1064 562 1064 562 954
562 967 562 1073 671 1073 671 967
673 970 673 1073 759 1073 759 970
747 983 747 1071 874 1071 874 983
873 1000 873 1097 981 1097 981 1000
984 998 984 1110 1072 1110 1072 998
1079 1007 1079 1102 1119 1102 1119 1007
1119 993 1119 1110 1183 1110 1183 993
1184 1009 1184 1115 1281 1115 1281 1009
278 1079 278 1171 372 1171 372 1079
374 1081 374 1175 500 1175 500 1081
504 1085 504 1178 597 1178 597 1085
603 1094 603 1181 640 1181 640 1094
641 1093 641 1188 736 1188 736 1093
740 1097 740 1201 866 1201 866 1097
819 1104 819 1207 922 1207 922 1104
926 1111 926 1215 975 1215 975 1111
982 1114 982 1214 1072 1214 1072 1114
1084 1129 1084 1229 1162 1229 1162 1129
1168 1136 1168 1239 1251 1239 1251 1136
277 1182 277 1294 368 1294 368 1182
374 1184 374 1307 475 1307 475 1184
478 1189 478 1314 577 1314 577 1189
567 1207 567 1322 655 1322 655 1207
663 1218 663 1319 760 1319 760 1218
777 1219 777 1337 817 1337 817 1219
822 1221 822 1344 921 1344 921 1221
911 1232 911 1345 1022 1345 1022 1232
1025 1237 1025 1357 1124 1357 1124 1237
1135 1251 1135 1363 1218 1363 1218 1251
1221 1260 1221 1359 1369 1359 1369 1260
234 1310 234 1426 359 1426 359 1310
353 1326 353 1426 449 1426 449 1326
450 1317 450 1438 548 1438 548 1317
540 1350 540 1444 643 1444 643 1350
639 1334 639 1452 754 1452 754 1334
757 1347 757 1462 875 1462 875 1347
887 1356 887 1472 924 1472 924 1356
924 1358 924 1478 1026 1478 1026 1358
1029 1360 1029 1485 1113 1485 1113 1360
1219 1374 1219 1502 1324 1502 1324 1374
250 1447 250 1562 371 1562 371 1447
375 1442 375 1563 471 1563 471 1442
476 1459 476 1553 583 1553 583 1459
586 1445 586 1609 691 1609 691 1445
701 1476 701 1580 751 1580 751 1476
754 1479 754 1593 867 1593 867 1479
871 1484 871 1582 963 1582 963 1484
976 1491 976 1605 1064 1605 1064 1491
1069 1494 1069 1609 1149 1609 1149 1494
249 1571 249 1678 361 1678 361 1571
357 1569 357 1679 440 1679 440 1569
445 1580 445 1688 532 1688 532 1580
538 1600 538 1700 630 1700 630 1600
630 1596 630 1703 743 1703 743 1596
741 1608 741 1705 845 1705 845 1608
858 1610 858 1721 896 1721 896 1610
894 1595 894 1723 1003 1723 1003 1595
1005 1624 1005 1725 1088 1725 1088 1624
1084 1611 1084 1733 1182 1733 1182 1611
1190 1619 1190 1724 1275 1724 1275 1619
1277 1627 1277 1730 1399 1730 1399 1627
229 1699 229 1806 356 1806 356 1699
344 1707 344 1814 449 1814 449 1707
442 1699 442 1818 522 1818 522 1699
528 1709 528 1825 575 1825 575 1709
575 1710 575 1827 669 1827 669 1710
661 1726 661 1821 792 1821 792 1726
797 1736 797 1838 904 1838 904 1736
902 1725 902 1856 1019 1856 1019 1725
1017 1749 1017 1860 1107 1860 1107 1749
1115 1748 1115 1868 1147 1868 1147 1748
1154 1747 1154 1869 1268 1869 1268 1747
1240 1742 1240 1861 1373 1861 1373 1742
564 1835 564 1966 645 1966 645 1835
646 1836 646 1964 744 1964 744 1836
744 1839 744 1966 847 1966 847 1839
843 1853 843 1998 943 1998 943 1853
950 1863 950 1988 1060 1988 1060 1863
1062 1879 1062 1987 1158 1987 1158 1879
1155 1877 1155 1996 1267 1996 1267 1877
1106 1372 1106 1482 1211 1482 1211 1372
# Transcript
LHS)
*OS)
CRHSTOS)
EYELPISTOS)
IPPOQWNTID
EIRHNAIOS)
SPENDWNEIRH*
SWSIPATROS)
EYTYCIDHSSW
ASKLHPIADHS
QEOFILOS)
ASKLHPIADHST
CARITWNASIAT
*ROSYNOS
