# Baseline angle
-0.0007836975662967038
# Boxes: x1 y1 x2 y2 x3 y3 x4 y4
1111 226 1111.0956933642942 348.1049405007112 1245 348 1244.9043066357058 225.89505949928878
1880 208 1880.1035180531135 340.0892604139856 1994 340 1993.8964819468865 207.91073958601442
2737 192 2737.112962341872 336.1401933647561 2916 336 2915.887037658128 191.8598066352439
3595 176 3595.104283939088 309.06653257968696 3680 309 3679.895716060912 175.933467420313
415 703 415.0494103915475 766.0477668385197 476 766 475.9505896084525 702.9522331614803
503 704 503.0439288101018 760.0532570185098 571 760 570.9560711898981 703.9467429814902
586 703 586.0478509814194 764.0579561310734 660 764 659.9521490185806 702.9420438689266
697 686 697.0572467498198 759.0469769994568 757 759 756.9427532501802 685.9530230005432
773 685 773.0564673518467 757.0524634943564 840 757 839.9435326481533 684.9475365056436
852 700 852.0415955296363 753.0759860811719 949 753 948.9584044703637 699.9240139188281
970 689 970.0392125004491 739.0352356669559 1015 739 1014.9607874995509 688.9647643330441
1044 675 1044.0666584869457 760.0563739962207 1116 760 1115.9333415130543 674.9436260037793
1135 693 1135.0486248517568 755.0454163609652 1193 755 1192.9513751482432 692.9545836390348
1189 684 1189.0423829119723 738.0806876504626 1292 738 1291.9576170880277 683.9193123495374
1301 690 1301.043926353375 746.0501222295281 1365 746 1364.956073646625 689.9498777704719
1396 678 1396.0502051440644 742.0618727747553 1475 742 1474.9497948559356 677.9381272252447
1496 670 1496.053335019592 738.055600740065 1567 738 1566.946664980408 669.944399259935
1575 672 1575.04863652121 734.0603066086279 1652 734 1651.95136347879 671.9396933913721
1662 666 1662.0572344661846 739.0313030545486 1702 739 1701.9427655338154 665.9686969454514
1714 676 1714.043153711401 731.0642293941272 1796 731 1795.956846288599 675.9357706058728
1814 660 1814.054884602812 730.0328722915847 1856 730 1855.945115397188 659.9671277084153
1886 678 1886.0360801681945 724.0383729126645 1935 724 1934.9639198318055 677.9616270873355
1966 662 1966.045498047138 720.0556068818826 2037 720 2036.9545019528623 661.9443931181174
2052 653 2052.050961203131 718.0266057845301 2086 718 2085.949038796869 652.9733942154699
2107 656 2107.0486457339366 718.072062067309 2199 718 2198.9513542660634 655.927937932691
2210 653 2210.0501977738836 717.0524684078104 2277 717 2276.9498022261164 652.9475315921896
2297 644 2297.0556824262376 715.0508967140473 2362 715 2361.9443175737624 643.9491032859527
2372 649 2372.047852209783 710.0595235255643 2448 710 2447.952147790217 648.9404764744357
2452 629 2452.0619556892916 708.0555939840657 2523 708 2522.9380443107084 628.9444060159343
2556 646 2556.044705137166 703.0438520373831 2612 703 2611.955294862834 645.9561479626169
2631 639 2631.0502002306102 703.055603196792 2702 703 2701.9497997693898 638.944396803208
2716 631 2716.0533387046826 699.0603029235374 2793 699 2792.9466612953174 630.9396970764626
2806 634 2806.0588190577646 709.0532453490565 2874 709 2873.9411809422354 633.9467546509435
2887 632 2887.053331948683 700.051682253838 2953 700 2952.946668051317 631.948317746162
2973 621 2973.0603889089825 698.0563789096747 3045 698 3044.9396110910175 620.9436210903253
3063 631 3063.0478651075996 692.0759811677178 3160 692 3159.9521348924004 630.9240188322822
3165 618 3165.049417761729 681.0571712054646 3238 681 3237.950582238271 617.9428287945354
3247 609 3247.0564667376652 681.0516797971109 3313 681 3312.9435332623348 608.9483202028891
3332 612 3332.0533368621373 680.0579518318012 3406 680 3405.9466631378627 611.9420481681988
3423 602 3423.061151724048 680.029732589149 3461 680 3460.938848275952 601.970267410851
3486 602 3486.0603864522554 679.053244120693 3554 679 3553.9396135477446 601.946755879307
3569 603 3569.0580255336113 677.0407068073118 3621 677 3620.9419744663887 602.9592931926882
3623 619 3623.036890889437 666.0728549772807 3716 666 3715.963109110563 618.9271450227193
3725 602 3725.0564771787544 674.0650026502828 3808 674 3807.9435228212456 601.9349973497172
3820 605 3820.049412848274 668.0509016275013 3885 668 3884.950587151726 604.9490983724987
3917 592 3917.061952004201 671.0508918005933 3982 671 3981.938047995799 591.9491081994067
4004 599 4004.0509753293113 664.0446308211746 4061 664 4060.9490246706887 598.9553691788254
4087 588 4087.0564698085736 660.055598283338 4158 660 4157.943530191426 587.944401716662
4179 596 4179.05490487081 666.0587343006831 4254 666 4253.94509512919 595.9412656993169
4266 600 4266.049412848274 663.0509016275013 4331 663 4330.950587151726 599.9490983724987
415 779 415.04861195394005 841.0289587188116 452 841 451.95138804605995 778.9710412811884
508 769 508.0588098450383 844.0414898903754 561 844 560.9411901549616 768.9585101096246
588 774 588.0548932013565 844.0438440530204 644 844 643.9451067986435 773.9561559469796
670 775 670.0494128482744 838.0509016275013 735 838 734.9505871517256 774.9490983724987
742 764 742.0533491457722 832.0736257767094 836 832 835.9466508542278 763.9263742232906
870 761 870.0580341321556 835.0516785687474 936 835 935.9419658678444 760.9483214312526
951 769 951.0486309935743 831.0532533334193 1019 831 1018.9513690064257 768.9467466665807
1028 763 1028.0525457947108 830.0485480790381 1090 830 1089.9474542052892 762.9514519209619
1113 758 1113.0596039833733 834.0548121293656 1183 834 1182.9403960166267 757.9451878706344
1197 748 1197.0611658502285 826.0477576257935 1258 826 1257.9388341497715 747.9522423742065
1271 769 1271.04471005062 826.0501216153464 1335 826 1334.95528994938 768.9498783846536
1351 751 1351.0533313345013 819.0508985565926 1416 819 1415.9466686654987 750.9491014434074
1431 750 1431.0588221286732 825.0571638352836 1504 825 1503.9411778713268 749.9428361647164
1520 745 1520.0643037101188 827.0516736552935 1586 827 1585.9356962898812 744.9483263447065
1586 747 1586.0588061599478 822.0367877069029 1633 822 1632.9411938400522 746.9632122930971
1647 741 1647.0596082826457 817.0602980100834 1724 817 1723.9403917173543 740.9397019899166
1740 736 1740.0595892430115 812.0360033954757 1786 812 1785.9404107569885 735.9639966045243
1809 736 1809.061167078592 814.0493250202842 1872 814 1871.938832921408 735.9506749797158
1889 738 1889.0564667376648 810.0516797971109 1955 810 1954.9435332623352 737.9483202028891
1963 731 1963.0548993431742 801.0516810254745 2029 801 2028.9451006568258 730.9483189745255
2033 734 2033.0549128551727 804.0689223648734 2121 804 2120.9450871448275 733.9310776351266
2128 727 2128.0564575249387 799.0399243384298 2179 799 2178.9435424750613 726.9600756615702
2209 723 2209.0572387654574 796.0367889352665 2256 796 2255.9427612345426 722.9632110647335
2287 718 2287.0643000250284 800.0469714718209 2347 800 2346.9356999749716 717.9530285281791
2370 715 2370.069786519928 804.0477508697942 2431 804 2430.930213480072 714.9522491302058
2434 724 2434.054142669926 793.0861643184542 2544 793 2543.945857330074 723.9138356815458
2549 715 2549.0635089576017 796.0375677190578 2597 796 2596.9364910423983 714.9624322809422
2629 712 2629.062748599263 792.0673488285652 2715 792 2714.937251400737 711.9326511714348
2725 722 2725.0486346786647 784.0579555168918 2799 784 2798.9513653213353 721.9420444831082
2812 710 2812.0572516632737 783.05324657742 2880 783 2879.9427483367263 709.94675342258
2880 715 2880.048640820482 777.0657924893458 2964 777 2963.951359179518 714.9342075106542
2971 712 2971.052553164892 779.0579524459829 3045 779 3044.947446835108 711.9420475540171
3069 705 3069.0517719243735 771.0610878491464 3147 771 3146.9482280756265 704.9389121508536
3159 699 3159.0603925940727 776.0610810931471 3237 776 3236.9396074059273 698.9389189068529
3249 703 3249.050980242765 768.0509003991377 3314 768 3313.949019757235 702.9490996008623
3334 701 3334.04549866132 759.0563905791279 3406 759 3405.95450133868 700.9436094208721
3429 694 3429.054885831176 764.0344396860754 3473 764 3472.945114168824 693.9655603139246
3485 698 3485.053335019592 766.055600740065 3556 766 3555.946664980408 697.944399259935
3570 689 3570.052555007437 756.0603035377193 3647 756 3646.947444992563 688.9396964622807
3658 686 3658.056471036937 758.0571656778288 3731 758 3730.943528963063 685.9428343221712
3744 685 3744.054904256628 755.0579506034377 3818 755 3817.945095743372 684.9420493965623
3830 682 3830.0541027481117 751.0352239975027 3875 751 3874.9458972518883 681.9647760024973
3890 681 3890.0486383637553 743.0626577003642 3970 743 3969.9513616362447 680.9373422996358
3973 692 3973.0415734190933 745.0477729803372 4034 745 4033.9584265809067 691.9522270196628
4068 671 4068.0658698762463 755.0501050324392 4132 755 4131.934130123754 670.9498949675608
4164 678 4164.052553164891 745.0579524459829 4238 745 4237.947446835109 677.9420475540171
4257 679 4257.050976557675 744.0461982156654 4316 744 4315.949023442325 678.9538017843346
4330 671 4330.054110732475 740.045412061693 4388 740 4387.945889267525 670.954587938307
4398 672 4398.051763325829 738.0501160877106 4462 738 4461.948236674171 671.9498839122894
4463 663 4463.053333177047 731.0532496483288 4531 731 4530.946666822953 662.9467503516712
418 873 418.05018364770314 937.0344433711659 462 937 461.94981635229686 872.9655566288341
492 866 492.0580304470652 940.046976385275 552 940 551.9419695529349 865.953023614725
569 863 569.0572479781832 936.0485443939476 631 936 630.9427520218168 862.9514556060524
672 872 672.0509747151294 937.0438471239291 728 937 727.9490252848706 871.9561528760709
752 856 752.0619624452908 935.0642146537652 834 935 833.9380375547092 855.9357853462348
850 849 850.0658815456995 933.0649952801019 933 933 932.9341184543005 848.9350047198981
951 850 951.0572455214564 923.0454096049659 1009 923 1008.9427544785436 849.9545903950341
1127 862 1127.0447118931654 919.0524727070826 1194 919 1193.9552881068346 861.9475272929174
1185 851 1185.0502119000637 915.0704934444548 1275 915 1274.9497880999363 850.9295065555452
1286 840 1286.0572492065467 913.0501117884385 1350 913 1349.9427507934533 839.9498882115615
1359 835 1359.0549011857192 905.0540321172107 1428 905 1427.9450988142808 834.9459678827893
1431 827 1431.0549030282646 897.056383208947 1503 897 1502.9450969717354 826.943616791053
1510 830 1510.056476564573 902.0642189530375 1592 902 1591.943523435427 829.9357810469625
1618 838 1618.0541156459287 907.0516816396562 1684 907 1683.9458843540713 837.9483183603438
1697 830 1697.0588264279456 905.0626497160014 1777 905 1776.9411735720544 829.9373502839986
1785 830 1785.0509869987645 895.0595210688373 1861 895 1860.9490130012355 829.9404789311627
1879 821 1879.0603901373458 898.0579463041655 1953 898 1952.9396098626542 820.9420536958345
1966 826 1966.054115031747 895.0508979424108 2031 895 2030.945884968253 825.9491020575892
2034 812 2034.068231409072 899.0634260430659 2115 899 2114.9317685909277 811.9365739569341
2132 807 2132.0666572585824 892.0548066017299 2202 892 2201.9333427414176 806.9451933982701
2290 814 2290.048624237575 876.0446326637198 2347 876 2346.951375762425 813.9553673362802
2369 809 2369.0588159868557 884.0493268628295 2432 884 2431.9411840131443 808.9506731371705
2438 811 2438.0517811370996 877.0728433078275 2531 877 2530.9482188629004 810.9271566921725
2540 817 2540.0447217200735 874.0650118630091 2623 874 2622.9552782799265 816.9349881369909
2643 800 2643.060383995529 877.0501093317114 2707 877 2706.939616004471 799.9498906682886
2722 800 2722.055692253146 871.0634358699738 2803 871 2802.944307746854 799.9365641300262
2816 797 2816.0580304470654 871.046976385275 2876 871 2875.9419695529346 796.953023614725
2880 790 2880.0666609436726 875.0595087852023 2956 875 2955.9333390563274 789.9404912147977
2968 794 2968.058822742855 869.0579475325289 3042 869 3041.941177257145 793.9420524674711
3066 787 3066.0595990699194 863.0485425514023 3128 863 3127.9404009300806 786.9514574485977
3152 792 3152.0541156459285 861.0516816396562 3218 861 3217.9458843540715 791.9483183603438
3251 784 3251.0509642740394 849.0305242707572 3290 849 3289.9490357259606 783.9694757292428
3330 773 3330.065872947155 857.0540235186662 3399 857 3398.934127052845 772.9459764813338
3418 784 3418.050977786038 849.0477656101563 3479 849 3478.949022213962 783.9522343898437
3505 784 3505.058020620157 858.0344372293486 3549 858 3548.941979379843 783.9655627706514
3566 777 3566.0541144175654 846.0501142451653 3630 846 3629.9458855824346 776.9498857548347
3652 772 3652.0564661234835 844.0508960998656 3717 844 3716.9435338765165 771.9491039001344
3740 772 3740.059583101194 848.0281664230217 3776 848 3775.940416898806 771.9718335769783
3798 769 3798.05333440541 837.0548170428196 3868 837 3867.94666559459 768.9451829571804
3890 767 3890.0596021408282 843.0524610376293 3957 843 3956.9403978591718 766.9475389623707
3979 762 3979.05803904561 836.0579481467107 4053 836 4052.94196095439 761.9420518532893
4056 760 4056.0572535058186 833.0555976691562 4127 833 4126.942746494181 759.9444023308438
4144 750 4144.062739386537 830.055593369884 4215 830 4214.937260613463 749.944406630116
4222 763 4222.047860808328 824.0704952870001 4312 824 4311.952139191672 762.9295047129999
4322 758 4322.053329491957 826.0485474648564 4384 826 4383.946670508043 757.9514525351436
4382 769 4382.043151868856 824.0618783023909 4461 824 4460.956848131144 768.9381216976091
4475 753 4475.057234466185 826.0313030545486 4515 826 4514.942765533815 752.9686969454514
413 958 413.0525482514378 1025.0516828680197 479 1025 478.9474517485622 957.9483171319803
483 955 483.05803536051917 1029.0532459632382 551 1029 550.9419646394808 954.9467540367617
574 952 574.049396879549 1015.0305254991208 613 1015 612.950603120451 951.9694745008793
658 945 658.0572504349103 1018.0516791829292 724 1018 723.9427495650897 944.9483208170708
742 945 742.0509839278558 1010.0556025826102 813 1010 812.9490160721442 944.9443974173898
853 937 853.0572492065468 1010.0501117884385 917 1010 916.9427507934532 936.9498882115615
934 944 934.0533307203198 1012.0501148593471 998 1012 997.9466692796802 943.9498851406529
1033 926 1033.0658686478828 1010.0485376379484 1095 1010 1094.9341313521172 925.9514623620516
1109 933 1109.0541174884738 1002.0540327313925 1178 1002 1177.9458825115262 932.9459672686075
1198 925 1198.0603735544387 1002.0367864785394 1245 1002 1244.9396264455613 924.9632135214606
1268 924 1268.0603901373458 1001.0579463041655 1342 1001 1341.9396098626542 923.9420536958345
1360 928 1360.0501848760666 992.0360107656568 1406 992 1405.9498151239334 927.9639892343432
1429 907 1429.069009578682 995.0563721536754 1501 995 1500.930990421318 906.9436278463246
1515 920 1515.0541144175652 989.0501142451653 1579 989 1578.9458855824348 919.9498857548347
1619 921 1619.0572492065467 994.0501117884385 1683 994 1682.9427507934533 920.9498882115615
1954 899 1954.0619606027456 978.061863562029 2033 978 2032.9380393972544 898.938136437971
2045 913 2045.055684268783 984.0532478057835 2113 984 2112.944315731217 912.9467521942165
2127 903 2127.0619495474743 982.0477570116117 2188 982 2187.9380504525257 902.9522429883883
2202 891 2202.062741843264 971.0587281588656 2277 971 2276.937258156736 890.9412718411344
2272 882 2272.065882774063 966.0665626745928 2357 966 2356.934117225937 881.9334373254072
2357 902 2357.0494202184555 965.0603059944461 2434 965 2433.9505797815445 901.9396940055539
2463 888 2463.061939106384 967.0344341584398 2507 967 2506.938060893616 887.9655658415602
2524 885 2524.061177519682 963.0626478734562 2604 963 2603.938822480318 884.9373521265438
2619 898 2619.050208829155 962.0665749582276 2704 962 2703.949791170845 897.9334250417724
2725 892 2725.0533331770466 960.0532496483288 2793 960 2792.9466668229534 891.9467503516712
2813 888 2813.0572430647294 961.0422748159843 2867 961 2866.9427569352706 887.9577251840157
2889 889 2889.0588166010375 964.0501105600749 2953 964 2952.9411833989625 888.9498894399251
2967 876 2967.0611726062275 954.0563782954929 3039 954 3038.9388273937725 875.9436217045071
3053 883 3053.0502020731556 947.0579542885282 3127 947 3126.9497979268444 882.9420457114718
3155 868 3155.063526154691 949.0595112419293 3231 949 3230.936473845309 867.9404887580707
3240 870 3240.060387680619 947.0548115151838 3310 947 3309.939612319381 869.9451884848162
3314 871 3314.054922067899 941.0806778235545 3417 941 3416.945077932101 870.9193221764455
3426 867 3426.049409163184 930.0461994440288 3485 930 3484.950590836816 866.9538005559712
3494 867 3494.048624851757 929.0454163609652 3552 929 3551.951375148243 866.9545836390348
3566 865 3566.050985770401 930.0579536743465 3640 930 3639.949014229599 864.9420463256535
3633 858 3633.0478589657823 919.0681441952637 3720 919 3719.9521410342177 857.9318558047363
3725 852 3725.05882090031 927.0555964407928 3796 927 3795.94117909969 851.9444035592072
3809 861 3809.0470771110818 921.0704959011817 3899 921 3898.9529228889182 860.9295040988183
3913 855 3913.05489442972 925.0454114475112 3971 925 3970.94510557028 854.9545885524888
3994 849 3994.0533307203195 917.0501148593471 4058 917 4057.9466692796805 848.9498851406529
4065 849 4065.050975943493 914.0454145184199 4123 914 4122.9490240565065 848.9545854815801
4148 843 4148.061950775837 922.0493244061024 4211 922 4210.938049224163 842.9506755938976
4235 845 4235.054119331019 914.0563838231286 4307 914 4306.945880668981 844.9436161768714
4326 835 4326.058809845038 910.0414898903754 4379 910 4378.941190154962 834.9585101096246
4400 835 4400.050964888222 900.0313079680026 4440 900 4439.949035111778 834.9686920319974
4456 844 4456.04549497623 902.0516883956554 4522 902 4521.95450502377 843.9483116043446
416 1034 416.05489750062884 1104.0493299337384 479 1104 478.94510249937116 1033.9506700662616
479 1033 479.05568488296467 1104.054031503029 548 1104 547.9443151170352 1032.945968496971
560 1021 560.0564698085735 1093.055598283338 631 1093 630.9435301914265 1020.944401716662
644 1033 644.0407829658487 1085.0391529248195 694 1085 693.9592170341513 1032.9608470751805
715 1030 715.0494251319094 1093.0665755724096 800 1093 799.9505748680906 1029.9334244275904
827 1020 827.0517688534646 1086.0571693629192 900 1086 899.9482311465354 1019.9428306370805
922 1023 922.053332562865 1091.0524659510834 989 1091 988.946667437135 1022.9475340489166
1006 1023 1006.0454937478656 1081.0501210011646 1070 1081 1069.9545062521345 1022.9498789988354
1083 1023 1083.0439484639178 1079.0783353303627 1183 1079 1182.9560515360822 1022.9216646696373
1193 1018 1193.0486248517568 1080.0454163609652 1251 1080 1250.9513751482432 1017.9545836390348
1272 1005 1272.0564673518465 1077.0524634943563 1339 1077 1338.9435326481535 1004.9475365056436
1362 1013 1362.0454968187744 1071.0540394873917 1431 1071 1430.9545031812256 1012.9459605126083
1444 1000 1444.055679355329 1071.0469782278203 1504 1071 1503.944320644671 999.9530217721798
1517 1010 1517.0462835869284 1069.057957359437 1591 1069 1590.9537164130716 1009.9420426405629
2124 979 2124.064304324301 1061.052457352539 2191 1061 2190.935695675699 978.9475426474612
2202 979 2202.0548981148104 1049.0501136309836 2266 1049 2265.9451018851896 978.9498863690163
2272 972 2272.066662172036 1057.0610761796931 2350 1057 2349.933337827964 971.9389238203069
2365 974 2365.0635243121455 1055.057160150193 2438 1055 2437.9364756878545 973.9428398498069
2444 965 2444.0650923208186 1048.057942619075 2518 1048 2517.9349076791814 964.942057380925
2527 965 2527.0635267688726 1046.0602949391748 2604 1046 2603.9364732311274 964.9397050608253
2626 965 2626.0619532325645 1044.052459195084 2693 1044 2692.9380467674355 964.9475408049159
2721 972 2721.0493999504574 1035.0344439853477 2765 1035 2764.9506000495426 971.9655560146523
2796 961 2796.0619581460182 1040.0587287730473 2871 1040 2870.9380418539818 960.9412712269526
2893 978 2893.0447063655297 1035.045419431874 2951 1035 2950.9552936344703 977.9545805681261
2969 961 2969.0603858380737 1038.0524604234477 3036 1038 3035.9396141619263 960.9475395765523
3058 951 3058.0643092377545 1033.0587269305022 3133 1033 3132.9356907622455 950.9412730694979
3147 964 3147.048634064483 1026.0571718196463 3220 1026 3219.951365935517 963.9428281803537
3254 952 3254.053313523231 1020.0281713364757 3290 1020 3289.946686476769 951.9718286635243
3316 953 3316.056477792936 1025.0657863475283 3400 1025 3399.943522207064 952.9342136524716
3412 947 3412.0596101251913 1023.0626491018197 3492 1023 3491.9403898748087 946.9373508981804
3500 937 3500.066650502583 1022.0461859320303 3559 1022 3558.933349497417 936.9538140679696
3567 949 3567.046278059293 1008.0509040842283 3632 1008 3631.953721940707 948.9490959157717
3647 935 3647.058031061247 1009.0477600825204 3708 1009 3707.941968938753 934.9522399174796
3727 934 3727.06195507511 1013.0548102868204 3797 1013 3796.93804492489 933.9451897131796
3821 930 3821.0627369298095 1010.0524585809025 3888 1010 3887.9372630701905 929.9475414190975
3903 942 3903.0533337912284 1010.0540333455741 3972 1010 3971.9466662087716 941.9459666544259
3984 934 3984.0549060991734 1004.060301695174 4061 1004 4060.9450939008266 933.939698304826
4075 927 4075.0501904037023 991.0430640408654 4130 991 4129.949809596298 926.9569359591346
4140 936 4140.042362029793 990.0540419441186 4209 990 4208.957637970207 935.9459580558814
4233 929 4233.052543952165 996.0461969873018 4292 996 4291.947456047835 928.9538030126982
4318 928 4318.052545794711 995.0485480790381 4380 995 4379.947454205289 927.9514519209619
4388 918 4388.0564648951195 990.0493287053747 4451 990 4450.9435351048805 917.9506712946253
4460 924 4460.048626694303 986.0477674527015 4521 986 4520.951373305697 923.9522325472985
412 1113 412.0486260801203 1175.046983755456 472 1175 471.9513739198797 1112.953016244544
482 1113 482.0517639400107 1179.0508997849558 547 1179 546.9482360599893 1112.9491002150442
568 1099 568.0556799695107 1170.0477619250655 629 1170 628.9443200304893 1098.9522380749345
628 1100 628.0611701495008 1178.0532435065113 696 1178 695.9388298504992 1099.9467564934887
707 1099 707.0596260939164 1175.0830252302003 813 1175 812.9403739060836 1098.9169747697997
832 1103 832.0619483191105 1182.0461896171207 891 1182 890.9380516808895 1102.9538103828793
901 1101 901.0690151063176 1189.063425428884 982 1189 981.9309848936824 1100.936574571116
992 1098 992.0603938224365 1175.062648487638 1072 1175 1071.9396061775637 1097.937351512362
1104 1109 1104.0548882879025 1179.0375744750572 1152 1179 1151.9451117120975 1108.9624255249428
1198 1102 1198.0619538467463 1181.0532428923295 1266 1181 1265.9380461532537 1101.9467571076705
1284 1100 1284.0580322896103 1174.049327477011 1347 1174 1346.9419677103897 1099.950672522989
1360 1107 1360.0509796285835 1172.0501167018924 1424 1172 1423.9490203714165 1106.9498832981076
1445 1094 1445.0603858380737 1171.0524604234477 1512 1171 1511.9396141619263 1093.9475395765523
1530 1086 1530.0572528916373 1159.0548139719108 1600 1159 1599.9427471083627 1085.9451860280892
1615 1077 1615.0580175492485 1151.0305187431215 1654 1151 1653.9419824507515 1076.9694812568785
2608 1055 2608.0611726062275 1133.056378295493 2680 1133 2679.9388273937725 1054.943621704507
2361 1071 2361.041574647457 1124.049340374828 2424 1124 2423.958425352543 1070.950659625172
2441 1064 2441.0478534381464 1125.061090920055 2519 1125 2518.9521465618536 1063.938909079945
2535 1059 2535.058031675429 1133.0485437797659 2597 1133 2596.941968324571 1058.9514562202341
2705 1046 2705.054899343174 1116.0516810254744 2771 1116 2770.945100656826 1045.9483189745256
2796 1047 2796.0502002306102 1111.055603196792 2867 1111 2866.9497997693898 1046.944396803208
2887 1042 2887.054104590657 1111.0375750892388 2935 1111 2934.945895409343 1041.9624249107612
2951 1044 2951.054906713355 1114.0610853924195 3029 1114 3028.945093286645 1043.9389146075805
3041 1049 3041.050982085311 1114.053251490874 3109 1114 3108.949017914689 1048.946748509126
3133 1033 3133.0572571909097 1106.0602998526285 3210 1106 3209.9427428090903 1032.9397001473715
3232 1027 3232.0572528916373 1100.0548139719108 3302 1100 3301.9427471083627 1026.9451860280892
3310 1027 3310.0517645541922 1093.0516834822015 3376 1093 3375.9482354458078 1026.9483165177985
3404 1034 3404.0486346786647 1096.0579555168918 3478 1096 3477.9513653213353 1033.9420444831082
3497 1043 3497.0360863100123 1089.0462098851185 3556 1089 3555.9639136899877 1042.9537901148815
3579 1026 3579.048618095758 1088.0367956912655 3626 1088 3625.951381904242 1025.9632043087342
3643 1034 3643.045493133684 1092.0493373039194 3706 1092 3705.954506866316 1033.9506626960806
3720 1019 3720.054909170082 1089.064220181401 3802 1089 3801.945090829918 1018.935779818599
3816 1020 3816.0525537790736 1087.0587361432283 3891 1087 3890.9474462209264 1019.9412638567715
3915 1018 3915.0478350126937 1079.037580002693 3963 1079 3962.9521649873063 1017.9624199973073
3984 1012 3984.049412848274 1075.0509016275014 4049 1075 4048.950587151726 1011.9490983724987
4070 1004 4070.0541138033836 1073.04933054792 4133 1073 4132.945886196617 1003.95066945208
4148 1002 4148.0564728794825 1074.059516769565 4224 1074 4223.9435271205175 1001.940483230435
4237 1005 4237.047066669992 1065.0571730480099 4310 1065 4309.952933330008 1004.9428269519902
4324 1000 4324.05253473944 1067.0344415286206 4368 1067 4367.94746526056 999.9655584713793
4382 1000 4382.055685497146 1071.0548152002743 4452 1071 4451.944314502854 999.9451847997257
4458 1001 4458.049410391547 1064.0477668385197 4519 1064 4518.950589608453 1000.9522331614803
406 1188 406.0572528916373 1261.0548139719108 476 1261 475.9427471083627 1187.9451860280892
483 1187 483.0595966131925 1263.0454077624206 541 1263 540.9404033868075 1186.9545922375794
554 1190 554.0454949762292 1248.0516883956554 620 1248 619.9545050237708 1189.9483116043446
644 1187 644.0501811909761 1251.0313085821845 684 1251 683.9498188090239 1186.9686914178155
708 1182 708.05097840022 1247.0485493074016 770 1247 769.94902159978 1181.9514506925984
796 1172 796.0556836546011 1243.052464108538 863 1243 862.9443163453989 1171.947535891462
882 1180 882.0556885680553 1251.0587336865015 957 1251 956.9443114319447 1179.9412663134985
982 1171 982.0611695353191 1249.0524598092659 1049 1249 1048.938830464681 1170.9475401907341
1074 1174 1074.0572498207284 1247.050895485684 1139 1247 1138.9427501792716 1173.949104514316
1166 1171 1166.0556904106004 1242.0610847782377 1244 1242 1243.9443095893996 1170.9389152217623
1274 1167 1274.065870490428 1251.0508887296846 1339 1251 1338.934129509572 1166.9491112703154
1351 1177 1351.0462915712912 1236.0681454236271 1438 1236 1437.9537084287088 1176.9318545763729
1443 1173 1443.043933723556 1229.059526596473 1519 1229 1518.956066276444 1172.940473403527
1523 1166 1523.0439294242835 1222.0540407157553 1592 1222 1591.9560705757165 1165.9459592842447
1602 1162 1602.048631607756 1224.0540370306649 1671 1224 1670.951368392244 1161.9459629693351
1692 1156 1692.0478429970567 1217.0477680668832 1753 1217 1752.9521570029433 1155.9522319331168
1775 1147 1775.0525500939832 1214.054033959756 1844 1214 1843.9474499060168 1146.945966040244
1863 1146 1863.059600298283 1222.0501099458932 1927 1222 1926.940399701717 1145.9498900541068
1934 1142 1934.0572553483642 1215.0579487608925 2008 1215 2007.9427446516358 1141.9420512391075
2026 1133 2026.0690108070453 1221.0579395481664 2100 1221 2099.9309891929543 1132.9420604518336
2118 1143 2118.055683654601 1214.052464108538 2185 1214 2184.944316345399 1142.947535891462
2212 1127 2212.060383381347 1204.049325634466 2275 1204 2274.939616618653 1126.950674365534
2606 1132 2606.052548251438 1199.0516828680197 2672 1199 2671.947451748562 1131.9483171319803
2704 1123 2704.058035360519 1197.0532459632382 2772 1197 2771.941964639481 1122.9467540367618
2789 1119 2789.0564704227554 1191.0563819805834 2861 1191 2860.9435295772446 1118.9436180194166
2871 1119 2871.0588251995823 1194.0610823215106 2949 1194 2948.9411748004177 1118.9389176784894
2961 1126 2961.050189175339 1190.0414966463745 3014 1190 3013.949810824661 1125.9585033536255
3034 1120 3034.0501996164285 1184.0548194995467 3104 1184 3103.9498003835715 1119.9451805004533
3128 1113 3128.0580372030645 1187.0555970549744 3199 1187 3198.9419627969355 1112.9444029450256
3225 1117 3225.051776223646 1183.066573729864 3310 1183 3309.948223776354 1116.933426270136
3321 1110 3321.0549030282646 1180.056383208947 3393 1180 3392.9450969717354 1109.943616791053
3400 1118 3400.051767625101 1184.0556019684286 3471 1184 3470.948232374899 1117.9443980315714
3494 1106 3494.053335019592 1174.055600740065 3565 1174 3564.946664980408 1105.944399259935
3571 1101 3571.0533331770466 1169.0532496483288 3639 1169 3638.9466668229534 1100.9467503516712
3651 1100 3651.0502020731556 1164.0579542885282 3725 1164 3724.9497979268444 1099.9420457114718
3735 1098 3735.0509833136744 1163.054818885365 3805 1163 3804.9490166863256 1097.945181114635
3818 1090 3818.0525543932554 1157.059519840474 3894 1157 3893.9474456067446 1089.940480159526
3914 1097 3914.047845453784 1158.050902855865 3979 1158 3978.952154546216 1096.949097144135
3998 1088 3998.05960275501 1164.0532447348746 4066 1164 4065.94039724499 1087.9467552651254
4076 1082 4076.061170763682 1160.0540272037565 4145 1160 4144.938829236317 1081.9459727962435
4164 1089 4164.0517528847395 1155.0367932345387 4211 1155 4210.9482471152605 1088.9632067654613
4231 1079 4231.061958146019 1158.0587287730473 4306 1158 4305.938041853981 1078.9412712269527
4330 1081 4330.05725043491 1154.051679182929 4396 1154 4395.94274956509 1080.948320817071
4396 1079 4396.05489811481 1149.0501136309836 4460 1149 4459.94510188519 1078.9498863690164
4467 1073 4467.0603809246195 1150.0461908454843 4526 1150 4525.9396190753805 1072.9538091545157
411 1280 411.05725657672775 1353.0595161553833 487 1353 486.94274342327225 1279.9404838446167
500 1268 500.0572430647293 1341.0422748159845 554 1341 553.9427569352707 1267.9577251840155
556 1259 556.0603895231642 1336.05716260692 629 1336 628.9396104768358 1258.94283739308
634 1260 634.0572553483643 1333.0579487608925 708 1333 707.9427446516357 1259.9420512391075
711 1258 711.0572535058191 1331.0555976691562 782 1331 781.9427464941809 1257.9444023308438
801 1265 801.0454771649585 1323.0289611755386 838 1323 837.9545228350415 1264.9710388244614
869 1271 869.0470617565383 1331.0509034700465 934 1331 933.9529382434617 1270.9490965299535
981 1259 981.0580341321556 1333.0516785687475 1047 1333 1046.9419658678441 1258.9483214312525
1063 1256 1063.053342389773 1324.06500510701 1146 1324 1145.946657610227 1255.93499489299
1161 1248 1161.054896886447 1318.048546236493 1223 1318 1222.945103113553 1247.951453763507
1245 1261 1245.0470642132652 1321.0540382590282 1314 1321 1313.9529357867348 1260.9459617409718
1341 1247 1341.0548993431742 1317.0516810254744 1407 1317 1406.9451006568258 1246.9483189745256
1436 1258 1436.0447075938932 1315.0469868263647 1496 1315 1495.9552924061068 1257.9530131736353
1512 1239 1512.0572547341826 1312.0571650636473 1585 1312 1584.9427452658174 1238.9428349363527
1595 1228 1595.0596033691918 1304.05402843212 1664 1304 1663.9403966308082 1227.94597156788
1674 1248 1674.0454986613197 1306.0563905791278 1746 1306 1745.9545013386803 1247.9436094208722
1760 1222 1760.060380310438 1299.0454071482388 1818 1299 1817.939619689562 1221.9545928517612
1838 1237 1838.050990683855 1302.0642232523098 1920 1302 1919.949009316145 1236.9357767476902
1935 1238 1935.0431401994026 1293.0469880547282 1995 1293 1994.9568598005974 1237.9530119452718
2014 1222 2014.0737191323353 1316.0657728355297 2098 1316 2097.9262808676644 1221.9342271644703
2110 1218 2110.0690114212275 1306.0587232454118 2185 1306 2184.9309885787725 1217.9412767545882
2193 1212 2193.065880317336 1296.063427885611 2274 1296 2273.934119682664 1211.936572114389
2276 1219 2276.0596082826455 1295.0602980100834 2353 1295 2352.9403917173545 1218.9397019899166
2366 1214 2366.0697902050188 1303.0524530532666 2433 1303 2432.9302097949812 1213.9475469467334
2451 1206 2451.0611664644102 1284.0485413230388 2513 1284 2512.9388335355898 1205.9514586769612
2530 1208 2530.061947704929 1287.0454059198755 2588 1287 2587.938052295071 1207.9545940801245
2596 1208 2596.072141910937 1300.0532349079667 2664 1300 2663.927858089063 1207.9467650920333
2685 1211 2685.0541187168374 1280.055600125883 2756 1280 2755.9458812831626 1210.944399874117
2778 1198 2778.071365583872 1289.0626398890934 2858 1289 2857.928634416128 1197.9373601109066
2876 1197 2876.0650867931827 1280.0508893438662 2941 1280 2940.9349132068173 1196.9491106561338
2951 1214 2951.050985156219 1279.057169977101 3024 1279 3023.949014843781 1213.942830022899
3036 1199 3036.05646858021 1271.0540308888471 3105 1271 3104.94353141979 1198.9459691111529
3120 1190 3120.0666683138534 1275.0689131521472 3208 1275 3207.9333316861466 1189.9310868478528
3217 1202 3217.0494103915476 1265.0477668385197 3278 1265 3277.9505896084524 1201.9522331614803
3310 1194 3310.055679969511 1265.0477619250655 3371 1265 3370.944320030489 1193.9522380749345
3404 1193 3404.050980242765 1258.0509003991378 3469 1258 3468.949019757235 1192.9490996008622
3477 1190 3477.050975943493 1255.0454145184199 3535 1255 3534.949024056507 1189.9545854815801
3557 1182 3557.0627449141725 1262.0626466450926 3637 1262 3636.9372550858275 1181.9373533549074
3655 1176 3655.058031675429 1250.0485437797659 3717 1250 3716.941968324571 1175.9514562202341
3734 1188 3734.0517663967375 1254.0540345739375 3803 1254 3802.9482336032625 1187.9459654260625
3810 1170 3810.0627332447193 1250.04775639743 3871 1250 3870.9372667552807 1169.95224360257
3897 1181 3897.050985770401 1246.0579536743464 3971 1246 3970.949014229599 1180.9420463256536
3978 1181 3978.050983927856 1246.0556025826104 4049 1246 4048.949016072144 1180.9443974173896
4064 1174 4064.0549054849917 1244.0595179979284 4140 1244 4139.945094515009 1173.9404820020716
4162 1175 4162.049408549002 1238.0454157467834 4220 1238 4219.950591450998 1174.9545842532166
4225 1180 4225.046282358565 1239.056389964946 4297 1239 4296.953717641435 1179.943610035054
4319 1177 4319.048624851757 1239.0454163609652 4377 1239 4376.951375148243 1176.9545836390348
4392 1176 4392.047846682148 1237.0524702503556 4459 1237 4458.952153317852 1175.9475297496444
4475 1179 4475.047043945267 1239.0281762499296 4511 1239 4510.952956054733 1178.9718237500704
571 1348 571.0548975006287 1418.0493299337384 634 1418 633.9451024993713 1347.9506700662616
653 1350 653.048626694302 1412.0477674527015 714 1412 713.951373305698 1349.9522325472985
731 1339 731.0572479781832 1412.0485443939474 793 1412 792.9427520218168 1338.9514556060526
793 1343 793.0517627116471 1409.0493323904652 856 1409 855.9482372883529 1342.9506676095348
871 1340 871.0564648951196 1412.0493287053748 934 1412 933.9435351048804 1339.9506712946252
978 1342 978.0501928604293 1406.046198829847 1037 1406 1036.9498071395708 1341.953801170153
1069 1346 1069.0556781269654 1417.0454108333295 1127 1417 1126.9443218730346 1345.9545891666705
1154 1343 1154.0470611423566 1403.0501197728013 1218 1403 1217.9529388576434 1342.9498802271987
1244 1327 1244.0588166010377 1402.050110560075 1308 1402 1307.9411833989623 1326.949889439925
1335 1333 1335.050191632066 1397.0446314353562 1392 1397 1391.949808367934 1332.9553685646438
1421 1338 1421.0470654416285 1398.055605653519 1492 1398 1491.9529345583715 1337.944394346481
1509 1329 1509.0470703550827 1389.0618752314824 1588 1389 1587.9529296449173 1328.9381247685176
1608 1321 1608.0580316754285 1395.0485437797659 1670 1395 1669.9419683245715 1320.9514562202341
1680 1325 1680.0525513223467 1392.0556013542468 1751 1392 1750.9474486776533 1324.9443986457532
1755 1330 1755.0439361802828 1386.0626613854547 1835 1386 1834.9560638197172 1329.9373386145453
1841 1319 1841.0517713101917 1385.060304151901 1918 1385 1917.9482286898083 1318.939695848099
1932 1318 1932.056466123483 1390.0508960998654 1997 1390 1996.943533876517 1317.9491039001346
2021 1322 2021.0525439521657 1389.0461969873018 2080 1389 2079.9474560478347 1321.9538030126982
2105 1305 2105.0643024817555 1387.0501062608027 2169 1387 2168.9356975182445 1304.9498937391973
2192 1318 2192.045494362047 1376.05090469841 2257 1376 2256.954505637953 1317.94909530159
2274 1306 2274.056456296575 1378.038356943939 2323 1378 2322.943543703425 1305.961643056061
2347 1308 2347.0486402063 1370.0650087921003 2430 1370 2429.9513597937 1307.9349912078997
2449 1307 2449.048625465938 1369.0462000582106 2508 1369 2507.951374534062 1306.9537999417894
2529 1306 2529.049416533365 1369.0556038109737 2600 1369 2599.950583466635 1305.9443961890263
2616 1305 2616.0470642132655 1365.0540382590282 2685 1365 2684.9529357867345 1304.9459617409718
2700 1283 2700.0635243121455 1364.057160150193 2773 1364 2772.9364756878545 1282.942839849807
2779 1299 2779.0517694676464 1365.0579530601647 2853 1365 2852.9482305323536 1298.9420469398353
2861 1297 2861.0462792876565 1356.052471478719 2928 1356 2927.9537207123435 1296.947528521281
2946 1296 2946.047851595601 1357.058739828319 3021 1357 3020.952148404399 1295.941260171681
3036 1292 3036.0572516632737 1365.0532465774202 3104 1365 3103.9427483367263 1291.9467534225798
3139 1280 3139.0627326305375 1360.0469727001844 3199 1360 3198.9372673694625 1279.9530272998156
3230 1278 3230.059607054282 1354.0587306155928 3305 1354 3304.940392945718 1277.9412693844072
3319 1272 3319.055686111328 1343.0555988975198 3390 1343 3389.944313888672 1271.9444011024802
3408 1273 3408.0588049315847 1348.035220312412 3453 1348 3452.9411950684153 1272.964779687588
3471 1277 3471.0509790144015 1342.049333004647 3534 1342 3533.9490209855985 1276.950666995353
3550 1274 3550.0478601941454 1335.0697115897547 3639 1335 3638.9521398058546 1273.9302884102453
3653 1271 3653.056451997303 1343.0328710632214 3695 1343 3694.943548002697 1270.9671289367786
3721 1265 3721.0588215144917 1340.056380138038 3793 1340 3792.9411784855083 1264.943619861962
3808 1275 3808.0462786734747 1334.0516877814737 3874 1334 3873.9537213265253 1274.9483122185263
3887 1272 3887.051770081828 1338.05873675741 3962 1338 3961.948229918172 1271.94126324259
3986 1267 3986.0454851493214 1325.0391492397289 4036 1325 4035.9545148506786 1266.9608507602711
4062 1264 4062.046274988384 1323.0469855980011 4122 1323 4121.9537250116155 1263.9530144019989
4151 1255 4151.058041502337 1329.0610829356922 4229 1329 4228.941958497663 1254.9389170643078
4237 1255 4237.05568304042 1326.0516804112926 4303 1326 4302.94431695958 1254.9483195887074
4318 1245 4318.058036588883 1319.054813357729 4388 1319 4387.941963411117 1244.945186642271
4389 1253 4389.053333791228 1321.0540333455742 4458 1321 4457.946666208772 1252.9459666544258
4475 1252 4475.050963659858 1317.0297405735116 4513 1317 4512.949036340142 1251.9702594264884
401 1434 401.06902001977164 1522.0696950068473 490 1522 489.93097998022836 1433.9303049931527
491 1430 491.0564722653006 1502.0587330723197 566 1502 565.9435277346994 1429.9412669276803
583 1427 583.0541113466563 1496.0461957589384 642 1496 641.9458886533437 1426.9538042410616
660 1421 660.0580347463375 1495.0524622659927 727 1495 726.9419652536625 1420.9475377340073
741 1421 741.0635292255997 1502.0634297281563 822 1502 821.9364707744003 1420.9365702718437
830 1433 830.0439312668288 1489.0563918074915 902 1489 901.9560687331712 1432.9436081925085
921 1419 921.0556836546011 1490.052464108538 988 1490 987.9443163453989 1418.947535891462
1014 1409 1014.0611689211373 1487.0516761120205 1080 1487 1079.9388310788627 1408.9483238879795
1109 1409 1109.0603827671648 1486.0485419372205 1171 1486 1170.9396172328352 1408.9514580627795
1187 1414 1187.0548993431742 1484.0516810254744 1253 1484 1252.9451006568258 1413.9483189745256
1295 1414 1295.0478479105104 1475.0540376448464 1364 1475 1363.9521520894896 1413.9459623551536
1376 1410 1376.0533147515941 1478.0297387309665 1414 1478 1413.9466852484059 1409.9702612690335
1438 1411 1438.0502002306102 1475.055603196792 1509 1475 1508.9497997693898 1410.944396803208
1509 1411 1509.0439300384653 1467.0548244130005 1579 1467 1578.9560699615347 1410.9451755869995
1594 1397 1594.0509857704012 1462.0579536743464 1668 1462 1667.9490142295988 1396.9420463256536
1683 1407 1683.0517657825558 1473.0532508766923 1751 1473 1750.9482342174442 1406.9467491233077
1761 1394 1761.0580341321559 1468.0516785687475 1827 1468 1826.9419658678441 1393.9483214312525
1835 1397 1835.0548950439018 1467.0461951447567 1894 1467 1893.9451049560982 1396.9538048552433
1921 1400 1921.0509845420374 1465.0563862798556 1993 1465 1992.9490154579626 1399.9436137201444
2021 1391 2021.0674434125547 1477.05794077653 2095 1477 2094.9325565874456 1390.94205922347
2101 1398 2101.050973486766 1463.0422797294382 2155 1463 2154.949026513234 1397.9577202705618
2171 1398 2171.0525537790736 1465.0587361432283 2246 1465 2245.9474462209264 1397.9412638567717
2264 1387 2264.053322735957 1455.039926795157 2315 1455 2314.946677264043 1386.960073204843
2340 1385 2340.051765168374 1451.052467179447 2407 1451 2406.948234831626 1384.947532820553
2440 1385 2440.058038431428 1459.0571644494653 2513 1459 2512.941961568572 1384.9428355505347
2528 1379 2528.051768239283 1445.056385665674 2600 1445 2599.948231760717 1378.943614334326
2618 1377 2618.0588190577646 1452.0532453490564 2686 1452 2685.9411809422354 1376.9467546509436
2701 1366 2701.061178748045 1444.064215267947 2783 1444 2782.938821251955 1365.935784732053
2784 1380 2784.049418990092 1443.0587385999554 2859 1443 2858.950581009908 1379.9412614000446
2871 1363 2871.062742457446 1443.0595118561112 2947 1443 2946.937257542554 1362.9404881438888
2953 1367 2953.055681812056 1438.050113016802 3017 1438 3016.944318187944 1366.949886983198
3039 1371 3039.054898728992 1441.050897328229 3104 1441 3103.945101271008 1370.949102671771
3123 1373 3123.0502063724275 1437.0634401692462 3204 1437 3203.9497936275725 1372.9365598307538
3229 1368 3229.0541187168374 1437.055600125883 3300 1437 3299.9458812831626 1367.944399874117
3327 1359 3327.052534125258 1426.0336578313752 3370 1426 3369.947465874742 1358.9663421686248
3390 1372 3390.0439312668286 1428.0563918074915 3462 1428 3461.9560687331714 1371.9436081925085
3467 1356 3467.0517768378277 1422.0673574271098 3553 1422 3552.9482231621723 1355.9326425728902
3572 1347 3572.0705763589913 1437.0555872280665 3643 1437 3642.9294236410087 1346.9444127719335
3649 1347 3649.057259033455 1420.062650944365 3729 1420 3728.942740966545 1346.937349055635
3735 1350 3735.0564667376652 1422.0516797971109 3801 1422 3800.9435332623348 1349.9483202028891
3819 1338 3819.066656030219 1423.0532392072391 3887 1423 3886.933343969781 1337.9467607927609
3898 1354 3898.05333440541 1422.0548170428194 3968 1422 3967.94666559459 1353.9451829571806
3997 1343 3997.0486162532125 1405.0344445995295 4041 1405 4040.9513837467875 1342.9655554004705
4061 1358 4061.0454937478657 1416.0501210011646 4125 1416 4124.954506252134 1357.9498789988354
4156 1334 4156.0611738345915 1412.0579456899836 4230 1412 4229.9388261654085 1333.9420543100164
4237 1334 4237.053333177047 1402.0532496483288 4305 1402 4304.946666822953 1333.9467503516712
4318 1336 4318.053327035229 1404.0454126758748 4376 1404 4375.946672964771 1335.9545873241252
4382 1322 4382.066654801855 1407.0516718127483 4448 1407 4447.933345198145 1321.9483281872517
4463 1330 4463.0548950439015 1400.0461951447567 4522 1400 4521.9451049560985 1329.9538048552433
407 1529 407.0423669432468 1583.060311522082 484 1583 483.9576330567532 1528.939688477918
494 1525 494.05019900224687 1589.054035802301 563 1589 562.9498009977532 1524.945964197699
587 1520 587.0470537721756 1580.0407154058562 639 1580 638.9529462278244 1519.9592845941438
669 1519 669.0501775058856 1583.026606398712 703 1583 702.9498224941144 1518.973393601288
737 1515 737.0478429970567 1576.0477680668832 798 1576 797.9521570029433 1514.9522319331168
824 1505 824.0564667376649 1577.0516797971109 890 1577 889.9435332623351 1504.9483202028891
918 1506 918.0509845420376 1571.0563862798556 990 1571 989.9490154579624 1505.9436137201444
1018 1511 1018.0501971597016 1575.051684710565 1084 1575 1083.9498028402984 1510.948315289435
1110 1501 1110.0556676858757 1572.0320879801575 1151 1572 1150.9443323141243 1500.9679120198425
1204 1504 1204.050980856947 1569.0516840963833 1270 1569 1269.949019143053 1503.9483159036167
1282 1501 1282.047064827447 1561.0548219562736 1352 1561 1351.952935172553 1500.9451780437264
1359 1497 1359.0478442254202 1558.0493354613739 1422 1558 1421.9521557745798 1496.9506645386261
1429 1497 1429.0415783325475 1550.0540425583004 1498 1550 1497.9584216674525 1496.9459574416996
1516 1496 1516.0454986613197 1554.0563905791278 1588 1554 1587.9545013386803 1495.9436094208722
1603 1483 1603.0541168742923 1552.053249034147 1671 1552 1670.9458831257077 1482.946750965853
1675 1488 1675.047057457266 1548.0454175893287 1733 1548 1732.952942542734 1487.9545824106713
1762 1489 1762.0525488656194 1556.0524665652651 1829 1556 1828.9474511343806 1488.9475334347349
1842 1477 1842.0548975006288 1547.0493299337384 1905 1547 1904.9451024993712 1476.9506700662616
1928 1478 1928.0588135301289 1553.046192073848 1987 1553 1986.9411864698711 1477.953807926152
2003 1481 2003.059610125191 1557.0626491018197 2083 1557 2082.9403898748087 1480.9373508981803
2101 1469 2101.0611658502285 1547.0477576257936 2162 1547 2161.9388341497715 1468.9522423742064
2169 1475 2169.0533436181363 1543.0665725015006 2254 1543 2253.9466563818637 1474.9334274984994
2264 1463 2264.053331948683 1531.051682253838 2330 1531 2329.946668051317 1462.948317746162
2349 1459 2349.05568672551 1530.056382594765 2421 1530 2420.94431327449 1458.943617405235
2435 1470 2435.0478472963287 1531.053253947601 2503 1531 2502.9521527036713 1469.946746052399
2526 1459 2526.0619507758374 1538.0493244061024 2589 1538 2588.9380492241626 1458.9506755938976
2606 1462 2606.0541205593827 1531.0579512176196 2680 1531 2679.9458794406173 1461.9420487823804
2693 1461 2693.0572498207284 1534.050895485684 2758 1534 2757.9427501792716 1460.949104514316
2777 1462 2777.050201458974 1526.0571705912828 2850 1526 2849.949798541026 1461.9428294087172
2864 1450 2864.065872947155 1534.0540235186663 2933 1534 2932.934127052845 1449.9459764813337
2944 1461 2944.0549085559 1531.0634364841555 3025 1531 3024.9450914441 1460.9365635158445
3036 1449 3036.0572541200004 1522.0563813664016 3108 1522 3107.9427458799996 1448.9436186335984
3123 1451 3123.049412848274 1514.0509016275014 3188 1514 3187.950587151726 1450.9490983724986
3212 1447 3212.047065441629 1507.055605653519 3283 1507 3282.952934558371 1446.944394346481
3304 1446 3304.0509869987645 1511.0595210688373 3380 1511 3379.9490130012355 1445.9404789311627
3394 1432 3394.061167692774 1510.0501087175296 3458 1510 3457.938832307226 1431.9498912824704
3481 1439 3481.054904256628 1509.0579506034378 3555 1509 3554.945095743372 1438.9420493965622
3567 1445 3567.048629765211 1507.0516859389284 3633 1507 3632.951370234789 1444.9483140610716
3655 1445 3655.047857737419 1506.066576800773 3740 1506 3739.952142262581 1444.933423199227
3733 1432 3733.050981471129 1497.0524677936287 3800 1497 3799.949018528871 1431.9475322063713
3818 1433 3818.0447100506203 1490.0501216153464 3882 1490 3881.9552899493797 1432.9498783846536
3902 1420 3902.0564655093017 1492.0501124026202 3966 1492 3965.9435344906983 1419.9498875973798
3983 1420 3983.047844839602 1481.0501191586195 4047 1481 4046.952155160398 1419.9498808413805
4072 1422 4072.0525494798017 1489.0532502625106 4140 1489 4139.947450520199 1421.9467497374894
4150 1419 4150.051771310192 1485.060304151901 4227 1485 4226.948228689808 1418.939695848099
4249 1419 4249.047059299811 1479.0477686810648 4310 1479 4309.952940700189 1418.9522313189352
4317 1410 4317.051768853465 1476.0571693629192 4390 1476 4389.948231146535 1409.9428306370808
4396 1412 4396.050991298037 1477.065006949555 4479 1477 4478.949008701963 1411.934993050445
4494 1412 4494.050178734249 1476.0281737932028 4530 1476 4529.949821265751 1411.9718262067972
412 1604 412.0509839278557 1669.0556025826104 483 1669 482.9490160721443 1603.9443974173896
497 1609 497.04549129113866 1667.046986212183 557 1667 556.9545087088613 1608.953013787817
585 1601 585.0501934746112 1665.0469825270925 645 1665 644.9498065253888 1600.9530174729075
674 1606 674.0446940818947 1663.0297454869658 712 1663 711.9553059181053 1605.9702545130342
727 1595 727.0572528916373 1668.0548139719108 797 1668 796.9427471083627 1594.9451860280892
830 1587 830.0556861113282 1658.0555988975198 901 1658 900.9443138886718 1586.9444011024802
919 1590 919.0572479781832 1663.0485443939474 981 1663 980.9427520218168 1589.9514556060526
1020 1592 1020.0517670109193 1658.054818271183 1090 1658 1089.9482329890807 1591.945181728817
1106 1589 1106.046279901838 1648.0532551759645 1174 1648 1173.953720098162 1588.9467448240355
1189 1582 1189.0454937478655 1640.0501210011646 1253 1640 1252.9545062521345 1581.9498789988354
1281 1588 1281.0423552737934 1642.0454212744191 1339 1642 1338.9576447262066 1587.9545787255809
1363 1572 1363.0658723329734 1656.053239821421 1431 1656 1430.9341276670266 1571.946760178579
1451 1580 1451.0549011857192 1650.0540321172107 1520 1650 1519.9450988142808 1579.9459678827893
1530 1573 1530.0611658502285 1651.0477576257936 1591 1651 1590.9388341497715 1572.9522423742064
1606 1565 1606.0572553483642 1638.0579487608925 1680 1638 1679.9427446516358 1564.9420512391075
1692 1565 1692.0572516632737 1638.0532465774202 1760 1638 1759.9427483367263 1564.9467534225798
1765 1563 1765.0556836546011 1634.052464108538 1832 1634 1831.9443163453989 1562.947535891462
1845 1566 1845.0556824262378 1637.0508967140472 1910 1637 1909.9443175737622 1565.9491032859528
1933 1572 1933.0439306526473 1628.0556081102459 2004 1628 2003.9560693473527 1571.9443918897541
2010 1571 2010.0470654416285 1631.055605653519 2081 1631 2080.952934558371 1570.944394346481
2091 1568 2091.047067284174 1628.0579567452553 2165 1628 2164.952932715826 1567.9420432547447
2174 1560 2174.0556854971464 1631.0548152002743 2244 1631 2243.9443145028536 1559.9451847997257
2255 1559 2255.050980242765 1624.0509003991378 2320 1624 2319.949019757235 1558.9490996008622
2328 1557 2328.045497432956 1615.0548231846371 2398 1615 2397.954502567044 1556.9451768153629
2433 1537 2433.066652345128 1622.0485370237666 2495 1622 2494.933347654872 1536.9514629762334
2512 1545 2512.0588172152193 1620.0508942573204 2577 1620 2576.9411827847807 1544.9491057426796
2586 1544 2586.050215585154 1608.0751956279273 2682 1608 2681.949784414846 1543.9248043720727
2686 1542 2686.0541211735645 1611.0587349148648 2761 1611 2760.9458788264355 1541.9412650851352
2779 1533 2779.056471651119 1605.0579493750743 2853 1605 2852.943528348881 1532.9420506249257
2859 1539 2859.052557464164 1606.0634383267009 2940 1606 2939.947442535836 1538.9365616732991
2955 1538 2955.051767625101 1604.0556019684286 3026 1604 3025.948232374899 1537.9443980315714
3042 1527 3042.0564722653007 1599.0587330723197 3117 1599 3116.9435277346993 1526.9412669276803
3132 1523 3132.056471651119 1595.0579493750743 3206 1595 3205.943528348881 1522.9420506249257
3213 1522 3213.058035360519 1596.0532459632382 3281 1596 3280.941964639481 1521.9467540367618
3305 1527 3305.0549011857197 1597.0540321172107 3374 1597 3373.9450988142803 1526.9459678827893
3395 1522 3395.0462743742023 1581.046201900756 3454 1581 3453.9537256257977 1521.953798099244
3470 1527 3470.052556849982 1594.0626546294554 3550 1594 3549.947443150018 1526.9373453705446
3565 1509 3565.061954460928 1588.054026589575 3634 1588 3633.938045539072 1508.945973410425
3661 1512 3661.0517670109193 1578.054818271183 3731 1578 3730.9482329890807 1511.945181728817
3738 1514 3738.0509833136744 1579.054818885365 3808 1579 3807.9490166863256 1513.945181114635
3810 1510 3810.05803904561 1584.0579481467107 3884 1584 3883.94196095439 1509.9420518532893
3904 1510 3904.0517706960095 1576.0595204546555 3980 1576 3979.9482293039905 1509.9404795453445
3998 1506 3998.0462620905673 1565.0305279558477 4037 1565 4036.9537379094327 1505.9694720441523
4068 1499 4068.0564624383924 1571.0461939163931 4127 1571 4126.943537561607 1498.9538060836069
4142 1501 4142.051763325829 1567.0501160877106 4206 1567 4205.948236674171 1500.9498839122894
4234 1495 4234.0603882948 1572.0555952124294 4305 1572 4304.9396117052 1494.9444047875706
4316 1500 4316.048651261573 1562.0791153425178 4417 1562 4416.951348738427 1499.9208846574822
4415 1485 4415.058035974701 1559.0540296604838 4484 1559 4483.941964025299 1484.9459703395162
4497 1488 4497.05411257502 1557.047763153429 4558 1557 4557.94588742498 1487.952236846571
396 1693 396.0502143567906 1757.0736282334362 490 1757 489.9497856432094 1692.9263717665638
493 1695 493.04942021845545 1758.0603059944463 570 1758 569.9505797815445 1694.9396940055537
594 1683 594.0643043243008 1765.052457352539 661 1765 660.9356956756992 1682.947542647461
665 1674 665.0588166010375 1749.050110560075 729 1749 728.9411833989625 1673.949889439925
740 1672 740.0596064401004 1748.0579469183472 814 1748 813.9403935598996 1671.9420530816528
842 1662 842.0705702171734 1752.0477502556125 903 1752 902.9294297828266 1661.9522497443875
918 1666 918.0525531648918 1733.057952445983 992 1733 991.9474468351082 1665.942047554017
1010 1672 1010.0494146908196 1735.0532527192374 1078 1735 1077.9505853091803 1671.9467472807626
1108 1669 1108.061952004201 1748.0508918005933 1173 1748 1172.938047995799 1668.9491081994067
1186 1675 1186.0494153050015 1738.054036416483 1255 1738 1254.9505846949985 1674.945963583517
1266 1679 1266.0455078740458 1737.068146037809 1353 1737 1352.9544921259542 1678.931853962191
1366 1661 1366.0627307879925 1741.0446216084483 1423 1741 1422.9372692120075 1660.9553783915517
1440 1661 1440.0494177617284 1724.0571712054646 1513 1724 1512.9505822382716 1660.9428287945354
1527 1662 1527.0454919053204 1720.0477699094283 1588 1720 1587.9545080946796 1661.9522300905717
1692 1671 1692.0447094364386 1728.049337918101 1755 1728 1754.9552905635614 1670.950662081899
1771 1651 1771.0611615509565 1729.0422717450754 1825 1729 1824.9388384490435 1650.9577282549246
1838 1666 1838.0501953171565 1730.0493336188288 1901 1730 1900.9498046828435 1665.9506663811712
1908 1650 1908.0517688534646 1716.0571693629192 1981 1716 1980.9482311465354 1649.9428306370808
1998 1638 1998.064315993754 1720.0673476002016 2084 1720 2083.9356840062464 1637.9326523997984
2095 1632 2095.065083722274 1715.0469708576393 2155 1715 2154.934916277726 1631.9530291423607
2168 1641 2168.055691638964 1712.0626521727283 2248 1712 2247.944308361036 1640.9373478272717
2261 1640 2261.0509790144015 1705.049333004647 2324 1705 2323.9490209855985 1639.950666995353
2339 1628 2339.0572424505476 1701.041491118739 2392 1701 2391.9427575494524 1627.958508881261
2428 1636 2428.053331948683 1704.051682253838 2494 1704 2493.946668051317 1635.948317746162
2508 1621 2508.066665242945 1706.0649946659203 2591 1706 2590.933334757055 1620.9350053340797
2605 1625 2605.059603369192 1701.05402843212 2674 1701 2673.940396630808 1624.94597156788
2676 1630 2676.0525728187076 1697.083030757836 2782 1697 2781.9474271812924 1629.916969242164
2786 1618 2786.056475336209 1690.0626515585466 2866 1690 2865.943524663791 1617.9373484414534
2884 1614 2884.060366798439 1691.02816580884 2920 1691 2919.939633201561 1613.97183419116
2951 1622 2951.048629151029 1684.0509022416832 3016 1684 3015.951370848971 1621.9490977583168
3036 1610 3036.060391979891 1687.0602973959017 3113 1687 3112.939608020109 1609.9397026040983
3142 1601 3142.070569602992 1691.046966558367 3202 1691 3201.929430397008 1600.953033441633
3221 1611 3221.0611732204097 1689.0571619927382 3294 1689 3293.9388267795903 1610.9428380072618
3307 1616 3307.054900571538 1686.0532484199653 3375 1686 3374.945099428462 1615.9467515800347
3390 1609 3390.05882090031 1684.0555964407927 3461 1684 3460.94117909969 1608.9444035592073
3478 1607 3478.058035974701 1681.0540296604838 3547 1681 3546.941964025299 1606.9459703395162
3562 1616 3562.0502045298826 1680.06108907751 3640 1680 3639.9497954701174 1615.93891092249
3646 1607 3646.0509900696734 1672.0634395550644 3727 1672 3726.9490099303266 1606.9365604449356
3739 1595 3739.0603864522554 1672.053244120693 3807 1672 3806.9396135477446 1594.946755879307
3828 1599 3828.0493950370037 1662.0281744073845 3864 1662 3863.9506049629963 1598.9718255926155
3903 1593 3903.0580347463374 1667.0524622659927 3970 1667 3969.9419652536626 1592.9475377340073
3985 1599 3985.0517694676464 1665.0579530601647 4059 1665 4058.9482305323536 1598.9420469398353
4082 1590 4082.0572350803664 1663.032086751794 4123 1663 4122.942764919633 1589.967913248206
4151 1582 4151.05960275501 1658.0532447348746 4219 1658 4218.94039724499 1581.9467552651254
4237 1587 4237.050195931338 1651.050117316074 4301 1651 4300.949804068662 1586.949882683926
4332 1573 4332.059606440101 1649.0579469183472 4406 1649 4405.940393559899 1572.9420530816528
4416 1573 4416.067437270737 1659.0501038040757 4480 1659 4479.932562729263 1572.9498961959243
4502 1593 4502.047841154511 1654.045416975147 4560 1654 4559.952158845489 1592.954583024853
502 1788 502.0486395921188 1850.064225094855 584 1850 583.9513604078812 1787.935774905145
599 1788 599.0478460679653 1849.0516865531101 665 1849 664.9521539320347 1787.9483134468899
672 1771 672.0588227428551 1846.0579475325292 746 1846 745.9411772571449 1770.9420524674708
763 1761 763.0705726739005 1851.0508850445942 828 1851 827.9294273260995 1760.9491149554058
838 1768 838.0494165333649 1831.0556038109737 909 1831 908.9505834666351 1767.9443961890263
930 1767 930.0501934746112 1831.0469825270925 990 1831 989.9498065253888 1766.9530174729075
1028 1761 1028.0509624314946 1826.028173179021 1064 1826 1063.9490375685054 1760.971826820979
1099 1757 1099.058035974701 1831.0540296604838 1168 1831 1167.941964025299 1756.9459703395162
1191 1753 1191.0627344730829 1833.0493237919206 1254 1833 1253.9372655269171 1752.9506762080794
1277 1758 1277.0478442254202 1819.0493354613739 1340 1819 1339.9521557745798 1757.9506645386261
1357 1751 1357.052558078346 1818.0642220239463 1439 1818 1438.947441921654 1750.9357779760537
1446 1752 1446.0509826994921 1817.0540351881193 1515 1817 1514.9490173005079 1751.9459648118807
1529 1748 1529.047059913993 1808.0485523783102 1591 1808 1590.952940086007 1747.9514476216898
1615 1744 1615.0548993431742 1814.0516810254744 1681 1814 1680.9451006568258 1743.9483189745256
1695 1738 1695.055689182237 1809.0595173837467 1771 1809 1770.944310817763 1737.9404826162533
1784 1728 1784.0603667984394 1805.02816580884 1820 1805 1819.9396332015606 1727.97183419116
1840 1740 1840.0525500939832 1807.054033959756 1909 1807 1908.9474499060168 1739.945966040244
1921 1738 1921.0486420488457 1800.0673598838366 2007 1800 2006.9513579511543 1737.9326401161634
2026 1728 2026.0556695284208 1799.0344390718938 2070 1799 2069.944330471579 1727.9655609281062
2090 1724 2090.0564728794825 1796.059516769565 2166 1796 2165.9435271205175 1723.940483230435
2180 1734 2180.0415685056396 1787.0415034023738 2233 1787 2232.9584314943604 1733.9584965976262
2258 1720 2258.0611719920457 1798.0555945982476 2329 1798 2328.9388280079543 1719.9444054017524
2345 1726 2345.050973486766 1791.0422797294382 2399 1791 2398.949026513234 1725.9577202705618
2417 1728 2417.051770081828 1794.05873675741 2492 1794 2491.948229918172 1727.94126324259
2502 1721 2502.058827656309 1796.0642171104923 2584 1796 2583.941172343691 1720.9357828895077
2614 1713 2614.0666492742193 1798.0446185375395 2671 1798 2670.9333507257807 1712.9553814624605
2683 1711 2683.0603895231643 1788.05716260692 2756 1788 2755.9396104768357 1710.94283739308
2773 1710 2773.0580451874275 1784.065785119165 2857 1784 2856.9419548125725 1709.934214880835
2868 1703 2868.0596076684637 1779.059514312838 2944 1779 2943.9403923315363 1702.940485687162
2956 1707 2956.0501848760664 1771.0360107656568 3002 1771 3001.9498151239336 1706.9639892343432
3020 1707 3020.0517743811006 1773.064222638128 3102 1773 3101.9482256188994 1706.935777361872
3126 1699 3126.058823357037 1774.0587312297744 3201 1774 3200.941176642963 1698.9412687702256
3210 1704 3210.048634064483 1766.0571718196463 3283 1766 3282.951365935517 1703.9428281803537
3300 1709 3300.05098884131 1774.0618721605733 3379 1774 3378.94901115869 1708.9381278394267
3388 1691 3388.0572387654574 1764.0367889352663 3435 1764 3434.9427612345426 1690.9632110647337
3477 1704 3477.046281744383 1763.0556062677008 3548 1763 3547.953718255617 1703.9443937322992
3559 1693 3559.048624237575 1755.0446326637198 3616 1755 3615.951375762425 1692.9553673362802
3645 1688 3645.0548932013567 1758.0438440530202 3701 1758 3700.9451067986433 1687.9561559469798
3726 1701 3726.041578946729 1754.054826255546 3796 1754 3795.958421053271 1700.945173744454
3808 1676 3808.0666603294912 1761.0587250879569 3883 1761 3882.9333396705088 1675.9412749120431
3901 1675 3901.058035360519 1749.0532459632382 3969 1749 3968.941964639481 1674.9467540367618
3979 1683 3979.0533270352294 1751.0454126758748 4037 1751 4036.9466729647706 1682.9545873241252
4061 1687 4061.0447069797115 1744.0462031291192 4120 1744 4119.955293020289 1686.9537968708808
4144 1672 4144.058823357037 1747.0587312297744 4219 1747 4218.941176642963 1671.9412687702256
4234 1662 4234.073705620336 1756.0485314961309 4296 1756 4295.926294379664 1661.9514685038691
4313 1663 4313.058051943426 1737.0744057888644 4408 1737 4407.941948056574 1662.9255942111356
4421 1654 4421.065091706636 1737.0571589218296 4494 1737 4493.934908293364 1653.9428410781704
4499 1661 4499.054100905566 1730.0328729057665 4541 1730 4540.945899094434 1660.9671270942335
677 1861 677.0462768309293 1920.0493366897376 740 1920 739.9537231690707 1860.9506633102624
755 1859 755.0486309935743 1921.0532533334192 823 1921 822.9513690064257 1858.9467466665808
838 1854 838.0517590265567 1920.044630206993 895 1920 894.9482409734433 1853.955369793007
916 1851 916.0478448396019 1912.0501191586195 980 1912 979.9521551603981 1850.9498808413805
1001 1844 1001.0525562358006 1911.06187093221 1080 1911 1079.9474437641995 1843.93812906779
1112 1848 1112.0470586856293 1908.0469849838196 1172 1908 1171.9529413143707 1847.9530150161804
1185 1841 1185.050979014402 1906.049333004647 1248 1906 1247.949020985598 1840.950666995353
1265 1818 1265.0697883624732 1907.0501019615306 1329 1907 1328.9302116375268 1817.9498980384694
1350 1830 1350.0501983880652 1894.0532521050557 1418 1894 1417.9498016119348 1829.9467478949443
1440 1841 1440.0454968187744 1899.0540394873917 1509 1899 1508.9545031812256 1840.9459605126083
1527 1825 1527.0502039157009 1889.0603053802645 1604 1889 1603.9497960842991 1824.9396946197355
1617 1822 1617.0509796285835 1887.0501167018924 1681 1887 1680.9490203714165 1821.9498832981076
1701 1828 1701.0494159191833 1891.0548201137285 1771 1891 1770.9505840808167 1827.9451798862715
1783 1822 1783.0454925195022 1880.048553606674 1845 1880 1844.9545074804978 1821.951446393326
1851 1811 1851.0525531648918 1878.057952445983 1925 1878 1924.9474468351082 1810.942047554017
1952 1813 1952.052532896894 1880.0320904368846 1993 1880 1992.947467103106 1812.9679095631154
2016 1810 2016.0533337912286 1878.0540333455742 2085 1878 2084.9466662087716 1809.9459666544258
2092 1820 2092.044710664802 1877.0509053125918 2157 1877 2156.955289335198 1819.9490946874082
2176 1811 2176.048614410667 1873.0320935077932 2217 1873 2216.951385589333 1810.9679064922068
2255 1810 2255.048629151029 1872.0509022416832 2320 1872 2319.951370848971 1809.9490977583168
2340 1807 2340.0454992755017 1865.0571742763734 2413 1865 2412.9545007244983 1806.9428257236266
2428 1799 2428.060382767165 1876.0485419372205 2490 1876 2489.939617232835 1798.9514580627795
2515 1807 2515.046272531657 1866.0438508090197 2571 1866 2570.953727468343 1806.9561491909803
2589 1804 2589.0556910247824 1875.0618684754832 2668 1875 2667.9443089752176 1803.9381315245168
2685 1809 2685.0439245108296 1865.0477711377919 2746 1865 2745.9560754891704 1808.9522288622081
2782 1785 2782.065866805338 1869.046186546212 2841 1869 2840.934133194662 1784.953813453788
2854 1802 2854.0494220610008 1865.0626570861825 2934 1865 2933.9505779389992 1801.9373429138175
2940 1794 2940.050203301519 1858.059521683019 3016 1858 3015.949796698481 1793.940478316981
3035 1788 3035.054113189202 1857.0485468506747 3097 1857 3096.945886810798 1787.9514531493253
3119 1780 3119.053335019592 1848.055600740065 3190 1848 3189.946664980408 1779.944399259935
3204 1780 3204.0549036424463 1850.0571669061924 3277 1850 3276.9450963575537 1779.9428330938076
3298 1782 3298.050198388065 1846.0532521050557 3366 1846 3365.949801611935 1781.9467478949443
3383 1779 3383.044705751348 1836.0446357346286 3440 1836 3439.955294248652 1778.9553642653714
3476 1773 3476.058031675429 1847.0485437797659 3538 1847 3537.941968324571 1772.9514562202341
3549 1773 3549.050201458974 1837.0571705912828 3622 1837 3621.949798541026 1772.9428294087172
3637 1775 3637.050203301519 1839.059521683019 3713 1839 3712.949796698481 1774.940478316981
3730 1767 3730.053335019592 1835.055600740065 3801 1835 3800.946664980408 1766.944399259935
3814 1772 3814.049415919183 1835.0548201137285 3884 1835 3883.950584080817 1771.9451798862715
3901 1767 3901.0454765507766 1825.0281774782932 3937 1825 3936.9545234492234 1766.9718225217068
3972 1756 3972.0611719920457 1834.0555945982476 4043 1834 4042.9388280079543 1755.9444054017524
4053 1755 4053.0572553483644 1828.0579487608925 4127 1828 4126.942744651636 1754.9420512391075
4145 1759 4145.054115031747 1828.0508979424108 4210 1828 4209.945884968253 1758.9491020575892
4235 1750 4235.06038460971 1827.0508930289568 4300 1827 4299.93961539029 1749.9491069710432
4320 1748 4320.061175677137 1826.06029678172 4397 1826 4396.938824322863 1747.93970321828
4418 1751 4418.054114417565 1820.0501142451653 4482 1820 4481.945885582435 1750.9498857548347
812 1924 812.0447045229845 1981.0430683401376 867 1981 866.9552954770155 1923.9569316598624
890 1922 890.046282358565 1981.056389964946 962 1981 961.953717641435 1921.943610035054
992 1913 992.0588129159471 1988.0454083766024 1050 1988 1049.941187084053 1912.9545916233976
1080 1926 1080.0447112789836 1983.0516890098372 1146 1983 1145.9552887210164 1925.9483109901628
1163 1916 1163.0462817443834 1975.0556062677008 1234 1975 1233.9537182556166 1915.9443937322992
1259 1915 1259.0478399261478 1976.0438495806561 1315 1976 1314.9521600738522 1914.9561504193439
1344 1914 1344.0501811909762 1978.0313085821845 1384 1978 1383.9498188090238 1913.9686914178155
1414 1912 1414.0455060315007 1970.0657949460729 1498 1970 1497.9544939684993 1911.9342050539271
1515 1913 1515.0454962045926 1971.0532557901463 1583 1971 1582.9545037954074 1912.9467442098537
1604 1908 1604.046278059293 1967.0509040842283 1669 1967 1668.953721940707 1907.9490959157717
1689 1909 1689.0470611423566 1969.0501197728013 1753 1969 1752.9529388576434 1908.9498802271987
1767 1896 1767.0572510490922 1969.0524628801745 1834 1969 1833.9427489509078 1895.9475371198255
1848 1894 1848.0517756094641 1960.0657900326187 1932 1960 1931.9482243905359 1893.9342099673813
1946 1892 1946.0588215144915 1967.056380138038 2018 1967 2017.9411784855085 1891.943619861962
2020 1896 2020.0470660558103 1956.0563893507642 2092 1956 2091.952933944189 1895.9436106492358
2105 1888 2105.050200844792 1952.0563868940374 2177 1952 2176.949799155208 1887.9436131059626
2179 1897 2179.0439337235557 1953.059526596473 2255 1953 2254.9560662764443 1896.940473403527
2263 1889 2263.0509790144015 1954.049333004647 2326 1954 2325.9490209855985 1888.950666995353
2348 1884 2348.055668914239 1955.0336553746483 2391 1955 2390.944331085761 1883.9663446253517
2412 1888 2412.0494196042737 1951.0595222972008 2488 1951 2487.9505803957263 1887.9404777027992
2503 1888 2503.046278059293 1947.0509040842283 2568 1947 2567.953721940707 1887.9490959157717
2582 1880 2582.056469194392 1952.0548145860926 2652 1952 2651.943530805608 1879.9451854139074
2678 1877 2678.049417761729 1940.0571712054646 2751 1940 2750.950582238271 1876.9428287945354
2763 1874 2763.0494140766377 1937.052469021992 2830 1937 2829.9505859233623 1873.947530978008
2845 1866 2845.061171377864 1944.0548109010022 2915 1944 2914.938828622136 1865.9451890989978
2938 1867 2938.057233852003 1940.0305193573033 2977 1940 2976.942766147997 1866.9694806426967
3005 1862 3005.0572516632737 1935.0532465774202 3073 1935 3072.9427483367263 1861.9467534225798
3090 1860 3090.044698381167 1917.0352313676835 3135 1917 3134.955301618833 1859.9647686323165
3167 1861 3167.0509796285833 1926.0501167018924 3231 1926 3230.9490203714167 1860.9498832981076
3255 1857 3255.0541162601103 1926.0524653369016 3322 1926 3321.9458837398897 1856.9475346630984
3341 1853 3341.0627357014464 1933.0508911864115 3406 1933 3405.9372642985536 1852.9491088135885
3426 1852 3426.04861195394 1914.0289587188115 3463 1914 3462.95138804606 1851.9710412811885
3563 1853 3563.0548821460848 1923.029737502603 3601 1923 3600.9451178539152 1852.970262497397
3608 1850 3608.052529825985 1917.0281719506575 3644 1917 3643.947470174015 1849.9718280493425
3663 1851 3663.044694081895 1908.0297454869658 3701 1908 3700.955305918105 1850.9702545130342
3725 1850 3725.0509630456763 1915.0289568762664 3762 1915 3761.9490369543237 1849.9710431237336
3816 1843 3816.049418990092 1906.0587385999554 3891 1906 3890.950581009908 1842.9412614000446
3899 1836 3899.058042116518 1910.0618666329378 3978 1910 3977.941957883482 1835.9381333670622
3987 1842 3987.0431420419477 1897.0493391464645 4050 1897 4049.9568579580523 1841.9506608535355
4069 1839 4069.051767625101 1905.0556019684286 4140 1905 4139.948232374899 1838.9443980315714
1205 1983 1205.0588153726742 2058.048543165584 1267 2058 1266.9411846273258 1982.951456834416
1276 2000 1276.0454974329562 2058.0548231846374 1346 2058 1345.9545025670438 1999.9451768153629
1367 1981 1367.0650855648191 2064.049321949375 1430 2064 1429.9349144351809 1980.9506780506244
1441 1991 1441.0525464088926 2058.0493317762835 1504 2058 1503.9474535911074 1990.9506682237165
1522 1974 1522.0658668053375 2058.046186546212 1581 2058 1580.9341331946625 1973.953813453788
1585 1992 1585.0517719243735 2058.061087849146 1663 2058 1662.9482280756265 1991.9389121508536
1684 1980 1684.0556811978743 2051.0493293195564 1747 2051 1746.9443188021257 1979.9506706804434
1754 1972 1754.052550708165 2039.054817657001 1824 2039 1823.947449291835 1971.9451823429988
1842 1969 1842.064308623573 2051.0579432332565 1916 2051 1915.935691376427 1968.9420567667432
1940 1986 1940.0423644865198 2040.0571767331003 2013 2040 2012.9576355134802 1985.9428232668997
2027 1971 2027.0580347463374 2045.0524622659927 2094 2045 2093.9419652536626 1970.9475377340073
2101 1967 2101.0627375439917 2047.053242278148 2169 2047 2168.9372624560083 1966.9467577218522
2178 1961 2178.0658643486104 2045.0430517572304 2233 2045 2232.9341356513896 1960.9569482427696
2230 1971 2230.0525261408948 2038.023469767185 2260 2038 2259.9474738591052 1970.9765302328149
2265 1972 2265.0470562289024 2032.043850194838 2321 2032 2320.9529437710976 1971.956149805162
2340 1960 2340.0572473640013 2033.0477606967022 2401 2033 2400.9427526359987 1959.9522393032978
2419 1967 2419.0533393188643 2035.0610866207828 2497 2035 2496.9466606811357 1966.9389133792172
2506 1953 2506.061170149501 2031.0532435065113 2574 2031 2573.938829850499 1952.9467564934887
2599 1962 2599.047829485058 2023.0305267274841 2638 2023 2637.952170514942 1961.9694732725159
2677 1945 2677.059600298283 2021.0501099458932 2741 2021 2740.940399701717 1944.9498900541068
2762 1960 2762.0470648274472 2020.0548219562736 2832 2020 2831.9529351725528 1959.9451780437264
2856 1954 2856.050966116585 2019.0328753624933 2898 2019 2897.949033883415 1953.9671246375067
2932 1944 2932.064306166846 2026.054808444275 3002 2026 3001.935693833154 1943.945191555725
3018 1937 3018.071368654781 2028.0665583753203 3103 2028 3102.928631345219 1936.9334416246797
3115 1935 3115.0690028226827 2023.0477514839758 3176 2023 3175.9309971773173 1934.9522485160242
3600 1917 3600.0713551427825 2008.0493170359214 3663 2008 3662.9286448572175 1916.9506829640786
3680 1923 3680.0486236233933 1985.0438489664743 3736 1985 3735.9513763766067 1922.9561510335257
3758 1919 3758.0596082826455 1995.0602980100834 3835 1995 3834.9403917173545 1918.9397019899166
3864 1917 3864.064306781028 1999.0555921415205 3935 1999 3934.935693218972 1916.9444078584795
3943 1924 3943.053337476319 1992.0587355290465 4018 1992 4017.946662523681 1923.9412644709535
4035 1919 4035.0486156390307 1981.033660902284 4078 1981 4077.9513843609693 1918.966339097716
4087 1911 4087.0580316754285 1985.0485437797659 4149 1985 4148.9419683245715 1910.9514562202341
4155 1910 4155.054118102656 1979.0548164286379 4225 1979 4224.945881897344 1909.9451835713621
4238 1906 4238.0658723329725 1990.053239821421 4306 1990 4305.9341276670275 1905.946760178579
4315 1899 4315.058815986856 1974.0493268628295 4378 1974 4377.941184013144 1898.9506731371705
4395 1900 4395.059608896827 1976.0610817073289 4473 1976 4472.940391103173 1899.9389182926711
4492 1896 4492.0556719851475 1967.0375738608755 4540 1967 4539.9443280148525 1895.9624261391245
1278 2067 1278.0564710369372 2139.057165677829 1351 2139 1350.9435289630628 2066.942834322171
1368 2066 1368.0541021339302 2135.0344403002573 1412 2135 1411.9458978660698 2065.9655596997427
1433 2067 1433.047851595601 2128.0587398283187 1508 2128 1507.952148404399 2066.9412601716813
1515 2067 1515.0454968187744 2125.0540394873915 1584 2125 1583.9545031812256 2066.9459605126085
1592 2058 1592.0533356337737 2126.05638443731 1664 2126 1663.9466643662263 2057.94361556269
1684 2054 1684.0603901373458 2131.0579463041654 1758 2131 1757.9396098626542 2053.9420536958346
1760 2061 1760.0501971597016 2125.051684710565 1826 2125 1825.9498028402984 2060.948315289435
1836 2062 1836.0462866578373 2121.061875845664 1915 2121 1914.9537133421627 2061.938124154336
1926 2058 1926.0572565767277 2131.0595161553833 2002 2131 2001.9427434232723 2057.9404838446167
2020 2049 2020.069791433382 2138.0540204477575 2089 2138 2088.9302085666177 2048.9459795522425
2099 2062 2099.0509869987645 2127.0595210688375 2175 2127 2174.9490130012355 2061.9404789311625
2189 2052 2189.058042116518 2126.061866632938 2268 2126 2267.941957883482 2051.938133367062
2282 2049 2282.057256576728 2122.0595161553833 2358 2122 2357.942743423272 2048.9404838446167
2369 2047 2369.0580378172463 2121.05638075222 2441 2121 2440.9419621827537 2046.9436192477801
2451 2051 2451.0509826994926 2116.0540351881195 2520 2116 2519.9490173005074 2050.9459648118805
2531 2046 2531.0462737600205 2105.0454182035105 2589 2105 2588.9537262399795 2045.9545817964895
2609 2040 2609.05568672551 2111.056382594765 2681 2111 2680.94431327449 2039.9436174052353
2692 2041 2692.0517694676464 2107.057953060165 2766 2107 2765.9482305323536 2040.9420469398356
2780 2036 2780.0533159799575 2104.0313061254574 2820 2104 2819.9466840200425 2035.9686938745429
2833 2052 2833.046296484745 2111.0744150015903 2928 2111 2927.953703515255 2051.9255849984097
2934 2035 2934.0572455214565 2108.045409604966 2992 2108 2991.9427544785435 2034.9545903950338
3015 2039 3015.0517694676464 2105.057953060165 3089 2105 3088.9482305323536 2038.9420469398356
3099 2037 3099.051768239283 2103.0563856656736 3171 2103 3170.948231760717 2036.943614334326
3183 2028 3183.054909170082 2098.0642201814007 3265 2098 3264.945090829918 2027.935779818599
3274 2027 3274.0541162601103 2096.0524653369016 3341 2096 3340.9458837398897 2026.9475346630984
3356 2022 3356.058818443583 2097.052461651811 3423 2097 3422.941181556417 2021.947538348189
3438 2024 3438.052555007437 2091.060303537719 3515 2091 3514.947444992563 2023.9396964622808
3525 2027 3525.0501996164285 2091.0548194995463 3595 2091 3594.9498003835715 2026.9451805004533
3608 2022 3608.0502045298826 2086.0610890775097 3686 2086 3685.9497954701174 2021.93891092249
3697 2019 3697.0462792876565 2078.0524714787193 3764 2078 3763.9537207123435 2018.947528521281
3786 2014 3786.0525359678027 2081.0360089231117 3832 2081 3831.9474640321973 2013.9639910768883
3840 2003 3840.061175062955 2081.0595130844745 3916 2081 3915.938824937045 2002.9404869155253
3912 2011 3912.051765168374 2077.0524671794465 3979 2077 3978.948234831626 2010.947532820553
3984 2003 3984.0509845420374 2068.0563862798554 4056 2068 4055.9490154579626 2002.9436137201444
4073 2016 4073.04472049171 2073.0634444685184 4154 2073 4153.95527950829 2015.9365555314816
4154 2007 4154.047824571604 2068.024257149521 4185 2068 4184.952175428396 2006.975742850479
4208 2002 4208.054119945201 2071.057167520374 4281 2071 4280.945880054799 2001.9428324796258
4276 2010 4276.04863652121 2072.0603066086283 4353 2072 4352.95136347879 2009.9396933913722
4359 2003 4359.050984542037 2068.0563862798554 4431 2068 4430.949015457963 2002.9436137201444
4442 2009 4442.04314634122 2064.0548250271827 4512 2064 4511.95685365878 2008.9451749728178
4503 1989 4503.061172606228 2067.056378295493 4575 2067 4574.938827393772 1988.943621704507
1525 2141 1525.0580267619748 2215.0422742018022 1579 2215 1578.9419732380252 2140.9577257981978
1587 2156 1587.0415746474569 2209.0493403748283 1650 2209 1649.9584253525431 2155.9506596251717
1670 2159 1670.042376155973 2213.0720669807633 1762 2213 1761.957623844027 2158.9279330192367
1768 2143 1768.0572522774555 2216.0540302746654 1837 2216 1836.9427477225445 2142.9459697253346
1842 2147 1842.053342389773 2215.0650051070097 1925 2215 1924.946657610227 2146.9349948929903
1932 2140 1932.0541174884738 2209.0540327313925 2001 2209 2000.9458825115262 2139.9459672686075
2015 2140 2015.0564655093012 2212.05011240262 2079 2212 2078.9435344906983 2139.94988759738
2080 2138 2080.0572516632737 2211.05324657742 2148 2211 2147.9427483367263 2137.94675342258
2160 2139 2160.0541162601103 2208.0524653369016 2227 2208 2226.9458837398897 2138.9475346630984
2226 2131 2226.061169535319 2209.052459809266 2293 2209 2292.938830464681 2130.947540190734
2312 2142 2312.047061756538 2202.0509034700463 2377 2202 2376.952938243462 2141.9490965299537
2386 2130 2386.055683654601 2201.052464108538 2453 2201 2452.944316345399 2129.947535891462
2474 2131 2474.053332562865 2199.0524659510834 2541 2199 2540.946667437135 2130.9475340489166
2548 2116 2548.071363127145 2207.059505100112 2624 2207 2623.928636872855 2115.940494899888
2624 2133 2624.050201458974 2197.0571705912826 2697 2197 2696.949798541026 2132.9428294087174
2699 2132 2699.0611658502285 2210.047757625793 2760 2210 2759.9388341497715 2131.952242374207
2765 2124 2765.050198388065 2188.053252105056 2833 2188 2832.949801611935 2123.946747894944
2851 2119 2851.050980242765 2184.050900399138 2916 2184 2915.949019757235 2118.949099600862
2943 2118 2943.054119331019 2187.0563838231287 3015 2187 3014.945880668981 2117.9436161768713
3022 2129 3022.047846682147 2190.052470250356 3089 2190 3088.952153317853 2128.947529749644
3111 2105 3111.0682215821644 2192.0508868871393 3176 2192 3175.9317784178356 2104.9491131128607
3188 2108 3188.0588135301286 2183.0461920738476 3247 2183 3246.9411864698714 2107.9538079261524
3253 2114 3253.048646348118 2176.0728457645546 3346 2176 3345.951353651882 2113.9271542354454
3364 2105 3364.0454740940495 2163.0250426893117 3396 2163 3395.9545259059505 2104.9749573106883
3427 2102 3427.0556873396918 2173.0571662920106 3500 2173 3499.9443126603082 2101.9428337079894
3501 2108 3501.047075882718 2168.068928506691 3589 2168 3588.952924117282 2107.931071493309
3604 2100 3604.054100291385 2169.032089208521 3645 2169 3644.945899708615 2099.967910791479
3653 2094 3653.0596119677366 2170.065000193556 3736 2170 3735.9403880322634 2093.934999806444
3734 2094 3734.053319665048 2162.03600830893 3780 2162 3779.946680334952 2093.96399169107
3784 2102 3784.0407878793026 2154.045422502783 3842 2154 3841.9592121206974 2101.954577497217
3851 2092 3851.0494171475466 2155.0563875082194 3923 2155 3922.9505828524534 2091.9436124917806
3932 2088 3932.055669528421 2159.0344390718933 3976 2159 3975.944330471579 2087.9655609281067
3990 2083 3990.054116874292 2152.053249034147 4058 2152 4057.945883125708 2082.946750965853
4063 2090 4063.051765782556 2156.0532508766923 4131 2156 4130.948234217444 2089.9467491233077
4140 2085 4140.062745528355 2165.063430342338 4221 2165 4220.937254471645 2084.936569657662
4234 2079 4234.058039659792 2153.058731843956 4309 2153 4308.941960340208 2078.941268156044
1767 2222 1767.0643055526643 2304.05402474703 1836 2304 1835.9356944473357 2221.94597525297
1846 2233 1846.0548987289924 2303.050897328229 1911 2303 1910.9451012710076 2232.949102671771
1921 2224 1921.0588209003097 2299.0555964407927 1992 2299 1991.9411790996903 2223.9444035592073
2005 2222 2005.0588202861281 2297.0548127435472 2075 2297 2074.941179713872 2221.9451872564528
2090 2220 2090.0564642809377 2292.048545008129 2152 2292 2151.9435357190623 2219.951454991871
2163 2223 2163.0580286045197 2297.0446252935385 2220 2297 2219.9419713954803 2222.9553747064615
2238 2221 2238.0556830404194 2292.051680411293 2304 2292 2303.9443169595806 2220.948319588707
2314 2222 2314.0572541200004 2295.0563813664016 2386 2295 2385.9427458799996 2221.9436186335984
2400 2212 2400.06351878451 2293.0501068749845 2464 2293 2463.93648121549 2211.9498931250155
2468 2216 2468.058023691066 2290.0383557155756 2517 2290 2516.941976308934 2215.9616442844244
2533 2220 2533.051767625101 2286.0556019684286 2604 2286 2603.948232374899 2219.9443980315714
2616 2211 2616.053337476319 2279.0587355290468 2691 2279 2690.946662523681 2210.9412644709532
2710 2214 2710.0470580714477 2274.046201286574 2769 2274 2768.9529419285523 2213.953798713426
2780 2207 2780.0517811370996 2273.0728433078275 2873 2273 2872.9482188629004 2206.9271566921725
2877 2202 2877.0501805767944 2266.030524884939 2916 2266 2915.9498194232056 2201.969475115061
2933 2196 2933.0588282704907 2271.0650008077378 3016 2271 3015.9411717295093 2195.9349991922622
3026 2201 3026.052528597622 2268.0266045561666 3060 2268 3059.947471402378 2200.9733954438334
3082 2205 3082.0525470230746 2272.050115473529 3146 2272 3145.9474529769254 2204.949884526471
3162 2197 3162.0556904106006 2268.0610847782377 3240 2268 3239.9443095893994 2196.9389152217623
3245 2196 3245.057238151275 2269.036005238021 3291 2269 3290.942761848725 2195.963994761979
3310 2190 3310.0666400614928 2275.0328630788586 3352 2275 3351.9333599385072 2189.9671369211414
3374 2190 3374.0533393188643 2258.061086620783 3452 2258 3451.9466606811357 2189.938913379217
3455 2184 3455.061175677137 2262.06029678172 3532 2262 3531.938824322863 2183.93970321828
3548 2180 3548.0674213020116 2266.029727675695 3586 2266 3585.9325786979884 2179.970272324305
3616 2180 3616.0642840563028 2262.0265953434405 3650 2262 3649.9357159436972 2179.9734046565595
3683 2183 3683.0533479174087 2251.0720583822185 3775 2251 3774.9466520825913 2182.9279416177815
3787 2177 3787.056451997303 2249.032871063221 3829 2249 3828.943548002697 2176.967128936779
3851 2168 3851.074497301945 2263.0587189461394 3926 2263 3925.925502698055 2167.9412810538606
2704 2276 2704.068229566527 2363.0610749513294 2782 2363 2781.931770433473 2275.9389250486706
2782 2271 2782.0643055526643 2353.05402474703 2851 2353 2850.9356944473357 2270.94597525297
2868 2290 2868.058033517974 2364.050894871502 2933 2364 2932.941966482026 2289.949105128498
2947 2286 2947.056471651119 2358.0579493750743 3021 2358 3020.943528348881 2285.9420506249257
3041 2271 3041.0619501616557 2350.048540708857 3103 2350 3102.9380498383443 2270.951459291143
3127 2272 3127.06587110461 2356.05167242693 3193 2356 3192.93412889539 2271.94832757307
3209 2271 3209.0666591011277 2356.057157693466 3282 2356 3281.9333408988723 2270.942842306534
3292 2274 3292.058808002493 2349.039138798639 3342 2349 3341.941191997507 2273.960861201361
3359 2270 3359.071363127145 2361.059505100112 3435 2361 3434.928636872855 2269.940494899888
# Transcript
QEOI
TADE EMISQWQH EPI DIOTIMOY ARCONTOS MOYNICIWNOS TETR***
ISTAMENOYELEYSINI EN TWI IERWI PARA TO NOTION TEICOS TO TOY
IEROY AR*AMENON APO TOY E*TRWMENOY O TOIS KIOSIN ESTRWTAI
TOIS PROSQIOISTA***N ORYXAI PLATOS OKTW PODWN MHKOS TRIA
KONTA PODWNBAQO******TOY STERIFOY KAI EKFORHSANTA THN G
HN EXW TOY IEROY EI********ON TO EPI TOY STADIOY TIQENAI TO
YS LIQOYS THS MALAKHS PETR****OSEPITEMNONTA OY AN HI PETR
A SYNTIQENTA TOYS ARMOYS STERIFOYS ARMOTTONTAS PANTACHI
**KOS TETRAPODAS PLATOS DIPODAS PACOS TRIHMIPODIOYSKAI
EPERGAZESQAI KATA TON STOICON EKASTON DIANEKH EPI DE TOYT
WN TIQENAI KATALHPTHRAS MHKOS TETRAPODASPLATOS PENQHMI
PODIOYSPACOS PENTEPALASTOS TWN EK THS STOAS KAQAIROYMEN
WN EXERGASAMENOORQOYS KAI EYGWNIOYS PANTACHI KAI TOYS A
*MOYS POIHSANTA EPI HMIPODION SYNTIQENAI AQRAYSTOYS KAI
***OTTONTAS PANTACHI KAI EPERGASAMENON ORQA KAI EYTENH
*****THS ANTIMACOS NEOKLEIDOY KHFISIEYS :*III:HHHH
**********KOSTRATOS ARESIOY PEIRAIEYS STHSAI TOYS KI
**********QINOYS TOYS NYN YPOKEIMENOYS YPO THI STOAIKATA T
**************SAMENOYS SFONDYLON EKASTWI TWI KIONI TON E
*****************YTHN ERGASIAN TWI KIONI :DPI: MIS
*****************YHTHS EPIK
********
# Lines: x1 y1 x2 y2 x3 y3 x4 y4
