# Baseline angle
0
# Boxes: x1 y1 x2 y2 x3 y3 x4 y4
531 277 531 453 668 453 668 277
2096 306 2096 450 2268 450 2268 306
512 837 512 1160 780 1160 780 837
848 882 848 1125 1088 1125 1088 882
1139 885 1139 1135 1398 1135 1398 885
1516 904 1516 1141 1753 1141 1753 904
1772 853 1772 1144 1996 1144 1996 853
2064 847 2064 1164 2320 1164 2320 847
2550 901 2550 1154 2825 1154 2825 901
2832 898 2832 1160 3129 1160 3129 898
3155 888 3155 1154 3456 1154 3456 888
3545 872 3545 1135 3801 1135 3801 872
3923 879 3923 1135 4150 1135 4150 879
4195 895 4195 1180 4524 1180 4524 895
492 1247 492 1375 617 1375 617 1247
640 1250 640 1356 796 1356 796 1250
825 1228 825 1356 889 1356 889 1228
947 1237 947 1362 1036 1362 1036 1237
1081 1231 1081 1359 1158 1359 1158 1231
1222 1240 1222 1365 1305 1365 1305 1240
1347 1260 1347 1373 1463 1373 1463 1260
1478 1259 1478 1376 1603 1376 1603 1259
1625 1259 1625 1381 1717 1381 1717 1259
1730 1256 1730 1373 1858 1373 1858 1256
1904 1262 1904 1368 1996 1368 1996 1262
2007 1240 2007 1376 2135 1376 2135 1240
2310 1244 2310 1373 2427 1373 2427 1244
2457 1244 2457 1365 2535 1365 2535 1244
2574 1253 2574 1379 2691 1379 2691 1253
2719 1245 2719 1373 2829 1373 2829 1245
2848 1248 2848 1368 2935 1368 2935 1248
2979 1253 2979 1382 3095 1382 3095 1253
3117 1260 3117 1372 3209 1372 3209 1260
3246 1244 3246 1381 3368 1381 3368 1244
3404 1240 3404 1379 3509 1379 3509 1240
3544 1251 3544 1388 3653 1388 3653 1251
3682 1256 3682 1370 3774 1370 3774 1256
3806 1230 3806 1382 3914 1382 3914 1230
3960 1237 3960 1391 4062 1391 4062 1237
4085 1250 4085 1390 4210 1390 4210 1250
513 1397 513 1512 621 1512 621 1397
661 1390 661 1514 780 1514 780 1390
783 1389 783 1503 908 1503 908 1389
926 1381 926 1500 1049 1500 1049 1381
1065 1395 1065 1506 1202 1506 1202 1395
1214 1387 1214 1514 1311 1514 1311 1387
1335 1388 1335 1510 1471 1510 1471 1388
1496 1384 1496 1519 1585 1519 1585 1384
1770 1397 1770 1525 1854 1525 1854 1397
1889 1386 1889 1530 2008 1530 2008 1386
2036 1394 2036 1510 2145 1510 2145 1394
2180 1397 2180 1500 2288 1500 2288 1397
2315 1388 2315 1505 2426 1505 2426 1388
2446 1383 2446 1509 2560 1509 2560 1383
2579 1395 2579 1507 2684 1507 2684 1395
2716 1400 2716 1521 2844 1521 2844 1400
2857 1389 2857 1506 2951 1506 2951 1389
2997 1390 2997 1518 3105 1518 3105 1390
3146 1390 3146 1529 3205 1529 3205 1390
3257 1403 3257 1518 3374 1518 3374 1403
3391 1403 3391 1524 3516 1524 3516 1403
3532 1415 3532 1512 3646 1512 3646 1415
3688 1392 3688 1518 3750 1518 3750 1392
3796 1398 3796 1531 3922 1531 3922 1398
3938 1396 3938 1521 4064 1521 4064 1396
484 1542 484 1636 629 1636 629 1542
664 1537 664 1647 786 1647 786 1537
801 1530 801 1659 926 1659 926 1530
934 1523 934 1656 1056 1656 1056 1523
1065 1534 1065 1654 1196 1654 1196 1534
1225 1536 1225 1654 1326 1654 1326 1536
1358 1537 1358 1653 1464 1653 1464 1537
1494 1530 1494 1656 1595 1656 1595 1530
1620 1528 1620 1651 1734 1651 1734 1528
1747 1517 1747 1648 1875 1648 1875 1517
1895 1533 1895 1656 2005 1656 2005 1533
2029 1528 2029 1661 2170 1661 2170 1528
2185 1523 2185 1653 2270 1653 2270 1523
2299 1522 2299 1661 2439 1661 2439 1522
2454 1533 2454 1656 2569 1656 2569 1533
2595 1546 2595 1661 2702 1661 2702 1546
2725 1540 2725 1661 2827 1661 2827 1540
2866 1528 2866 1662 2946 1662 2946 1528
2966 1526 2966 1634 3087 1634 3087 1526
3109 1539 3109 1647 3246 1647 3246 1539
3275 1534 3275 1648 3382 1648 3382 1534
3403 1525 3403 1642 3501 1642 3501 1525
3528 1531 3528 1641 3619 1641 3619 1531
502 1649 502 1777 619 1777 619 1649
658 1651 658 1769 752 1769 752 1651
795 1658 795 1783 901 1783 901 1658
934 1658 934 1783 1040 1783 1040 1658
1063 1668 1063 1786 1182 1786 1182 1668
1207 1677 1207 1788 1328 1788 1328 1677
1354 1669 1354 1788 1457 1788 1457 1669
1488 1674 1488 1786 1568 1786 1568 1674
1597 1663 1597 1792 1727 1792 1727 1663
1746 1654 1746 1772 1857 1772 1857 1654
1881 1665 1881 1779 1992 1779 1992 1665
2018 1675 2018 1785 2150 1785 2150 1675
2178 1661 2178 1788 2277 1788 2277 1661
2308 1665 2308 1796 2431 1796 2431 1665
2450 1663 2450 1785 2559 1785 2559 1663
2601 1663 2601 1785 2670 1785 2670 1663
2848 1666 2848 1782 2955 1782 2955 1666
2996 1648 2996 1774 3073 1774 3073 1648
3110 1668 3110 1783 3232 1783 3232 1668
510 1804 510 1922 638 1922 638 1804
661 1791 661 1909 789 1909 789 1791
801 1798 801 1912 934 1912 934 1798
946 1804 946 1915 1009 1915 1009 1804
1058 1804 1058 1923 1174 1923 1174 1804
1206 1809 1206 1935 1332 1935 1332 1809
1362 1801 1362 1922 1442 1922 1442 1801
1462 1807 1462 1906 1587 1906 1587 1807
1618 1800 1618 1900 1709 1900 1709 1800
1740 1804 1740 1912 1866 1912 1866 1804
1896 1797 1896 1903 1980 1903 1980 1797
2041 1803 2041 1905 2139 1905 2139 1803
2170 1801 2170 1918 2287 1918 2287 1801
2464 1804 2464 1929 2520 1929 2520 1804
2305 1801 2305 1922 2429 1922 2429 1801
2838 1812 2838 1924 2980 1924 2980 1812
2999 1795 2999 1916 3116 1916 3116 1795
513 1932 513 2041 627 2041 627 1932
679 1918 679 2046 735 2046 735 1918
781 1944 781 2046 909 2046 909 1944
936 1926 936 2051 1064 2051 1064 1926
1071 1930 1071 2051 1198 2051 1198 1930
1218 1927 1218 2049 1326 2049 1326 1927
1360 1929 1360 2041 1458 2041 1458 1929
1483 1910 1483 2040 1573 2040 1573 1910
1581 1919 1581 2042 1703 2042 1703 1919
1733 1920 1733 2044 1872 2044 1872 1920
1890 1934 1890 2047 1996 2047 1996 1934
2034 1913 2034 2044 2128 2044 2128 1913
2153 1922 2153 2038 2275 2038 2275 1922
2311 1936 2311 2069 2428 2069 2428 1936
2580 1943 2580 2054 2699 2054 2699 1943
2725 1931 2725 2042 2780 2042 2780 1931
2846 1927 2846 2029 2976 2029 2976 1927
2150 1236 2150 1379 2286 1379 2286 1236
643 2060 643 2178 767 2178 767 2060
931 2062 931 2174 1069 2174 1069 2062
1079 2058 1079 2178 1173 2178 1173 2058
1213 2067 1213 2176 1339 2176 1339 2067
1360 2062 1360 2178 1482 2178 1482 2062
1500 2054 1500 2184 1563 2184 1563 2054
1586 2064 1586 2160 1729 2160 1729 2064
1743 2062 1743 2160 1844 2160 1844 2062
1862 2060 1862 2176 2010 2176 2010 2060
2035 2058 2035 2182 2146 2182 2146 2058
2171 2052 2171 2184 2297 2184 2297 2052
2301 2066 2301 2186 2413 2186 2413 2066
804 2075 804 2164 888 2164 888 2075
2444 2078 2444 2182 2534 2182 2534 2078
2566 2067 2566 2176 2680 2176 2680 2067
2709 2070 2709 2171 2829 2171 2829 2070
512 2213 512 2335 667 2335 667 2213
700 2202 700 2347 805 2347 805 2202
833 2193 833 2354 958 2354 958 2193
1005 2191 1005 2322 1092 2322 1092 2191
1608 2201 1608 2326 1725 2326 1725 2201
1741 2203 1741 2326 1876 2326 1876 2203
1895 2206 1895 2315 2002 2315 2002 2206
2182 2212 2182 2322 2304 2322 2304 2212
2325 2206 2325 2315 2430 2315 2430 2206
2445 2211 2445 2323 2547 2323 2547 2211
2580 2203 2580 2308 2688 2308 2688 2203
2696 2203 2696 2315 2831 2315 2831 2203
636 2347 636 2457 748 2457 748 2347
503 2345 503 2458 623 2458 623 2345
796 2347 796 2460 916 2460 916 2347
941 2354 941 2469 1052 2469 1052 2354
1068 2351 1068 2467 1169 2467 1169 2351
1185 2357 1185 2467 1354 2467 1354 2357
1360 2357 1360 2463 1456 2463 1456 2357
1466 2339 1466 2463 1584 2463 1584 2339
1598 2370 1598 2465 1718 2465 1718 2370
1736 2360 1736 2479 1849 2479 1849 2360
1882 2351 1882 2469 2018 2469 2018 2351
2041 2351 2041 2470 2181 2470 2181 2351
2191 2346 2191 2467 2300 2467 2300 2346
2442 2344 2442 2460 2564 2460 2564 2344
619 2483 619 2599 776 2599 776 2483
806 2487 806 2613 920 2613 920 2487
1065 2498 1065 2591 1184 2591 1184 2498
1212 2488 1212 2595 1325 2595 1325 2488
1352 2487 1352 2596 1465 2596 1465 2487
1474 2487 1474 2607 1591 2607 1591 2487
1609 2483 1609 2606 1737 2606 1737 2483
1750 2491 1750 2604 1860 2604 1860 2491
1884 2495 1884 2591 2012 2591 2012 2495
2028 2487 2028 2598 2140 2598 2140 2487
2162 2483 2162 2606 2296 2606 2296 2483
2308 2475 2308 2603 2440 2603 2440 2475
2460 2478 2460 2610 2587 2610 2587 2478
1223 2632 1223 2747 1298 2747 1298 2632
1060 2635 1060 2746 1177 2746 1177 2635
1329 2609 1329 2735 1460 2735 1460 2609
1464 2623 1464 2731 1599 2731 1599 2623
1616 2623 1616 2744 1720 2744 1720 2623
1918 2629 1918 2731 1974 2731 1974 2629
2015 2605 2015 2729 2147 2729 2147 2605
2325 2625 2325 2731 2444 2731 2444 2625
1061 2765 1061 2863 1165 2863 1165 2765
1204 2750 1204 2855 1328 2855 1328 2750
800 2743 800 2870 893 2870 893 2743
1344 2759 1344 2858 1469 2858 1469 2759
1488 2752 1488 2869 1593 2869 1593 2752
1616 2759 1616 2848 1739 2848 1739 2759
1350 2893 1350 2994 1478 2994 1478 2893
950 2895 950 3006 1050 3006 1050 2895
1482 2889 1482 2985 1587 2985 1587 2889
# Transcript
QE*
*POLITEAEYPOL*
EPIFEREKLEOYSARCONTOSEPITHS
DOSDWDEK*THSPRYTANEIASHIEP
SDHMOCAROYGARGHTTIOSEGR*
KIROFORIWNOSENHI*AIN
ATEIKAIEIKOSTHI**SP
SIATWNPROEDRWN*PEU
*PIMHDEIDOYKYDAQH
DROI****EDO*ENTWI
YQYDHMOYDIOME*Y*
*YS*PESTEILENTE*
**AINWN*IL*N*
S*ATWNB***
**O**OY