# Baseline angle
6.317792593568057
# Boxes: x1 y1 x2 y2 x3 y3 x4 y4
1408 332 1400.9967246592382 534.2833914618377 1595 541 1602.0032753407618 338.7166085381622
1583 349 1576.443727141522 538.3721215618896 1739 544 1745.556272858478 354.6278784381105
1758 367 1751.524580847501 554.0367340379237 1866 558 1872.475419152499 370.9632659620764
1901 389 1895.5263325713543 547.1020247420703 2037 552 2042.4736674286457 393.8979752579296
2052 393 2045.1594905182626 590.5820441099734 2115 593 2121.8405094817376 395.4179558900266
622 497 613.9079945591864 730.7303939441217 795 737 803.0920054408136 503.2696060558784
781 542 774.0348958789473 743.1808496648534 971 750 977.9651041210527 548.8191503351466
940 560 933.8814296123876 736.7294742362034 1115 743 1121.1185703876124 566.2705257637966
1129 568 1123.4107604651608 729.4402224369557 1284 735 1289.5892395348392 573.5597775630443
1276 574 1270.0004545380757 747.2915449152533 1406 752 1411.9995454619243 578.7084550847467
1435 579 1428.7679744003267 759.0065273232237 1573 764 1579.2320255996733 583.9934726767763
1575 589 1568.4305580931648 778.7524978336176 1720 784 1726.5694419068352 594.2475021663824
1844 631 1838.7637401931083 782.2447163327014 2005 788 2010.2362598068917 636.7552836672986
2023 591 2015.704385210775 801.7273569231176 2168 807 2175.295614789225 596.2726430768824
2170 597 2162.4217619911738 815.8906777387342 2310 821 2317.5782380088262 602.1093222612658
2310 619 2302.948698471519 822.670585261619 2428 827 2435.051301528481 623.329414738381
2453 644 2446.747344756388 824.6023962756163 2516 827 2522.252655243612 646.3976037243837
1195 754 1188.4044974747467 944.5052356628063 1376 951 1382.5955025252533 760.4947643371937
1370 780 1364.1518034915496 948.9199647455159 1482 953 1487.8481965084504 784.0800352544841
1469 778 1462.2887866294054 971.8474407148253 1640 978 1646.7112133705946 784.1525592851747
1651 809 1644.9898186012952 982.5987545077152 1801 988 1807.0101813987048 814.4012454922848
1817 802 1810.453165892088 991.0994916304937 1952 996 1958.546834107912 806.9005083695063
1948 821 1941.899109927306 997.2187940344779 2080 1002 2086.1008900726943 825.7812059655221
2078 839 2072.2868080554676 1004.0204777593043 2245 1010 2250.7131919445324 844.9795222406957
614 978 608.0434145026419 1150.0506844740044 751 1155 756.9565854973581 982.9493155259958
771 971 765.3473095958038 1134.2729444734637 873 1138 878.6526904041962 974.7270555265364
867 1010 863.815357101564 1101.9855831372172 922 1104 925.184642898436 1012.0144168627829
928 978 922.6381743797566 1132.8715733875174 1013 1136 1018.3618256202434 981.1284266124827
999 1002 994.1143255486274 1143.1183695505795 1164 1149 1168.8856744513726 1007.8816304494205
1131 990 1125.5538678542828 1147.3066925375479 1290 1153 1295.4461321457172 995.6933074624519
1284 998 1278.766134565537 1149.175557010569 1447 1155 1452.233865434463 1003.824442989431
1453 1004 1447.3625955382934 1166.8314235938706 1510 1169 1515.6374044617066 1006.1685764061295
1516 1004 1509.8060068808877 1182.907992883373 1628 1187 1634.1939931191123 1008.0920071166269
1624 1033 1618.714794297471 1185.6584750792813 1773 1191 1778.285205702529 1038.3415249207187
1765 1022 1758.5726070352205 1207.6495402381424 1942 1214 1948.4273929647795 1028.3504597618576
1931 1018 1924.1885004657015 1214.7441175301176 2076 1220 2082.8114995342985 1023.2558824698824
2076 1047 2069.765580027898 1227.0756866453562 2212 1232 2218.234419972102 1051.9243133546438
2194 1057 2188.191310636621 1224.7788359303318 2339 1230 2344.808689363379 1062.2211640696682
2322 1069 2316.098207590203 1239.468034779227 2447 1244 2452.901792409797 1073.531965220773
633 1175 626.760791283041 1355.2140052896207 765 1360 771.239208716959 1179.7859947103793
763 1199 757.3140658601 1363.2331602690492 895 1368 900.6859341399 1203.7668397309508
895 1203 889.4679479251504 1362.788413420046 1040 1368 1045.5320520748496 1208.211586579954
1036 1195 1030.2736390071104 1360.4008540310324 1192 1366 1197.7263609928896 1200.5991459689676
1209 1195 1203.296385545182 1359.7438404707748 1384 1366 1389.703614454818 1201.2561595292252
1400 1222 1394.0505976199274 1393.8432065076072 1543 1399 1548.9494023800726 1227.1567934923928
1532 1236 1526.8900869752304 1383.5953016882204 1683 1389 1688.1099130247696 1241.4046983117796
1677 1224 1670.7536081657554 1404.4214832560178 1803 1409 1809.2463918342446 1228.5785167439822
1809 1246 1804.1643298913314 1385.674038500067 1958 1391 1962.8356701086686 1251.325961499933
1950 1248 1944.9086869980667 1395.0580565396963 2001 1397 2006.0913130019333 1249.9419434603037
1986 1252 1981.2023623718921 1390.5755040602164 2109 1395 2113.7976376281076 1256.4244959397836
2090 1246 2083.74642504847 1426.6289612224152 2210 1431 2216.25357495153 1250.3710387775848
2204 1260 2198.6134496867007 1415.585724198506 2355 1421 2360.3865503132993 1265.414275801494
594 1419 589.8081744032316 1540.0771613098666 732 1545 736.1918255967684 1423.9228386901334
738 1421 733.4385728074323 1552.7527753119136 885 1558 889.5614271925677 1426.2472246880864
867 1409 862.1881348764689 1547.986452635877 1007 1553 1011.8118651235311 1414.013547364123
1003 1407 998.0974262024794 1548.6064921626398 1125 1553 1129.9025737975205 1411.3935078373602
1107 1415 1101.7589514482513 1566.3830349769662 1264 1572 1269.2410485517487 1420.6169650230338
1268 1419 1262.5359100610685 1576.825387453541 1412 1582 1417.4640899389315 1424.174612546459
1402 1431 1396.7131808938125 1583.7050768117488 1463 1586 1468.2868191061875 1433.2949231882512
1463 1435 1457.5895059624154 1591.2773174198298 1594 1596 1599.4104940375846 1439.7226825801702
1581 1431 1575.7397964688228 1582.9363095540252 1722 1588 1727.2602035311772 1436.0636904459748
1720 1429 1714.335615211957 1592.610726369858 1870 1598 1875.664384788043 1434.389273630142
1862 1456 1857.184127100382 1595.1022136904767 1912 1597 1916.815872899618 1457.8977863095233
1907 1456 1901.9221335247198 1602.6696655537007 2027 1607 2032.0778664752802 1460.3303344462993
2006 1451 2001.1034121335508 1592.433593857309 2133 1597 2137.896587866449 1455.566406142691
2109 1463 2103.6884562007567 1616.4192276227375 2236 1621 2241.3115437992433 1467.5807723772625
2229 1456 2223.5993609304255 1611.992665417033 2426 1619 2431.4006390695745 1463.007334582967
583 1609 577.3510398935947 1772.1651981331313 717 1777 722.6489601064053 1613.8348018668687
707 1607 701.6800758972566 1760.6612852502008 827 1765 832.3199241027434 1611.3387147497992
799 1643 795.8702889282731 1733.3989260853061 871 1736 874.1297110717269 1645.6010739146939
854 1612 849.2415920386676 1749.4423899592996 952 1753 956.7584079613324 1615.5576100407004
962 1609 956.4465373124413 1769.4068399621037 1118 1775 1123.5534626875587 1614.5931600378963
1079 1628 1073.7065527331188 1780.896525349611 1250 1787 1255.2934472668812 1634.103474650389
1238 1616 1232.039961683147 1788.150416100069 1401 1794 1406.960038316853 1621.849583899931
1411 1633 1405.3340018082986 1796.6573281023254 1473 1799 1478.6659981917014 1635.3426718976746
1461 1643 1455.4952057297828 1802.0010959297913 1571 1806 1576.5047942702172 1646.9989040702087
1550 1648 1544.8960729063017 1795.4224033828893 1706 1801 1711.1039270936983 1653.5775966171107
1691 1621 1684.3233662904713 1813.8486379010396 1862 1820 1868.6766337095287 1627.1513620989604
1831 1669 1826.221656090469 1807.0182221260238 1999 1813 2003.778343909531 1674.9817778739762
1979 1648 1973.4128773592934 1809.3790778290906 2078 1813 2083.5871226407066 1651.6209221709094
2061 1662 2055.279486199034 1827.2319630828351 2193 1832 2198.720513800966 1666.7680369171649
2193 1669 2186.720086951755 1850.389713765871 2291 1854 2297.279913048245 1672.610286234129
585 1780 578.6679657149191 1962.8951894242484 755 1969 761.3320342850809 1786.1048105757516
753 1768 746.3516825421701 1960.0307481068521 861 1964 867.6483174578299 1771.9692518931479
863 1811 856.8848824318824 1987.6297426101387 1012 1993 1018.1151175681176 1816.3702573898613
1019 1808 1012.9193233538006 1983.6349471534863 1139 1988 1145.0806766461997 1812.3650528465137
1135 1806 1128.6561325919242 1989.2369786777767 1324 1996 1330.3438674080758 1812.7630213222233
1322 1811 1315.2850563316142 2004.9551870551577 1461 2010 1467.7149436683858 1816.0448129448423
1463 1823 1456.038209959294 2024.0851253959224 1598 2029 1604.961790040706 1827.9148746040776
1595 1825 1588.5043674210062 2012.6205809189153 1715 2017 1721.4956325789938 1829.3794190810847
1711 1820 1703.9536259555239 2023.5282592602205 1862 2029 1869.0463740444761 1825.4717407397795
1867 1823 1859.7283289350605 2033.035763701794 2032 2039 2039.2716710649395 1828.964236298206
2023 1852 2017.2938524336053 2016.817007150041 2167 2022 2172.7061475663945 1857.182992849959
2167 1880 2161.1553950501925 2048.816225762317 2282 2053 2287.8446049498075 1884.1837742376824
2277 1885 2271.4582316962883 2045.0690580657094 2385 2049 2390.5417683037117 1888.9309419342906
2380 1890 2373.772485666888 2069.8762233932266 2464 2073 2470.227514333112 1893.1237766067736
573 1991 567.1472922249886 2160.0502686755135 739 2166 744.8527077750114 1996.9497313244867
724 1991 717.7296644414696 2172.113076477342 830 2176 836.2703355585304 1994.8869235226582
830 1984 823.2730844694715 2178.3009836658193 959 2183 965.7269155305285 1988.6990163341804
967 2008 961.0251792311316 2180.5773941042644 1031 2183 1036.9748207688685 2010.4226058957356
1041 2015 1034.6772657263373 2197.6265668499864 1161 2202 1167.3227342736627 2019.3734331500136
1149 2029 1143.340265217666 2192.476415082727 1274 2197 1279.659734782334 2033.523584917273
1269 2041 1263.474992303288 2200.584942810783 1391 2205 1396.525007696712 2045.4150571892174
1387 2049 1381.791917705659 2199.430833895648 1456 2202 1461.208082294341 2051.569166104352
1468 2017 1461.4042199964506 2207.5132503770733 1591 2212 1597.5957800035494 2021.4867496229263
1595 2036 1589.461823254931 2195.9653190825106 1706 2200 1711.538176745069 2040.0346809174894
1711 2049 1705.6480293477669 2203.5869213847204 1862 2209 1867.3519706522331 2054.4130786152796
1864 2027 1857.6686079445412 2209.876639191717 1919 2212 1925.3313920554588 2029.1233608082828
1919 2073 1913.749235219389 2224.663679622629 2039 2229 2044.250764780611 2077.336320377371
2035 2046 2028.321891625961 2238.891232276373 2147 2243 2153.678108374039 2050.108767723627
2157 2075 2151.8016339345218 2225.1501892499846 2263 2229 2268.1983660654782 2078.8498107500154
2275 2070 2269.572745355415 2226.7614326747566 2392 2231 2397.427254644585 2074.2385673252434
556 2195 549.9947460853004 2368.456428506317 739 2375 745.0052539146996 2201.543571493683
724 2197 717.862274632959 2374.2827488132625 883 2380 889.137725367041 2202.7172511867375
892 2193 885.7498778679644 2373.52922959635 986 2377 992.2501221320356 2196.47077040365
967 2202 961.1353203628456 2371.396065286175 1123 2377 1128.8646796371543 2207.603934713825
1058 2214 1052.3333595786764 2377.675878334857 1235 2384 1240.6666404213236 2220.324121665143
1216 2224 1210.6887336790528 2377.41121290847 1401 2384 1406.3112663209472 2230.58878709153
1389 2229 1383.4119576513754 2390.4056427758896 1545 2396 1550.5880423486246 2234.5943572241104
1543 2236 1537.1980775364625 2403.5833800353357 1607 2406 1612.8019224635375 2238.4166199646643
1593 2243 1587.4928113573542 2402.0702552519238 1701 2406 1706.5071886426458 2246.9297447480762
1675 2243 1669.5383044334972 2400.7562281314085 1821 2406 1826.4616955665028 2248.2437718685915
1807 2255 1800.8549527765251 2432.4942341367932 1931 2437 1937.1450472234749 2259.5057658632068
1924 2255 1917.5366914487918 2441.6869300701283 2071 2447 2077.463308551208 2260.3130699298717
2061 2279 2056.5411146044166 2407.790946531623 2207 2413 2211.4588853955834 2284.209053468377
2186 2250 2179.8098759178265 2428.796239185907 2359 2435 2365.1901240821735 2256.203760814093
873 2382 867.9972787779237 2526.4991616207985 998 2531 1003.0027212220763 2386.5008383792015
998 2372 993.5908414688242 2499.3546301953775 1070 2502 1074.4091585311758 2374.6453698046225
1072 2375 1066.8673404371589 2523.252315248478 1204 2528 1209.1326595628411 2379.747684751522
1197 2396 1193.126435730965 2507.884465376532 1312 2512 1315.873564269035 2400.115534623468
1307 2384 1302.1498249176118 2524.093001789995 1415 2528 1419.8501750823882 2387.906998210005
1403 2392 1398.4324481372128 2523.9296809743782 1516 2528 1520.5675518627872 2396.0703190256218
1521 2406 1516.7266270015123 2529.432585619501 1562 2531 1566.2733729984877 2407.567414380499
1552 2418 1548.3087727868622 2524.6178213762073 1646 2528 1649.6912272131378 2421.3821786237927
1655 2411 1650.1153839956937 2552.087797246647 1792 2557 1796.8846160043063 2415.912202753353
520 2540 514.0495391728614 2711.8737788115395 691 2718 696.9504608271386 2546.1262211884605
669 2550 663.0255954485756 2722.5653720328633 820 2728 825.9744045514244 2555.4346279671367
815 2536 808.8681218248825 2713.1138578650653 950 2718 956.1318781751175 2540.8861421349347
935 2555 928.8357977970968 2733.047508713852 1043 2737 1049.1642022029034 2558.952491286148
1022 2569 1016.2389206068962 2735.403664201952 1149 2740 1154.761079393104 2573.596335798048
1118 2584 1113.2072898558974 2722.433178058818 1274 2728 1278.7927101441026 2589.566821941182
1245 2591 1240.5794245632735 2718.684397377505 1423 2725 1427.4205754367265 2597.315602622495
1401 2598 1395.7693099067358 2749.0838400987714 1480 2752 1485.2306900932642 2600.9161599012286
1451 2612 1446.9976945764147 2727.603039343145 1574 2732 1578.0023054235853 2616.396960656855
1557 2579 1550.2994225661857 2772.5402311223634 1708 2778 1714.7005774338143 2584.4597688776366
1701 2598 1694.9940523895602 2771.476465291985 1739 2773 1745.0059476104398 2599.523534708015
1739 2620 1734.1737686418974 2759.4014085686713 1867 2764 1871.8262313581026 2624.5985914313287
1852 2612 1847.2022236327443 2750.57951141735 1946 2754 1950.7977763672557 2615.42048858265
1943 2615 1937.3378708452376 2778.5455744048595 2066 2783 2071.6621291547626 2619.4544255951405
2061 2617 2055.7636014539603 2768.248723689835 2193 2773 2198.2363985460397 2621.751276310165
2176 2624 2170.7755733161034 2774.9029270791734 2318 2780 2323.2244266838966 2629.0970729208266
2291 2620 2285.6836674558995 2773.557546267002 2414 2778 2419.3163325441005 2624.442453732998
1051 2744 1045.8875538636537 2891.6684683674866 1171 2896 1176.1124461363463 2748.3315316325134
1163 2752 1158.5099877628452 2881.690017719344 1283 2886 1287.4900122371548 2756.309982280656
1291 2756 1286.2153926811013 2894.199135145622 1396 2898 1400.7846073188987 2759.800864854378
1387 2752 1382.1582052211118 2891.8509441625315 1502 2896 1506.8417947788882 2756.1490558374685
1509 2771 1504.2652582846572 2907.758811452243 1569 2910 1573.7347417153428 2773.241188547757
1557 2780 1552.7007051222422 2904.181316091556 1663 2908 1667.2992948777578 2783.818683908444
1651 2783 1647.2672874868063 2890.816087442123 1797 2896 1800.7327125131937 2788.183912557877
563 2932 557.305546817452 3096.4792252536463 659 3100 664.694453182548 2935.5207747463537
657 2948 652.1615193014586 3087.7552198936005 717 3090 721.8384806985414 2950.2447801063995
727 2912 721.2245543723247 3078.818620134746 842 3083 847.7754456276753 2916.181379865254
825 2893 816.3378206359794 3143.1993615767533 955 3148 963.6621793640206 2897.8006384232467
959 2912 951.7984079651111 3120.0115931274236 1067 3124 1074.2015920348888 2915.9884068725764
1051 2932 1043.9967246592382 3134.2833914618377 1238 3141 1245.0032753407618 2938.7166085381623
1214 2939 1207.4807011750165 3127.3041594259716 1372 3133 1378.5192988249835 2944.6958405740284
1367 2953 1361.0088348415757 3126.04948728779 1504 3131 1509.9911651584243 2957.95051271221
1492 2960 1485.2911810018338 3153.7782813926933 1665 3160 1671.7088189981662 2966.2217186073067
1665 2970 1658.833125946372 3148.124682750252 1713 3150 1719.166874053628 2971.875317249748
1715 2977 1709.4642176273594 3136.8961597603784 1828 3141 1833.5357823726406 2981.1038402396216
1816 2972 1809.0751839927887 3172.017163260004 1953 3177 1959.9248160072113 2976.982836739996
1927 2992 1920.495067409588 3179.8892034931773 2097 3186 2103.504932590412 2998.1107965068227
2078 3011 2072.4381570089413 3171.648897589567 2227 3177 2232.5618429910587 3016.351102410433
2195 3025 2190.005659081424 3169.257103993335 2327 3174 2331.994340918576 3029.742896006665
2289 3011 2282.2886478902574 3204.8514480719587 2431 3210 2437.7113521097426 3016.1485519280413
811 3136 806.1285530440507 3276.707420974919 959 3282 963.8714469559493 3141.292579025081
938 3133 933.1842658395299 3272.098206333343 1017 3275 1021.8157341604701 3135.901793666657
1036 3133 1031.227364543244 3270.8533385349606 1151 3275 1155.772635456756 3137.1466614650394
1149 3141 1144.8390237665071 3261.186104836413 1255 3265 1259.1609762334929 3144.813895163587
1252 3117 1246.478445122783 3276.4852111847176 1348 3280 1353.521554877217 3120.5147888152824
1353 3157 1348.6459120346813 3282.763965786333 1471 3287 1475.3540879653187 3161.236034213667
1461 3136 1456.0172147261223 3279.9233294540745 1516 3282 1520.9827852738777 3138.0766705459255
1516 3167 1511.9629761762005 3283.605849514064 1610 3287 1614.0370238237995 3170.394150485936
1617 3169 1612.7342263362423 3292.2130855817027 1751 3297 1755.2657736637577 3173.7869144182973
527 3297 520.9658748770096 3471.290347729039 657 3476 663.0341251229904 3301.709652270961
674 3299 668.8589601336589 3447.4943728759413 799 3452 804.1410398663411 3303.5056271240587
784 3299 778.2600537413091 3464.7932523741615 842 3467 847.7399462586909 3301.2067476258385
842 3294 835.6976178919801 3476.0387126118612 979 3481 985.3023821080199 3298.9612873881388
971 3316 965.2794861990338 3481.231963082835 1103 3486 1108.7205138009663 3320.768036917165
1089 3306 1082.8046709555254 3484.946579901573 1171 3488 1177.1953290444746 3309.053420098427
1180 3299 1173.515923065705 3486.286806379654 1223 3488 1229.484076934295 3300.713193620346
1209 3311 1202.70599819548 3492.796654984398 1353 3498 1359.29400180452 3316.203345015602
1353 3323 1346.4699264990882 3511.615376375567 1502 3517 1508.5300735009118 3328.384623624433
1485 3347 1479.2914580611766 3511.886166472173 1627 3517 1632.7085419388234 3352.113833527827
1629 3347 1622.8738302776578 3523.948974274002 1711 3527 1717.1261697223422 3350.051025725998
1689 3364 1684.2156701593974 3502.1911204313546 1852 3508 1856.7843298406026 3369.8088795686454
1823 3364 1816.862135893811 3541.286756170396 1953 3546 1959.137864106189 3368.713243829604
1919 3373 1913.1589866088352 3541.712486779119 2037 3546 2042.8410133911648 3377.287513220881
2008 3385 2002.934105386863 3531.323868943039 2138 3536 2143.065894613137 3389.676131056961
2138 3364 2131.599726100705 3548.8662301050213 2251 3553 2257.400273899295 3368.1337698949787
501 3510 495.35702582466615 3672.9922998278003 640 3678 645.6429741753337 3515.0077001721997
635 3503 628.1708201507834 3700.254797731843 823 3707 829.8291798492166 3509.745202268157
839 3524 832.4212580817466 3714.0211204078796 1034 3721 1040.5787419182534 3530.9788795921204
1031 3539 1025.0470060612847 3710.9469454908053 1171 3716 1176.9529939387153 3544.0530545091947
1154 3560 1148.022923597851 3732.642546069263 1245 3736 1250.977076402149 3563.357453930737
1233 3541 1225.9045413207382 3745.946025363934 1343 3750 1350.0954586792618 3545.053974636066
1322 3556 1316.1149681972029 3725.9839195243007 1461 3731 1466.8850318027971 3561.0160804756993
1459 3548 1452.7001510035566 3729.965545932595 1627 3736 1633.2998489964434 3554.034454067405
1605 3592 1599.4811169735076 3751.408037148318 1761 3757 1766.5188830264924 3597.591962851682
491 3709 484.76438284168387 3889.110266306422 626 3894 632.2356171583161 3713.889733693578
650 3714 643.7835378211124 3893.5569917293633 801 3899 807.2164621788876 3719.4430082706367
815 3728 809.4213964019415 3889.133012844494 950 3894 955.5786035980585 3732.866987155506
909 3743 903.7695873850319 3894.0758253845042 1046 3899 1051.2304126149681 3747.9241746154958
1043 3745 1037.2365262344674 3911.4728235240846 1168 3916 1173.7634737655326 3749.5271764759154
1168 3750 1162.4676704468543 3909.796428134314 1255 3913 1260.5323295531457 3753.203571865686
1262 3769 1256.8383304897202 3918.0902418283335 1312 3920 1317.1616695102798 3770.9097581716665
1303 3767 1297.1984937539066 3934.5713579639346 1454 3940 1459.8015062460934 3772.4286420360654
1461 3764 1454.7117066482554 3945.6317713933345 1552 3949 1558.2882933517446 3767.3682286066655
1547 3772 1541.0434145026418 3944.0506844740044 1684 3949 1689.9565854973582 3776.9493155259956
1655 3774 1649.02679263479 3946.530792371797 1807 3952 1812.97320736521 3779.469207628203
1792 3791 1786.3261764613908 3954.883356301254 1963 3961 1968.6738235386092 3797.116643698746
487 3925 481.8411410795928 4074.0090604348 626 4079 631.1588589204072 3929.9909395652
631 3918 624.507039271731 4105.543406882515 811 4112 817.492960728269 3924.4565931174848
818 3928 811.7774131508929 4107.733897391828 935 4112 941.2225868491071 3932.2661026081723
897 3964 891.7636014539604 4115.248723689835 1029 4120 1034.2363985460397 3968.751276310165
1012 3935 1006.1125738247744 4105.053078846433 1149 4110 1154.8874261752258 3939.9469211535675
1123 3971 1117.07785542456 4142.0558890173525 1231 4146 1236.92214457544 3974.9441109826475
1216 3980 1210.9996731503522 4124.430002298666 1343 4129 1348.0003268496478 3984.569997701334
1334 3988 1328.9188194443732 4134.765389822632 1509 4141 1514.0811805556268 3994.234610177368
1487 3995 1482.188134876469 4133.986452635877 1627 4139 1631.811865123531 4000.013547364123
626 4160 620.0028489105043 4333.222385593121 758 4338 763.9971510894957 4164.777614406879
763 4189 758.0365084446989 4332.366047519881 863 4336 867.9634915553011 4192.633952480119
871 4168 865.1923690836873 4335.748263626399 988 4340 993.8076309163127 4172.251736373601
993 4158 986.498658968231 4345.785464509979 1166 4352 1172.501341031769 4164.214535490021
1147 4182 1140.9480558229434 4356.805035287898 1291 4362 1297.0519441770566 4187.194964712102
1286 4189 1279.6769882480412 4371.6345815642535 1348 4374 1354.3230117519588 4191.3654184357465
1343 4177 1335.9021469483098 4382.015184686067 1451 4386 1458.0978530516902 4180.984815313933
1439 4216 1434.2276420215403 4353.845323820693 1612 4360 1616.7723579784597 4222.154676179307
1859 4247 1853.0146820334992 4419.880596339593 1972 4424 1977.9853179665008 4251.119403660407
1989 4259 1983.5998644208996 4414.9781225416355 2042 4417 2047.4001355791004 4261.0218774583645
2037 4232 2031.4441429400129 4392.475999284236 2191 4398 2196.5558570599874 4237.524000715764
887 4412 882.4349812487893 4543.856514295113 1031 4549 1035.5650187512106 4417.143485704887
1036 4398 1030.698033690471 4551.142590334208 1171 4556 1176.301966309529 4402.857409665792
1178 4408 1172.817978324077 4557.678096066459 1211 4559 1216.182021675923 4409.321903933541
1197 4422 1192.5363258595594 4550.929265175887 1339 4556 1343.4636741404406 4427.070734824113
1319 4432 1313.7348689848177 4584.078635555424 1427 4588 1432.2651310151823 4435.921364444576
1454 4439 1448.9221335247198 4585.669665553701 1574 4590 1579.0778664752802 4443.330334446299
1576 4436 1571.222575798387 4573.991657179225 1687 4578 1691.777424201613 4440.008342820775
# Transcript
*FHBOI
KAQWSEG*MNASI
ARCHSAN
LKORATTIKOSOKAI
KLEWNAZHNIEYS
LNOYMMIOSNIGROS
LKORATTIKOSOKAI
MENESQEYSAZHNI
LYSIMACIDHS)SFHT
STRATWNIASONOS
AGNOYSIOS
APOLLWNIOSIASONOS
**NOYSIOS
DIOFANTOSIASONOS
AGNOYSIOS
PEINARIOSPROKLOS
GMSTRATWN
GMKALLIMACOS
GMGLAYKWN
NOYMMIOS**NIS
**WNIOSMA*
