# Baseline angle
0
# Boxes: x1 y1 x2 y2 x3 y3 x4 y4
919 306 919 422 1034 422 1034 306
1031 294 1031 406 1136 406 1136 294
1142 296 1142 412 1255 412 1255 296
1260 280 1260 404 1354 404 1354 280
1394 272 1394 414 1443 414 1443 272
1471 266 1471 391 1591 391 1591 266
276 555 276 684 330 684 330 555
364 543 364 674 476 674 476 543
480 534 480 678 588 678 588 534
603 531 603 670 660 670 660 531
699 536 699 660 820 660 820 536
831 539 831 644 932 644 932 539
954 511 954 652 1070 652 1070 511
243 703 243 798 352 798 352 703
371 672 371 803 480 803 480 672
498 670 498 786 558 786 558 670
599 667 599 794 707 794 707 667
718 660 718 782 824 782 824 660
268 796 268 919 380 919 380 796
376 794 376 911 471 911 471 794
487 782 487 899 598 899 598 782
634 770 634 876 678 876 678 770
716 766 716 882 815 882 815 766
827 774 827 851 951 851 951 774
954 748 954 868 1048 868 1048 748
1052 759 1052 867 1152 867 1152 759
1156 754 1156 852 1262 852 1262 754
1271 736 1271 848 1363 848 1363 736
279 918 279 1034 379 1034 379 918
386 918 386 1020 486 1020 486 918
494 912 494 1022 598 1022 598 912
615 888 615 1004 731 1004 731 888
756 882 756 1000 802 1000 802 882
855 882 855 974 947 974 947 882
983 864 983 980 1036 980 1036 864
390 1030 390 1139 495 1139 495 1030
506 1038 506 1131 608 1131 608 1038
619 1016 619 1126 726 1126 726 1016
751 1011 751 1118 838 1118 838 1011
860 995 860 1103 966 1103 966 995
968 1004 968 1106 1072 1106 1072 1004
1084 979 1084 1095 1176 1095 1176 979
1188 968 1188 1100 1271 1100 1271 968
392 1134 392 1266 496 1266 496 1134
503 1140 503 1236 604 1236 604 1140
651 1119 651 1236 704 1236 704 1119
743 1110 743 1232 859 1232 859 1110
863 1104 863 1224 963 1224 963 1104
959 1103 959 1218 1076 1218 1076 1103
1078 1100 1078 1212 1187 1212 1187 1100
610 1244 610 1336 751 1336 751 1244
751 1219 751 1332 859 1332 859 1219
872 1223 872 1331 960 1331 960 1223
975 1218 975 1328 1076 1328 1076 1218
1083 1223 1083 1318 1195 1318 1195 1223
504 1346 504 1466 620 1466 620 1346
643 1338 643 1454 752 1454 752 1338
774 1334 774 1455 842 1455 842 1334
874 1334 874 1430 970 1430 970 1334
1002 1319 1002 1438 1055 1438 1055 1319
544 1482 544 1591 636 1591 636 1482
648 1460 648 1574 755 1574 755 1460
763 1446 763 1556 866 1556 866 1446
879 1438 879 1540 991 1540 991 1438
987 1434 987 1540 1087 1540 1087 1434
650 1552 650 1667 759 1667 759 1552
762 1558 762 1643 887 1643 887 1558
887 1538 887 1651 991 1651 991 1538
1000 1546 1000 1640 1094 1640 1094 1546
644 1670 644 1786 762 1786 762 1670
775 1674 775 1767 866 1767 866 1674
872 1672 872 1768 1003 1768 1003 1672
# Transcript
S CARIS
INHIDOS
OSIHS
NHSIFWN ALK*
YLASIOI
FANHS DER
HQIDHS S*
**WN EYA
ASIOI
ANHS S
FWN O
POM*
***

# Lines: x1 y1 x2 y2 x3 y3 x4 y4
865 369 1635 351
204 614 1206 588
203 750 937 700
203 863 1393 785
243 967 1083 945
283 1090 1459 1034
326 1191 1361 1130
579 1276 1275 1252
409 1393 1257 1396
489 1518 1326 1486
604 1615 1356 1591
614 1730 1200 1753