# Baseline angle
0.42360728858620167
# Boxes: x1 y1 x2 y2 x3 y3 x4 y4
1616 276 1529.5173193692845 467.79748624681025 1734 560 1820.4826806307155 368.20251375318975
1814 352 1727.9452497119064 542.8484411500923 1868 606 1954.0547502880936 415.1515588499077
1038 382 956.8369790900085 561.9997788366993 1152 650 1233.1630209099917 470.00022116330075
1218 460 1140.9521028647005 630.8734382812925 1312 708 1389.0478971352995 537.1265617187075
1356 504 1272.5450771995172 689.0826580688727 1452 770 1535.4549228004828 584.9173419311273
1520 602 1447.7430802063823 762.248219403957 1598 830 1670.2569197936177 669.751780596043
1668 658 1590.8049316767522 829.1998280704453 1770 910 1847.1950683232478 738.8001719295547
1856 734 1782.184199511703 897.7054364608028 1978 986 2051.815800488297 822.2945635391972
766 556 681.5612980354075 743.2644402398475 834 812 918.4387019645925 624.7355597601525
898 620 811.4001493677118 812.0573407240452 1002 898 1088.599850632288 705.9426592759548
1076 650 979.3795158644327 864.280661075738 1134 934 1230.6204841355673 719.719338924262
1212 702 1115.0851734885362 916.9334406540435 1286 994 1382.9148265114638 779.0665593459565
1352 790 1266.0760029347018 980.5584624021167 1460 1068 1545.9239970652982 877.4415375978833
1534 874 1454.7909541970046 1049.6663387654903 1664 1144 1743.2090458029954 968.3336612345099
1720 932 1632.09486138526 1126.952151014807 1732 1172 1819.90513861474 977.047848985193
1800 962 1710.6967350997513 1160.0528540117593 1888 1240 1977.3032649002487 1041.9471459882407
1158 1030 1070.0620254549547 1225.0249730971616 1294 1326 1381.9379745450453 1130.9750269028384
1398 1108 1293.487195098544 1339.7839030255873 1498 1432 1602.512804901456 1200.2160969744127
1572 1190 1468.5038101929588 1419.529298772258 1576 1468 1679.4961898070412 1238.470701227742
1678 1226 1576.4849517424009 1451.1356101595675 1778 1542 1879.5150482575991 1316.8643898404325
1852 1300 1758.8459525145804 1506.5929503007783 1966 1600 2059.1540474854196 1393.4070496992217
282 1032 208.8736362999159 1194.1764338681335 448 1302 521.1263637000841 1139.8235661318665
494 1106 408.2967597166245 1296.0688777183873 590 1378 675.7032402833755 1187.9311222816127
674 1182 591.4445222923594 1365.0879082927781 660 1396 742.5554777076406 1212.9120917072219
738 1210 658.4530274135097 1386.4157779264544 866 1480 945.5469725864903 1303.5842220735456
934 1300 856.0119081081893 1472.9585608696086 1018 1546 1095.9880918918107 1373.0414391303912
1076 1312 982.5516101386838 1519.245729879084 1206 1620 1299.448389861316 1412.7542701209159
1288 1414 1201.8416629315566 1605.0781713565866 1368 1680 1454.1583370684434 1488.9218286434134
1450 1486 1371.289635389671 1660.5603855446325 1614 1770 1692.710364610329 1595.4396144553675
1680 1574 1596.5479119434467 1759.076371298436 1674 1794 1757.4520880565533 1608.923628701564
1762 1528 1640.2800955827418 1797.945051693283 1840 1888 1961.7199044172582 1618.054948306717
430 1340 333.6574402751766 1553.6642925386095 534 1644 630.3425597248233 1430.3357074613905
602 1416 511.92012949634136 1615.7751757697454 610 1660 700.0798705036586 1460.2248242302546
686 1502 607.3360545411992 1676.4574391915373 766 1748 844.6639454588008 1573.5425608084627
846 1548 759.4437337753104 1739.9606811413867 968 1834 1054.5562662246896 1642.0393188586133
1022 1646 950.8004449644661 1803.9032423384058 1124 1882 1195.1995550355339 1724.0967576615942
1164 1692 1072.60917202603 1894.6825596013805 1284 1990 1375.39082797397 1787.3174403986195
1360 1722 1252.6094432001892 1960.1660546439355 1372 2014 1479.3905567998108 1775.8339453560645
1438 1760 1331.9147311826414 1995.2712443531736 1542 2090 1648.0852688173586 1854.7287556468264
1586 1880 1499.738076151207 2071.307901563081 1692 2158 1778.261923848793 1966.692098436919
1778 1934 1691.8988305603782 2124.9513875031876 1916 2226 2002.1011694396218 2035.0486124968124
514 1680 412.79287733952043 1904.452706310521 638 2006 739.2071226604796 1781.547293689479
702 1756 597.9151254411657 1986.8348579288695 738 2050 842.0848745588343 1819.1651420711305
832 1812 723.5520784421057 2052.511031709487 820 2096 928.4479215578945 1855.4889682905132
900 1876 816.2507348236206 2061.7354376471785 1012 2150 1095.7492651763794 1964.2645623528217
1072 1932 976.1561214678429 2144.5583393177517 1210 2250 1305.843878532157 2037.4416606822483
1286 2024 1185.4687309065105 2246.953827988593 1414 2350 1514.5312690934895 2127.0461720114076
1512 2138 1426.5611009061454 2327.4826334519994 1614 2412 1699.4388990938546 2222.5173665480006
1728 2130 1577.8914110252267 2462.904227984717 1740 2536 1890.1085889747733 2203.095772015283
988 2242 902.5746841273683 2431.452509181259 1130 2534 1215.4253158726317 2344.547490818741
1196 2286 1088.7837808305835 2523.779416313301 1280 2610 1387.2162191694165 2372.220583686699
1362 2396 1275.108641735745 2588.7038335319144 1380 2636 1466.891358264255 2443.2961664680856
1458 2392 1345.1261943263646 2642.3265628843765 1544 2732 1656.8738056736354 2481.6734371156235
1604 2532 1515.0346618832464 2729.303414850795 1694 2810 1782.9653381167536 2612.696585149205
1772 2568 1678.5080257310851 2775.3423894617426 1884 2868 1977.4919742689149 2660.6576105382574
746 2448 651.2463221562318 2658.1405401698457 784 2718 878.7536778437682 2507.8594598301543
872 2514 783.2690018863918 2710.783705896325 990 2804 1078.7309981136082 2607.216294103675
1052 2576 956.3768782497654 2788.0687546340223 1178 2888 1273.6231217502345 2675.9312453659777
1278 2648 1173.825121882039 2879.034463864623 1380 2972 1484.174878117961 2740.965536135377
1476 2768 1384.97993473983 2969.8602983580618 1474 3010 1565.02006526017 2808.1397016419382
1564 2802 1481.411686362054 2985.1607303751325 1674 3072 1756.588313637946 2888.8392696248675
# Transcript
*CR***************
MACOS T*****************
ASKLHPIA******************  
PAIDE****
*WSIMOS ZWIL**********
*LIPPOS)AQM******************  
ARIOS SOF****************
PAIDOT***
*IOS EIS*******

