# Baseline angle
-0.39505529022907826
# Boxes: x1 y1 x2 y2 x3 y3 x4 y4
754 195 792.0501110393847 286.2523599328301 867 255 828.9498889606153 163.74764006716993
582 382 619.546778869658 472.0452610029448 694 441 656.453221130342 350.9547389970552
691 338 727.5702665301964 425.703374132045 806 393 769.4297334698036 305.296625867955
797 298 831.7941887811668 381.44395723164814 912 348 877.2058112188332 264.55604276835186
902 257 937.5636021907433 342.2891762722744 1015 310 979.4363978092567 224.7108237277256
995 222 1030.1192523309815 306.2235296228567 1105 275 1069.8807476690185 190.77647037714334
1092 185 1125.5214432018638 265.3916392611365 1208 231 1174.4785567981362 150.6083607388635
435 562 467.66157379231345 640.3294872538978 538 611 505.33842620768655 532.6705127461022
529 525 560.3298459030459 600.1357170029187 635 569 603.6701540969541 493.8642829970813
627 492 659.6025914823489 570.1880349734303 732 540 699.3974085176511 461.81196502656974
739 440 778.2612309286872 534.1568862283261 829 513 789.738769071313 418.84311377167387
845 406 879.2305526114577 488.09223632402126 949 459 914.7694473885423 376.90776367597874
945 369 976.892160382737 445.48426821327155 1050 415 1018.1078396172629 338.5157317867285
1037 320 1074.0447683899495 408.8413317703335 1160 373 1122.9552316100505 284.1586682296665
1139 281 1174.9489697405404 367.2133706412246 1257 333 1221.0510302594596 246.7866293587754
1241 244 1277.5361494601514 331.62155405135223 1315 316 1278.4638505398486 228.37844594864777
162 781 200.40532658919057 873.1042433129094 275 842 236.59467341080946 749.8957566870906
282 737 316.93701864101575 820.786493992358 350 807 315.06298135898425 723.213506007642
354 696 394.0949134083 792.1562363385159 488 753 447.9050865917 656.8437636614841
476 660 512.1259166704345 746.6377274826273 588 715 551.8740833295655 628.3622725173727
570 624 604.7640367811755 707.3716462427774 680 676 645.2359632188245 592.6283537572226
673 581 709.718383150117 669.0585896818509 789 636 752.281616849883 547.9414103181491
774 550 807.254040271996 629.7503494531215 881 599 847.745959728004 519.2496505468785
866 504 902.452301910267 591.4204695711098 985 557 948.547698089733 469.57953042889017
976 469 1010.7941887811668 552.4439572316481 1091 519 1056.205811218833 435.55604276835186
1071 424 1106.8310051206113 509.93046608028936 1193 474 1157.1689948793887 388.06953391971064
1185 378 1221.6252837701072 465.8353173206906 1262 449 1225.3747162298928 361.1646826793094
1258 348 1294.8376694600643 436.34466394006 1382 400 1345.1623305399357 311.65533605994
198 886 233.80085312061993 971.8581550914187 315 938 279.19914687938007 852.1418449085813
310 849 343.4323088919079 929.1778759917981 423 896 389.5676911080921 815.8221240082019
427 804 458.62211407283326 879.8366390107085 499 863 467.37788592716674 787.1633609892915
517 770 547.5302804934781 843.2181869734216 620 813 589.4697195065219 739.7818130265784
611 734 646.1782346409461 818.3649819033242 719 788 683.8217653590539 703.6350180966758
713 691 749.1560686704258 777.710038471498 830 744 793.8439313295742 657.289961528502
816 656 849.2553619620138 735.7535191503954 935 700 901.7446380379862 620.2464808496046
916 609 951.0602700210168 693.0820773423891 1028 661 992.9397299789832 576.9179226576109
1050 562 1085.2030998808657 646.424614103099 1115 634 1079.7969001191343 549.575385896901
1132 534 1164.7205561022781 612.4709395343655 1233 584 1200.2794438977219 505.5290604656346
1219 488 1253.8230190911402 571.5130985232449 1327 541 1292.1769809088598 457.4869014767551
1311 452 1343.2775279325342 529.4084625822217 1421 497 1388.7224720674658 419.59153741777834
137 1034 173.39331960030242 1121.2790172906423 258 1086 221.6066803996976 998.7209827093577
248 996 284.5401145302051 1083.631063143174 358 1053 321.4598854697949 965.3689368568258
333 970 368.2398603309466 1054.5127735783396 463 1015 427.76013966905333 930.4872264216602
444 914 481.19288500987017 1003.1965473201394 568 967 530.8071149901298 877.8034526798606
559 875 595.6004185301877 962.7756851209157 679 928 642.3995814698123 840.2243148790843
656 835 689.8753370616517 916.2403529439418 760 887 726.1246629383483 805.7596470560582
759 793 792.6092558218019 873.6022328332008 866 843 832.3907441781981 762.3977671667992
853 757 892.8576624784234 852.5872575193716 983 815 943.1423375215766 719.4127424806284
953 715 988.1782346409461 799.3649819033242 1061 769 1025.8217653590539 684.6350180966758
1051 681 1085.7955104711848 764.447126928922 1178 726 1143.2044895288152 642.552873071078
1160 638 1193.9657930616256 719.4572859105542 1279 684 1245.0342069383744 602.5427140894458
1254 585 1295.6914008473998 684.9849570029621 1370 654 1328.3085991526002 554.0150429970379
1348 561 1383.4744678807874 646.075413002936 1458 615 1422.5255321192126 529.924586997064
194 1133 228.61195509120114 1216.0069216011495 267 1200 232.38804490879886 1116.9930783988505
283 1104 317.172891991511 1185.9539537408277 401 1151 366.827108008489 1069.0460462591723
391 1061 424.69839013175783 1141.8159961025392 501 1110 467.30160986824217 1029.1840038974608
494 1019 527.8753370616519 1100.240352943942 598 1071 564.1246629383483 989.7596470560582
602 982 634.3653405524722 1059.619056154286 703 1031 670.6346594475277 953.380943845714
690 946 723.1950579620312 1025.6088971726538 799 994 765.8049420379688 914.3911028273461
792 905 822.5604324934694 978.2904979622923 900 946 869.4395675065306 872.7095020377077
913 856 942.1054532242007 925.8011443612821 980 910 950.8945467757993 840.1988556387179
995 819 1028.1059236520753 898.3951339033156 1101 868 1067.8940763479247 788.6048660966844
1101 781 1135.083757681555 862.7401904714893 1216 829 1181.916242318445 747.2598095285107
1202 748 1233.0034606632134 822.3529749144361 1301 794 1269.9965393367866 719.6470250855639
1292 711 1325.077093342102 790.3259926117188 1405 757 1371.922906657898 677.6740073882812
1392 670 1423.0034606632134 744.3529749144361 1491 716 1459.9965393367866 641.6470250855639
224 1243 258.4088212313696 1325.519762862698 334 1294 299.5911787686304 1211.480237137302
334 1198 364.85534404329263 1271.9977593646302 432 1244 401.14465595670737 1170.0022406353698
449 1154 481.6576087222596 1232.3199781620758 516 1218 483.3423912777404 1139.6800218379242
523 1124 562.7396978584941 1219.3043529584365 657 1180 617.2603021415059 1084.6956470415635
634 1080 667.7875244417138 1161.0297593718774 747 1128 713.2124755582862 1046.9702406281226
736 1035 766.9156480432753 1109.1423813423717 844 1077 813.0843519567247 1002.8576186576283
840 1005 868.7528810544306 1073.9556003757507 931 1048 902.2471189455694 979.0443996242493
955 955 985.8212269732475 1028.9159392839374 1012 1018 981.1787730267525 944.0840607160626
1029 918 1065.985786079985 1006.6998794898659 1154 970 1117.014213920015 881.3001205101341
1146 876 1179.6367644417574 956.6682044275236 1234 934 1200.3632355582426 853.3317955724764
1224 834 1258.706376161229 917.2333636595838 1348 880 1313.293623838771 796.7666363404162
1334 796 1368.0536056815638 877.6678794826184 1444 846 1409.9463943184362 764.3321205173816
1434 750 1470.23991622031 836.9111229517405 1506 822 1469.76008377969 735.0888770482595
150 1370 188.73039013900518 1462.883815704118 258 1434 219.26960986099482 1341.116184295882
264 1330 301.8390470394456 1420.7461830107347 342 1404 304.1609529605544 1313.2538169892653
348 1296 386.7906941389878 1389.0284376818597 466 1356 427.2093058610122 1262.9715623181403
450 1256 487.5481005596761 1346.0484307002187 574 1310 536.4518994403239 1219.9515692997813
572 1226 603.0939166631872 1300.5699078810483 686 1266 654.9060833368128 1191.4300921189517
678 1174 714.2425596003459 1260.9174623462884 774 1236 737.7574403996541 1149.0825376537116
762 1138 797.2385386409287 1222.5096038810657 880 1188 844.7614613590713 1103.4903961189343
860 1096 897.9622984194466 1187.0417663607657 982 1152 944.0377015805534 1060.9582336392343
962 1062 998.3028636003285 1149.06208432403 1068 1120 1031.6971363996713 1032.93791567597
1072 1016 1104.1005810026402 1092.9841057408191 1188 1058 1155.8994189973598 981.0158942591811
1186 978 1219.1649059620402 1057.5365861837831 1290 1028 1256.8350940379598 948.463413816217
1282 940 1315.8753370616519 1021.2403529439418 1386 992 1352.1246629383481 910.7596470560582
1370 896 1407.723725799552 986.4696178443475 1476 958 1438.276274200448 867.5303821556525
714 1278 748.8820014011048 1361.6545508037125 820 1332 785.1179985988952 1248.3454491962875
800 1240 838.1982276593053 1331.6075754826359 914 1300 875.8017723406947 1208.3924245173641
908 1202 945.4274925597108 1291.7591867447356 1012 1264 974.5725074402892 1174.2408132552644
1014 1164 1042.7240507444571 1232.8864590841538 1112 1204 1083.2759492555429 1135.1135409158462
1100 1108 1142.5814222569413 1210.1194199990716 1234 1172 1191.4185777430587 1069.8805800009284
1222 1078 1261.737054478458 1173.2980135638886 1332 1144 1292.262945521542 1048.7019864361114
1306 1042 1344.612425519076 1134.6009111431829 1418 1104 1379.387574480924 1011.3990888568171
1406 1002 1444.2585316592877 1093.7521974603774 1530 1058 1491.7414683407121 966.2478025396224
# Transcript
S**
*LLESQA*
*NOTIDOKEI
AIMENKLEOMIN
*NAIONEPEIDHK
OTWNLHISTWNEL
IDYNATAIAGAQO
*NAIWNKAIEINAI
AIEYERGETHNAY*
*OYTOYAQH*