# Baseline angle
0.04125421034926102
# Boxes: x1 y1 x2 y2 x3 y3 x4 y4
450 258 443.57536842714205 413.6443909668135 646 422 652.424631572858 266.3556090331865
660 284 653.6933411520681 436.7863604768794 780 442 786.3066588479319 289.2136395231206
786 266 779.324722024076 427.71660013722527 980 436 986.675277975924 274.28339986277473
988 274 981.023047283264 443.02503187705145 1150 450 1156.976952716736 280.97496812294855
1156 290 1149.4869193083823 447.7871767537986 1300 454 1306.5130806916177 296.2128232462014
1308 296 1301.397700692055 455.9486045405374 1448 462 1454.602299307945 302.0513954594626
1452 308 1445.4597041949175 466.4464954574863 1580 472 1586.5402958050825 313.5535045425137
1584 318 1577.4937230867483 475.62234707787667 1732 482 1738.5062769132517 324.37765292212333
1736 314 1728.8888346099898 486.27649455703664 1916 494 1923.1111653900102 321.72350544296336
162 402 155.0782470077604 569.6877524699222 308 576 314.9217529922396 408.3122475300778
338 438 332.43090330696657 572.9180343172418 504 580 509.56909669303343 445.0819656827582
512 444 506.1647864531197 585.3650336779508 570 588 575.8352135468804 446.6349663220492
594 446 587.898993498187 593.804186199714 738 600 744.101006501813 452.19581380028603
774 458 768.6925248751489 586.5799386331934 900 592 905.3074751248511 463.42006136680664
900 456 893.22946912695 620.0242156001323 1038 626 1044.77053087305 461.97578439986773
1036 456 1029.7401981030641 607.6511947451796 1232 616 1238.2598018969359 464.3488052548204
1234 466 1228.3356504098406 603.2256497801487 1344 608 1349.6643495901594 470.7743502198512
1354 466 1347.8547689388072 614.8755790932065 1472 620 1478.1452310611928 471.1244209067935
1474 474 1468.3042639096257 611.9860253215512 1614 618 1619.6957360903743 480.01397467844873
1626 490 1620.7265437669796 617.7557902535838 1772 624 1777.2734562330204 496.2442097464163
1766 498 1761.2633944600768 612.7499395336431 1840 616 1844.7366055399232 501.250060466357
1832 510 1827.3798281898685 621.9291930432165 1926 626 1930.6201718101315 514.0708069567835
156 590 147.58457425691384 793.8737629785098 296 800 304.4154257430862 596.1262370214902
308 604 302.2592698526785 743.0760602147976 470 750 475.7407301473215 610.9239397852024
478 594 471.34590285674176 755.2034691097057 636 762 642.6540971432582 600.7965308902943
642 618 635.4767136408329 776.0344212676814 780 782 786.5232863591671 623.9655787323186
790 634 783.9126010549193 781.47452684787 942 788 948.0873989450807 640.52547315213
952 652 945.9194048332854 799.3096971719482 1108 806 1114.0805951667146 658.6903028280518
1112 624 1105.023047283264 793.0250318770514 1274 800 1280.976952716736 630.9749681229486
1270 618 1262.9270248885707 789.3512893397123 1424 796 1431.0729751114293 624.6487106602877
1414 618 1406.7043630965366 794.7455378066825 1534 800 1541.2956369034634 623.2544621933175
1528 618 1521.6755622085855 771.2170766664381 1686 778 1692.3244377914145 624.7829233335619
1688 628 1682.2498336826966 767.3046627289266 1796 772 1801.7501663173034 632.6953372710734
1786 622 1778.8241987155116 795.8423764782949 1928 802 1935.1758012844884 628.1576235217051
170 780 163.60752442492412 934.8653734256573 288 940 294.3924755750759 785.1346265743427
280 786 272.683182263871 963.2586688342021 436 970 443.316817736129 792.7413311657979
430 782 423.1232410647076 948.5977175766759 554 954 560.8767589352924 787.4022824233241
558 766 551.1912788483692 930.9494208174567 722 938 728.8087211516308 773.0505791825433
742 784 735.5810788090268 939.5060501295912 796 942 802.4189211909732 786.4939498704088
802 784 795.6687584302194 937.38190634236 956 944 962.3312415697806 790.61809365764
950 810 942.553140977347 990.4090746764725 1078 996 1085.446859022653 815.5909253235275
1078 804 1072.2660736310447 942.9112305388757 1244 950 1249.7339263689553 811.0887694611243
1252 794 1246.152272292869 935.668204191095 1448 944 1453.847727707131 802.331795808905
1462 816 1455.4986639710658 973.5026482404081 1516 976 1522.5013360289342 818.4973517595919
1516 818 1509.2744631838973 980.934180706886 1632 986 1638.7255368161027 823.065819293114
1626 802 1618.677147983072 979.4048565103702 1730 984 1737.322852016928 806.5951434896298
1736 822 1729.9507913335003 968.5493216305457 1862 974 1868.0492086664997 827.4506783694543
136 940 127.8250149924306 1138.0487983219812 272 1144 280.1749850075694 945.9512016780191
260 968 254.32544474229132 1105.4728942940317 364 1110 369.6745552577087 972.5271057059683
358 974 353.30761901945675 1087.6785466401504 458 1092 462.69238098054325 978.3214533598496
462 966 456.2634412394288 1104.9750033770829 578 1110 583.7365587605711 971.0249966229171
584 968 578.734117042913 1095.5723185779082 686 1100 691.265882957087 972.4276814220921
688 966 682.6551040941351 1095.486501850764 792 1100 797.3448959058649 970.5134981492359
800 966 794.8021548265746 1091.9240218186887 942 1098 947.1978451734254 972.0759781813113
958 954 951.7995692143106 1104.2128585003356 1092 1110 1098.2004307856892 959.7871414996642
1092 972 1085.1130353971582 1138.8449620905587 1210 1144 1216.8869646028418 977.1550379094413
1228 972 1221.9991872796306 1117.3768718993383 1334 1122 1340.0008127203694 976.6231281006616
1332 972 1325.8615727171732 1120.7107494172847 1454 1126 1460.1384272828268 977.2892505827155
1440 970 1433.882753549839 1118.197618389765 1526 1122 1532.1172464501612 973.802381610235
1528 982 1521.0918545644927 1149.3580931180786 1682 1156 1688.9081454355073 988.6419068819216
1688 1002 1681.6559203710544 1155.69292369445 1786 1160 1792.3440796289456 1006.30707630555
1790 994 1783.2812669622633 1156.7693510309641 1910 1162 1916.7187330377367 999.230648969036
154 1120 148.83277182922217 1245.18228827704 314 1252 319.16722817077783 1126.81771172296
318 1126 312.76890543231104 1252.7295281985446 392 1256 397.23109456768896 1129.2704718014554
398 1126 392.46228980718143 1260.1576587758393 534 1266 539.5377101928185 1131.8423412241607
542 1108 535.6687584302194 1261.38190634236 696 1268 702.3312415697806 1114.61809365764
696 1108 688.9720189455179 1278.261254446466 828 1284 835.0279810544821 1113.738745553534
832 1120 826.2532355718796 1259.2222478909657 942 1264 947.7467644281204 1124.7777521090343
944 1124 937.6116958116744 1278.7643165879424 1016 1282 1022.3883041883256 1127.2356834120576
1016 1144 1009.8649746063562 1292.6283345793236 1140 1298 1146.1350253936437 1149.3716654206764
1134 1152 1127.4665079732836 1310.2816657815642 1266 1316 1272.5334920267164 1157.7183342184358
1268 1138 1259.3857256891613 1346.6911075797534 1388 1352 1396.6142743108387 1143.3088924202466
1394 1158 1388.8675602186202 1282.3394978976767 1526 1288 1531.1324397813798 1163.6605021023233
1520 1164 1514.9329656106656 1286.7549739766644 1642 1292 1647.0670343893344 1169.2450260233356
1632 1164 1626.7299456561627 1291.6733754156228 1780 1298 1785.2700543438373 1170.3266245843772
160 1252 153.6899392628851 1404.8687753148401 278 1410 284.3100607371149 1257.1312246851599
296 1270 290.09861156350684 1412.9681995987166 412 1418 417.90138843649316 1275.0318004012834
401 1279 396.0787001472971 1398.224380363693 536 1404 540.9212998527029 1284.775619636307
538 1290 532.3390522990236 1427.1432349421877 650 1432 655.6609477009764 1294.8567650578123
624 1270 617.8090053842927 1419.9842559862066 812 1428 818.1909946157073 1278.0157440137934
812 1276 805.6585527626702 1429.6291508562426 960 1436 966.3414472373298 1282.3708491437574
940 1264 932.9039811618564 1435.9095512056851 1032 1440 1039.0960188381437 1268.0904487943149
1038 1286 1032.4554860288154 1420.3224884517613 1170 1426 1175.5445139711846 1291.6775115482387
1184 1304 1179.00440528351 1425.0242623794843 1348 1432 1352.99559471649 1310.9757376205157
1340 1302 1334.991567224345 1423.3352797315742 1448 1428 1453.008432775655 1306.6647202684258
1442 1290 1436.3450865798225 1426.9970472660198 1606 1434 1611.6549134201775 1297.0029527339802
1602 1310 1596.6414965374029 1439.8161612026076 1698 1444 1703.3585034625971 1314.1838387973924
1704 1312 1697.968570276983 1458.118605440987 1792 1462 1798.031429723017 1315.881394559013
1794 1320 1787.7425065957657 1471.5952687459182 1846 1474 1852.2574934042343 1322.4047312540818
156 1406 151.70608565252925 1510.0252154379098 248 1514 252.29391434747075 1409.9747845620902
262 1402 256.71447520538186 1530.0481656059198 304 1532 309.28552479461814 1403.9518343940802
328 1412 324.0757981770028 1507.0684869388642 492 1514 495.9242018229972 1418.9315130611358
510 1410 505.1836120137317 1526.6827648062529 634 1532 638.8163879862683 1415.3172351937471
652 1434 647.997554725792 1530.9640282119665 770 1536 774.002445274208 1439.0359717880335
778 1424 772.8199337700571 1549.49330562913 882 1554 887.1800662299429 1428.50669437087
884 1426 878.8395756075884 1551.0174586011183 1048 1558 1053.1604243924116 1432.9825413988817
1056 1414 1050.520891420861 1546.7379645307492 1178 1552 1183.479108579139 1419.2620354692508
1176 1430 1171.1768082353656 1546.8475944821746 1296 1552 1300.8231917646344 1435.1524055178254
1284 1434 1278.8827067704867 1557.9725545463252 1328 1560 1333.1172932295133 1436.0274454536748
1310 1424 1304.2804506853442 1562.5629291872779 1436 1568 1441.7195493146558 1429.4370708127221
1432 1434 1426.8063262133246 1559.822964980974 1528 1564 1533.1936737866754 1438.177035019026
1520 1446 1514.520891420861 1578.7379645307492 1642 1584 1647.479108579139 1451.2620354692508
1638 1458 1632.2702450177949 1596.810173701161 1758 1602 1763.7297549822051 1463.189826298839
134 1496 126.48093180693523 1678.1584282734066 268 1684 275.51906819306475 1501.8415717265934
278 1500 272.65927548088547 1629.385445013049 336 1632 341.34072451911453 1502.614554986951
346 1518 342.1173903447668 1612.060866883579 486 1618 489.8826096552332 1523.939133116421
480 1522 475.55486353333964 1629.6887523076996 580 1634 584.4451364666604 1526.3112476923004
610 1524 605.3934357466007 1635.5995336913727 712 1640 716.6065642533993 1528.4004663086273
710 1536 705.8947285527328 1635.455115350549 816 1640 820.1052714472672 1540.544884649451
824 1546 819.6712972631312 1650.8680058172733 944 1656 948.3287027368688 1551.1319941827267
948 1546 943.6304745929344 1651.8569838728047 1044 1656 1048.3695254070656 1550.1430161271953
1040 1534 1034.4528536371995 1668.3862612899684 1122 1672 1127.5471463628005 1537.6137387100316
1120 1572 1116.7842823243877 1649.9046103213677 1216 1654 1219.2157176756123 1576.0953896786323
1218 1554 1213.1529950110842 1671.4244983479014 1324 1676 1328.8470049889158 1558.5755016520986
1298 1562 1293.3934357466007 1673.5995336913727 1400 1678 1404.6065642533993 1566.4004663086273
1394 1582 1390.965351948658 1655.517981909683 1548 1662 1551.034648051342 1588.482018090317
1542 1582 1537.7333007659938 1685.365896734222 1650 1690 1654.2666992340062 1586.634103265778
1642 1596 1637.9703396123275 1693.623346915654 1744 1698 1748.0296603876725 1600.376653084346
1750 1602 1745.7230950984447 1705.613141248105 1852 1710 1856.2769049015553 1606.386858751895
276 1592 270.44264796965024 1726.6335058038514 352 1730 357.55735203034976 1595.3664941961486
356 1620 350.6993286535151 1748.4151089572715 486 1754 491.3006713464849 1625.5848910427285
490 1628 485.8845228851835 1727.7023598644319 590 1732 594.1154771148165 1632.2976401355681
606 1628 601.7264969876278 1731.530726410144 710 1736 714.2735030123722 1632.469273589856
714 1638 710.028941226007 1734.203652670564 802 1738 805.971058773993 1641.796347329436
832 1642 827.644851647234 1747.5086825212072 888 1750 892.355148352766 1644.4913174787928
910 1648 905.4588411386464 1758.0150097703604 1002 1762 1006.5411588613536 1651.9849902296396
1054 1654 1049.7714910445748 1756.4406915168975 1136 1760 1140.2285089554252 1657.5593084831025
1158 1662 1153.6958799849801 1766.2724599517926 1244 1770 1248.3041200150199 1665.7275400482074
1238 1682 1234.2659800723407 1772.4611028519962 1320 1776 1323.7340199276593 1685.5388971480038
1316 1670 1311.9567320555952 1767.953006267498 1410 1772 1414.0432679444048 1674.046993732502
1408 1666 1403.1461912327177 1783.5893280238233 1510 1788 1514.8538087672823 1670.4106719761767
1484 1690 1480.1045522856018 1784.3718842356689 1568 1788 1571.8954477143982 1693.6281157643311
1564 1686 1560.0255393368238 1782.2860675085249 1650 1786 1653.9744606631762 1689.7139324914751
1652 1698 1647.9193112745816 1796.8595694850685 1724 1800 1728.0806887254184 1701.1404305149315
1726 1708 1721.3382360221044 1820.936813098502 1844 1826 1848.6617639778956 1713.063186901498
236 1888 229.562530367977 2043.9554083189037 376 2050 382.437469632023 1894.0445916810963
380 1894 373.3262610192105 2055.6793161377177 478 2060 484.6737389807895 1898.3206838622823
480 1900 473.00680733491595 2069.4184640671024 584 2074 590.993192665084 1904.5815359328974
578 1920 572.6891229859659 2048.6623534711543 702 2054 707.3108770140341 1925.3376465288457
702 1902 695.5693341463432 2057.790578642982 846 2064 852.4306658536568 1908.2094213570183
846 1898 839.3780588545238 2058.4244515685496 926 2062 932.6219411454762 1901.5755484314507
1116 1916 1109.5115020302308 2073.1916308883183 1226 2078 1232.4884979697692 1920.808369111682
1232 1922 1225.7451389873816 2073.5314959077114 1334 2078 1340.2548610126184 1926.4685040922889
1352 1920 1345.5012963626816 2077.438875402201 1456 2082 1462.4987036373184 1924.561124597799
1476 1922 1468.9032116642893 2093.928193205439 1616 2100 1623.0967883357107 1928.071806794561
1626 1936 1619.4434642465694 2094.839927647537 1696 2098 1702.5565357534306 1939.1600723524627
10 2096 4.418834745368727 2231.210409669578 72 2234 77.58116525463127 2098.789590330422
72 2092 66.78174349147609 2218.4185108464544 202 2224 207.2182565085239 2097.5814891535456
218 2102 213.15716639783432 2219.323441510187 278 2222 282.8428336021657 2104.676558489813
286 2096 280.66871165086746 2225.1568424989205 398 2230 403.33128834913254 2100.8431575010795
398 2096 392.22602045841495 2235.881566594653 492 2240 497.77397954158505 2100.118433405347
510 2102 504.46305930474864 2236.1390167760856 598 2240 603.5369406952512 2105.8609832239144
614 2108 608.5106857533117 2240.985209044632 730 2246 735.4893142466883 2113.014790955368
738 2092 731.4971249759313 2249.5399322399157 888 2256 894.5028750240687 2098.4600677600843
890 2102 883.4876888059495 2259.768534754045 986 2264 992.5123111940505 2106.231465245955
986 2122 980.2838525745273 2260.4805143493168 1114 2266 1119.7161474254729 2127.5194856506832
1108 2094 1101.4188815247207 2253.435473513018 1212 2258 1218.5811184752793 2098.564526486982
1226 2108 1219.226067237767 2272.1066304380934 1362 2278 1368.773932762233 2113.8933695619066
1348 2114 1342.4282709153506 2248.981807155449 1464 2254 1469.5717290846494 2119.018192844551
1470 2112 1464.4902744182132 2245.4796980723977 1574 2250 1579.5097255817868 2116.5203019276023
1580 2104 1573.2948745189956 2266.43969167912 1708 2272 1714.7051254810044 2109.56030832088
1708 2104 1701.5156734169811 2261.090574050603 1772 2264 1778.4843265830189 2106.909425949397
1782 2122 1776.4112614694352 2257.393881345254 1888 2262 1893.5887385305648 2126.606118654746
1886 2112 1880.1776245122849 2253.054016325861 2000 2258 2005.8223754877151 2116.945983674139
74 2402 79.15548350809415 2277.1022402363506 4 2274 -1.1554835080941572 2398.8977597636494
70 2270 64.38744824515383 2405.9707852109805 162 2410 167.61255175484615 2274.0292147890195
172 2288 167.0569726163908 2407.750755810562 270 2412 274.9430273836092 2292.249244189438
272 2272 266.73411704291306 2399.572318577908 374 2404 379.26588295708694 2276.427681422092
380 2280 374.48424013741436 2413.625885748566 432 2416 437.51575986258564 2282.374114251434
446 2280 439.96780077941565 2426.1372474407412 582 2432 588.0321992205843 2285.8627525592588
578 2282 571.76555032248 2433.0370068799452 692 2438 698.23444967752 2286.9629931200548
714 2282 707.892959217388 2429.9503738758817 806 2434 812.107040782612 2286.0496261241183
810 2278 803.5939168681919 2433.195032777501 920 2438 926.4060831318081 2282.804967222499
938 2286 931.7205562655327 2438.1270417731916 1074 2444 1080.2794437344673 2291.8729582268084
1084 2292 1078.4936763073963 2425.397283234437 1190 2430 1195.5063236926037 2296.602716765563
1202 2282 1195.5012963626816 2439.438875402201 1306 2444 1312.4987036373184 2286.561124597799
1306 2300 1300.5862968129065 2431.153440609737 1418 2436 1423.4137031870935 2304.846559390263
1432 2286 1425.5394866412626 2442.5136701848764 1510 2446 1516.4605133587374 2289.4863298151236
1516 2296 1509.7239581547158 2448.0446269352306 1654 2454 1660.2760418452842 2301.9553730647694
# Transcript
AGAQH TYCH
EPI TOY META MEM
FLAKKON ARCON
TA ENIAYTW IERO
FYLAKES EYKARPOS 
DIONYSIOY FALH
REYSPARDALAS EI
SIWNOS MELITEYS
FILOKLHS BOYLWNOS
FYLASIOS TO DEYTER**
AGAQHI TYCHI
EPI ARCONTOS LOYKIOY
GELLIOY XENAGORA
# Lines: x1 y1 x2 y2 x3 y3 x4 y4
366 327 1952 385
128 471 2038 542
118 652 2000 698
110 842 1963 884
78 1020 1960 1062
136 1169 1926 1217
94 1332 1908 1398
126 1455 1846 1535
96 1548 1891 1650
238 1703 1916 1753
160 1977 1907 2014
8 2164 2027 2191
8 2358 1747 2407