# Baseline angle
0.06848214698319977
# Boxes: x1 y1 x2 y2 x3 y3 x4 y4
970 253 963.0972472233046 353.6387628224236 1085 362 1091.9027527766955 261.3612371775764
1141 246 1132.7407677754927 366.41557040022246 1185 370 1193.2592322245073 249.58442959977754
830 383 822.1161106055331 497.9432553294799 925 505 932.8838893944669 390.0567446705201
965 366 957.2807419428381 478.543010869892 1066 486 1073.719258057162 373.45698913010807
1102 382 1093.7205486235616 502.71035575637154 1200 510 1208.2794513764384 389.28964424362846
793 501 784.9273222594135 618.6956971745527 906 627 914.0726777405864 509.30430282544734
949 510 940.7673733997249 630.0276733983371 1057 638 1065.2326266002751 517.9723266016629
1098 513 1088.5493993519617 650.7851399167008 1150 655 1159.4506006480383 517.2148600832992
670 619 660.3598663851092 759.5484379682412 769 767 778.6401336148908 626.4515620317588
800 647 791.5297913490003 770.4915036161121 901 778 909.4702086509997 654.5084963838879
944 649 936.0451288205551 764.9781350729991 1053 773 1060.9548711794448 657.0218649270009
1090 665 1082.4079134592123 775.6889122967315 1189 783 1196.5920865407877 672.3110877032685
1217 671 1209.3322491966178 782.7920602760541 1329 791 1336.6677508033822 679.2079397239459
1348 669 1340.2077912294183 782.606596628079 1448 790 1455.7922087705817 676.393403371921
1512 690 1504.8015065127422 794.9505178845078 1593 801 1600.1984934872578 696.0494821154922
1656 682 1647.3846345428935 807.6078189260188 1726 813 1734.6153654571065 687.3921810739812
1757 693 1748.9647820803443 810.1495512881252 1878 819 1886.0352179196557 701.8504487118748
1898 715 1890.53040249797 823.9030819593745 1994 831 2001.46959750203 722.0969180406255
2046 705 2037.1623242327269 833.8489946281832 2156 842 2164.837675767273 713.1510053718168
392 762 384.9801852828961 864.3454687175094 482 871 489.0198147171039 768.6545312824906
518 761 509.91795730418085 878.8322336461595 629 887 637.0820426958192 769.1677663538405
658 769 649.1435943222614 898.122067571397 764 906 772.8564056777386 776.877932428603
785 785 776.0063132299215 916.1235588226319 920 926 928.9936867700785 794.8764411773681
961 791 953.6235723633212 898.5447108450384 1004 902 1011.3764276366787 794.4552891549616
1066 793 1057.339034074439 919.2726514758529 1170 927 1178.660965925561 800.7273485241471
1204 797 1195.268052289461 924.3075312193721 1322 933 1330.731947710539 805.6924687806279
1344 814 1335.529791349 937.4915036161121 1445 945 1453.470208651 821.5084963838879
1474 823 1466.7512235666711 928.6836186701453 1588 937 1595.2487764333289 831.3163813298547
1630 831 1622.0793954053354 946.4785450094398 1688 951 1695.9206045946646 835.5214549905602
1737 822 1728.4989829341275 945.9406752520683 1846 954 1854.5010170658725 830.0593247479317
1906 839 1898.066572280195 954.6654999086498 2005 962 2012.933427719805 846.3345000913502
2062 855 2053.3452057935215 981.1826708271141 2109 985 2117.6547942064785 858.8173291728859
385 910 376.33238266838094 1036.369625726324 473 1043 481.66761733161906 916.6303742736758
513 913 505.680986402426 1019.7076422071968 612 1027 619.319013597574 920.2923577928032
642 925 635.109325727712 1025.4626641296813 745 1033 751.890674272288 932.5373358703188
784 929 776.1488879488475 1043.465377678856 886 1051 893.8511120511525 936.5346223211442
916 937 907.9394007638208 1054.5195984818101 1017 1062 1025.060599236179 944.4804015181898
1056 947 1048.6763039248096 1053.7759104430004 1154 1061 1161.3236960751904 954.2240895569997
1205 959 1197.6622564919605 1065.9807151504106 1300 1073 1307.3377435080395 966.0192848495894
1345 961 1338.0952782948627 1061.6674688370915 1445 1069 1451.9047217051373 968.3325311629085
1478 970 1470.4808641726322 1079.6253265385444 1578 1087 1585.5191358273678 977.3746734614556
1630 979 1621.68851590098 1100.177377200528 1692 1105 1700.31148409902 983.8226227994721
1742 981 1735.017645103827 1082.799322831082 1840 1090 1846.9823548961733 988.200677168918
1885 981 1876.4073023102424 1106.277333953469 1989 1114 1997.5926976897576 988.7226660465308
376 1093 367.53521844734956 1216.4123791738411 449 1222 457.46478155265044 1098.5876208261589
485 1098 476.2567184057865 1225.472773705647 586 1233 594.7432815942135 1105.527226294353
593 1102 584.4989829341276 1225.9406752520683 702 1234 710.5010170658724 1110.0593247479317
718 1129 710.2654702022803 1241.7656653855024 772 1246 779.7345297977197 1133.2343346144976
781 1129 773.2713769876054 1241.6795473414988 880 1249 887.7286230123946 1136.3204526585012
922 1146 914.0591762534041 1261.773330365589 1034 1270 1041.940823746596 1154.226669634411
1064 1151 1055.174402737134 1279.672895935441 1162 1287 1170.825597262866 1158.327104064559
1200 1169 1191.5285670412916 1292.5093534243124 1257 1297 1265.4714329587084 1173.4906465756876
1317 1177 1308.5137749877094 1300.7250143381905 1400 1307 1408.4862250122906 1183.2749856618095
1426 1186 1418.160221832522 1300.3001351925811 1545 1309 1552.839778167478 1194.6998648074189
1584 1202 1576.6703971394845 1308.862028487004 1637 1313 1644.3296028605155 1206.137971512996
1674 1201 1667.045739969525 1302.3897134162612 1778 1310 1784.954260030475 1208.6102865837388
1820 1206 1811.3363205252645 1332.3122136969885 1938 1341 1946.6636794747355 1214.6877863030115
1994 1219 1985.4676948322792 1343.396840489757 2038 1347 2046.532305167721 1222.603159510243
222 1258 213.43539717594047 1382.8677245386484 332 1391 340.56460282405953 1266.1322754613516
352 1286 344.5385431454941 1394.784395295968 406 1399 413.4614568545059 1290.215604704032
430 1290 422.01900288329864 1406.359038473152 548 1415 555.9809971167012 1298.640961526848
584 1295 576.0010175935662 1411.621255209898 669 1418 676.9989824064338 1301.378744790102
694 1297 684.7421255549647 1431.9752860422923 758 1437 767.2578744450353 1302.0247139577077
797 1326 788.4381107251152 1450.828162317513 893 1458 901.5618892748848 1333.171837682487
908 1339 900.1676178593129 1453.192304735642 1014 1461 1021.8323821406873 1346.807695264358
1038 1329 1029.6823441818979 1450.2673578492668 1157 1459 1165.3176558181021 1337.7326421507332
1177 1351 1168.216545035681 1479.05848181321 1284 1487 1292.783454964319 1358.94151818679
1318 1351 1309.2774172446937 1478.170994747765 1438 1487 1446.7225827553063 1359.829005252235
1462 1357 1451.3104615315342 1512.8482479976813 1541 1519 1551.6895384684658 1363.1517520023187
1550 1375 1539.7521036689361 1524.4093214192228 1665 1533 1675.2478963310639 1383.5906785807772
1837 1395 1828.8938002953662 1513.1844310316444 1972 1523 1980.1061997046338 1404.8155689683556
713 1515 704.7587530652252 1635.1533536634763 790 1641 798.2412469347748 1520.8466463365237
798 1522 789.3698424893117 1647.823479839897 894 1655 902.6301575106883 1529.176520160103
901 1541 893.3564062054324 1652.4398628905692 989 1659 996.6435937945676 1547.5601371094308
1036 1554 1026.724619952208 1689.2305091773057 1140 1697 1149.275380047792 1561.7694908226943
1157 1547 1147.6984940149516 1682.6114125774584 1270 1691 1279.3015059850484 1555.3885874225416
1292 1570 1283.8972584652738 1688.1340126040411 1384 1695 1392.1027415347262 1576.8659873959589
1392 1569 1381.7099613703892 1719.0237355414538 1498 1727 1508.2900386296108 1576.9762644585462
1522 1589 1513.7299135787941 1709.5738192847646 1622 1717 1630.2700864212059 1596.4261807152354
1657 1585 1647.5646710925193 1722.5624854010903 1756 1730 1765.4353289074807 1592.4375145989097
1776 1597 1767.5130303669766 1720.7358705446582 1888 1729 1896.4869696330234 1605.2641294553418
1909 1603 1900.0238188326782 1733.8683356876184 2004 1741 2012.9761811673218 1610.1316643123816
2013 1617 2004.915988375739 1734.8609396608274 2109 1742 2117.0840116242607 1624.1390603391726
1461 1727 1453.9540593456397 1829.7263721176623 1560 1837 1567.0459406543603 1734.2736278823377
1594 1731 1587.4647143395782 1826.2812718103526 1700 1834 1706.5352856604218 1738.7187281896474
1744 1737 1736.5584973636683 1845.493472544554 1846 1853 1853.4415026363317 1744.506527455446
2034 1758 2027.1140082053284 1858.3943958938778 2138 1866 2144.8859917946716 1765.6056041061222
# Transcript
AI*
DOK
THI
NAPODOKIMAS
OYNAIENTWIENI
*RCONTOSKAIPA
RESIOPEIRAIAEI
DIOTIEGGEGRAM*
***RATHTOSLEYKO
*CON*O

