# Baseline angle
5.9358790119367315
# Boxes: x1 y1 x2 y2 x3 y3 x4 y4
155 1141 192.44595591673686 1244.4479093051639 318 1199 280.55404408326314 1095.5520906948361
239 1092 280.13313255017084 1205.634075064044 362 1176 320.86686744982916 1062.365924935956
336 1064 378.6175030183776 1181.7347854828608 458 1153 415.3824969816224 1035.2652145171392
443 1022 485.3132921230143 1138.8943748071883 590 1101 547.6867078769857 984.1056251928117
551 988 590.9688060020492 1098.4175155130074 675 1068 635.0311939979507 957.5824844869924
196 1245 230.93644893633106 1341.5151646561308 318 1310 283.0635510636689 1213.4848353438692
288 1210 329.0664551451724 1323.4498725787257 427 1288 385.9335448548276 1174.5501274212743
385 1168 428.4126139191926 1287.9313527313498 489 1266 445.5873860808074 1146.0686472686502
653 950 692.8746251204775 1060.1573321352141 790 1025 750.1253748795226 914.842667864786
449 1153 485.42081940453784 1253.6158750749476 570 1223 533.579180595462 1122.3841249250524
536 1129 573.0667424706342 1231.400297160692 646 1205 608.9332575293658 1102.599702839308
612 1090 652.697239497866 1202.4298802761782 734 1173 693.302760502134 1060.5701197238218
686 1061 727.4865151727553 1175.6103271744835 801 1149 759.5134848272447 1034.3896728255165
764 1047 802.639458594487 1153.7450706071188 871 1129 832.360541405513 1022.2549293928812
829 1028 866.4692968204398 1131.5123907058987 948 1102 910.5307031795602 998.4876092941014
912 989 948.3933159279643 1089.5398941824722 1030 1060 993.6066840720355 959.460105817528
316 1319 356.69723949786595 1431.4298802761782 438 1402 397.30276050213405 1289.5701197238218
376 1304 417.04062432165426 1417.3785125446936 454 1404 412.95937567834574 1290.6214874553064
406 1282 450.178548690379 1404.0473182289202 547 1369 502.821451309621 1246.9526817710798
492 1258 531.2128690296591 1366.3291698573614 615 1336 575.7871309703407 1227.6708301426386
571 1229 610.5879199028914 1338.3652825100926 700 1306 660.4120800971086 1196.6347174899074
731 1188 766.333168060211 1285.6111378511537 873 1247 837.666831939789 1149.3888621488463
816 1149 850.0646628317213 1243.1067750803993 936 1212 901.9353371682787 1117.8932249196007
870 1134 903.2087097518337 1225.742125696776 1013 1186 979.7912902481663 1094.257874303224
1005 1077 1041.8450420049912 1178.7878291624459 1149 1140 1112.1549579950088 1038.2121708375541
1101 1046 1135.936448936331 1142.5151646561308 1223 1111 1188.063551063669 1014.4848353438692
1244 984 1282.2860759719024 1089.7688184966792 1359 1062 1320.7139240280976 956.2311815033207
466 1398 508.32912514773625 1514.9381149992964 638 1468 595.6708748522636 1351.0618850007036
590 1351 639.1183975275807 1486.6941065664466 688 1469 638.8816024724193 1333.3058934335534
639 1337 688.2875809598919 1473.1614914130396 802 1432 752.7124190401081 1295.8385085869604
747 1296 790.3892730154896 1415.866871330615 895 1378 851.6107269845104 1258.133128669385
840 1255 882.5724938640269 1372.6104435398343 992 1333 949.4275061359731 1215.3895564601657
1393 1055 1437.1277043101024 1176.90685593571 1575 1127 1530.8722956898976 1005.0931440642901
1518 1002 1561.897678698719 1123.2713889539825 1640 1095 1596.102321301281 973.7286110460175
1608 983 1653.425385668221 1108.4918204573826 1757 1071 1711.574614331779 945.5081795426172
1717 937 1759.947544737259 1055.6465561925656 1875 1014 1832.052455262741 895.3534438074344
794 1420 830.3366363217622 1520.3833115390782 964 1472 927.6633636782378 1371.6166884609218
671 1465 708.6851620601569 1569.1087383539611 767 1548 729.3148379398431 1443.8912616460389
926 1359 963.9226955505219 1463.7649465443153 1013 1446 975.0773044494781 1341.2350534556847
959 1350 999.3380216493557 1461.437507815555 1100 1425 1059.6619783506442 1313.562492184445
1060 1310 1102.8375308309653 1428.342632622664 1206 1391 1163.1624691690347 1272.657367377336
1444 1185 1477.5504219225666 1277.686137106848 1601 1233 1567.4495780774334 1140.313862893152
1571 1135 1607.4974946083325 1235.8276974021899 1712 1198 1675.5025053916675 1097.1723025978101
1670 1103 1706.5033298342582 1203.8438177523735 1800 1170 1763.4966701657418 1069.1561822476265
1742 1055 1781.7254372857585 1164.7451869724696 1886 1127 1846.2745627142415 1017.2548130275304
1854 1020 1895.651536032196 1135.0662125293359 1987 1102 1945.348463967804 986.9337874706641
1955 978 2004.138393125173 1113.7493462502953 2125 1070 2075.861606874827 934.2506537497048
708 1560 748.4480355556495 1671.7414313854567 861 1631 820.5519644443505 1519.2585686145433
813 1523 855.9608878421659 1641.683417751376 891 1629 848.0391121578341 1510.316582248624
852 1499 890.3569159497715 1604.964520473738 998 1566 959.6430840502285 1460.035479526262
948 1469 992.8244717564753 1592.8317403146646 1078 1562 1033.1755282435247 1438.1682596853354
1032 1443 1069.8776863961712 1547.640604601289 1149 1519 1111.1223136038288 1414.359395398711
1144 1407 1185.524016448125 1521.7139279088833 1298 1481 1256.475983551875 1366.2860720911167
1244 1361 1285.4315082196085 1475.4583653895327 1353 1451 1311.5684917803915 1336.5416346104673
1345 1286 1397.0362940837178 1429.7550651108702 1482 1399 1429.9637059162822 1255.2449348891298
1504 1288 1543.1620246493828 1396.1887075641514 1668 1351 1628.8379753506172 1242.8112924358486
1631 1244 1669.329412473198 1349.8885395812626 1774 1312 1735.670587526802 1206.1114604187374
1715 1206 1757.4899834343066 1323.382500862408 1858 1287 1815.5100165656934 1169.617499137592
1798 1175 1840.3799695280127 1292.0785772925067 1929 1260 1886.6200304719873 1142.9214227074933
1880 1153 1920.8680955832326 1265.9018859812143 2009 1234 1968.1319044167674 1121.0981140187857
1968 1109 2012.0135278309383 1230.5914328740678 2091 1202 2046.986472169062 1080.4085671259322
2037 1100 2073.4424876551857 1200.6757356172393 2172 1165 2135.5575123448143 1064.3242643827607
2128 1064 2165.0550720187825 1166.3680564603246 2260 1132 2222.9449279812175 1029.6319435396754
2237 1018 2276.1536995036417 1126.16570858067 2307 1115 2267.8463004963583 1006.8342914193299
2255 1010 2294.6095881535393 1119.4251430523843 2398 1082 2358.3904118464607 972.5748569476157
2350 970 2396.1379861393157 1097.4604450284453 2472 1070 2425.8620138606843 942.5395549715545
924 1608 970.4146935581053 1736.2248748116424 1018 1719 971.5853064418947 1590.7751251883576
948 1591 996.747509227219 1725.669493405456 1087 1693 1038.2524907727811 1558.330506594544
1025 1575 1071.7330648251354 1704.1044048209797 1177 1666 1130.2669351748646 1536.8955951790203
1131 1532 1172.2214782058168 1645.878138091654 1252 1617 1210.7785217941832 1503.121861908346
1196 1508 1239.4834538970615 1628.1270547084087 1331 1595 1287.5165461029385 1474.8729452915913
1282 1476 1333.1586727531824 1617.330555184955 1428 1583 1376.8413272468176 1441.669444815045
1383 1450 1425.2699556217187 1566.774653722605 1502 1539 1459.7300443782813 1422.225346277395
1440 1423 1486.475535737178 1551.3929569467768 1529 1536 1482.524464262822 1407.6070430532232
1480 1405 1522.8942104371674 1523.499215266058 1574 1505 1531.1057895628326 1386.500784733942
1559 1399 1603.8953117343442 1523.0274422917234 1720 1481 1675.1046882656558 1356.9725577082766
1667 1369 1705.329412473198 1474.8885395812626 1810 1437 1771.670587526802 1331.1114604187374
1777 1340 1813.089105032601 1439.6994835067997 1920 1401 1883.910894967399 1301.3005164932003
1886 1280 1928.7275169246714 1398.0387090527624 2020 1365 1977.2724830753286 1246.9612909472376
1977 1243 2021.3610752275972 1365.5515646343235 2103 1336 2058.638924772403 1213.4484353656765
2059 1223 2102.340101288268 1342.7310298958478 2190 1311 2146.659898711732 1191.2689701041522
2140 1186 2185.6587565857153 1312.1365291559964 2233 1295 2187.3412434142847 1168.8634708440036
2192 1169 2233.2156429798915 1282.86201774147 2324 1250 2282.7843570201085 1136.13798225853
2268 1147 2306.451096831343 1253.2247038515316 2401 1219 2362.548903168657 1112.7752961484684
2337 1110 2384.8640526707577 1242.2288631293573 2496 1202 2448.1359473292423 1069.7711368706427
1572 1526 1613.539849472847 1640.7576681009912 1751 1591 1709.460150527153 1476.2423318990088
1701 1482 1743.0265869054283 1598.102325182067 1840 1563 1797.9734130945717 1446.897674817933
1788 1456 1828.2063394924141 1567.0737237033618 1903 1540 1862.7936605075859 1428.9262762966382
1862 1436 1900.3035816496797 1541.8171795472306 1944 1526 1905.6964183503203 1420.1828204527694
1896 1410 1942.4405243816236 1538.296234845675 2051 1499 2004.5594756183764 1370.703765154325
1992 1375 2037.1661839272083 1499.775751724737 2136 1464 2090.8338160727917 1339.224248275263
2080 1347 2120.9231025363792 1460.0538477661653 2215 1426 2174.0768974636208 1312.9461522338347
2159 1330 2196.7226633355267 1434.212339088361 2294 1399 2256.2773366644733 1294.787660911639
2219 1293 2262.941015200014 1414.3911100385658 2369 1376 2325.058984799986 1254.6088899614342
2314 1260 2354.2713442443574 1371.2533053302368 2471 1329 2430.7286557556426 1217.7466946697632
2413 1223 2454.529851674051 1337.730048259067 2556 1301 2514.470148325949 1186.269951740933
2488 1194 2532.718620423052 1317.5393162365037 2653 1274 2608.281379576948 1150.4606837634963
2607 1149 2656.9451744778394 1286.9781541991515 2737 1258 2687.0548255221606 1120.0218458008485
2681 1119 2732.837934521778 1262.2070785133587 2808 1235 2756.162065478222 1091.7929214866413
2748 1106 2787.6762655585376 1215.6093455377027 2875 1184 2835.3237344414624 1074.3906544622973
2814 1081 2858.526096087038 1204.007449989176 2958 1168 2913.473903912962 1044.992550010824
1640 1656 1689.75097748877 1793.4416670933806 1807 1751 1757.24902251123 1613.5583329066194
1753 1612 1802.646798808402 1749.1538638736629 1897 1715 1847.353201191598 1577.8461361263371
1849 1577 1901.7255536511095 1722.6592082811978 2003 1686 1950.2744463488905 1540.3407917188022
1949 1539 2000.3570323151223 1680.8785417824665 2105 1643 2053.6429676848775 1501.1214582175335
2040 1515 2090.8269583812457 1655.4141636168072 2208 1613 2157.1730416187543 1472.5858363831928
2137 1501 2181.944483461565 1625.1632837264906 2315 1577 2270.055516538435 1452.8367162735094
2239 1453 2288.2050705301713 1588.9335487356134 2393 1551 2343.7949294698287 1415.0664512643866
2313 1430 2362.850993596268 1567.717970821358 2456 1534 2406.149006403732 1396.282029178642
2401 1409 2448.952398326404 1541.4729261569669 2558 1502 2510.047601673596 1369.5270738430331
2490 1373 2538.3332844255615 1506.5251591598822 2642 1469 2593.6667155744385 1335.4748408401178
2558 1340 2608.8269583812457 1480.4141636168072 2726 1438 2675.1730416187543 1297.5858363831928
2657 1312 2705.908367513789 1447.1138792685676 2767 1425 2718.091632486211 1289.8861207314324
2718 1288 2763.8612787205257 1414.6960152452484 2868 1377 2822.1387212794743 1250.3039847547516
2785 1256 2830.0878360703587 1380.5593085390512 2967 1331 2921.9121639296413 1206.4406914609488
1670 1804 1715.0386643431373 1928.423467104284 1835 1885 1789.9613356568627 1760.576532895716
1352 1888 1396.686954373608 2011.4518358522878 1467 1986 1422.313045626392 1862.5481641477122
1411 1865 1461.2652183979249 2003.8623050669319 1541 1975 1490.7347816020751 1836.1376949330681
1478 1843 1528.8327936071714 1983.4302839669908 1635 1945 1584.1672063928286 1804.5697160330092
1765 1765 1811.5897122163424 1893.7083800084192 1913 1857 1866.4102877836576 1728.2916199915808
1845 1737 1886.6965451865467 1852.1905544723622 1948 1830 1906.3034548134533 1714.8094455276378
1902 1722 1941.5487459744663 1831.2570609172499 2050 1792 2010.4512540255337 1682.7429390827501
2011 1689 2052.5298516740504 1803.730048259067 2154 1767 2112.470148325949 1652.269951740933
2121 1656 2163.937546938463 1774.6189363506412 2243 1746 2200.062453061537 1627.3810636493588
1735 1922 1779.3494047757456 2044.5193239339565 1883 2007 1838.6505952242544 1884.4806760660438
1832 1896 1873.9324060238564 2011.8421418042735 1984 1972 1942.0675939761436 1856.1578581957265
1924 1849 1964.0121425033446 1959.5372365975911 2076 1919 2035.9878574966551 1808.462763402409
2001 1829 2046.9437891502462 1955.9239579226746 2160 1915 2114.056210849754 1788.0760420773254
2093 1792 2138.1603487012826 1916.7596313745532 2248 1877 2202.8396512987174 1752.2403686254468
2219 1756 2255.4166568316673 1856.604375583207 2293 1843 2256.5833431683327 1742.395624416793
2403 1697 2443.426367305002 1808.681570843165 2542 1773 2501.573632694998 1661.318429156835
2476 1664 2520.3494047757454 1786.5193239339565 2624 1749 2579.6505952242546 1626.4806760660435
2561 1621 2604.4442799686367 1741.018833115566 2715 1701 2671.5557200313633 1580.981166884434
2650 1590 2697.400656141879 1720.948687449016 2805 1682 2757.599343858121 1551.051312550984
2757 1558 2801.6536156711086 1681.3597346096287 2880 1653 2835.3463843288914 1529.6402653903713
2832 1520 2881.6192953318287 1657.0778829811875 2973 1624 2923.3807046681713 1486.9221170188125
2911 1494 2961.921139262817 1634.674346994601 3066 1597 3015.078860737183 1456.325653005399
3014 1479 3055.2098077539654 1592.8458973912864 3157 1556 3115.7901922460346 1442.1541026087136
3105 1448 3151.9214265882792 1577.624771576567 3231 1549 3184.0785734117208 1419.375228423433
1733 2032 1795.806100807268 2205.50765018706 1916 2162 1853.193899192732 1988.4923498129401
1870 2025 1912.3208000019952 2141.915116015815 1948 2129 1905.6791999980048 2012.0848839841847
1900 2001 1948.7691774778666 2135.7293539477473 2053 2098 2004.2308225221334 1963.2706460522522
2009 1977 2053.5319313129635 2100.0235703393596 2142 2068 2097.4680686870365 1944.9764296606402
2096 1938 2143.7048670372424 2069.7890981246883 2226 2040 2178.295132962757 1908.2109018753115
2172 1914 2215.8468343184422 2035.1309266607723 2335 1992 2291.1531656815578 1870.8690733392275
2274 1875 2323.1500635770244 2010.7815869506626 2422 1975 2372.8499364229756 1839.2184130493374
2379 1833 2428.536784902108 1969.849940303761 2511 1940 2461.463215097892 1803.150059696239
2085 2103 2129.8186365305496 2226.815619964481 2226 2192 2181.1813634694504 2068.184380035519
2182 2072 2226.2943978225985 2194.3673621490057 2324 2159 2279.7056021774015 2036.6326378509943
2270 2032 2319.2109057560974 2167.949669085797 2413 2134 2363.7890942439026 1998.050330914203
2359 2010 2400.524016448125 2124.7139279088833 2513 2084 2471.475983551875 1969.2860720911167
2474 1971 2516.285788646441 2087.818393914713 2618 2051 2575.714211353559 1934.181606085287
2576 1936 2614.451096831343 2042.2247038515316 2709 2008 2670.548903168657 1901.7752961484684
2657 1903 2702.717926111733 2029.299990432688 2803 1993 2757.282073888267 1866.7000095673122
2768 1860 2815.6498600840955 1991.6371363397377 2892 1964 2844.3501399159045 1832.3628636602623
2176 2216 2220.7577943514766 2339.6475378293467 2322 2303 2277.2422056485234 2179.3524621706533
2276 2180 2323.0097722439255 2309.8688346041768 2400 2282 2352.9902277560745 2152.1311653958232
2357 2151 2403.8272457067073 2280.3645881987736 2496 2247 2449.1727542932927 2117.6354118012264
2440 2125 2487.991572254829 2257.58114774981 2578 2225 2530.008427745171 2092.41885225019
2526 2086 2574.3332844255615 2219.525159159882 2678 2182 2629.6667155744385 2048.474840840118
2615 2062 2663.8633583594387 2196.9895373255413 2755 2164 2706.1366416405613 2029.0104626744587
2705 2025 2752.8815583485352 2157.277224179908 2831 2129 2783.1184416514648 1996.7227758200918
2763 2012 2809.9981017920736 2141.8365939038094 2909 2106 2862.0018982079264 1976.1634060961906
2861 1971 2913.499690612596 2116.0352407912114 3002 2084 2949.500309387404 1938.964759208789
2933 1947 2977.8578104589747 2070.9238415573236 3055 2043 3010.1421895410253 1919.0761584426764
3009 1925 3054.2153556544295 2049.9115931595043 3170 2008 3124.7846443455705 1883.0884068404962
3122 1888 3165.94685042594 2009.4072303887497 3261 1975 3217.05314957406 1853.5927696112503
3207 1847 3252.8612787205257 1973.6960152452484 3357 1936 3311.1387212794743 1809.3039847547516
3278 1827 3321.5542938749304 1947.3227566854673 3444 1903 3400.4457061250696 1782.6772433145327
2368 2295 2411.8468343184422 2416.1309266607723 2531 2373 2487.1531656815578 2251.8690733392277
2496 2258 2544.930035764437 2393.1737398108594 2620 2366 2571.069964235563 2230.8262601891406
2628 2319 2677.9276688000627 2456.9297931486003 2791 2416 2741.0723311999373 2278.0702068513997
2505 2388 2551.605545241064 2516.752120200527 2678 2471 2631.394454758936 2342.247879799473
2744 2280 2794.844464059023 2420.462524667358 2879 2390 2828.155535940977 2249.537475332642
2820 2280 2861.606526877845 2394.9418705863095 2983 2351 2941.393473122155 2236.0581294136905
2907 2230 2959.802228854904 2375.8710306084404 3081 2332 3028.197771145096 2186.1289693915596
3081 2349 3124.7209873874262 2469.7832628987626 3207 2440 3163.2790126125738 2319.2167371012374
2837 2425 2896.6723390114134 2589.8503439945734 3004 2551 2944.3276609885866 2386.1496560054266
3161 2316 3213.030458857792 2459.7389447606865 3309 2425 3256.969541142208 2281.2610552393135
651 1203 693.032422131354 1319.118445532251 779 1288 736.967577868646 1171.881554467749
1148 1002 1192.1293769631577 1123.9114767941533 1272 1095 1227.8706230368423 973.0885232058469
1302 1334 1342.9231025363795 1447.0538477661653 1437 1413 1396.0768974636205 1299.9461522338347
# Transcript
***
OS)ACA
DWPOSEYTYC*
RISTOBOYLACAR
PIDOSDAFN*
*)PITQPOLYKA*
NIDHSMELIPOLYCRONIOS
*IANOSMELIDOMESTICOS
DWRIWNAGAQHMEROY
MHNODWROSGAIOY
EYS GAIOS)
SOYLPI**OSQALAMOS
FILERWS)
*SKANTOS)
YROSABASKANTOY
*N)
MEROS
*S**OY

# Lines: x1 y1 x2 y2 x3 y3 x4 y4
63 1195 813 925
159 1301 1103 975
281 1391 1378 986
435 1481 1876 938
629 1544 2152 951
681 1631 2491 972
887 1694 2485 1107
1556 1611 3000 1074
1633 1724 3002 1257
1330 1976 2265 1661
1707 1972 3232 1444
1717 2147 2600 1851
2044 2197 2937 1869
2183 2288 3476 1834
2296 2401 2663 2273
2491 2475 3132 2234
2793 2518 3398 2323