# Baseline angle
0.10398697549005043
# Boxes: x1 y1 x2 y2 x3 y3 x4 y4
1642.0057573175409 142.6689972165318 1613.876046779347 412.2051161042191 1919.2177017554354 444.07161475818793 1947.3474122936293 174.53549587050065
1950.512410554865 202.01244595609705 1925.3928904432676 442.7052163281278 2220.788563172578 473.53371828327 2245.9080832841755 232.84094791123925
2261.208249890702 192.20961884348026 2230.8987462849727 482.63230044940155 2534.2512048117055 514.2911997636052 2564.560708417435 223.86851815768387
2559.8387151079596 211.3105414422539 2530.3596088612912 493.7764372507527 2717.34407510072 513.2907751886883 2746.823181347388 230.8248793801895
2721.791383819503 219.0834265753765 2690.340083845065 520.4466886527539 2975.789774327597 550.2371939090699 3007.241074302035 248.87393183169252
1160.3638687384585 451.3421109889732 1133.479754238856 708.9430511805267 1364.2265423641086 733.024574593298 1391.1106568637108 475.4236344017445
1388.9912649919097 505.3653808119616 1361.069153793481 772.912303250293 1605.7403170642228 798.447022041421 1633.6624282626515 530.9000996030895
1633.0830287175042 526.8179070344959 1606.9255119070804 777.4566596533045 1842.645291155722 802.0571814154887 1868.8028079661458 551.41842879668
1893.9357641185904 561.0794077863734 1867.674447638284 812.7127586298598 2115.3294055830593 838.5588764306356 2141.590722063366 586.9255255871494
2138.2955283796846 589.5979212515344 2112.034211899378 841.231272095021 2379.5811343377095 869.1533832934497 2405.842450818016 617.5200324499629
2407.3730501136924 631.7558066051006 2378.6205415562026 907.2595148408545 2646.1674639945345 935.181626039283 2674.919972552024 659.677917803529
2675.1275718917896 657.6887213541731 2645.544665975239 941.1492153873501 2917.0699813122815 969.486525265309 2946.6528872288322 686.0260312321325
755.0604474209758 818.9429780385117 725.2699421646598 1104.3926685210436 993.8114628276692 1132.4185793893548 1023.6019680839852 846.9688889068227
1034.7725523921142 873.1226547649371 1008.4074362419251 1125.7506038331016 1246.1164119399223 1150.5587249350513 1272.4815280901112 897.9307758668867
1280.9959220598212 886.4779490316719 1252.97001119151 1155.0194696946812 1516.5385407311303 1182.5263822135794 1544.5644515994416 913.98486155057
1575.0701896244582 918.9142096189046 1547.6670767754429 1181.488140933847 1810.2410080903853 1208.8912537828626 1837.6441209394006 946.3173224679201
1859.7328812220778 946.6117187559823 1832.3297683730625 1209.1856500709248 2151.5957984946403 1242.5053441032503 2178.998911343656 979.9314127883079
2216.7589013519573 986.5434072569594 2189.66718751259 1246.1335438978683 2429.3653596599424 1271.149264339583 2456.4570734993104 1011.559127698674
2449.1900546310007 1000.6901205167387 2418.3615526758585 1296.085793246049 2660.048921272567 1321.309113027529 2690.877423227709 1025.9134402982188
2696.928002539989 1053.373203390659 2669.732489030739 1313.9579382562458 2809.9708387103105 1328.5936917096972 2837.1663522195604 1068.0089568441103
879.9705074328633 1228.5208393657804 850.3876015163128 1511.981333398957 1135.8372919988449 1541.771838655273 1165.4201979153956 1258.3113446220964
1180.1587650939796 1246.1191532126788 1152.1328542256683 1514.6606738756882 1396.80401749641 1540.1953926668164 1424.8299283647214 1271.653872003807
1441.2841054102682 1252.9264769190092 1411.286000814187 1540.365363850897 1713.6438611162419 1571.9204634952177 1743.6419657123233 1284.48157656333
1763.1347525807446 1283.4439484076458 1733.1366479846633 1570.8828353395336 1984.7699988281497 1597.14415181984 2014.768103424231 1309.7052648879524
1988.1779003284394 1295.8306716591237 1958.1797957323581 1583.2695585910114 2212.796941249878 1609.8422740809658 2242.795045845959 1322.403387149078
2258.2062532698346 1364.5809077144322 2232.879133818472 1607.2628745358186 2378.090474621433 1622.4176263386832 2403.4175940727955 1379.7356595172969
2410.099995892206 1359.4068892429214 2378.025897898472 1666.7377406683654 2659.497195482293 1696.113047245151 2691.571293476027 1388.7821958197069
2693.6912984718765 1378.476198585381 2664.1083925553257 1661.9366926185576 2912.7579487247785 1687.886610089216 2942.3408546413293 1404.4261160560395
2936.3578573629147 1410.5310816646831 2904.595158378829 1714.8781384160939 3181.093464839261 1743.7344466434663 3212.856163823347 1439.3873898920556
862.4722465810985 1622.944930557375 839.324920197271 1844.7403346605272 983.5416627755538 1859.7912867935092 1006.6889891593812 1637.9958826903571
999.1217433752105 1587.4643017274902 970.6806338273688 1859.984215289211 1183.5246539084205 1882.1973446440948 1211.9657634562623 1609.677431082374
1242.0597412426905 1629.0874122581533 1214.2414297141447 1895.639736471807 1480.7937539277984 1923.458048000353 1508.6120654563445 1656.9057237866994
1529.5586608271706 1672.5794696614169 1504.6467400553383 1911.283043584092 1690.6366080700893 1930.6935818521445 1715.5485288419213 1691.9900079294696
1796.219020547268 1696.3217877923103 1767.570311659661 1970.8308978033865 2014.2306713797584 1996.5732159342797 2042.8793802673654 1722.0641059232034
2041.3119502116238 1719.7519095179366 2014.7392347216694 1974.3690550354565 2251.4536121949886 1999.0733764675235 2278.0263276849428 1744.4562309500036
2292.3555268117957 1772.9937665029054 2269.4157997677335 1992.7999741567019 2454.4110695578065 2012.1067127548718 2477.3507966018688 1792.3005051010755
2470.071992515725 1765.4421171982133 2443.6030766956533 2019.0646644910553 2681.3120523936504 2043.8727855930051 2707.780968213722 1790.2502383001627
2716.634138612833 1775.855849326302 2687.155032366165 2058.321745134801 2936.799186760296 2084.375462275342 2966.278293006964 1801.9095664668432
2997.400445608764 1815.7781447963016 2969.1669354006876 2086.3088619086666 3212.843500446752 2111.739781029912 3241.077010654828 1841.209063917547
1578.0734750942372 2017.4572496707403 1548.1791701680386 2303.90153837795 1880.374977210428 2338.57062811875 1910.2692821366265 2052.1263394115404
1950.621622846671 2061.7875026728043 1919.1703228722329 2363.150764750181 2162.846887918297 2388.581683871427 2194.298187892735 2087.2184217940494
741.768406689717 2260.14717427207 728.5858486146226 2386.4611488061523 876.7809840916166 2401.9272996186646 889.963542166711 2275.6133250845824
900.844518838052 2286.1163023796003 887.0391627436616 2418.397866261749 1061.0938520622785 2436.56280849121 1074.899208156669 2304.281244609061
1089.5121842925105 2300.7182346614513 1075.4992288583549 2434.988994992956 1208.775390965182 2448.898150757229 1222.7883463993376 2314.627390425724
1229.8273247653538 2316.8783882396383 1215.3991706516676 2455.127541469854 1323.8103771415492 2466.441705487061 1338.2385312552356 2328.1925522568454
1337.370137197348 2343.095320301046 1324.4989781319014 2466.4255001610945 1464.7373278114728 2481.061253614546 1477.6084868769194 2357.731073754497
1472.336066233288 2356.9658662424445 1458.426910469015 2490.2420283492715 1588.7192779018085 2503.8397851038962 1602.6284336660815 2370.5636229970696
1624.301810997657 2378.055796741443 1609.3546585345578 2521.277941095048 1730.6956419452508 2533.9415008207293 1745.64279440835 2390.7193564671243
1790.5401606772286 2393.6915501948943 1776.527205243073 2527.962310526399 1905.8249744511886 2541.4562676111414 1919.8379298853442 2407.1855072796366
1933.117715638678 2417.2408752431907 1920.869354592527 2534.6034657551727 1979.550649848518 2540.727646278248 1991.799010894669 2423.3650557662663
2003.0346007782355 2431.0538410281893 1989.1254450139622 2564.330003135016 2106.488035525944 2576.5783641811668 2120.397191290217 2443.30220207434
2145.857751778276 2441.667987380352 2132.259995023651 2571.9603548131454 2260.563166007089 2585.3505122280053 2274.160922761714 2455.058144795212
2295.108070947253 2461.0737369971303 2282.029312542041 2586.393113306535 2382.4837332345005 2596.8768799646805 2395.5624916397123 2471.5575036552764
2404.956083217954 2458.9943094360956 2389.593732075324 2606.194846688412 2490.048152767783 2616.678613346558 2505.4105039104134 2469.4780760942417
2503.076087279809 2423.824955653623 2478.3717658477426 2660.539333126942 2609.658731505214 2674.24088955145 2634.3630529372804 2437.5265120781305
2642.18025028128 2501.765968321122 2628.686293196538 2631.0637375292376 2752.0164730565866 2643.9348965946842 2765.510430141329 2514.6371273865684
2760.023229319801 2483.3515713147704 2744.660878177171 2630.5521085670866 2839.1477095215632 2640.413077205937 2854.510060664193 2493.2125399536208
2865.0290590136065 2483.239548830232 2849.874307210742 2628.450889633192 2969.2260941720792 2640.9068500191083 2984.380845974944 2495.695509216148
2972.440449775059 2475.334328289839 2953.8603088660675 2653.3674105071677 3085.1472745235387 2667.0689669316753 3103.72741543253 2489.035884714347
1202.444653078866 2573.059525371958 1185.213907878349 2738.1628306684747 1342.360427377443 2754.563178509931 1359.5911725779606 2589.459873213414
1377.7305121729173 2599.2140325939167 1363.094758719466 2739.452382273488 1495.376322601615 2753.2577383678786 1510.0120760550665 2613.0193886883067
1544.6196504155857 2626.5601784105797 1529.9838969621342 2766.798528090151 1657.2924697208941 2780.0848858351287 1671.9282231743457 2639.846536155557
1700.6893791214084 2630.4361261273007 1684.4966306197175 2785.5934491770395 1784.9510513121766 2796.0772158351856 1801.1437998138674 2640.919892785447
1812.3967609621614 2661.2748745408144 1798.0724065183579 2798.5294295463523 1930.3539704005068 2812.3347856407427 1944.6783248443103 2675.0802306352043
1952.384112827819 2672.949606360282 1935.0495679574192 2839.047509881477 2046.444569121334 2850.6730729083315 2063.779113991734 2684.575169387137
2130.7338115585467 2697.661537482957 2115.2676607460344 2845.856672959951 2204.781500967037 2855.198643249388 2220.24765177955 2707.003507772394
2226.876035845739 2688.712734196845 2207.0502988981557 2878.6809951103073 2359.223827273861 2894.56234460235 2379.049564221444 2704.594083688888
2389.0295519113934 2727.8420116050015 2371.9026063807587 2891.9507186768406 2518.108545408397 2907.209270149588 2535.2354909390315 2743.100563077749
2547.0882927950006 2736.1449432190875 2531.8297413222535 2882.350882246726 2667.0950998784356 2896.467637350764 2682.353651351183 2750.2616983231255
2689.5506314118747 2739.2607166559355 2671.1780898426487 2915.3046024239084 2782.573091006564 2926.9301654507635 2800.94563257579 2750.8862796827907
2806.1054133332746 2772.2476448806706 2789.9126648315837 2927.404967930409 2915.232041140988 2940.483726335621 2931.4247896426787 2785.3264032858824
2954.11418802865 2799.7265625782074 2937.402441177546 2959.856876751335 3098.5273535753513 2976.672423272322 3115.2391004264555 2816.542109099194
507.5614104433007 2846.075399208329 496.0396470863284 2956.4758021475664 642.2455861139667 2971.7343536203134 653.767349470939 2861.333950681076
852.5837475513322 2837.430329209482 839.4011894762377 2963.744303743564 969.693556909031 2977.3420604981893 982.8761149841256 2851.028085964107
986.5650845176197 2838.573111522941 971.2027333749899 2985.7736487752572 1128.3492528740842 3002.1739966167133 1143.7116040167139 2854.973459364397
1148.1214009209225 2840.0988661355686 1132.5514504385274 2989.2885998372403 1241.9572551530866 3000.7065635243302 1257.5272056354818 2851.5168298226586
1278.1239764453567 2856.2652188846964 1262.4502262930791 3006.4495508110463 1395.7263883999058 3020.358706575319 1411.4001385521838 2870.1743746489697
1414.209910477146 2872.8297675917697 1398.6399599947508 3022.0195012934414 1478.2078179689759 3030.3234748840523 1493.777768451371 2881.13374118238
1500.155767827694 2892.5176951487388 1485.6238140441253 3031.7614466036325 1611.9377885782076 3044.944004678727 1626.4697423617763 2905.7002532238334
1635.9509282839342 2894.4538597896226 1619.9657791220086 3047.621986390006 1765.1771199249692 3062.77673819287 1781.1622690868949 2909.6086115924873
1835.6988229726066 2905.0824324049427 1818.1566787624415 3073.169532375493 1986.2437787329918 3090.711676585658 2003.785922943157 2922.624576615108
560.8081035561984 3075.2993862776443 545.4457524135685 3222.4999235299606 692.6462896658845 3237.8622746725905 708.0086408085144 3090.661737420274
700.876850594831 3063.978353933673 685.3069001124359 3213.1680876353453 823.5560533426517 3227.5962417490314 839.1260038250468 3078.4065080473592
863.0891730649817 3091.33008579723 850.1142143296524 3215.6548638819563 974.4389924143788 3228.6298226172858 987.4139511497082 3104.305044532559
986.1569384364242 3091.8120733925666 971.6249846528555 3231.0558248474604 1125.7877094779165 3247.144773679269 1140.319663261485 3107.901022224375
1136.9542464986152 3088.922813597235 1122.5260923849291 3227.171966827451 1261.769843839823 3241.7039206110194 1276.197997953509 3103.454767380804
1292.137596757775 3093.3995836888207 1276.463846605497 3243.5839156151706 1405.761615813613 3257.077872699913 1421.4353659658905 3106.893540773563
1407.534376984499 3133.6384913946595 1393.7290208901086 3265.9200552768084 1502.1402273799904 3277.2342192940155 1515.9455834743806 3144.9526554118665
1525.6605802172958 3094.7817025605955 1510.0906297349006 3243.971436262267 1643.3667918417273 3257.8805920265404 1658.9367423241224 3108.6908583248683
1657.2487544578184 3138.342812826726 1641.2636052958928 3291.5109394271094 1775.5343656273974 3305.523894861265 1791.519514789323 3152.3557682608816
1798.9789093386212 3161.7439580638015 1783.3051591863434 3311.928289990151 1911.6083301697813 3325.318447405011 1927.2820803220588 3175.134115478661
1946.6380437446164 3167.0781343910594 1930.860493922456 3318.2570645420865 2106.904379690429 3336.629606111313 2122.6819295125892 3185.4506759602855
2120.873936650436 3198.408627696469 2105.511585507806 3345.6091649487853 2210.9389973236543 3356.6119299563443 2226.3013484662843 3209.411392704028
2223.3501487157546 3197.257811117485 2207.468799223712 3349.43133949319 2334.777371982472 3362.717697238167 2350.658721474515 3210.544168862462
2355.298522215396 3210.6815451230386 2340.3513697522967 3353.903689476644 2445.778781568145 3364.906454484203 2460.7259340312444 3221.684310130598
2472.430924619134 3219.1373212373837 2459.352166213922 3344.4566975467883 2581.687747849293 3357.224056942352 2594.7665062545047 3231.904680632948
2567.4539413060957 3237.910879803889 2551.8839908237005 3387.100613505561 2665.2681884369713 3398.9337758721813 2680.8381389193664 3249.7440421705096
2686.0899341288996 3247.1214284227844 2669.793385957326 3403.2733496972014 2748.366645706873 3411.4735236179295 2764.6631938784467 3255.3216023435125
2760.5817987054716 3268.3173665069517 2745.3232472327245 3414.52330553459 2861.6912395200284 3426.6678669108583 2876.949790992776 3280.4619278832197
2916.782949081836 3297.315466825473 2902.9775929874454 3429.597030707622 3026.3077728474946 3442.4681897730684 3040.1131289418845 3310.1866258909195
3042.129518539422 3296.655842323672 3026.248169047379 3448.8293706993773 3188.367679669863 3465.748716890246 3204.2490291619056 3313.575188514541
596.3045045820124 3322.020086884141 580.7345540996173 3471.209820585813 739.8702700480674 3487.8177677670346 755.4402205304625 3338.6280340653625
767.998012974321 3351.125425313487 754.1926568799306 3483.406989195636 883.4904260880462 3496.9009462803783 897.2957821824366 3364.6193823982294
901.9017617517177 3334.327442883919 885.0862152307309 3495.4523552817245 999.4650110686796 3507.3893173182278 1016.2805575896663 3346.264404920422
1030.9981307910093 3353.1231613664263 1015.6357796483795 3500.323698618742 1151.8957364292398 3514.5442533926634 1167.2580875718697 3367.343716140347
1152.4492973140973 3374.885303258239 1136.360348482289 3529.0480280833 1240.7931620734594 3539.9469934209765 1256.8821109052678 3385.784268595916
1265.2801225916414 3375.92029464616 1248.7759750803027 3534.0614123699324 1362.1601726935733 3545.894574736553 1378.6643202049122 3387.7534570127805
1378.1455061270701 3378.50706357857 1360.9147609265528 3543.610368875087 1481.261146112568 3556.1701289308858 1498.4918913130855 3391.066823634369
1498.394475085715 3409.154602249856 1481.9941272442588 3566.30112174895 1599.3567177562406 3578.549482795101 1615.757065597697 3421.4029632960064
1639.5116538306763 3410.1187574345404 1620.620113912037 3591.1356343259026 1746.934088446119 3604.318192400997 1765.8256283647584 3423.301315509635
1767.2812159299724 3465.6260342190208 1753.7872588452299 3594.923803427136 1861.2038671104337 3606.134167774461 1874.697824195176 3476.836398566345
1879.150037906343 3440.7150433601637 1860.673696667234 3617.7535273528147 1980.0254836285717 3630.209487738731 1998.5018248676804 3453.17100374608
2021.2955757382472 3444.918411140928 2004.376229547378 3607.0379217634118 2135.663195204849 3620.7394781879193 2152.5825413957186 3458.6199675654357
2152.2989486583006 3464.5011285083474 2134.8606041180183 3631.59363025422 2269.1313644495226 3645.6065856883756 2286.5697089898053 3478.514083942503
2284.9137029229573 3461.6881066915744 2265.6069643247874 3646.6833764816474 2402.8615193303253 3661.007730925451 2422.168257928495 3476.012461135378
2431.518451032589 3485.4990488328576 2413.04210979348 3662.5375328255086 2469.734208600115 3668.4541140088186 2488.210549839224 3491.415630016168
2487.216749010165 3506.728194964577 2470.4012024891786 3667.8531073623826 2597.7097752479385 3681.1394651073597 2614.525321768925 3520.014552709554
2624.9631092169348 3532.8179411920046 2607.317165336887 3701.8996393872326 2700.8093984566012 3711.6568083562 2718.4553423366488 3542.575110160972
2744.1131274663057 3559.0144320908844 2730.411571041798 3690.3013977483556 2855.7309473512023 3703.3801561535674 2869.4325037757103 3572.093190496096
2850.202315667466 3559.3006055642904 2834.320966175423 3711.4741339399957 2973.564717630317 3726.0060877235646 2989.4460671223596 3573.8325593478594
720.1211438997448 3554.292076807308 704.8625924269977 3700.4980158349463 860.0199154767365 3716.6907643366376 875.2784669494836 3570.484825308999
871.8860413100028 3572.025615031272 857.7692862059646 3707.2909735874546 958.2237068984239 3717.7747402456007 972.3404620024621 3582.5093816894178
978.2420641079016 3582.400180244213 962.1531152760933 3736.562905069274 1143.1699921674553 3755.4544449879136 1159.2589409992636 3601.2917201628525
1159.4285436402024 3607.248505960275 1143.96239282769 3755.443641437269 1259.3357868903163 3767.4844031436546 1274.8019377028286 3619.2892676666606
1263.6707606131931 3630.241633355951 1249.7616048489201 3763.517795462778 1367.124195360902 3775.766156508929 1381.033351125175 3642.4899944021017
1400.066927715869 3636.8447918858983 1384.9121759130046 3782.0561326888587 1521.1721326938648 3796.2766874627796 1536.3268844967295 3651.065346659819
1542.1950942830458 3644.381963173218 1522.5769566752278 3832.3610276373247 1670.772092152222 3847.8271784498374 1690.3902297600398 3659.8481139857304
1683.4940294299224 3647.8535157610527 1662.630295783513 3847.767758921293 1794.9118596656622 3861.5731150156835 1815.7755933120716 3661.658871855443
1805.5570061500907 3668.0750522021635 1787.8072626001604 3838.1513486220697 1928.045612279732 3852.787102075521 1945.7953558296624 3682.7108056556153
1950.2051527338708 3668.8362124267865 1931.5212121549966 3847.863892868793 2063.8027760371456 3861.6692489631832 2082.4867166160197 3682.641568521177
2074.409925822748 3680.1171683964417 2058.32097699094 3834.2798932215023 2179.661960401633 3846.9434529471837 2195.7509092334412 3692.780728122123
2216.669698332037 3697.557107727962 2199.127554121872 3865.644207698512 2318.47934108321 3878.1001680844283 2336.021485293375 3710.013068113878
2332.6280779867043 3695.356877775459 2313.94413740783 3874.3845582174654 2426.3337367964227 3886.113920914203 2445.017677375297 3707.086240472197
2453.970043064587 3719.2174175618325 2436.0127001748915 3891.282910431094 2507.6237723516942 3898.7564866626435 2525.58111524139 3726.6909937933824
2545.4999043399857 3733.4673733992213 2528.9957568286472 3891.6084911229937 2660.2827224861185 3905.310047547501 2676.786869997457 3747.168929823729
2668.8798661166957 3751.3819309388164 2651.8567202559434 3914.4960397859777 2737.3921675782353 3923.4228113958843 2754.415313438987 3760.308702548723
2763.7443282942686 3787.0656226592246 2748.4857768215215 3933.271561686863 2889.718724725771 3948.011114810197 2904.977276198518 3801.8051757825588
2912.5288694714354 3786.9900020822743 2896.751319649275 3938.1689322333013 3043.9518569015913 3953.5312833759317 3059.7294067237517 3802.3523532249037
709.3348141706551 3780.366469268175 692.3116683099033 3943.4805781153364 790.7768925530067 3953.756745433717 807.8000384137586 3790.642636586556
812.0736249961512 3791.385439601701 794.4276811161033 3960.467137796929 954.5579952892313 3977.178884648033 972.203939169279 3808.0971864528046
958.4503326034896 3809.578372374963 940.3891900439114 3982.638463468902 1027.9138338155587 3991.772834418574 1045.974976375137 3818.7127433246346
1058.3475739761382 3820.2004969608756 1041.5320274551514 3981.325409358681 1180.7757789100451 3995.85736314225 1197.591325431032 3834.7324507444446
1214.1979181243612 3836.0762604060255 1197.5899709431396 3995.211976354475 1347.7743028694895 4010.885726506753 1364.3822500507108 3851.750010558303
1360.7478510851518 3838.5088346278435 1343.932304564165 3999.6337470256494 1482.181457794381 4014.0619011393355 1498.9970043153676 3852.9369887415296
1496.899403816426 3872.244151914617 1480.2914566352047 4031.3798678630665 1611.578422292676 4045.0814242875745 1628.1863694738975 3885.9457083391244
1621.0707845861803 3870.950925842875 1602.490643677189 4048.984008060204 1757.6479667269277 4065.1767565618948 1776.228107635919 3887.1436743445665
1789.0982807566156 3888.8542509793497 1771.4523368765676 4057.9359491745777 1903.7339007587168 4071.741305268968 1921.3798446387646 3902.6596070737396
1931.4016360116243 3887.0250238366093 1911.679698733924 4075.998686525394 2040.9774679420395 4089.492643610136 2060.69940521974 3900.5189809213516
2064.148793614013 3919.5311346823282 2047.540846432791 4078.6668506307788 2225.57392865012 4097.2469915397705 2242.181875831341 3938.11127559132
2239.918295403974 3917.744508618118 2221.6495535046306 4092.7937961614134 2307.185000826922 4101.720567771319 2325.453742726266 3926.6712802280244
2312.792150612525 3917.168487204578 2292.1360163058803 4115.093533915462 2446.2987411309414 4131.182482747271 2466.9548754375855 3933.257436036386
2455.451898142568 3942.138412707727 2440.1933466698206 4088.3443517353653 2575.458705226003 4102.461106839403 2590.71725669875 3956.255167811765
2582.667290510519 3956.431153895216 2565.332745640119 4122.529057416411 2689.6575237248453 4135.504016151741 2706.992068595245 3969.406112630546
2701.4350735470057 3980.325086000713 2686.4879210839063 4123.547230354318 2790.920734675077 4134.446195691995 2805.8678871381762 3991.2240513383895
2809.78029279426 3979.9072505534195 2792.3419482539775 4146.999752299292 2914.677529889348 4159.767111694856 2932.115874429631 3992.6746099489833
2927.427089167708 3997.9101998325496 2908.639348918951 4177.932478499233 3027.9911358802883 4190.388438885149 3046.7788761290453 4010.3661602184657
3036.516890492916 4036.8321224818474 3021.0507396804032 4185.027257958841 3160.294491135297 4199.559211742409 3175.7606419478097 4051.364076265416
3176.584655864359 4035.3141100771845 3157.5893162758366 4217.325585193224 3318.714228673642 4234.14113171421 3337.709568262164 4052.129656598171
3330.885370074044 4054.399007344002 3311.8900304855224 4236.410482460042 3484.9501215794617 4254.47162501962 3503.945461167984 4072.4601499035807
654.3749551318663 3945.696155688852 635.3796155433442 4127.707630804891 776.6125634475936 4142.447183928225 795.6079030361157 3960.435708812186
804.1010584476792 3971.9593115413018 785.417117868805 4150.986991983308 911.731092402887 4164.169550058403 930.4150329817612 3985.1418696163964
926.6378559803029 3967.6442940967013 906.3969203531892 4161.590947908875 1056.581252279539 4177.264698061153 1076.8221879066527 3983.3180442489793
1082.6541800569516 4000.1939876881397 1066.669030895026 4153.362114288522 1171.1018444861963 4164.2610796262 1187.0869936481222 4011.0929530258163
1183.9334120615788 4009.044152776346 1165.4570708224699 4186.082636768996 1307.684616951397 4200.925989562213 1326.1609581905059 4023.8875055695626
1342.7525114966297 4014.5203097438834 1323.4457728984598 4199.515579533957 1459.70572967932 4213.736134307877 1479.01246827749 4028.7408645178043
1478.7288755400718 4051.622025460716 1462.847526048029 4203.795553836421 1536.4477946741872 4211.4767294077365 1552.32914416623 4059.303201032031
1550.6729538278112 4053.696608338702 1534.0650066465896 4212.832324287152 1680.2709456742282 4228.090875759899 1696.8788928554495 4068.9551598114494
1700.7642896349225 4066.1573573758924 1683.948743113936 4227.282269773697 1762.522002863483 4235.4824436944255 1779.3375493844696 4074.3575312966204
1782.2941509103212 4078.4073132132808 1763.4026109916817 4259.424190104643 1904.6355588959311 4274.163743227977 1923.5270988145705 4093.146866336615
1931.2978923735166 4091.5512614655017 1914.170946842882 4255.65996853734 2064.3552787692315 4271.333718689618 2081.482224299866 4107.225011617779
2069.4110195534877 4094.377427265561 2052.8030723722663 4253.5131432140115 2194.036020276516 4268.252696337346 2210.643967457737 4109.116980388895
2213.8801704653515 4131.44151482671 2200.178614040844 4262.728480484181 2324.50339212557 4275.70343921951 2338.204948550078 4144.416473562039
2327.5911750186174 4123.563118891358 2309.3224331192737 4298.612406434652 2459.5067650456235 4314.28615658693 2477.775506944967 4139.236869043634
2521.9474414634283 4142.148845847241 2505.9622923015027 4295.316972447625 2630.287070386229 4308.291931182954 2646.2722195481547 4155.123804582571
949.6535516906508 4626.2358978306365 933.6684025287252 4779.40402443102 1075.8959486576525 4794.247377224237 1091.8810978195781 4641.079250623854
1073.224907481159 4643.472657930524 1057.1359586493509 4797.635382755585 1198.3689065536003 4812.374935878919 1214.4578553854085 4658.2122110538585
1192.7833121150718 4632.742441806393 1175.448767244672 4798.840345327588 1316.6817151489213 4813.579898450922 1334.0162600193212 4647.481994929727
1345.3718548987367 4663.864782957325 1326.4803149800973 4844.8816598486865 1447.8212983907904 4857.545219574367 1466.7128383094298 4676.528342683006
1463.6034525926539 4668.8461251351655 1443.6739159751883 4859.808984273306 1603.804230148316 4876.52073112441 1623.7337667657816 4685.55787198627
1610.2751696121027 4698.586046801642 1593.2520237513506 4861.700155648803 1750.398543250445 4878.100503490259 1767.4216891111969 4714.986394643098
1778.0552906811372 4704.811205955266 1756.568759015432 4910.6930384635725 1860.0069743819245 4921.488204131367 1881.4935060476296 4715.60637162306
1883.4285004721924 4718.071352219251 1864.9521592330836 4895.109836211902 2015.1364911594333 4910.783586364179 2033.6128323985422 4733.745102371529
2027.0170432558573 4736.193693370183 2010.928094424049 4890.356418195244 2141.220461856842 4903.954174949869 2157.3094106886506 4749.791450124808
2153.3090421455086 4759.2302192400075 2136.701094964287 4918.365935188458 2260.031274824336 4931.237094253904 2276.6392220055573 4772.101378305454
2279.3216238249684 4752.772608031079 2260.949082255742 4928.816493799051 2418.0956017548365 4945.2168416405075 2436.4681433240626 4769.172955872535
2412.576976226125 4765.513327093173 2391.401843570068 4968.411364927448 2538.6023808223845 4983.773716070077 2559.7775134784415 4780.875678235803
2559.7835283778118 4807.407627741812 2544.0059785556514 4958.58655789284 2734.968837693791 4978.516094510305 2750.746387515952 4827.337164359278
2746.357584588984 4805.160809732684 2727.4660446703447 4986.177686624047 2879.63957304605 5002.059036116089 2898.53111296469 4821.042159224728
2894.5041040880787 4807.56115757414 2875.612564169439 4988.578034465503 2959.1588150423754 4997.297206735644 2978.050354961015 4816.280329844281
3012.74552366545 4824.137920351525 2993.8539837468106 5005.154797242887 3152.9896996952607 5021.762744424108 3171.8812396139 4840.745867532746
725.7559987406289 4854.447538312284 710.6012469377642 4999.658879115244 832.9368285731352 5012.426238510809 848.0915803759999 4867.214897707849
862.6603606420738 4865.285305058608 845.6372147813217 5028.399413905769 1003.7783325050941 5044.903561417108 1020.8014783658459 4881.789452569947
1044.119445089577 4866.679453729123 1026.4735012095293 5035.761151924351 1232.3553337178364 5057.247683590056 1250.0012775978844 4888.165985394829
1280.707249852964 4893.815976562306 1263.5803043223293 5057.9246836341445 1419.732225596746 5074.221231805719 1436.8591711273807 4910.11252473388
1436.1715518042186 4903.325710120538 1418.421808254288 5073.402006540444 1574.5737295287047 5089.6985547120175 1592.323473078635 4919.622258292111
1603.181860981497 4915.343454205968 1584.6017200725055 5093.376536423297 1667.153372720764 5101.991909023554 1685.7335136297556 4923.958826806227
1684.3245141211662 4951.249784653346 1668.235565289358 5105.412509478408 1809.4685131936074 5120.152062601742 1825.5574620254156 4965.98933777668
1824.5358549241269 4959.404536456212 1808.2393067525531 5115.556457730628 1946.4884599827692 5129.984611844314 1962.7850081543427 4973.832690569898
1959.0900237214785 4946.7557155050545 1940.4060831426043 5125.783395947061 2012.0171553194068 5133.256972178611 2030.701095898281 4954.229291736605
2048.8546774848246 4960.278091986075 2029.340339546889 5147.262558225504 2172.562483900494 5162.209710688603 2192.076821838429 4975.225244449175
2184.2138295558643 4973.024212823492 2164.699491617929 5160.008679062921 2285.0458768039443 5172.568439118721 2304.5602147418795 4985.583972879291
2318.1506021092423 4996.23918155052 2298.2210654917762 5187.20204068866 2431.4972275986033 5201.111196452933 2451.426764216069 5010.148337314793
2447.4223441079366 5001.4491170453675 2429.3612015483586 5174.509208139307 2529.8156222408174 5184.992974797453 2547.876764800396 5011.932883703514
2538.7225700898043 4982.248334278152 2517.6512371036297 5184.151773887748 2673.803158378046 5200.448322059321 2694.8744913642213 4998.544882449725
2712.2306993676843 5025.563419653214 2694.9999541671673 5190.66672494973 2832.254509172705 5204.991079393534 2849.4852543732227 5039.887774097017
2843.3984574249253 5047.987337930339 2824.7145168460515 5227.015018372345 3013.688179534836 5246.736955650045 3032.3721201137096 5067.709275208039
3045.0989020744596 5054.527703077695 3025.895963146172 5238.5283746430905 3183.0424826452663 5254.928722484547 3202.2454215735534 5070.928050919151
907.6581441716676 5091.29229975718 889.700801281972 5263.3577926264425 1054.8041065784887 5280.5885378269595 1072.7614494681843 5108.5230449576975
1056.5482640815258 5109.835425634536 1040.044116570187 5267.976543358308 1171.3310822276583 5281.6780997828155 1187.835229738997 5123.536982059044
1199.9012169816244 5108.268981523544 1183.1894701305205 5268.399295696672 1319.4494269113807 5282.619850470593 1336.1611737624849 5122.489536297465
1344.9859850746525 5122.855934727525 1327.7552398741354 5287.959240024042 1466.0043931043513 5302.387394137728 1483.2351383048685 5137.284088841211
1488.306527322818 5142.912288635829 1470.8681827825355 5310.004790381701 1555.4090318801495 5318.8277623217255 1572.8473764204323 5151.735260575853
1571.8815661351744 5179.72580723554 1554.8584202744223 5342.839916082701 1693.1075735046384 5357.268070196388 1710.1307193653902 5194.153961349227
1712.0053125942188 5178.5637582534355 1690.933979608044 5380.467197863031 1853.0534902305276 5397.386544053901 1874.1248232167022 5195.483104444305
# Transcript
QWNIO
*GOYNTOS
OYS OPLEI*
OYNATIOY O
*IESKOY AZHN
WS
PWNYMOS AIL PYRFOROS
ACARNEIS AYRHL
D*ONYSIOS)
QEOMNHSTOS PLOYTARCOY
MAKAREYS ELEYSEINIOY
PIMACOS ELEYSEINIOY
ISIDOTOS QEMISTOKLEOYS
EREYS EISIDOTOS)
**TATHS PRYTANEWN IE
*YS POPILLIOS AGAQWN
*YLASIOS
# Lines: x1 y1 x2 y2 x3 y3 x4 y4
