# Baseline angle
0.0034612876872492926
# Boxes: x1 y1 x2 y2 x3 y3 x4 y4
1444 740 1443.5794035399235 861.5139619774401 1584 862 1584.4205964600765 740.4860380225599
1624 738 1623.5860145679276 857.6039786994609 1738 858 1738.4139854320724 738.3960213005391
1778 732 1777.565247007676 857.6039068166732 1892 858 1892.434752992324 732.3960931833268
1964 728 1963.5237598090305 865.5899180109301 2082 866 2082.4762401909693 728.4100819890699
2116 740 2115.6067102453917 853.6248181425004 2224 854 2224.3932897546083 740.3751818574996
2280 736 2279.579044125985 857.6177997786996 2390 858 2390.420955874015 736.3822002213004
2426 722 2425.51702897638 861.534513889329 2560 862 2560.48297102362 722.465486110671
2602 724 2601.4955905101106 869.7282725688924 2680 870 2680.5044094898894 724.2717274311076
2710 748 2709.613872374768 859.55561690259 2838 860 2838.386127625232 748.44438309741
1396 876 1395.579139969702 997.5901096983638 1514 998 1514.420860030298 876.4098903016362
1544 874 1543.6136806873344 985.6109970632617 1656 986 1656.3863193126656 874.3890029367383
1690 870 1689.5792118524896 991.5693421381119 1814 992 1814.4207881475104 870.4306578618881
1850 880 1849.5790680869145 1001.6108772586157 1962 1002 1962.4209319130855 880.3891227413843
1998 874 1997.5724091370519 997.5347055767628 2132 998 2132.427590862948 874.4652944232372
2150 882 2149.5932246191624 999.5209324193826 2288 1000 2288.4067753808376 882.4790675806174
2308 874 2307.543928346052 1005.7630528958167 2376 1006 2376.456071653948 874.2369471041833
2380 890 2379.67598336809 983.6112127116247 2492 984 2492.32401663191 890.3887872883753
2530 884 2529.5999794127415 999.5694140208996 2654 1000 2654.4000205872585 884.4305859791004
2662 884 2661.6066623235333 997.6386631826683 2766 998 2766.3933376764667 884.3613368173317
510 1004 509.55813280015803 1131.6592630164157 608 1132 608.4418671998419 1004.3407369835843
630 1028 629.6481495221788 1129.6526519884117 730 1130 730.3518504778212 1028.3473480115883
768 1022 767.6061351830906 1135.7909586245155 828 1136 828.3938648169094 1022.2090413754845
862 1010 861.5584442922379 1137.5692702553242 986 1138 986.4415557077621 1010.4307297446759
1020 1018 1019.5515217721539 1147.569246294395 1144 1148 1144.448478227846 1018.4307537056051
1174 1018 1173.5722653714768 1141.5762406972665 1296 1142 1296.4277346285232 1018.4237593027334
1336 1026 1335.5863020990782 1145.5209084584535 1474 1146 1474.4136979009218 1026.4790915415465
1498 1020 1497.6138484138387 1131.5625394226738 1624 1132 1624.3861515861613 1020.437460577326
1646 1012 1645.5858468414233 1131.6524363400486 1746 1132 1746.4141531585767 1012.3475636599513
1776 1012 1775.5930568926576 1129.5693900599701 1900 1130 1900.4069431073424 1012.4306099400297
1940 1018 1939.5795233445697 1139.4793493770203 2090 1140 2090.4204766554303 1018.5206506229797
2098 1022 2097.607141542118 1135.5002127809892 2242 1136 2242.392858457882 1022.4997872190108
2268 1024 2267.5854634665557 1143.7631966613922 2336 1144 2336.4145365334443 1024.2368033386078
2392 1018 2391.6209865822857 1127.5002607028475 2536 1128 2536.3790134177143 1018.4997392971525
2540 1016 2539.662785273011 1113.4242567474992 2706 1114 2706.337214726989 1016.5757432525007
2754 1016 2753.571570504529 1139.7769937797016 2818 1140 2818.428429495471 1016.2230062202985
502 1154 501.5725049807688 1277.507015496427 644 1278 644.4274950192312 1154.492984503573
668 1160 667.5786367901886 1281.735482620127 744 1282 744.4213632098114 1160.264517379873
770 1168 769.6068300500381 1281.5902055420806 888 1282 888.3931699499619 1168.4097944579194
920 1160 919.5722653714766 1283.5762406972665 1042 1284 1042.4277346285232 1160.4237593027335
1114 1158 1113.558348448521 1285.59696033566 1230 1286 1230.441651551479 1158.40303966434
1270 1162 1269.6278132586528 1269.5279747441125 1406 1270 1406.3721867413472 1162.4720252558875
1484 1162 1483.558444292238 1289.5692702553242 1608 1290 1608.441555707762 1162.4307297446758
1656 1164 1655.5722174496182 1287.5900857374345 1774 1288 1774.4277825503818 1164.4099142625655
1804 1148 1803.516789367088 1287.6037390901686 1918 1288 1918.483210632912 1148.3962609098314
1958 1166 1957.6066623235333 1279.6386631826683 2062 1280 2062.3933376764667 1166.3613368173317
2096 1162 2095.56512720303 1287.638519417093 2200 1288 2200.43487279697 1162.361480582907
2232 1154 2231.544719056716 1285.5346097330457 2366 1286 2366.455280943284 1154.4653902669543
2408 1178 2407.5999794127415 1293.5694140208993 2532 1294 2532.4000205872585 1178.4305859791007
1878 1298 1877.6349514270996 1403.4656960242862 2032 1404 2032.3650485729004 1298.5343039757138
2086 1298 2085.648173483108 1399.6457294683275 2188 1400 2188.351826516892 1298.3542705316725
2274 1294 2273.641394728599 1397.6041703868946 2388 1398 2388.358605271401 1294.3958296131054
2532 1298 2531.6274538447146 1405.6318125453722 2638 1406 2638.3725461552854 1298.3681874546278
2702 1284 2701.5583724094504 1411.5900378155761 2820 1412 2820.4416275905496 1284.4099621844239
588 1564 587.5232087076583 1701.7491359728613 660 1702 660.4767912923417 1564.2508640271387
710 1560 709.5167414452296 1699.6175841303368 820 1700 820.4832585547704 1560.3824158696632
858 1556 857.4750625591505 1707.658975485265 956 1708 956.5249374408495 1556.341024514735
970 1586 969.6343763647985 1691.6318365063014 1076 1692 1076.3656236352015 1586.3681634936986
1116 1578 1115.5791160087729 1699.5970322184478 1232 1700 1232.4208839912271 1578.4029677815522
1274 1588 1273.6483172486833 1689.6041943478237 1388 1690 1388.3516827513167 1588.3958056521763
1422 1570 1421.5722414105476 1693.5831632173506 1542 1694 1542.4277585894524 1570.4168367826494
1602 1580 1601.607165503047 1693.493290260905 1748 1694 1748.392834496953 1580.506709739095
1790 1576 1789.579139969702 1697.5901096983637 1908 1698 1908.420860030298 1576.4098903016363
1948 1578 1947.599907529954 1693.5901815811515 2066 1694 2066.4000924700463 1578.4098184188485
2126 1574 2125.579235813419 1695.562419618028 2252 1696 2252.420764186581 1574.437580381972
2302 1570 2301.6203875590554 1679.6733237049466 2396 1680 2396.3796124409446 1570.3266762950534
2456 1562 2455.5792118524896 1683.5693421381118 2580 1684 2580.4207881475104 1562.4306578618882
2638 1564 2637.600147139246 1679.5209563803116 2776 1680 2776.399852860754 1564.4790436196884
2810 1568 2809.565055320242 1693.659286977345 2908 1694 2908.434944679758 1568.340713022655
590 1748 589.5792118524898 1869.5693421381118 714 1870 714.4207881475102 1748.4306578618882
760 1740 759.5308021337605 1875.5553293714395 888 1876 888.4691978662395 1740.4446706285605
920 1750 919.5374131617646 1883.6453460934601 1022 1884 1022.4625868382354 1750.3546539065399
1058 1742 1057.5093397065611 1883.7560105710868 1128 1884 1128.4906602934389 1742.2439894289132
1162 1764 1161.5583724094504 1891.5900378155761 1280 1892 1280.4416275905496 1764.4099621844239
1324 1756 1323.59298500987 1873.5901576202223 1442 1874 1442.40701499013 1756.4098423797777
1508 1754 1507.5721216059014 1877.6177758177703 1618 1878 1618.4278783940986 1754.3822241822297
1660 1746 1659.5516655377294 1875.5277111738912 1796 1876 1796.4483344622706 1746.4722888261088
1870 1748 1869.6136567264052 1859.6179195833456 1980 1860 1980.3863432735948 1748.3820804166544
2020 1748 2019.5583244875918 1875.6038828557441 2134 1876 2134.441675512408 1748.3961171442559
2184 1754 2183.5859426851403 1873.6247462597128 2292 1874 2292.4140573148597 1754.3752537402872
2338 1746 2337.5860624897864 1865.5901336592929 2456 1866 2456.4139375102136 1746.4098663407071
2492 1740 2491.6419218690426 1843.4518749450474 2650 1844 2650.3580781309574 1740.5481250549526
2724 1742 2723.5234003950923 1879.6937558121895 2812 1880 2812.4765996049077 1742.3062441878105
2824 1750 2823.62055528556 1859.624866064359 2932 1860 2932.37944471444 1750.375133935641
578 1938 577.5168133280173 2077.5968165700847 694 2078 694.4831866719827 1938.4031834299153
752 1932 751.475445934018 2083.5482151639217 882 2084 882.524554065982 1932.4517848360783
906 1938 905.5382038724289 2071.416902930689 1074 2072 1074.4617961275712 1938.5830970693107
1122 1930 1121.516981054522 2069.5483589294968 1252 2070 1252.483018945478 1930.451641070503
1298 1938 1297.5446471739283 2069.555377293298 1426 2070 1426.4553528260717 1938.4446227067021
1464 1942 1463.5377965366322 2075.5345857721168 1598 2076 1598.4622034633678 1942.4654142278832
1636 1946 1635.5378204975614 2079.5276632520327 1772 2080 1772.4621795024386 1946.4723367479671
1800 1954 1799.5790680869145 2075.610877258616 1912 2076 1912.4209319130855 1954.3891227413844
1922 1952 1921.5583963703796 2079.583115295492 2042 2080 2042.4416036296204 1952.416884704508
2080 1948 2079.5720497231137 2071.638543378022 2184 2072 2184.4279502768863 1948.3614566219778
2218 1942 2217.537700692915 2075.562275852453 2344 2076 2344.462299307085 1942.4377241475474
2364 1940 2363.5443596427776 2071.6384475343057 2468 2072 2468.4556403572224 1940.3615524656946
2496 1932 2495.5237837699597 2069.582995490846 2616 2070 2616.4762162300403 1932.4170045091541
2644 1946 2643.5997398034497 2061.638639221739 2748 2062 2748.4002601965503 1946.3613607782609
2764 1944 2763.530850055619 2079.5414843312715 2896 2080 2896.469149944381 1944.4585156687288
580 2112 579.412879683041 2281.6241472364823 688 2282 688.587120316959 2112.3758527635177
750 2144 749.5715225826708 2267.79083881987 810 2268 810.4284774173292 2144.20916118013
850 2156 849.5306344072559 2291.6037870120267 964 2292 964.4693655927441 2156.3962129879733
1016 2140 1015.5022973818312 2283.7905992105775 1076 2284 1076.497702618169 2140.2094007894225
1112 2154 1111.5515457330832 2283.562323774311 1238 2284 1238.4484542669168 2154.437676225689
1276 2154 1275.5586599406008 2281.5069675745685 1418 2282 1418.4413400593992 2154.4930324254315
1460 2144 1459.53020311053 2279.7283923735386 1538 2280 1538.46979688947 2144.2716076264614
1558 2148 1557.5516415768002 2277.534633693975 1692 2278 1692.4483584231998 2148.465366306025
1740 2140 1739.4962134942698 2285.5482870467094 1870 2286 1870.5037865057302 2140.4517129532906
1918 2144 1917.5444554864946 2275.6107574539697 2030 2276 2030.4555445135054 2144.3892425460303
2106 2126 2105.4893149351155 2273.5413405656964 2238 2274 2238.5106850648845 2126.4586594343036
2260 2132 2259.5092199019155 2273.7906231715065 2320 2274 2320.4907800980845 2132.2093768284935
2350 2140 2349.5376048491985 2273.589965932789 2468 2274 2468.4623951508015 2140.410034067211
2490 2144 2489.557653581574 2271.797713418095 2548 2272 2548.442346418426 2144.202286581905
2586 2134 2585.4963572598454 2279.5067519262057 2728 2280 2728.5036427401546 2134.4932480737943
2778 2150 2777.6136088045464 2261.631764623514 2884 2262 2884.3863911954536 2150.368235376486
586 2342 585.5931766973038 2459.5347774595502 720 2460 720.4068233026962 2342.4652225404498
764 2326 763.5168372889465 2465.589894050001 882 2466 882.4831627110535 2326.410105949999
908 2352 907.5930329317285 2469.5763125800545 1030 2470 1030.4069670682716 2352.4236874199455
1040 2326 1039.5377246538444 2459.555353332368 1168 2460 1168.4622753461556 2326.444646667632
1204 2334 1203.5308260946897 2469.5484068513556 1334 2470 1334.4691739053103 2334.4515931486444
1388 2332 1387.557893190866 2459.7284882172553 1466 2460 1466.442106809134 2332.2715117827447
1498 2336 1497.5515936549416 2465.548478734143 1628 2466 1628.4484063450584 2336.451521265857
1666 2328 1665.503136014354 2471.5483110076384 1796 2472 1796.496863985646 2328.4516889923616
1810 2334 1809.5171967028846 2473.486056248741 1958 2474 1958.4828032971154 2334.513943751259
1996 2342 1995.6275976102897 2449.590277424868 2114 2450 2114.3724023897103 2342.409722575132
2110 2302 2109.4340545790897 2465.5065362778428 2252 2466 2252.5659454209103 2302.4934637221572
2284 2328 2283.59329650195 2445.5001648591306 2428 2446 2428.40670349805 2328.4998351408694
2442 2330 2441.531089664911 2465.4722591304317 2594 2466 2594.468910335089 2330.5277408695683
2606 2328 2605.5097230814285 2469.645250249743 2708 2470 2708.4902769185715 2328.354749750257
2720 2336 2719.564552140728 2461.804659899108 2776 2462 2776.435447859272 2336.195340100892
572 2520 571.5446711348576 2651.548454773214 702 2652 702.4553288651424 2520.451545226786
718 2516 717.5516176158708 2645.5415562140593 850 2646 850.4483823841292 2516.4584437859407
876 2524 875.5791399697022 2645.5901096983634 994 2646 994.4208600302978 2524.4098903016366
1028 2512 1027.5167414452296 2651.6175841303366 1138 2652 1138.4832585547704 2512.3824158696634
1146 2522 1145.5723851761227 2645.541628096847 1278 2646 1278.4276148238773 2522.458371903153
1310 2506 1309.4893628569735 2653.527495525528 1446 2654 1446.5106371430265 2506.472504474472
1482 2522 1481.5999314908834 2637.5832590610676 1602 2638 1602.4000685091166 2522.4167409389324
1616 2526 1615.6482453658957 2627.6249619080754 1724 2628 1724.3517546341043 2526.3750380919246
1748 2520 1747.5030641315661 2663.5690785678903 1872 2664 1872.4969358684339 2520.4309214321097
1906 2524 1905.6137286091928 2635.5971520230937 2022 2636 2022.3862713908072 2524.4028479769063
2058 2518 2057.5445513302116 2649.5830673736336 2178 2650 2178.4554486697884 2518.4169326263664
2210 2522 2209.5928412442945 2639.631692740726 2316 2640 2316.4071587557055 2522.368307259274
2362 2510 2361.537628810128 2643.5830434127042 2482 2644 2482.462371189872 2510.4169565872958
2502 2516 2501.5308260946895 2651.5484068513556 2632 2652 2632.4691739053105 2516.4515931486444
2666 2508 2665.4062926159663 2679.5272079943775 2802 2680 2802.5937073840337 2508.4727920056225
588 2716 587.5515936549416 2845.548478734143 718 2846 718.4484063450584 2716.451521265857
784 2702 783.5100106125794 2843.5621800087356 910 2844 910.4899893874206 2702.4378199912644
968 2702 967.530850055619 2837.5414843312715 1100 2838 1100.4691499443811 2702.4585156687285
1152 2694 1151.4538397412434 2851.7904314840725 1212 2852 1212.5461602587566 2694.2095685159275
1262 2714 1261.5929370880117 2831.60400266039 1376 2832 1376.4070629119883 2714.39599733961
1414 2712 1413.5306583681852 2847.596864491943 1530 2848 1530.4693416318148 2712.403135508057
1562 2718 1561.5720736840428 2841.6316208579383 1668 2842 1668.4279263159572 2718.3683791420617
1694 2700 1693.5447669785744 2831.520764692878 1832 2832 1832.4552330214256 2700.479235307122
1852 2704 1851.5445752911407 2835.57614485355 1974 2836 1974.4554247088593 2704.42385514645
2004 2698 2003.537580888269 2831.5968884528725 2120 2832 2120.462419111731 2698.4031115471275
2160 2712 2159.5650792811716 2837.652364457261 2260 2838 2260.4349207188284 2712.347635542739
2286 2710 2285.551617615871 2839.5415562140593 2418 2840 2418.448382384129 2710.4584437859407
2426 2706 2425.6215137227287 2815.3479652610004 2614 2816 2614.3784862772713 2706.6520347389996
568 2902 567.6067581672504 3015.6109731023325 680 3016 680.3932418327496 2902.3890268976675
706 2896 705.5445273692824 3027.5899898937178 824 3028 824.4554726307176 2896.4100101062822
840 2912 839.6138244529096 3023.5694619427577 964 3024 964.3861755470904 2912.4305380572423
1018 2896 1017.5652230467466 3021.6108293367574 1130 3022 1130.4347769532535 2896.3891706632426
1158 2912 1157.6062310268076 3025.76326854418 1226 3026 1226.3937689731924 2912.23673145582
1238 2908 1237.599907529954 3023.5901815811512 1356 3024 1356.400092470046 2908.4098184188488
1404 2898 1403.5862302162907 3017.5416760187054 1536 3018 1536.4137697837093 2898.4583239812946
1570 2904 1569.5587078624592 3031.4931225344008 1716 3032 1716.4412921375408 2904.5068774655992
1760 2900 1759.5514978112246 3029.576168814479 1882 3030 1882.4485021887754 2900.423831185521
1942 2898 1941.5236879262427 3035.610685571182 2054 3036 2054.476312073757 2898.389314428818
2096 2898 2095.5582526048042 3025.6246504159963 2204 3026 2204.4417473951958 2898.3753495840037
2266 2888 2265.5169331326633 3027.562203969665 2392 3028 2392.4830668673367 2888.437796030335
2456 2906 2455.5785169855426 3027.7700952205464 2522 3028 2522.4214830144574 2906.2299047794536
556 3068 555.5445992520699 3199.5692223334654 680 3200 680.4554007479301 3068.4307776665346
2536 2902 2535.516909171734 3041.5691264897487 2660 3042 2660.483090828266 2902.4308735102513
738 3084 737.5440241897687 3215.7353628154806 814 3216 814.4559758102313 3084.2646371845194
838 3094 837.5721695277597 3217.6039307776023 952 3218 952.4278304722403 3094.3960692223977
970 3088 969.5516655377294 3217.5277111738915 1106 3218 1106.4483344622706 3088.4722888261085
1142 3056 1141.4614331673454 3211.5966248826508 1258 3212 1258.5385668326546 3056.4033751173492
1316 3080 1315.5097949642163 3221.6244826894913 1424 3222 1424.4902050357837 3080.3755173105087
1440 3094 1439.5791878915604 3215.576264658196 1562 3216 1562.4208121084396 3094.423735341804
1566 3094 1565.5793795789943 3215.520884497524 1704 3216 1704.4206204210057 3094.479115502476
1710 3086 1709.5866615130165 3205.417070657194 1878 3206 1878.4133384869835 3086.582929342806
1890 3086 1889.5582526048042 3213.6246504159963 1998 3214 1998.4417473951958 3086.3753495840037
1988 3086 1987.558348448521 3213.5969603356602 2104 3214 2104.441651551479 3086.4030396643398
2108 3090 2107.5724330979815 3213.527783056679 2244 3214 2244.4275669020185 3090.472216943321
2250 3092 2249.5446950957867 3223.54153225313 2382 3224 2382.4553049042133 3092.45846774687
2406 3090 2405.482176766668 3239.6036192855227 2520 3240 2520.517823233332 3090.3963807144773
582 3270 581.5100585344378 3411.548334968568 712 3412 712.4899414655622 3270.451665031432
752 3274 751.5998596080956 3389.604026621319 866 3390 866.4001403919044 3274.395973378681
906 3248 905.4133349406961 3417.4926193548868 1052 3418 1052.5866650593039 3248.5073806451132
1054 3286 1053.65607840129 3385.3619301058143 1238 3386 1238.34392159871 3286.6380698941857
1300 3266 1299.4961176505528 3411.575977127045 1422 3412 1422.5038823494472 3266.424022872955
1460 3264 1459.4609779096904 3419.7281527642463 1538 3420 1538.5390220903096 3264.2718472357537
1544 3280 1543.5655345388263 3405.5208365756657 1682 3406 1682.4344654611737 3280.4791634243343
1702 3282 1701.6070696593301 3395.520980341241 1840 3396 1840.3929303406699 3282.479019658759
1874 3280 1873.55868390153 3407.5000450544844 2018 3408 2018.44131609847 3280.4999549455156
2052 3282 2051.5723132933354 3405.562395657099 2178 3406 2178.4276867066646 3282.437604342901
2208 3274 2207.5445752911405 3405.57614485355 2330 3406 2330.4554247088595 3274.42385514645
2368 3290 2367.6137286091925 3401.5971520230937 2484 3402 2484.3862713908075 3290.4028479769063
746 3480 745.4817933918007 3629.714379606866 828 3630 828.5182066081993 3480.285620393134
848 3484 847.5369579041094 3617.7768739750554 912 3618 912.4630420958906 3484.2231260249446
938 3476 937.4753500903012 3627.5759052442577 1060 3628 1060.5246499096988 3476.4240947557423
1124 3472 1123.531065703982 3607.479181650516 1274 3608 1274.468934296018 3472.520818349484
1290 3494 1289.606925893755 3607.562515461745 1416 3608 1416.393074106245 3494.437484538255
1432 3470 1431.5099387297917 3611.5829475689875 1552 3612 1552.4900612702083 3470.4170524310125
1566 3484 1565.5308260946897 3619.5484068513556 1696 3620 1696.4691739053103 3484.4515931486444
1742 3470 1741.5716903091752 3593.742381179282 1816 3594 1816.4283096908248 3470.257618820718
1862 3480 1861.586062489786 3599.590133659293 1980 3600 1980.413937510214 3480.409866340707
1974 3482 1973.5927933224361 3599.645537780894 2076 3600 2076.407206677564 3482.354462219106
2110 3480 2109.54459925207 3611.5692223334654 2234 3612 2234.45540074793 3480.4307776665346
1074 3652 1073.385405251068 3829.5617487120094 1200 3830 1200.614594748932 3652.4382512879906
1230 3676 1229.5792837352774 3797.54857457786 1360 3798 1360.4207162647226 3676.45142542214
1370 3674 1369.544695095787 3805.54153225313 1502 3806 1502.455304904213 3674.45846774687
1532 3682 1531.5932246191624 3799.5209324193825 1670 3800 1670.4067753808376 3682.4790675806175
1692 3670 1691.5240713011103 3807.4999252498383 1836 3808 1836.4759286988897 3670.5000747501617
1874 3690 1873.648484975188 3791.555736707236 2002 3792 2002.351515024812 3690.444263292764
2044 3678 2043.5586120187422 3805.5208126147363 2182 3806 2182.4413879812573 3678.4791873852637
2220 3660 2219.4958540803314 3805.6521248479685 2320 3806 2320.5041459196686 3660.3478751520315
1942 3836 1941.434006657231 3999.5203813180105 2080 4000 2080.565993342769 3836.4796186819895
# Transcript
THS NOYFRA****************
*TOYS EPIOFQ***************   
KLINHN STRWSAI TWI*************  
TRAPEZAN KOSMH****************
TOY QE**
IEROFANTHN NOYFR************
CARIKLHN QEODWRO******
EYMNHSTON ANDROK*******  
FILISTIDHN FILINO*****
TELESIDHMON CARI*******
QEOBOYLON QEOFAN
LYSIQEON QEODW
QEOFILON QEOFIL
DIONYSODWRON HR
AGNWNIDHN QEO
RISTOGEITON
YOCON QEO*
*F*