# Baseline angle
0
# Boxes: x1 y1 x2 y2 x3 y3 x4 y4
3543 370 3543 478 3665 478 3665 370
3681 376 3681 480 3759 480 3759 376
3791 385 3791 471 3905 471 3905 385
3927 374 3927 456 4023 456 4023 374
2833 566 2833 652 2919 652 2919 566
3067 542 3067 645 3169 645 3169 542
3217 517 3217 625 3264 625 3264 517
3311 520 3311 616 3408 616 3408 520
3427 514 3427 612 3531 612 3531 514
3561 510 3561 597 3640 597 3640 510
3693 501 3693 590 3781 590 3781 501
3800 478 3800 576 3891 576 3891 478
3924 470 3924 566 4020 566 4020 470
2355 706 2355 813 2453 813 2453 706
2485 698 2485 809 2565 809 2565 698
2592 686 2592 777 2708 777 2708 686
2731 681 2731 789 2804 789 2804 681
2831 682 2831 777 2921 777 2921 682
2967 656 2967 788 3049 788 3049 656
3089 662 3089 760 3155 760 3155 662
3204 657 3204 757 3293 757 3293 657
3324 638 3324 726 3404 726 3404 638
3440 641 3440 722 3525 722 3525 641
3572 621 3572 725 3655 725 3655 621
3689 613 3689 708 3780 708 3780 613
3827 592 3827 682 3883 682 3883 592
3927 589 3927 677 4011 677 4011 589
794 917 794 1016 902 1016 902 917
927 912 927 1017 1009 1017 1009 912
1032 909 1032 1014 1140 1014 1140 909
1157 900 1157 1013 1252 1013 1252 900
1275 898 1275 1010 1387 1010 1387 898
1423 888 1423 984 1475 984 1475 888
1512 883 1512 965 1595 965 1595 883
1628 864 1628 978 1716 978 1716 864
1773 869 1773 957 1856 957 1856 869
1884 853 1884 948 1969 948 1969 853
2004 859 2004 943 2093 943 2093 859
2117 838 2117 932 2219 932 2219 838
2246 834 2246 934 2334 934 2334 834
2365 824 2365 925 2459 925 2459 824
2492 821 2492 916 2590 916 2590 821
2615 816 2615 902 2697 902 2697 816
2732 811 2732 903 2817 903 2817 811
2850 783 2850 882 2940 882 2940 783
2964 786 2964 873 3056 873 3056 786
3088 789 3088 888 3192 888 3192 789
3215 773 3215 877 3319 877 3319 773
3341 746 3341 833 3435 833 3435 746
3443 746 3443 852 3553 852 3553 746
3585 752 3585 842 3672 842 3672 752
3697 729 3697 809 3793 809 3793 729
3823 702 3823 824 3919 824 3919 702
3936 716 3936 800 4023 800 4023 716
568 1059 568 1146 655 1146 655 1059
665 1055 665 1146 765 1146 765 1055
805 1057 805 1131 893 1131 893 1057
909 1044 909 1140 1000 1140 1000 1044
1031 1037 1031 1121 1117 1121 1117 1037
1296 1029 1296 1127 1378 1127 1378 1029
1421 1026 1421 1111 1466 1111 1466 1026
1524 1012 1524 1099 1610 1099 1610 1012
1655 993 1655 1089 1699 1089 1699 993
1761 1002 1761 1088 1851 1088 1851 1002
1903 989 1903 1087 1944 1087 1944 989
2010 995 2010 1077 2098 1077 2098 995
2131 975 2131 1073 2232 1073 2232 975
2246 962 2246 1042 2337 1042 2337 962
2361 962 2361 1045 2465 1045 2465 962
2509 941 2509 1034 2575 1034 2575 941
2619 938 2619 1030 2708 1030 2708 938
2747 934 2747 1032 2836 1032 2836 934
2855 922 2855 1022 2948 1022 2948 922
2987 920 2987 1012 3039 1012 3039 920
3105 918 3105 1010 3187 1010 3187 918
3231 906 3231 1000 3335 1000 3335 906
3359 900 3359 984 3452 984 3452 900
3471 881 3471 981 3559 981 3559 881
3575 869 3575 956 3675 956 3675 869
3693 853 3693 958 3788 958 3788 853
3827 841 3827 937 3921 937 3921 841
3943 832 3943 940 4044 940 4044 832
559 1177 559 1281 658 1281 658 1177
696 1184 696 1283 748 1283 748 1184
797 1161 797 1253 888 1253 888 1161
941 1159 941 1259 1018 1259 1018 1159
1024 1146 1024 1248 1138 1248 1138 1146
1176 1137 1176 1241 1227 1241 1227 1137
1268 1139 1268 1242 1366 1242 1366 1139
1411 1134 1411 1219 1506 1219 1506 1134
1520 1137 1520 1230 1622 1230 1622 1137
1636 1111 1636 1199 1757 1199 1757 1111
1774 1106 1774 1210 1856 1210 1856 1106
1888 1090 1888 1194 1988 1194 1988 1090
2020 1093 2020 1179 2102 1179 2102 1093
2142 1083 2142 1168 2240 1168 2240 1083
2253 1078 2253 1158 2340 1158 2340 1078
2372 1057 2372 1159 2490 1159 2490 1057
2495 1053 2495 1144 2595 1144 2595 1053
2644 1056 2644 1144 2687 1144 2687 1056
2744 1038 2744 1129 2825 1129 2825 1038
2863 1032 2863 1139 2943 1139 2943 1032
2967 1032 2967 1123 3060 1123 3060 1032
3102 1020 3102 1111 3194 1111 3194 1020
3233 1017 3233 1096 3324 1096 3324 1017
3355 1004 3355 1096 3420 1096 3420 1004
3461 988 3461 1068 3580 1068 3580 988
3595 984 3595 1073 3700 1073 3700 984
3728 965 3728 1058 3827 1058 3827 965
3879 962 3879 1057 3937 1057 3937 962
3952 954 3952 1052 4044 1052 4044 954
557 1272 557 1394 659 1394 659 1272
691 1296 691 1398 786 1398 786 1296
807 1272 807 1405 907 1405 907 1272
965 1275 965 1365 1010 1365 1010 1275
1038 1264 1038 1372 1129 1372 1129 1264
1170 1266 1170 1355 1271 1355 1271 1266
1291 1260 1291 1345 1381 1345 1381 1260
1433 1256 1433 1355 1481 1355 1481 1256
1526 1250 1526 1342 1619 1342 1619 1250
1644 1237 1644 1329 1746 1329 1746 1237
1781 1229 1781 1329 1831 1329 1831 1229
1895 1219 1895 1314 1994 1314 1994 1219
2028 1218 2028 1314 2113 1314 2113 1218
2140 1201 2140 1289 2249 1289 2249 1201
2266 1196 2266 1277 2383 1277 2383 1196
2414 1187 2414 1267 2461 1267 2461 1187
2752 1165 2752 1254 2861 1254 2861 1165
2895 1152 2895 1245 2975 1245 2975 1152
2996 1154 2996 1244 3079 1244 3079 1154
3111 1154 3111 1250 3205 1250 3205 1154
3241 1144 3241 1228 3344 1228 3344 1144
3363 1130 3363 1213 3460 1213 3460 1130
3473 1114 3473 1205 3575 1205 3575 1114
3600 1100 3600 1192 3707 1192 3707 1100
3725 1093 3725 1178 3825 1178 3825 1093
3845 1074 3845 1168 3945 1168 3945 1074
3965 1078 3965 1165 4057 1165 4057 1078
565 1410 565 1512 667 1512 667 1410
691 1422 691 1533 787 1533 787 1422
845 1415 845 1517 889 1517 889 1415
939 1418 939 1511 1019 1511 1019 1418
1056 1398 1056 1487 1141 1487 1141 1398
1181 1380 1181 1483 1279 1483 1279 1380
1296 1380 1296 1483 1388 1483 1388 1380
1421 1377 1421 1470 1509 1470 1509 1377
1531 1365 1531 1465 1640 1465 1640 1365
1653 1361 1653 1471 1735 1471 1735 1361
1771 1353 1771 1455 1835 1455 1835 1353
1902 1342 1902 1439 1995 1439 1995 1342
2035 1330 2035 1433 2123 1433 2123 1330
2146 1335 2146 1423 2234 1423 2234 1335
2258 1320 2258 1416 2359 1416 2359 1320
2405 1306 2405 1399 2493 1399 2493 1306
2532 1304 2532 1404 2586 1404 2586 1304
2614 1309 2614 1397 2703 1397 2703 1309
2745 1282 2745 1395 2846 1395 2846 1282
2872 1274 2872 1370 2951 1370 2951 1274
3001 1276 3001 1369 3072 1369 3072 1276
3110 1274 3110 1359 3199 1359 3199 1274
3236 1256 3236 1362 3324 1362 3324 1256
3361 1246 3361 1338 3459 1338 3459 1246
3487 1240 3487 1329 3572 1329 3572 1240
3615 1234 3615 1325 3704 1325 3704 1234
3747 1222 3747 1313 3833 1313 3833 1222
3852 1208 3852 1302 3945 1302 3945 1208
3965 1194 3965 1292 4064 1292 4064 1194
576 1560 576 1651 683 1651 683 1560
711 1552 711 1641 798 1641 798 1552
825 1542 825 1641 925 1641 925 1542
937 1533 937 1622 1028 1622 1028 1533
1057 1525 1057 1613 1149 1613 1149 1525
1195 1518 1195 1599 1248 1599 1248 1518
1315 1503 1315 1590 1396 1590 1396 1503
1433 1500 1433 1601 1530 1601 1530 1500
1566 1501 1566 1593 1612 1593 1612 1501
1665 1474 1665 1578 1772 1578 1772 1474
1783 1482 1783 1574 1870 1574 1870 1482
1891 1471 1891 1577 1996 1577 1996 1471
2164 1456 2164 1553 2229 1553 2229 1456
2255 1439 2255 1545 2357 1545 2357 1439
2362 1442 2362 1527 2471 1527 2471 1442
2521 1434 2521 1533 2621 1533 2621 1434
2640 1434 2640 1526 2729 1526 2729 1434
2763 1428 2763 1530 2816 1530 2816 1428
2880 1417 2880 1498 2962 1498 2962 1417
3000 1402 3000 1504 3089 1504 3089 1402
3114 1394 3114 1502 3210 1502 3210 1394
3250 1387 3250 1489 3343 1489 3343 1387
3358 1382 3358 1486 3470 1486 3470 1382
3494 1372 3494 1473 3575 1473 3575 1372
3625 1364 3625 1456 3743 1456 3743 1364
3767 1344 3767 1436 3816 1436 3816 1344
3857 1340 3857 1430 3961 1430 3961 1340
3988 1321 3988 1424 4085 1424 4085 1321
458 1671 458 1771 577 1771 577 1671
588 1672 588 1771 673 1771 673 1672
699 1661 699 1763 791 1763 791 1661
828 1658 828 1744 922 1744 922 1658
942 1645 942 1735 1036 1735 1036 1645
1054 1638 1054 1732 1158 1732 1158 1638
1184 1637 1184 1726 1276 1726 1276 1637
1317 1622 1317 1710 1408 1710 1408 1622
1428 1626 1428 1712 1522 1712 1522 1626
1554 1606 1554 1704 1640 1704 1640 1606
1676 1604 1676 1697 1761 1697 1761 1604
1806 1594 1806 1680 1891 1680 1891 1594
1928 1590 1928 1686 2016 1686 2016 1590
2067 1577 2067 1692 2139 1692 2139 1577
2171 1578 2171 1677 2266 1677 2266 1578
2283 1566 2283 1663 2365 1663 2365 1566
2404 1557 2404 1667 2494 1667 2494 1557
2526 1548 2526 1665 2620 1665 2620 1548
2649 1554 2649 1639 2737 1639 2737 1554
2762 1551 2762 1649 2856 1649 2856 1551
2875 1534 2875 1620 2960 1620 2960 1534
2995 1536 2995 1628 3093 1628 3093 1536
3149 1523 3149 1620 3196 1620 3196 1523
3265 1509 3265 1605 3353 1605 3353 1509
3373 1490 3373 1603 3464 1603 3464 1490
3491 1489 3491 1585 3546 1585 3546 1489
3609 1486 3609 1578 3715 1578 3715 1486
3723 1479 3723 1563 3835 1563 3835 1479
3877 1453 3877 1556 3975 1556 3975 1453
477 1785 477 1884 575 1884 575 1785
588 1781 588 1872 691 1872 691 1781
726 1772 726 1864 787 1864 787 1772
828 1750 828 1845 928 1845 928 1750
964 1763 964 1857 1056 1857 1056 1763
1083 1753 1083 1853 1183 1853 1183 1753
1203 1756 1203 1844 1296 1844 1296 1756
1321 1754 1321 1841 1424 1841 1424 1754
1454 1733 1454 1835 1546 1835 1546 1733
1545 1721 1545 1821 1645 1821 1645 1721
1689 1723 1689 1824 1780 1824 1780 1723
1810 1702 1810 1822 1911 1822 1911 1702
1946 1714 1946 1812 1990 1812 1990 1714
2056 1701 2056 1797 2153 1797 2153 1701
2168 1700 2168 1796 2270 1796 2270 1700
2281 1677 2281 1789 2377 1789 2377 1677
2403 1680 2403 1762 2507 1762 2507 1680
2514 1677 2514 1762 2620 1762 2620 1677
2675 1658 2675 1753 2733 1753 2733 1658
2764 1658 2764 1752 2848 1752 2848 1658
2877 1656 2877 1749 2973 1749 2973 1656
3019 1634 3019 1726 3073 1726 3073 1634
3129 1634 3129 1733 3206 1733 3206 1634
3254 1624 3254 1733 3352 1733 3352 1624
3372 1624 3372 1716 3468 1716 3468 1624
3494 1609 3494 1713 3584 1713 3584 1609
3622 1599 3622 1693 3713 1693 3713 1599
3732 1594 3732 1682 3837 1682 3837 1594
3870 1596 3870 1680 3972 1680 3972 1596
3999 1586 3999 1688 4076 1688 4076 1586
477 1914 477 2009 587 2009 587 1914
628 1906 628 2006 685 2006 685 1906
717 1895 717 1986 811 1986 811 1895
850 1891 850 1982 950 1982 950 1891
949 1873 949 1972 1082 1972 1082 1873
1123 1880 1123 1981 1177 1981 1177 1880
1213 1885 1213 1974 1320 1974 1320 1885
1358 1868 1358 1966 1407 1966 1407 1868
1459 1855 1459 1962 1541 1962 1541 1855
1554 1857 1554 1941 1651 1941 1651 1857
1687 1836 1687 1936 1792 1936 1792 1836
1826 1837 1826 1952 1922 1952 1922 1837
1950 1819 1950 1906 2053 1906 2053 1819
2060 1818 2060 1925 2148 1925 2148 1818
2176 1819 2176 1902 2269 1902 2269 1819
2299 1799 2299 1909 2394 1909 2394 1799
2395 1793 2395 1893 2496 1893 2496 1793
2559 1785 2559 1884 2619 1884 2619 1785
2659 1781 2659 1878 2772 1878 2772 1781
2785 1770 2785 1880 2882 1880 2882 1770
2897 1761 2897 1864 2998 1864 2998 1761
3025 1761 3025 1841 3120 1841 3120 1761
3148 1752 3148 1846 3200 1846 3200 1752
3259 1745 3259 1836 3348 1836 3348 1745
3384 1746 3384 1843 3473 1843 3473 1746
3523 1735 3523 1829 3587 1829 3587 1735
3633 1714 3633 1816 3740 1816 3740 1714
3785 1716 3785 1823 3841 1823 3841 1716
3885 1693 3885 1798 3977 1798 3977 1693
4010 1686 4010 1802 4096 1802 4096 1686
479 2032 479 2132 591 2132 591 2032
638 2025 638 2125 687 2125 687 2025
738 2015 738 2109 828 2109 828 2015
855 2008 855 2095 947 2095 947 2008
992 1999 992 2100 1044 2100 1044 1999
1104 2000 1104 2109 1219 2109 1219 2000
1217 1997 1217 2103 1324 2103 1324 1997
1352 1985 1352 2084 1440 2084 1440 1985
1828 1958 1828 2049 1924 2049 1924 1958
1947 1954 1947 2043 2039 2043 2039 1954
2080 1944 2080 2034 2159 2034 2159 1944
2212 1933 2212 2027 2259 2027 2259 1933
2307 1925 2307 2044 2389 2044 2389 1925
2412 1918 2412 2018 2505 2018 2505 1918
2537 1915 2537 2006 2641 2006 2641 1915
2682 1910 2682 2007 2738 2007 2738 1910
2798 1917 2798 2013 2878 2013 2878 1917
2901 1893 2901 1990 2994 1990 2994 1893
3045 1886 3045 1982 3098 1982 3098 1886
3137 1874 3137 1986 3236 1986 3236 1874
3275 1868 3275 1976 3374 1976 3374 1868
3389 1869 3389 1953 3485 1953 3485 1869
3503 1855 3503 1946 3607 1946 3607 1855
3650 1848 3650 1949 3707 1949 3707 1848
3745 1835 3745 1927 3856 1927 3856 1835
3885 1817 3885 1922 3975 1922 3975 1817
3992 1816 3992 1908 4093 1908 4093 1816
487 2151 487 2243 576 2243 576 2151
642 2146 642 2238 694 2238 694 2146
740 2129 740 2237 837 2237 837 2129
853 2127 853 2225 953 2225 953 2127
975 2119 975 2210 1061 2210 1061 2119
1079 2121 1079 2215 1201 2215 1201 2121
1215 2111 1215 2207 1316 2207 1316 2111
1832 2068 1832 2184 1935 2184 1935 2068
1958 2074 1958 2166 2046 2166 2046 2074
2084 2070 2084 2159 2166 2159 2166 2070
2209 2055 2209 2157 2274 2157 2274 2055
2313 2054 2313 2159 2402 2159 2402 2054
2424 2052 2424 2150 2527 2150 2527 2052
2539 2034 2539 2125 2625 2125 2625 2034
2675 2032 2675 2131 2759 2131 2759 2032
2778 2032 2778 2132 2874 2132 2874 2032
2895 2022 2895 2116 2998 2116 2998 2022
3028 2014 3028 2108 3087 2108 3087 2014
3154 2003 3154 2086 3249 2086 3249 2003
3291 1995 3291 2087 3351 2087 3351 1995
3396 1984 3396 2089 3489 2089 3489 1984
3518 1957 3518 2076 3635 2076 3635 1957
3623 1969 3623 2060 3724 2060 3724 1969
3772 1955 3772 2069 3822 2069 3822 1955
3885 1944 3885 2040 3981 2040 3981 1944
3999 1940 3999 2040 4105 2040 4105 1940
396 2263 396 2372 477 2372 477 2263
499 2276 499 2367 599 2367 599 2276
624 2284 624 2359 716 2359 716 2284
737 2268 737 2364 832 2364 832 2268
852 2255 852 2343 956 2343 956 2255
984 2239 984 2327 1074 2327 1074 2239
1125 2243 1125 2341 1178 2341 1178 2243
1224 2230 1224 2339 1349 2339 1349 2230
1956 2202 1956 2294 2061 2294 2061 2202
2081 2192 2081 2295 2185 2295 2185 2192
2202 2178 2202 2276 2296 2276 2296 2178
2312 2175 2312 2261 2416 2261 2416 2175
2430 2177 2430 2262 2535 2262 2535 2177
2557 2172 2557 2258 2655 2258 2655 2172
2668 2150 2668 2238 2784 2238 2784 2150
2782 2144 2782 2235 2885 2235 2885 2144
2921 2126 2921 2236 3010 2236 3010 2126
3024 2115 3024 2234 3123 2234 3123 2115
3164 2123 3164 2226 3267 2226 3267 2123
3287 2114 3287 2197 3395 2197 3395 2114
3411 2107 3411 2199 3509 2199 3509 2107
3537 2096 3537 2189 3626 2189 3626 2096
3651 2089 3651 2181 3736 2181 3736 2089
3776 2083 3776 2179 3878 2179 3878 2083
3917 2069 3917 2162 3985 2162 3985 2069
3989 2051 3989 2145 4092 2145 4092 2051
384 2390 384 2491 479 2491 479 2390
520 2391 520 2486 608 2486 608 2391
639 2397 639 2480 727 2480 727 2397
750 2381 750 2487 844 2487 844 2381
865 2376 865 2475 951 2475 951 2376
975 2367 975 2452 1091 2452 1091 2367
1119 2360 1119 2468 1226 2468 1226 2360
1225 2368 1225 2461 1315 2461 1315 2368
1969 2319 1969 2401 2061 2401 2061 2319
2090 2314 2090 2403 2187 2403 2187 2314
2191 2295 2191 2388 2279 2388 2279 2295
2313 2305 2313 2395 2404 2395 2404 2305
2446 2295 2446 2387 2542 2387 2542 2295
2558 2285 2558 2381 2662 2381 2662 2285
2680 2280 2680 2376 2801 2376 2801 2280
2809 2252 2809 2360 2907 2360 2907 2252
2933 2272 2933 2371 3039 2371 3039 2272
3167 2248 3167 2332 3261 2332 3261 2248
3299 2242 3299 2329 3383 2329 3383 2242
3422 2234 3422 2326 3479 2326 3479 2234
3539 2227 3539 2315 3628 2315 3628 2227
3656 2212 3656 2313 3751 2313 3751 2212
3785 2207 3785 2315 3870 2315 3870 2207
3900 2196 3900 2292 4019 2292 4019 2196
413 2532 413 2630 479 2630 479 2532
503 2511 503 2622 609 2622 609 2511
624 2507 624 2608 716 2608 716 2507
749 2508 749 2604 853 2604 853 2508
880 2493 880 2597 979 2597 979 2493
987 2481 987 2587 1092 2587 1092 2481
1108 2489 1108 2591 1219 2591 1219 2489
1231 2471 1231 2590 1333 2590 1333 2471
1361 2473 1361 2572 1452 2572 1452 2473
1480 2465 1480 2570 1572 2570 1572 2465
1963 2435 1963 2533 2060 2533 2060 2435
2098 2428 2098 2538 2195 2538 2195 2428
2212 2418 2212 2538 2296 2538 2296 2418
2312 2416 2312 2518 2404 2518 2404 2416
2431 2408 2431 2504 2549 2504 2549 2408
2552 2410 2552 2510 2647 2510 2647 2410
2680 2392 2680 2500 2781 2500 2781 2392
2786 2388 2786 2494 2876 2494 2876 2388
2907 2390 2907 2475 3009 2475 3009 2390
3036 2376 3036 2469 3143 2469 3143 2376
3169 2362 3169 2462 3269 2462 3269 2362
3306 2352 3306 2452 3399 2452 3399 2352
3413 2349 3413 2461 3509 2461 3509 2349
3534 2332 3534 2432 3632 2432 3632 2332
3678 2333 3678 2421 3727 2421 3727 2333
3814 2329 3814 2427 3864 2427 3864 2329
3918 2311 3918 2413 4014 2413 4014 2311
4011 2294 4011 2406 4111 2406 4111 2294
391 2642 391 2749 500 2749 500 2642
515 2637 515 2744 624 2744 624 2637
652 2621 652 2736 740 2736 740 2621
754 2629 754 2725 839 2725 839 2629
864 2614 864 2707 987 2707 987 2614
1242 2607 1242 2708 1338 2708 1338 2607
1367 2598 1367 2706 1466 2706 1466 2598
1497 2588 1497 2681 1581 2681 1581 2588
1597 2579 1597 2674 1710 2674 1710 2579
1730 2561 1730 2668 1831 2668 1831 2561
1850 2570 1850 2671 1953 2671 1953 2570
1976 2556 1976 2663 2072 2663 2072 2556
2108 2549 2108 2648 2196 2648 2196 2549
2224 2537 2224 2645 2324 2645 2324 2537
2319 2529 2319 2641 2416 2641 2416 2529
2455 2526 2455 2625 2541 2625 2541 2526
2564 2520 2564 2632 2663 2632 2663 2520
2685 2514 2685 2617 2783 2617 2783 2514
2806 2507 2806 2610 2906 2610 2906 2507
2925 2501 2925 2607 3026 2607 3026 2501
3038 2492 3038 2593 3156 2593 3156 2492
3176 2489 3176 2588 3284 2588 3284 2489
3301 2477 3301 2580 3401 2580 3401 2477
3429 2473 3429 2576 3539 2576 3539 2473
3549 2457 3549 2554 3644 2554 3644 2457
3673 2450 3673 2559 3781 2559 3781 2450
3811 2440 3811 2546 3862 2546 3862 2440
3918 2435 3918 2539 4011 2539 4011 2435
4040 2420 4040 2533 4123 2533 4123 2420
402 2766 402 2878 503 2878 503 2766
520 2766 520 2862 627 2862 627 2766
631 2755 631 2863 745 2863 745 2755
752 2733 752 2847 850 2847 850 2733
872 2728 872 2835 975 2835 975 2728
1004 2734 1004 2829 1114 2829 1114 2734
1384 2713 1384 2810 1474 2810 1474 2713
1505 2706 1505 2809 1600 2809 1600 2706
1630 2697 1630 2804 1726 2804 1726 2697
1745 2702 1745 2787 1836 2787 1836 2702
1846 2689 1846 2782 1945 2782 1945 2689
1980 2691 1980 2789 2088 2789 2088 2691
2111 2663 2111 2769 2216 2769 2216 2663
2236 2664 2236 2752 2337 2752 2337 2664
2352 2643 2352 2752 2445 2752 2445 2643
2582 2643 2582 2743 2675 2743 2675 2643
2720 2643 2720 2745 2769 2745 2769 2643
2825 2631 2825 2734 2912 2734 2912 2631
2937 2613 2937 2713 3066 2713 3066 2613
3080 2611 3080 2716 3148 2716 3148 2611
3196 2600 3196 2716 3300 2716 3300 2600
3323 2592 3323 2698 3435 2698 3435 2592
3436 2589 3436 2692 3537 2692 3537 2589
3557 2577 3557 2680 3666 2680 3666 2577
3706 2575 3706 2664 3757 2664 3757 2575
3811 2572 3811 2664 3897 2664 3897 2572
3929 2551 3929 2662 4021 2662 4021 2551
4036 2542 4036 2662 4117 2662 4117 2542
409 2895 409 2993 502 2993 502 2895
531 2897 531 2989 632 2989 632 2897
644 2879 644 2982 758 2982 758 2879
764 2872 764 2969 889 2969 889 2872
898 2865 898 2984 958 2984 958 2865
986 2857 986 2956 1103 2956 1103 2857
1141 2852 1141 2955 1215 2955 1215 2852
1252 2852 1252 2946 1364 2946 1364 2852
1371 2839 1371 2943 1474 2943 1474 2839
1501 2839 1501 2931 1602 2931 1602 2839
1626 2819 1626 2919 1719 2919 1719 2819
1748 2813 1748 2915 1832 2915 1832 2813
1863 2808 1863 2912 1967 2912 1967 2808
1990 2800 1990 2905 2048 2905 2048 2800
2106 2804 2106 2900 2196 2900 2196 2804
2223 2788 2223 2892 2344 2892 2344 2788
2354 2782 2354 2883 2417 2883 2417 2782
2455 2780 2455 2875 2551 2875 2551 2780
2570 2772 2570 2869 2677 2869 2677 2772
2708 2754 2708 2872 2818 2872 2818 2754
2839 2754 2839 2854 2944 2854 2944 2754
2965 2748 2965 2852 3019 2852 3019 2748
3054 2739 3054 2837 3154 2837 3154 2739
3192 2730 3192 2850 3307 2850 3307 2730
3327 2716 3327 2826 3419 2826 3419 2716
3439 2715 3439 2819 3543 2819 3543 2715
3573 2690 3573 2802 3657 2802 3657 2690
3692 2700 3692 2788 3772 2788 3772 2700
3821 2688 3821 2784 3913 2784 3913 2688
3936 2678 3936 2786 4027 2786 4027 2678
4063 2686 4063 2778 4108 2778 4108 2686
423 3006 423 3093 529 3093 529 3006
540 3007 540 3090 625 3090 625 3007
655 3001 655 3087 751 3087 751 3001
779 3002 779 3089 876 3089 876 3002
925 2992 925 3090 979 3090 979 2992
1016 2970 1016 3068 1100 3068 1100 2970
1148 2968 1148 3052 1236 3052 1236 2968
1279 2956 1279 3057 1373 3057 1373 2956
1384 2960 1384 3056 1480 3056 1480 2960
1511 2940 1511 3035 1599 3035 1599 2940
1630 2931 1630 3035 1722 3035 1722 2931
1759 2930 1759 3034 1853 3034 1853 2930
1869 2914 1869 3005 1993 3005 1993 2914
2004 2909 2004 3012 2094 3012 2094 2909
2141 2895 2141 3011 2222 3011 2222 2895
2267 2895 2267 2988 2357 2988 2357 2895
2359 2886 2359 2986 2464 2986 2464 2886
2469 2887 2469 2991 2567 2991 2567 2887
2601 2881 2601 2984 2701 2984 2701 2881
2728 2880 2728 2969 2826 2969 2826 2880
2853 2861 2853 2961 2915 2961 2915 2861
2961 2854 2961 2953 3045 2953 3045 2854
3073 2843 3073 2963 3169 2963 3169 2843
3204 2838 3204 2950 3291 2950 3291 2838
3315 2834 3315 2934 3422 2934 3422 2834
3452 2828 3452 2915 3536 2915 3536 2828
3571 2810 3571 2906 3662 2906 3662 2810
3688 2802 3688 2914 3776 2914 3776 2802
3815 2806 3815 2909 3913 2909 3913 2806
3940 2784 3940 2889 4031 2889 4031 2784
4045 2779 4045 2880 4132 2880 4132 2779
429 3109 429 3206 521 3206 521 3109
544 3120 544 3208 631 3208 631 3120
700 3113 700 3213 736 3213 736 3113
778 3108 778 3204 866 3204 866 3108
929 3107 929 3201 1021 3201 1021 3107
1142 3061 1142 3160 1222 3160 1222 3061
1264 3077 1264 3164 1353 3164 1353 3077
1398 3064 1398 3156 1446 3156 1446 3064
1518 3058 1518 3146 1594 3146 1594 3058
1651 3055 1651 3145 1740 3145 1740 3055
1777 3037 1777 3122 1822 3122 1822 3037
1873 3048 1873 3132 1962 3132 1962 3048
2005 3035 2005 3127 2118 3127 2118 3035
2156 3018 2156 3123 2237 3123 2237 3018
2260 3008 2260 3111 2346 3111 2346 3008
2362 3008 2362 3116 2462 3116 2462 3008
2489 3003 2489 3105 2538 3105 2538 3003
2593 2992 2593 3106 2685 3106 2685 2992
2731 2986 2731 3090 2826 3090 2826 2986
2867 2992 2867 3080 2910 3080 2910 2992
2952 2982 2952 3077 3045 3077 3045 2982
3112 2972 3112 3058 3161 3058 3161 2972
3198 2964 3198 3062 3286 3062 3286 2964
3340 2956 3340 3063 3440 3063 3440 2956
3453 2946 3453 3053 3502 3053 3502 2946
3561 2935 3561 3042 3649 3042 3649 2935
3696 2936 3696 3043 3780 3043 3780 2936
3804 2937 3804 3014 3897 3014 3897 2937
3939 2916 3939 3010 4025 3010 4025 2916
4040 2907 4040 2997 4154 2997 4154 2907
317 3258 317 3355 404 3355 404 3258
429 3267 429 3361 523 3361 523 3267
544 3250 544 3346 638 3346 638 3250
675 3244 675 3326 765 3326 765 3244
793 3229 793 3337 883 3337 883 3229
896 3226 896 3318 1013 3318 1013 3226
1039 3219 1039 3318 1132 3318 1132 3219
1160 3216 1160 3307 1245 3307 1245 3216
1288 3196 1288 3303 1377 3303 1377 3196
1410 3190 1410 3283 1488 3283 1488 3190
1534 3180 1534 3283 1614 3283 1614 3180
1630 3189 1630 3272 1749 3272 1749 3189
1762 3169 1762 3276 1856 3276 1856 3169
1882 3187 1882 3275 1994 3275 1994 3187
2028 3161 2028 3272 2133 3272 2133 3161
2153 3164 2153 3250 2246 3250 2246 3164
2250 3148 2250 3252 2359 3252 2359 3148
2377 3128 2377 3220 2451 3220 2451 3128
2491 3126 2491 3226 2592 3226 2592 3126
2603 3120 2603 3222 2712 3222 2712 3120
2738 3112 2738 3217 2828 3217 2828 3112
2835 3104 2835 3201 2941 3201 2941 3104
2951 3095 2951 3202 3060 3202 3060 3095
3096 3089 3096 3189 3192 3189 3192 3089
3210 3084 3210 3180 3310 3180 3310 3084
3354 3069 3354 3163 3408 3163 3408 3069
3435 3067 3435 3166 3556 3166 3556 3067
3601 3061 3601 3162 3657 3162 3657 3061
3703 3054 3703 3144 3804 3144 3804 3054
3819 3034 3819 3143 3913 3143 3913 3034
3924 3017 3924 3126 4008 3126 4008 3017
4025 3023 4025 3115 4153 3115 4153 3023
344 3388 344 3479 428 3479 428 3388
435 3380 435 3473 535 3473 535 3380
565 3369 565 3461 657 3461 657 3369
670 3366 670 3460 783 3460 783 3366
792 3357 792 3453 887 3453 887 3357
937 3352 937 3437 1012 3437 1012 3352
1037 3357 1037 3439 1123 3439 1123 3357
1172 3330 1172 3426 1258 3426 1258 3330
1284 3321 1284 3424 1376 3424 1376 3321
1421 3324 1421 3422 1503 3422 1503 3324
1534 3311 1534 3400 1623 3400 1623 3311
1917 3302 1917 3397 1962 3397 1962 3302
2017 3296 2017 3383 2109 3383 2109 3296
2145 3278 2145 3379 2245 3379 2245 3278
2249 3277 2249 3368 2350 3368 2350 3277
2387 3257 2387 3357 2493 3357 2493 3257
2517 3254 2517 3354 2565 3354 2565 3254
2615 3255 2615 3349 2705 3349 2705 3255
2740 3239 2740 3325 2856 3325 2856 3239
2882 3225 2882 3316 2923 3316 2923 3225
2974 3230 2974 3321 3074 3321 3074 3230
3099 3226 3099 3305 3183 3305 3183 3226
3224 3202 3224 3310 3316 3310 3316 3202
3341 3201 3341 3303 3440 3303 3440 3201
3472 3193 3472 3290 3562 3290 3562 3193
3600 3181 3600 3262 3645 3262 3645 3181
3697 3173 3697 3270 3819 3270 3819 3173
3839 3169 3839 3260 3936 3260 3936 3169
3947 3159 3947 3254 4037 3254 4037 3159
4075 3152 4075 3250 4166 3250 4166 3152
256 3509 256 3618 299 3618 299 3509
328 3494 328 3604 430 3604 430 3494
447 3483 447 3589 539 3589 539 3483
566 3492 566 3576 652 3576 652 3492
686 3481 686 3571 782 3571 782 3481
792 3474 792 3573 895 3573 895 3474
945 3458 945 3562 1035 3562 1035 3458
1052 3452 1052 3554 1128 3554 1128 3452
1182 3448 1182 3553 1274 3553 1274 3448
1296 3446 1296 3550 1391 3550 1391 3446
1423 3438 1423 3530 1508 3530 1508 3438
1548 3432 1548 3534 1652 3534 1652 3432
2014 3406 2014 3505 2114 3505 2114 3406
2171 3397 2171 3481 2264 3481 2264 3397
2272 3391 2272 3491 2380 3491 2380 3391
2412 3379 2412 3485 2463 3485 2463 3379
2511 3357 2511 3471 2596 3471 2596 3357
2627 3351 2627 3448 2722 3448 2722 3351
2755 3333 2755 3458 2855 3458 2855 3333
2867 3337 2867 3446 2956 3446 2956 3337
2991 3344 2991 3432 3085 3432 3085 3344
3100 3342 3100 3435 3199 3435 3199 3342
3219 3329 3219 3423 3312 3423 3312 3329
3339 3312 3339 3415 3452 3415 3452 3312
3501 3306 3501 3404 3565 3404 3565 3306
3582 3300 3582 3392 3689 3392 3689 3300
3824 3278 3824 3384 3922 3384 3922 3278
3966 3270 3966 3368 4053 3368 4053 3270
237 3637 237 3729 314 3729 314 3637
344 3638 344 3725 428 3725 428 3638
445 3614 445 3716 533 3716 533 3614
566 3609 566 3712 677 3712 677 3609
693 3594 693 3702 791 3702 791 3594
822 3580 822 3688 910 3688 910 3580
955 3595 955 3698 1017 3698 1017 3595
1055 3587 1055 3676 1141 3676 1141 3587
1174 3583 1174 3677 1279 3677 1279 3583
1295 3567 1295 3670 1391 3670 1391 3567
1420 3570 1420 3666 1516 3666 1516 3570
1567 3562 1567 3663 1623 3663 1623 3562
1669 3538 1669 3676 1757 3676 1757 3538
1783 3547 1783 3655 1871 3655 1871 3547
1875 3529 1875 3640 1978 3640 1978 3529
2277 3513 2277 3622 2361 3622 2361 3513
2377 3517 2377 3609 2480 3609 2480 3517
2505 3505 2505 3597 2593 3597 2593 3505
2622 3477 2622 3597 2722 3597 2722 3477
2756 3477 2756 3581 2844 3581 2844 3477
2869 3469 2869 3570 2971 3570 2971 3469
2972 3469 2972 3562 3071 3562 3071 3469
3087 3457 3087 3561 3181 3561 3181 3457
3236 3442 3236 3546 3332 3546 3332 3442
3341 3448 3341 3542 3443 3542 3443 3448
3474 3439 3474 3540 3566 3540 3566 3439
3586 3421 3586 3517 3695 3517 3695 3421
3703 3420 3703 3511 3801 3511 3801 3420
3825 3410 3825 3504 3930 3504 3930 3410
3961 3411 3961 3495 4050 3495 4050 3411
232 3754 232 3836 313 3836 313 3754
316 3753 316 3835 419 3835 419 3753
437 3755 437 3856 540 3856 540 3755
570 3745 570 3837 661 3837 661 3745
694 3727 694 3838 795 3838 795 3727
817 3730 817 3827 913 3827 913 3730
933 3713 933 3811 1023 3811 1023 3713
1060 3710 1060 3795 1143 3795 1143 3710
1180 3697 1180 3786 1266 3786 1266 3697
1284 3694 1284 3793 1385 3793 1385 3694
1793 3670 1793 3761 1899 3761 1899 3670
1924 3655 1924 3747 2011 3747 2011 3655
2039 3641 2039 3746 2138 3746 2138 3641
2167 3648 2167 3726 2259 3726 2259 3648
2276 3646 2276 3742 2372 3742 2372 3646
2420 3620 2420 3716 2480 3716 2480 3620
2514 3623 2514 3711 2614 3711 2614 3623
2623 3616 2623 3711 2729 3711 2729 3616
2756 3606 2756 3714 2857 3714 2857 3606
2877 3600 2877 3705 2993 3705 2993 3600
3010 3602 3010 3680 3088 3680 3088 3602
3106 3590 3106 3696 3202 3696 3202 3590
3250 3581 3250 3688 3348 3688 3348 3581
3369 3579 3369 3681 3470 3681 3470 3579
3487 3574 3487 3653 3570 3653 3570 3574
3590 3558 3590 3660 3685 3660 3685 3558
3729 3546 3729 3638 3808 3638 3808 3546
3847 3532 3847 3625 3934 3625 3934 3532
3988 3520 3988 3624 4072 3624 4072 3520
124 3892 124 3974 200 3974 200 3892
229 3886 229 3973 310 3973 310 3886
311 3870 311 3960 437 3960 437 3870
444 3870 444 3954 544 3954 544 3870
571 3873 571 3953 675 3953 675 3873
699 3868 699 3952 785 3952 785 3868
824 3862 824 3942 912 3942 912 3862
1070 3837 1070 3928 1158 3928 1158 3837
1176 3832 1176 3926 1263 3926 1263 3832
1295 3816 1295 3914 1384 3914 1384 3816
1545 3791 1545 3894 1661 3894 1661 3791
1669 3794 1669 3887 1769 3887 1769 3794
1786 3784 1786 3877 1889 3877 1889 3784
1906 3779 1906 3884 2011 3884 2011 3779
2051 3778 2051 3861 2156 3861 2156 3778
2156 3778 2156 3857 2264 3857 2264 3778
2280 3758 2280 3850 2334 3850 2334 3758
2397 3746 2397 3836 2478 3836 2478 3746
2533 3755 2533 3839 2617 3839 2617 3755
2636 3736 2636 3832 2743 3832 2743 3736
2769 3742 2769 3827 2868 3827 2868 3742
2901 3724 2901 3813 2985 3813 2985 3724
3008 3711 3008 3806 3091 3806 3091 3711
3133 3706 3133 3805 3172 3805 3172 3706
3250 3702 3250 3798 3328 3798 3328 3702
3393 3696 3393 3792 3445 3792 3445 3696
3487 3692 3487 3783 3583 3783 3583 3692
3600 3680 3600 3772 3699 3772 3699 3680
3729 3678 3729 3776 3836 3776 3836 3678
3834 3650 3834 3763 3938 3763 3938 3650
128 3991 128 4083 210 4083 210 3991
241 3984 241 4084 326 4084 326 3984
350 3977 350 4081 452 4081 452 3977
473 3972 473 4084 558 4084 558 3972
575 3974 575 4078 693 4078 693 3974
714 3978 714 4075 819 4075 819 3978
859 3977 859 4057 952 4057 952 3977
966 3950 966 4046 1065 4046 1065 3950
1064 3955 1064 4054 1155 4054 1155 3955
1178 3950 1178 4037 1278 4037 1278 3950
1302 3935 1302 4027 1402 4027 1402 3935
1417 3941 1417 4022 1557 4022 1557 3941
1587 3922 1587 4017 1683 4017 1683 3922
1697 3919 1697 4013 1779 4013 1779 3919
1812 3910 1812 4003 1908 4003 1908 3910
1920 3905 1920 3999 2027 3999 2027 3905
2038 3893 2038 3989 2150 3989 2150 3893
2171 3865 2171 3968 2269 3968 2269 3865
2293 3882 2293 3965 2385 3965 2385 3882
2406 3862 2406 3958 2516 3958 2516 3862
2548 3862 2548 3952 2597 3952 2597 3862
2660 3857 2660 3949 2754 3949 2754 3857
2794 3862 2794 3938 2887 3938 2887 3862
2894 3855 2894 3931 2990 3931 2990 3855
2996 3840 2996 3937 3111 3937 3111 3840
3112 3826 3112 3921 3217 3921 3217 3826
3248 3824 3248 3911 3335 3911 3335 3824
3362 3815 3362 3919 3450 3919 3450 3815
3480 3815 3480 3908 3595 3908 3595 3815
3602 3813 3602 3896 3708 3896 3708 3813
3737 3781 3737 3888 3812 3888 3812 3781
3862 3786 3862 3868 3951 3868 3951 3786
3977 3774 3977 3864 4071 3864 4071 3774
121 4121 121 4216 220 4216 220 4121
261 4129 261 4228 329 4228 329 4129
351 4104 351 4208 444 4208 444 4104
479 4115 479 4196 565 4196 565 4115
583 4113 583 4190 679 4190 679 4113
728 4092 728 4178 782 4178 782 4092
836 4110 836 4196 938 4196 938 4110
966 4087 966 4175 1045 4175 1045 4087
1089 4080 1089 4182 1176 4182 1176 4080
1229 4084 1229 4166 1274 4166 1274 4084
1326 4062 1326 4151 1407 4151 1407 4062
1448 4056 1448 4148 1547 4148 1547 4056
1592 4057 1592 4144 1678 4144 1678 4057
1696 4046 1696 4153 1788 4153 1788 4046
1812 4040 1812 4133 1904 4133 1904 4040
1939 4019 1939 4130 2033 4130 2033 4019
2063 4009 2063 4106 2158 4106 2158 4009
2184 4007 2184 4099 2281 4099 2281 4007
2303 4001 2303 4099 2410 4099 2410 4001
2415 3983 2415 4088 2513 4088 2513 3983
2521 3993 2521 4084 2646 4084 2646 3993
2680 3985 2680 4077 2736 4077 2736 3985
2785 3962 2785 4062 2883 4062 2883 3962
2894 3965 2894 4063 2957 4063 2957 3965
2988 3958 2988 4062 3084 4062 3084 3958
3111 3952 3111 4064 3210 4064 3210 3952
3237 3944 3237 4043 3341 4043 3341 3944
3385 3939 3385 4039 3484 4039 3484 3939
3488 3933 3488 4018 3591 4018 3591 3933
3605 3913 3605 4021 3709 4021 3709 3913
3741 3920 3741 4005 3827 4005 3827 3920
3867 3895 3867 3998 3914 3998 3914 3895
3986 3905 3986 3989 4082 3989 4082 3905
4105 3885 4105 3965 4184 3965 4184 3885
376 4245 376 4326 468 4326 468 4245
493 4223 493 4315 571 4315 571 4223
611 4232 611 4319 704 4319 704 4232
726 4225 726 4305 816 4305 816 4225
850 4209 850 4297 958 4297 958 4209
981 4215 981 4287 1074 4287 1074 4215
1223 4180 1223 4264 1301 4264 1301 4180
1339 4179 1339 4264 1433 4264 1433 4179
1447 4162 1447 4260 1546 4260 1546 4162
1559 4170 1559 4264 1669 4264 1669 4170
1691 4162 1691 4253 1798 4253 1798 4162
1829 4153 1829 4245 1922 4245 1922 4153
1965 4147 1965 4242 2021 4242 2021 4147
2064 4140 2064 4237 2172 4237 2172 4140
2204 4120 2204 4224 2295 4224 2295 4120
2329 4122 2329 4209 2417 4209 2417 4122
2417 4110 2417 4211 2512 4211 2512 4110
2533 4101 2533 4182 2625 4182 2625 4101
2693 4094 2693 4184 2751 4184 2751 4094
2776 4094 2776 4178 2864 4178 2864 4094
2906 4068 2906 4175 2998 4175 2998 4068
3026 4075 3026 4169 3127 4169 3127 4075
3140 4080 3140 4166 3224 4166 3224 4080
3258 4067 3258 4158 3343 4158 3343 4067
3376 4047 3376 4158 3472 4158 3472 4047
3502 4047 3502 4149 3597 4149 3597 4047
3625 4037 3625 4137 3715 4137 3715 4037
3769 4030 3769 4138 3829 4138 3829 4030
3865 4019 3865 4121 3976 4121 3976 4019
4030 4006 4030 4108 4084 4108 4084 4006
149 4367 149 4460 259 4460 259 4367
257 4353 257 4449 365 4449 365 4353
372 4343 372 4437 480 4437 480 4343
479 4339 479 4434 599 4434 599 4339
614 4334 614 4422 710 4422 710 4334
723 4331 723 4428 829 4428 829 4331
846 4333 846 4417 958 4417 958 4333
978 4319 978 4409 1082 4409 1082 4319
1118 4306 1118 4404 1170 4404 1170 4306
1336 4297 1336 4392 1437 4392 1437 4297
1444 4306 1444 4395 1549 4395 1549 4306
1581 4285 1581 4373 1678 4373 1678 4285
1828 4280 1828 4366 1913 4366 1913 4280
1959 4262 1959 4373 2054 4373 2054 4262
2061 4264 2061 4371 2160 4371 2160 4264
2211 4253 2211 4358 2271 4358 2271 4253
2307 4243 2307 4331 2415 4331 2415 4243
2407 4228 2407 4327 2513 4327 2513 4228
2564 4237 2564 4332 2649 4332 2649 4237
2660 4232 2660 4343 2763 4343 2763 4232
2792 4216 2792 4323 2885 4323 2885 4216
2923 4215 2923 4318 3020 4318 3020 4215
3041 4206 3041 4300 3126 4300 3126 4206
3289 4189 3289 4294 3343 4294 3343 4189
3375 4182 3375 4299 3477 4299 3477 4182
3511 4181 3511 4280 3593 4280 3593 4181
3623 4170 3623 4274 3712 4274 3712 4170
3751 4156 3751 4252 3843 4252 3843 4156
3885 4152 3885 4239 3978 4239 3978 4152
4002 4140 4002 4234 4108 4234 4108 4140
248 4470 248 4566 360 4566 360 4470
391 4464 391 4556 491 4556 491 4464
518 4464 518 4552 614 4552 614 4464
655 4460 655 4557 701 4557 701 4460
746 4447 746 4553 842 4553 842 4447
865 4444 865 4548 958 4548 958 4444
1010 4430 1010 4531 1105 4531 1105 4430
1241 4422 1241 4522 1332 4522 1332 4422
1359 4412 1359 4517 1463 4517 1463 4412
1483 4416 1483 4516 1538 4516 1538 4416
1593 4398 1593 4485 1684 4485 1684 4398
1822 4383 1822 4484 1952 4484 1952 4383
1978 4385 1978 4486 2030 4486 2030 4385
2196 4364 2196 4464 2306 4464 2306 4364
2334 4357 2334 4469 2391 4469 2391 4357
2434 4363 2434 4460 2528 4460 2528 4363
2560 4361 2560 4453 2649 4453 2649 4361
2683 4349 2683 4441 2777 4441 2777 4349
2795 4343 2795 4434 2895 4434 2895 4343
2915 4334 2915 4427 3007 4427 3007 4334
3016 4325 3016 4426 3137 4426 3137 4325
3155 4322 3155 4434 3265 4434 3265 4322
3275 4316 3275 4413 3381 4413 3381 4316
3413 4304 3413 4408 3511 4408 3511 4304
3511 4297 3511 4389 3611 4389 3611 4297
3658 4291 3658 4388 3749 4388 3749 4291
3757 4284 3757 4380 3872 4380 3872 4284
3891 4271 3891 4367 3986 4367 3986 4271
4026 4273 4026 4357 4099 4357 4099 4273
273 4597 273 4685 382 4685 382 4597
402 4586 402 4681 498 4681 498 4586
541 4583 541 4671 601 4671 601 4583
642 4585 642 4670 725 4670 725 4585
756 4575 756 4663 848 4663 848 4575
882 4570 882 4660 962 4660 962 4570
1006 4557 1006 4660 1062 4660 1062 4557
1233 4541 1233 4641 1335 4641 1335 4541
1364 4551 1364 4639 1465 4639 1465 4551
1514 4537 1514 4632 1560 4632 1560 4537
1621 4522 1621 4620 1701 4620 1701 4522
1716 4514 1716 4618 1802 4618 1802 4514
1847 4513 1847 4622 1941 4622 1941 4513
1969 4497 1969 4596 2060 4596 2060 4497
2075 4501 2075 4590 2175 4590 2175 4501
2209 4486 2209 4598 2308 4598 2308 4486
2329 4488 2329 4580 2412 4580 2412 4488
2440 4481 2440 4566 2532 4566 2532 4481
2554 4487 2554 4581 2656 4581 2656 4487
2683 4472 2683 4569 2804 4569 2804 4472
2813 4464 2813 4548 2899 4548 2899 4464
3042 4449 3042 4554 3142 4554 3142 4449
3189 4445 3189 4542 3237 4542 3237 4445
3290 4434 3290 4524 3390 4524 3390 4434
3406 4434 3406 4521 3502 4521 3502 4434
3538 4413 3538 4526 3618 4526 3618 4413
3651 4419 3651 4500 3739 4500 3739 4419
13 4670 13 4775 96 4775 96 4670
116 4691 116 4802 244 4802 244 4691
280 4702 280 4802 383 4802 383 4702
400 4683 400 4804 508 4804 508 4683
538 4692 538 4784 627 4784 627 4692
644 4693 644 4785 752 4785 752 4693
781 4683 781 4775 878 4775 878 4683
886 4682 886 4775 988 4775 988 4682
1013 4680 1013 4776 1104 4776 1104 4680
1124 4675 1124 4769 1220 4769 1220 4675
1234 4662 1234 4754 1354 4754 1354 4662
1384 4654 1384 4744 1443 4744 1443 4654
1485 4650 1485 4739 1592 4739 1592 4650
1646 4645 1646 4744 1693 4744 1693 4645
1699 4631 1699 4751 1814 4751 1814 4631
1850 4621 1850 4732 1951 4732 1951 4621
1974 4624 1974 4717 2072 4717 2072 4624
2093 4607 2093 4719 2200 4719 2200 4607
2224 4610 2224 4709 2316 4709 2316 4610
2341 4608 2341 4696 2424 4696 2424 4608
2442 4603 2442 4681 2534 4681 2534 4603
2576 4598 2576 4690 2632 4690 2632 4598
2683 4591 2683 4683 2785 4683 2785 4591
2810 4574 2810 4676 2911 4676 2911 4574
2933 4577 2933 4679 3021 4679 3021 4577
3045 4571 3045 4663 3135 4663 3135 4571
3171 4564 3171 4670 3279 4670 3279 4564
3302 4564 3302 4655 3398 4655 3398 4564
3420 4549 3420 4658 3517 4658 3517 4549
3530 4544 3530 4651 3636 4651 3636 4544
2106 4739 2106 4834 2199 4834 2199 4739
2218 4731 2218 4816 2321 4816 2321 4731
2334 4736 2334 4816 2432 4816 2432 4736
2446 4708 2446 4795 2553 4795 2553 4708
2589 4705 2589 4796 2677 4796 2677 4705
2695 4702 2695 4784 2787 4784 2787 4702
2827 4702 2827 4785 2934 4785 2934 4702
2960 4690 2960 4786 3013 4786 3013 4690
3035 4677 3035 4762 3166 4762 3166 4677
3180 4667 3180 4771 3282 4771 3282 4667
3303 4674 3303 4766 3394 4766 3394 4674
3424 4666 3424 4766 3524 4766 3524 4666
# Transcript
WSKA
T*NIAYTONK
NHWSARISTATHIA
*TONENIAYTONYPERTOYDHMOYTOYA
LAOSA*EIDIOIKHTAIPERITHNEORTH
HIQEWIKALWSYPOTWNIEROPOIWNEIS
UHFISQAITWIDHMWI**MENALLAKAQA
YEINDETOYSIEROPOIOYSTASMENDYO
AQHNAITHIYG*EIAIKAITHNENTWIAR
MENHNKAQAPERPROIERONKAINEIMAN*
ESINPENTEMERIDASKAITOISENNEAAR
*AITAMIAISTHSQEOYMIANKAITOISIER
*AITOISST*HGOISKAITOISTAXIARC
OISPOMPNTOISAQHNAIOISKAITA
SKATAEIW*ADEALLAKREAAQHNAIO
PODETWNT*AKONTAMNW*KAITHSM*
ISQWSEWSTH***ASBOWNHSANTESOIIER
WNBOW**NPEMUANTESTHNPOMPHNTHIQE
YTASTA**OYSAPASAS*PITWIBWMWITHS
GALWIMIANDEEPITWITHSNIKHSPROKRI
KALLISTEYOYSWNBOWNKAIQYSANTESTH
*OLIAD*KAITHIAQHNAITHINIKHIAPASW
NAPOTWNTETTARAKONTAMNWNKAIMIASEW
*ONTWNTAKREA**IDHMWITWIAQHNAIWNEN
IKAQAPERENTA***LLAISKREANOMIA*SA
TASMERIDASEISTO**HMONEKASTONKATA
TASOPOSOYS***ARECHIODHMOSEKASTOS
SQWMATAHSP*MPHSKAITOMAGEIRIKONK*
TOYBWMOYTOYWEGALOYKAITALLAOSAPROS
EISQAIPERITHNEORTHNKAIEISPANNYCIDA
DRACMA*TOYSDEIEROPOIOYSTOYSDIOI
*PANAQHNAI*TAK*TENIAYTONPO*INTHNPA
***ALLISTH*THIQ*WI*AITHNPOMPHNPEMPE
****ANIONTI*HMIOYNTASTONMH*EIQARC*
TWNNOMWNZHMIAISELESQAIDETONDHM
***EXAQHNAIWNAP
# Lines: x1 y1 x2 y2 x3 y3 x4 y4
3469 442 4091 422
2781 603 4053 519
2301 743 4063 618
721 962 4060 748
507 1099 4073 872
491 1231 4081 1002
512 1351 4068 1124
512 1466 4142 1244
532 1596 4127 1364
397 1721 4099 1501
428 1830 4106 1619
435 1949 4172 1750
428 2089 4162 1860
412 2199 4175 1964
346 2324 4170 2100
316 2433 4175 2231
351 2578 4172 2333
323 2705 4198 2453
364 2821 4188 2606
372 2953 4195 2734
351 3055 4188 2833
390 3157 4262 2941
260 3300 4277 3066
295 3438 4234 3183
173 3553 4129 3308
209 3700 4083 3443
201 3784 4127 3563
81 3925 3997 3695
76 4042 4114 3825
91 4172 4236 3930
257 4279 4119 4060
104 4422 4172 4190
211 4531 4121 4315
231 4633 3833 4462
10 4761 3703 4615
2059 4781 3558 4710