# Baseline angle
0.1266333244784863
# Boxes: x1 y1 x2 y2 x3 y3 x4 y4
1114 168 1104.5494761217894 242.2296992706604 1197 254 1206.4505238782106 179.7703007293396
918 213 904.815901550004 316.5552817716679 979 326 992.184098449996 222.4447182283321
1004 222 990.5836041321043 327.3798755925257 1074 338 1087.4163958678957 232.62012440747432
1108 246 1097.102912051563 331.59182239657855 1171 341 1181.897087948437 255.40817760342145
1195 260 1184.4196014869174 343.10436647862934 1270 354 1280.5803985130826 270.89563352137066
510 254 498.2511548525969 346.2819997397237 606 360 617.748845147403 267.7180002602763
642 276 630.5014341092163 366.3161665021218 683 373 694.4985658907837 282.6838334978782
716 288 705.2168851491067 372.6966139547339 794 384 804.7831148508933 299.3033860452661
822 307 810.1847446738616 399.80362242007095 851 405 862.8152553261384 312.19637757992905
895 316 881.4629599634745 422.3274823571406 981 435 994.5370400365255 328.6725176428594
1091 335 1079.729380304304 423.52574961843237 1162 434 1173.270619695696 345.47425038156763
1192 352 1181.886516170991 431.436957451312 1257 441 1267.113483829009 361.563042548688
398 352 385.43796965307985 450.66921102974345 498 465 510.56203034692015 366.33078897025655
529 365 516.749730918151 461.22046371703317 570 468 582.250269081849 371.77953628296683
600 384 586.729478158011 488.2340994203259 687 501 700.270521841989 396.7659005796741
715 399 703.4901233415827 489.4050075960957 771 498 782.5098766584173 407.5949924039043
789 402 777.1508123709606 495.0701457019926 863 506 874.8491876290394 412.9298542980074
896 427 885.2009346849253 511.82189781991144 973 523 983.7990653150747 438.1781021800886
1083 448 1073.2327866864346 524.7171551886096 1154 535 1163.7672133135654 458.2828448113905
1176 459 1166.6086382819674 532.7650065811539 1247 543 1256.3913617180326 469.23499341884616
1269 458 1257.3558485570452 549.4596768402863 1348 561 1359.6441514429548 469.5403231597137
310 444 298.8865650978445 531.2911323522587 383 542 394.1134349021555 454.7088676477413
401 456 390.7499215381798 536.5098480811046 481 548 491.2500784618202 467.4901519188955
505 472 494.18266437246996 556.9654030706909 573 567 583.81733562753 482.03459692930926
604 491 594.4993048809712 565.6237722517949 676 576 685.5006951190288 501.3762277482051
701 492 691.1051829729832 569.71942611003 764 579 773.8948170270168 501.28057388997
784 501 773.2624166933772 585.338983744803 857 596 867.7375833066228 511.66101625519696
889 513 879.0915523570757 590.8264885896057 959 601 968.9084476429243 523.1735114103943
980 528 970.531205809334 602.3732045214398 1054 613 1063.468794190666 538.6267954785602
1079 538 1068.9024666351725 617.3116735861345 1145 627 1155.0975333648275 547.6883264138655
1170 548 1159.936687411809 627.0428844701775 1246 638 1256.063312588191 558.9571155298225
1263 557 1251.8387137053 644.6669839477913 1333 655 1344.1612862947 567.3330160522087
389 544 375.364937330112 651.0974069338077 461 662 474.635062669888 554.9025930661923
487 557 476.5153042720061 639.3526632875642 568 651 578.484695727994 568.6473367124358
592 573 584.1575762083684 634.5987819414001 658 644 665.8424237916316 582.4012180585999
686 580 673.3648884032585 679.243232032861 750 689 762.6351115967415 589.756767967139
778 593 768.2327866864347 669.7171551886096 849 680 858.7672133135653 603.2828448113904
879 598 869.3899714799751 673.4825379224359 952 684 961.6100285200249 608.5174620775641
971 605 959.6040964391265 694.509799154251 1042 705 1053.3959035608734 615.490200845749
1064 620 1053.4810834953694 702.621452403521 1135 713 1145.5189165046306 630.378547596479
1168 630 1156.841033553574 717.6487625621896 1246 729 1257.158966446426 641.3512374378104
1270 648 1259.1095831226487 733.5394240738084 1302 739 1312.8904168773513 653.4605759261916
295 612 283.6678982958522 701.0086636935408 370 712 381.3321017041478 622.9913363064592
477 644 467.0483406610792 722.1658974139348 560 734 569.9516593389209 655.8341025860652
586 646 574.9480471062963 732.8082182771504 655 743 666.0519528937037 656.1917817228496
670 664 660.0141198844424 742.4346865298916 743 753 752.9858801155576 674.5653134701084
770 676 760.0323901968977 754.2911812791122 852 766 861.9676098031023 687.7088187208878
877 677 866.5947681191775 758.7285097957116 908 764 918.4052318808225 682.2714902042884
954 697 944.5335256576079 771.354983135838 1036 783 1045.466474342392 708.645016864162
1055 709 1045.0619712769867 787.058834934359 1131 798 1140.9380287230133 719.941165065641
1159 724 1150.8136255411985 788.3003628185008 1227 798 1235.1863744588015 733.6996371814992
1251 732 1241.5584670411492 806.1590795622884 1311 815 1320.4415329588508 740.8409204377116
279 712 269.1280929819863 789.539478088047 367 802 376.8719070180137 724.460521911953
382 721 371.0710111232 806.8423901269337 443 816 453.9289888768 730.1576098730663
468 737 457.27836715755853 821.2136998796256 542 832 552.7216328424415 747.7863001203744
577 745 566.3146193087334 828.928955212102 614 835 624.6853806912666 751.071044787898
651 747 639.6702181441261 835.990442307939 734 848 745.3297818558739 759.009557692061
756 765 744.841033553574 852.6487625621895 834 864 845.158966446426 776.3512374378105
859 771 848.0916012839292 856.6806634905524 937 868 947.9083987160708 782.3193365094476
958 785 947.1255335868302 870.4141402086308 991 876 1001.8744664131698 790.5858597913692
1048 789 1035.039208048544 890.8013076591823 1123 902 1135.960791951456 800.1986923408177
1142 810 1131.3398491660105 893.7307858045172 1212 904 1222.6601508339895 820.2692141954828
1231 817 1220.998169420261 895.5599703950692 1303 906 1313.001830579739 827.4400296049308
273 797 261.2146142276863 889.5690102412824 351 901 362.7853857723137 808.4309897587176
367 817 356.16671390828856 902.0906869358682 434 912 444.83328609171144 826.9093130641318
458 823 445.47886150080245 921.3480235910163 537 933 549.5211384991976 834.6519764089837
574 835 560.1642523668394 943.6736988583456 602 949 615.8357476331606 840.3263011416544
637 852 625.9503669545701 938.7899968915485 714 950 725.0496330454299 863.2100031084515
737 858 725.4013801013157 949.1020466303554 811 960 822.5986198986843 868.8979533696446
846 868 834.4947630381304 958.368564824892 918 969 929.5052369618696 878.631435175108
937 880 925.7111099918487 968.6692548692118 999 978 1010.2888900081513 889.3307451307882
1050 896 1039.829385385351 975.885694589252 1080 981 1090.170614614649 901.114305410748
1123 905 1112.998169420261 983.5599703950692 1195 994 1205.001830579739 915.4400296049308
1213 915 1203.021079429264 993.3800223730861 1310 1007 1319.978920570736 928.6199776269139
262 897 250.99589849884057 983.4323666816177 334 994 345.0041015011594 907.5676333183823
353 909 341.75896138439305 997.2934032736791 418 1007 429.24103861560695 918.7065967263209
544 929 534.0300703486239 1007.3094026647141 618 1018 627.9699296513761 939.6905973352859
640 948 629.8409846267206 1027.7945876612428 710 1038 720.1590153732794 958.2054123387571
738 959 729.9206390939207 1022.4598185334617 797 1031 805.0793609060793 967.5401814665385
835 962 823.3854296371343 1053.2273304955331 908 1064 919.6145703628657 972.772669504467
929 972 918.8386647784466 1051.8128090468447 991 1061 1001.1613352215534 981.1871909531553
1025 986 1014.745281841632 1066.5462908523082 1089 1076 1099.2547181583682 995.4537091476918
1123 996 1112.4787636470953 1078.6396737891228 1186 1088 1196.5212363529047 1005.3603262108771
1212 1006 1199.8181724714245 1101.6828854851194 1273 1111 1285.1818275285755 1015.3171145148807
434 1016 423.10755174811055 1101.555379625375 513 1113 523.8924482518894 1027.4446203746252
533 1021 521.6838487600336 1109.8833798283633 609 1121 620.3161512399664 1032.1166201716367
630 1039 620.6997013705081 1112.0497461612922 691 1121 700.3002986294919 1047.9502538387078
733 1044 722.2986688445519 1128.0542390772796 769 1134 779.7013311554481 1049.9457609227204
820 1056 809.2600968451032 1140.3572051304047 885 1150 895.7399031548968 1065.6427948695953
919 1062 908.7133809132692 1142.7968585826632 981 1152 991.2866190867308 1071.2031414173368
1024 1075 1013.1095831226487 1160.5394240738083 1056 1166 1066.8904168773513 1080.4605759261917
1109 1091 1098.4491825670063 1173.872020133876 1178 1184 1188.5508174329937 1101.127979866124
1199 1103 1189.0619712769867 1181.0588349343589 1275 1192 1284.9380287230133 1113.9411650656411
622 1120 611.3717500943733 1203.480218074162 694 1214 704.6282499056267 1130.519781925838
712 1130 701.3398491660104 1213.7307858045172 782 1224 792.6601508339896 1140.2692141954828
806 1140 794.9344164903888 1226.9152807567261 882 1238 893.0655835096112 1151.0847192432739
900 1150 889.4674528794618 1232.7285148830968 978 1244 988.5325471205382 1161.2714851169032
994 1158 982.4332810296786 1248.8514789000005 1070 1260 1081.5667189703215 1169.1485210999997
1102 1176 1091.995849571987 1254.578191780671 1166 1264 1176.004150428013 1185.421808219329
1196 1184 1184.8068127769372 1271.9175516781463 1264 1282 1275.1931872230628 1194.0824483218537
602 1210 590.9344164903888 1296.9152807567261 678 1308 689.0655835096112 1221.0847192432739
702 1212 691.2760473092846 1296.2319212652271 768 1306 778.7239526907154 1221.7680787347729
796 1228 784.4605422614936 1318.637353940849 858 1328 869.5394577385064 1237.362646059151
880 1240 868.7476506167594 1328.3822443676531 960 1340 971.2523493832406 1251.6177556323469
978 1248 965.9959474256941 1342.2865415825645 1058 1354 1070.004052574306 1259.7134584174355
1088 1266 1076.6200469033079 1355.3845152890733 1160 1366 1171.3799530966921 1276.6154847109267
1176 1274 1164.0278483540571 1368.0359738522093 1258 1380 1269.9721516459429 1285.9640261477907
# Transcript
*O
*SNAX
NTWIACO*
EICISMTOY
ITAALLATAPR
YTOYAQHNAI
N*ESKAIOMON
HNAIWNEISTO
HNAIWNKAITW
OY*PROSALLH*
ASOIKEINT*
*NPENTEK*
ACRHMAT