# Baseline angle
-6.589154682148153
# Boxes: x1 y1 x2 y2 x3 y3 x4 y4
1319 699 1348.3756457105746 791.9935680266383 1418 770 1388.6243542894254 677.0064319733617
1420 664 1452.943716791095 768.2888996771967 1533 743 1500.056283208905 638.7111003228033
1523 645 1550.9244755384846 733.3996437450722 1625 710 1597.0755244615154 621.6003562549278
1622 616 1647.3088197548057 696.119343579066 1711 676 1685.6911802451943 595.880656420934
1707 581 1734.6071848318727 668.3952064230737 1815 643 1787.3928151681273 555.6047935769263
1830 526 1861.9606953481432 627.1769792677716 1929 606 1897.0393046518568 504.8230207322284
1924 514 1949.0822611325125 593.4021339945749 2020 571 1994.9177388674875 491.59786600542515
2028 480 2056.695426666689 570.840219754609 2129 548 2100.304573333311 457.1597802453909
1120 877 1146.4432423972905 960.710550057189 1231 934 1204.5567576027095 850.289449942811
1230 856 1257.8337434541659 944.1124160075648 1331 921 1303.1662565458341 832.8875839924352
1344 830 1370.171046144335 912.8488668446662 1452 887 1425.828953855665 804.1511331553338
1451 789 1481.1922344694412 884.5786176642068 1559 860 1528.8077655305588 764.4213823357932
1572 757 1599.2893509482549 843.389049582519 1667 822 1639.7106490517451 735.610950417481
1654 728 1676.860139832218 800.367633703472 1754 776 1731.139860167782 703.632366296528
1755 684 1784.088417973067 776.0843001109569 1854 754 1824.911582026933 661.9156998890431
1853 652 1883.706020829242 749.2050951643795 1954 727 1923.293979170758 629.7949048356205
1963 623 1988.172993216831 702.6893617320825 2060 680 2034.8270067831688 600.3106382679175
2061 592 2088.259287979151 678.2938801762018 2162 655 2134.740712020849 568.7061198237982
2162 558 2187.883275229821 639.9378794104289 2251 620 2225.116724770179 538.0621205895711
2256 533 2283.682342254633 620.6331299388668 2349 600 2321.317657745367 512.3668700611332
475 1214 497.70873863268514 1285.8883476347742 567 1264 544.2912613673149 1192.1116523652258
566 1193 590.5228371420493 1270.6311828663704 659 1249 634.4771628579507 1171.3688171336296
660 1154 685.7329603843006 1235.4620323788424 779 1206 753.2670396156994 1124.5379676211576
771 1126 796.0521981634085 1205.3069645882576 873 1181 847.9478018365915 1101.6930354117424
864 1092 892.1360026762256 1181.0692686264047 962 1159 933.8639973237744 1069.9307313735953
976 1042 1002.276266536199 1125.1819597667766 1063 1106 1036.723733463801 1022.8180402332234
1077 1012 1105.9676229196446 1103.701902967132 1181 1080 1152.0323770803554 988.298097032868
1172 971 1202.7817214290087 1068.4447381987286 1277 1045 1246.2182785709915 947.5552618012716
1266 952 1291.7023542381903 1033.3651434539695 1372 1008 1346.2976457618097 926.6348565460305
1378 919 1405.3349885789173 1005.5335232105507 1483 981 1455.6650114210827 894.4664767894493
1492 891 1518.3981479436343 974.5677959477132 1612 945 1585.6018520563657 861.4322040522868
1594 862 1621.2136503484885 948.1494065481701 1685 928 1657.7863496515115 841.8505934518299
1682 830 1706.7043013106863 908.2056383413858 1777 886 1752.2956986893137 807.7943616586142
1781 790 1807.6397380504793 874.3325902353629 1891 848 1864.3602619495207 763.6674097646371
1889 760 1915.8362337036685 844.9546304135367 1998 819 1971.1637662963315 734.0453695864633
1995 727 2018.58545332976 801.6637360849771 2084 781 2060.4145466702403 706.3362639150228
2096 697 2122.594100419817 781.1881166073313 2196 758 2169.405899580183 673.8118833926687
2191 663 2214.177973715836 736.3737905440266 2304 708 2280.822026284164 634.6262094559734
2296 626 2320.4777426883934 703.4884287568946 2398 679 2373.5222573116066 601.5115712431054
2407 605 2430.8576495827156 680.5254192975 2499 659 2475.1423504172844 583.4745807025
395 1345 424.7686370169529 1439.237648382986 492 1418 462.2313629830471 1323.762351617014
491 1317 517.41263625118 1400.613661132316 589 1378 562.58736374882 1294.386338867684
595 1285 621.579068935265 1369.1405319041726 698 1345 671.420931064735 1260.8594680958274
707 1248 731.6892698261344 1326.158053638227 805 1303 780.3107301738656 1224.841946361773
795 1223 820.8231492916127 1304.7475405977943 896 1281 870.1768507083873 1199.2524594022057
898 1200 921.6010279913183 1274.7130403066917 1003 1249 979.3989720086817 1174.2869596933083
1009 1157 1033.3719791195226 1234.1536163162284 1113 1209 1088.6280208804774 1131.8463836837716
1101 1124 1126.0527413404147 1203.3086841068134 1222 1173 1196.9472586595853 1093.6913158931866
1210 1095 1236.6848325041356 1179.4753443448387 1311 1156 1284.3151674958644 1071.5246556551613
1305 1069 1330.0371666788565 1148.259379885099 1410 1123 1384.9628333211435 1043.740620114901
1404 1028 1427.888255728826 1103.6223082223732 1509 1078 1485.111744271174 1002.377691777627
1529 996 1555.0191017677955 1078.3678612574126 1610 1061 1583.9808982322047 978.6321387425876
1615 969 1637.9358404319846 1041.607276737821 1719 1016 1696.0641595680154 943.392723262179
1721 933 1743.4821800103919 1004.1711380502829 1820 980 1797.5178199896081 908.8288619497171
1805 890 1839.001895656807 997.6387436024149 1917 973 1882.998104343193 865.3612563975851
1911 870 1936.687322753638 951.3175587508109 2020 925 1994.312677246362 843.6824412491891
2025 818 2056.3867830501345 917.3601629549644 2143 890 2111.613216949866 790.6398370450355
2125 790 2154.7235425632966 884.0948942735101 2231 860 2201.2764574367034 765.9051057264899
2225 756 2251.3981479436343 839.5677959477131 2345 810 2318.6018520563657 726.4322040522869
2329 726 2354.550953038657 806.8858573852715 2427 784 2401.449046961343 703.1141426147285
2445 703 2469.2511840661 779.7712191724034 2554 753 2529.7488159339 676.2287808275966
2545 667 2571.5033683354986 750.9008888698236 2644 728 2617.4966316645014 644.0991111301764
314 1468 341.9395070230366 1556.4472284482308 413 1534 385.0604929769634 1445.5527715517692
418 1453 439.3483005449135 1520.5816510907157 514 1497 492.6516994550865 1429.4183489092843
517 1417 542.6116221538716 1498.0779157164618 622 1473 596.3883778461284 1391.9220842835382
640 1384 666.0046134602497 1466.3219960728097 743 1442 716.9953865397503 1359.6780039271903
743 1355 767.7499389413489 1433.3501119694174 848 1408 823.2500610586511 1329.6498880305826
842 1323 865.9634131515861 1398.8602317381662 932 1378 908.0365868484139 1302.1397682618338
926 1284 955.058355003963 1375.9891307046396 1031 1352 1001.941644996037 1260.0108692953604
1029 1247 1057.4688680443958 1337.123010170118 1137 1312 1108.5311319556042 1221.876989829882
1138 1221 1163.0521981634085 1300.3069645882576 1240 1276 1214.9478018365915 1196.6930354117424
1230 1195 1255.29433144726 1275.073478394463 1341 1248 1315.70566855274 1167.926521605537
1331 1166 1357.3068726823096 1249.2788486916497 1431 1226 1404.6931273176904 1142.7211513083503
1441 1134 1467.4883368509466 1217.853304166665 1543 1194 1516.5116631490534 1110.146695833335
1538 1094 1563.0226783713108 1173.2135147004963 1665 1141 1639.9773216286892 1061.7864852995037
1651 1055 1677.594100419817 1139.188116607331 1751 1116 1724.405899580183 1031.811883392669
1746 1031 1771.4301579852345 1111.5034602414466 1849 1087 1823.5698420147653 1006.4965397585534
1843 1009 1868.6266536384237 1090.1255004196205 1945 1066 1919.3733463615763 984.8744995803795
1946 960 1980.9849170997586 1070.75066401184 2072 1042 2037.0150829002412 931.2493359881599
2052 930 2080.861859350774 1021.3670905264657 2158 997 2129.138140649226 905.6329094735343
2168 896 2193.4296148082285 976.5017407228909 2252 958 2226.5703851917715 877.4982592771091
2259 857 2284.339425900916 937.2162325039391 2361 913 2335.660574099084 832.7837674960609
2361 833 2388.440752147788 919.868335651217 2464 896 2436.559247852212 809.131664348783
2472 805 2495.903287213378 880.6698929255317 2574 856 2550.096712786622 780.3301070744683
2572 766 2597.475795615897 846.6479338694784 2685 819 2659.524204384103 738.3520661305216
145 1657 171.82065904211024 1741.9053261918225 238 1721 211.17934095788976 1636.0946738081775
237 1630 260.0265725163031 1702.8945044753286 342 1677 318.9734274836969 1604.1054955246714
346 1592 371.8682437452688 1673.8902947072702 438 1653 412.1317562547312 1571.1097052927298
466 1542 488.55679425614574 1613.4073420475202 531 1600 508.4432057438542 1528.5926579524798
552 1537 577.7324172072942 1618.4603128602866 652 1595 626.2675827927058 1513.5396871397134
672 1490 697.157961732279 1569.6417770289238 772 1546 746.842038267721 1466.3582229710762
779 1449 806.7574996773932 1536.87105345466 857 1521 829.2425003226068 1433.12894654534
861 1433 884.4496267917854 1507.2337542379935 958 1484 934.5503732082146 1409.7662457620065
959 1400 985.1103770291204 1482.6568085134759 1060 1459 1033.8896229708796 1376.3431914865241
1058 1369 1082.5083488345037 1446.5853176817677 1173 1418 1148.4916511654963 1340.4146823182323
1175 1336 1199.0090507822486 1412.0047053661979 1275 1388 1250.9909492177514 1311.9952946338021
1255 1299 1284.2548506571522 1391.6111708828134 1359 1368 1329.7451493428478 1275.3888291171866
1365 1265 1391.6993208116814 1349.5212095294416 1444 1333 1417.3006791883186 1248.4787904705584
1465 1250 1490.8838184068272 1331.9395989289849 1573 1306 1547.1161815931728 1224.0604010710151
1594 1198 1620.6542263580252 1282.3784554199658 1682 1263 1655.3457736419748 1178.6215445800342
1672 1170 1700.0914513995758 1258.9282340354846 1798 1228 1769.9085486004242 1139.0717659645154
1787 1136 1814.8482317617118 1224.1582811921676 1866 1208 1838.1517682382882 1119.8417188078324
1885 1113 1913.0452705919072 1201.7820408888972 1982 1180 1953.9547294080928 1091.2179591111028
1982 1084 2007.0371666788565 1163.259379885099 2087 1138 2061.9628333211435 1058.7406201149008
2098 1052 2122.9007969638756 1130.8276785195596 2192 1109 2167.0992030361244 1030.1723214804404
2195 1004 2220.732417207294 1085.4603128602866 2295 1062 2269.267582792706 980.5396871397132
2306 975 2329.5999416373056 1049.70960126958 2373 1036 2349.4000583626944 961.2903987304201
2387 955 2411.3719791195226 1032.1536163162284 2491 1007 2466.6280208804774 929.8463836837717
2499 916 2525.564037450713 1000.092947201014 2605 975 2578.435962549287 890.907052798986
2603 865 2632.9957388162525 959.9565774860329 2712 935 2682.0042611837475 840.0434225139671
3255 662 3285.645351714028 759.013036833189 3349 739 3318.354648285972 641.986963166811
3350 643 3377.3650515480213 729.6286926168681 3449 707 3421.6349484519787 620.3713073831319
76 1785 101.88381840682722 1866.9395989289849 184 1841 158.11618159317277 1759.0604010710151
168 1759 191.47968976088936 1833.3289236443109 259 1812 235.52031023911064 1737.6710763556891
265 1726 290.7023542381902 1807.3651434539695 371 1782 345.2976457618098 1700.6348565460305
384 1693 406.5879435792625 1764.505950490949 481 1741 458.4120564207375 1669.494049509051
475 1652 500.9289128604833 1734.0823530384607 574 1711 548.0710871395167 1628.9176469615393
585 1628 610.7023542381901 1709.3651434539695 691 1684 665.2976457618099 1602.6348565460305
672 1585 700.1215143686799 1674.023403441802 792 1645 763.8784856313201 1555.976596558198
793 1565 819.594100419817 1649.188116607331 893 1626 866.405899580183 1541.811883392669
886 1543 910.4627112038412 1620.4408440537359 991 1595 966.5372887961588 1517.5591559462641
982 1503 1004.4972114949439 1574.2187227534416 1078 1551 1055.502788505056 1479.7812772465584
1073 1472 1100.1240046181824 1557.865617847774 1201 1526 1173.8759953818176 1440.134382152226
1194 1433 1219.127898763175 1512.5466076226064 1300 1487 1274.872101236825 1407.4533923773936
1296 1408 1321.4301579852345 1488.5034602414466 1399 1464 1373.5698420147655 1383.4965397585534
1392 1370 1416.1003260435734 1446.2936526222613 1512 1416 1487.8996739564266 1339.7063473777387
1496 1341 1521.4757956158971 1421.6479338694783 1609 1394 1583.5242043841029 1313.3520661305217
1611 1304 1638.0627923259617 1389.671839998028 1713 1366 1685.9372076740383 1280.328160001972
1714 1263 1738.4777426883932 1340.4884287568946 1816 1316 1791.5222573116068 1238.5115712431054
1829 1232 1854.03662350185 1311.2576603665432 1915 1292 1889.96337649815 1212.7423396334568
1917 1210 1941.8857654793233 1288.780093816401 2014 1266 1989.1142345206767 1187.219906183599
2020 1171 2044.6742383415824 1249.1104689350684 2121 1225 2096.325761658418 1146.8895310649316
2113 1136 2138.8687869222754 1217.8920142258262 2224 1191 2198.1312130777246 1109.1079857741738
2211 1094 2241.6002572603716 1190.8702827237132 2314 1168 2283.3997427396284 1071.1297172762868
2320 1068 2344.8557025102195 1146.6849244100838 2423 1122 2398.1442974897805 1043.3150755899162
2405 1040 2432.8192551466204 1128.066550822962 2528 1098 2500.18074485338 1009.9334491770381
2527 1006 2555.4081989291813 1095.9309518389275 2628 1073 2599.5918010708187 983.0690481610724
2634 972 2660.4432423972903 1055.710550057189 2745 1029 2718.5567576027097 945.289449942811
3163 805 3190.1384929257283 890.911483032377 3269 866 3241.8615070742717 780.088516967623
3280 782 3303.812555129059 857.3826651880241 3381 833 3357.187444870941 757.6173348119759
3376 736 3403.8342866311723 824.1141355261204 3496 795 3468.1657133688277 706.8858644738796
3483 708 3510.3349885789175 794.5335232105507 3588 770 3560.6650114210825 683.4664767894493
3567 674 3593.7004071656943 758.5246485665533 3684 730 3657.2995928343057 645.4753514334467
3677 651 3700.888255728826 726.622308222373 3782 701 3758.111744271174 625.377691777627
115 1871 140.38397717756578 1951.357267094859 189 1936 163.61602282243422 1855.642732905141
187 1861 211.40204208862667 1938.2487857225456 285 1915 260.59795791137327 1837.7512142774544
293 1823 319.74550161935 1907.6674026760293 401 1882 374.25449838065 1797.3325973239707
398 1799 421.8125551290595 1874.382665188024 499 1850 475.1874448709405 1774.617334811976
517 1762 541.2055464354377 1838.626745544372 616 1815 591.7944535645623 1738.373254455628
625 1732 648.5553903606559 1806.5685666786599 720 1784 696.4446096393441 1709.4314333213401
716 1704 742.9570287570912 1789.3370275573616 820 1765 793.0429712429088 1679.6629724426384
848 1662 873.1724500398248 1741.6876422135267 926 1725 900.8275499601752 1645.3123577864733
922 1633 950.8774340123323 1724.4163947481802 1044 1695 1015.1225659876677 1603.5836052518198
1027 1601 1054.2598311561571 1687.2955996947576 1147 1658 1119.7401688438429 1571.7044003052424
1139 1569 1166.5164527475542 1656.107978685566 1246 1631 1218.4835472524458 1543.892021314434
1240 1532 1266.9570287570912 1617.3370275573616 1344 1593 1317.0429712429088 1507.6629724426384
1337 1497 1363.8807849803184 1582.0956650044568 1418 1565 1391.1192150196816 1479.9043349955432
1424 1471 1450.9570287570912 1556.3370275573616 1528 1532 1501.0429712429088 1446.6629724426384
1529 1436 1555.3374788284198 1519.3757376165229 1642 1492 1615.6625211715802 1408.6242623834771
1641 1410 1665.7198759722446 1488.2549425631003 1752 1461 1727.2801240277554 1382.7450574368997
1735 1369 1763.8317963816698 1460.2719211201484 1847 1434 1818.1682036183302 1342.7280788798516
1849 1345 1874.535921554105 1425.8382726821128 1950 1402 1924.464078445895 1321.1617273178872
1955 1310 1980.8838184068272 1391.9395989289849 2063 1366 2037.1161815931728 1284.0604010710151
2050 1267 2079.9050067319336 1361.6693497485253 2158 1337 2128.0949932680664 1242.3306502514747
2155 1244 2180.0978357940708 1323.4514382162893 2267 1296 2241.9021642059292 1216.5485617837107
2264 1212 2285.922756019929 1281.4001869220788 2360 1258 2338.077243980071 1188.5998130779212
2355 1181 2379.402042088627 1258.2487857225456 2453 1235 2428.597957911373 1157.7512142774544
2442 1160 2464.87517131677 1232.4152184066306 2539 1209 2516.12482868323 1136.5847815933694
2570 1112 2591.2119308299325 1179.1499497251764 2655 1159 2633.7880691700675 1091.8500502748236
2659 1066 2688.254850657152 1158.6111708828134 2763 1135 2733.745149342848 1042.3888291171866
3094 955 3118.129845835671 1031.387102510023 3189 1009 3164.870154164329 932.6128974899772
3201 924 3224.721823044741 999.0954374505164 3301 975 3277.278176955259 899.9045625494836
3316 877 3343.5314842321063 964.1555633887245 3420 940 3392.4685157678937 852.8444366112755
3412 847 3436.2055464354376 923.6267455443718 3511 900 3486.7944535645624 823.3732544556282
3607 773 3634.637247800977 860.4903758293908 3709 837 3681.362752199023 749.5096241706092
3704 753 3726.9358404319846 825.6072767378209 3808 800 3785.0641595680154 727.3927232621791
3817 720 3842.6416851229756 801.1730851227793 3916 778 3890.3583148770244 696.8269148772207
3910 690 3935.188567878389 769.738665953797 4023 742 3997.811432121611 662.261334046203
149 1988 177.18164030688814 2077.2137422544365 257 2052 228.81835969311186 1962.7862577455635
261 1965 284.9628699745798 2040.8585122196105 332 2026 308.0371300254202 1950.1414877803895
331 1934 357.44324239729036 2017.710550057189 442 1991 415.55675760270964 1907.289449942811
421 1902 450.07392966552135 1994.038434926354 542 1965 512.9260703344786 1872.961565073646
538 1869 568.645894891034 1966.014756351745 651 1940 620.354105108966 1842.985243648255
649 1836 674.0677728249668 1915.3562688099719 767 1886 741.9322271750332 1806.6437311900281
775 1799 800.8376375991585 1880.7934057823973 854 1864 828.1623624008415 1782.2065942176027
870 1781 893.903287213378 1856.6698929255317 972 1832 948.096712786622 1756.3301070744683
956 1742 979.9789878131445 1817.9095359598807 1062 1792 1038.0210121868556 1716.0904640401193
1047 1704 1070.5709650222143 1778.6178709003743 1158 1751 1134.4290349777857 1676.3821290996257
1170 1673 1197.3349885789173 1759.5335232105508 1275 1735 1247.6650114210827 1648.4664767894492
1255 1643 1281.4282109127385 1726.6629653540303 1369 1699 1342.5717890872615 1615.3370346459697
1365 1612 1389.3870106040747 1689.2012010193869 1466 1665 1441.6129893959253 1587.7987989806131
1450 1587 1473.5564767146686 1661.5720057157716 1583 1627 1559.4435232853314 1552.4279942842284
1560 1536 1592.3542298315278 1638.4227791426752 1676 1612 1643.6457701684722 1509.5772208573248
1676 1517 1705.8749437628296 1611.5741803422081 1790 1585 1760.1250562371704 1490.4258196577919
1776 1493 1799.6010279913182 1567.7130403066917 1881 1542 1857.3989720086818 1467.2869596933083
1866 1454 1891.5815591847675 1534.9827463101446 1977 1508 1951.4184408152325 1427.0172536898554
1996 1410 2022.4131794281861 1493.6153806508719 2113 1465 2086.586820571814 1381.3846193491281
2098 1379 2124.3068726823094 1462.2788486916497 2198 1439 2171.6931273176906 1355.7211513083503
2197 1351 2220.026572516303 1423.8945044753286 2302 1398 2278.973427483697 1325.1054955246714
2288 1318 2310.2099837574365 1388.3094548377599 2384 1365 2361.7900162425635 1294.6905451622401
2395 1269 2419.221121096996 1345.6760497660862 2510 1317 2485.778878903004 1240.3239502339138
2493 1235 2522.043323519411 1326.941546001481 2601 1302 2571.956676480589 1210.058453998519
2590 1224 2614.1604519817815 1300.4839914348959 2698 1274 2673.8395480182185 1197.5160085651041
2693 1185 2719.352510312972 1268.4233223196813 2803 1242 2776.647489687028 1158.5766776803187
3371 988 3397.1404399982243 1070.751977919793 3466 1049 3439.8595600017757 966.2480220802069
3476 970 3500.689269826134 1048.158053638227 3574 1025 3549.310730173866 946.8419463617729
3561 935 3587.8061707345646 1019.8594610072196 3676 992 3649.1938292654354 907.1405389927804
3661 898 3683.995966370193 970.7976155504556 3753 949 3730.004033629807 876.2023844495444
3750 853 3775.3694888700197 933.3114019102563 3846 911 3820.6305111299803 830.6885980897437
3841 832 3865.1303890126774 908.3888220285786 3955 880 3930.8696109873226 803.6111779714214
3942 803 3967.0521981634083 882.3069645882575 4044 858 4018.9478018365917 778.6930354117425
4040 762 4066.9269657879872 847.2418581510444 4150 821 4123.073034212012 735.7581418489556
4157 745 4180.510295907 819.4258125691839 4261 794 4237.489704093 719.5741874308161
4257 694 4284.940050200043 782.4489479667867 4375 754 4347.059949799957 665.5510520332133
172 2111 194.7844392324516 2183.127990669123 268 2160 245.2155607675484 2087.872009330877
284 2073 308.8095217025505 2151.538731263496 358 2136 333.1904782974495 2057.461268736504
366 2044 392.579068935265 2128.1405319041723 469 2104 442.420931064735 2019.8594680958274
462 2003 490.4838995289477 2093.1705948732765 567 2069 538.5161004710523 1978.8294051267233
577 1977 603.5339744816089 2060.9977777946965 689 2034 662.4660255183911 1950.0022222053033
688 1948 712.4777426883932 2025.4884287568946 790 2001 765.5222573116068 1923.5115712431054
807 1907 831.7794587334465 1985.443561857179 887 1968 862.2205412665535 1889.556438142821
898 1874 921.2982255922524 1947.7544681692957 987 1927 963.7017744077476 1853.2455318307043
998 1830 1028.4037616071826 1926.2482425455394 1102 1903 1071.5962383928174 1806.7517574544606
1096 1805 1121.9745504911457 1887.2268266664923 1205 1861 1179.0254495088543 1778.7731733335077
1198 1779 1224.8813281573248 1864.0973845230126 1298 1841 1271.1186718426752 1755.9026154769874
1298 1757 1321.0716669699593 1830.0372585848047 1394 1807 1370.9283330300407 1733.9627414151953
1398 1719 1423.0221351943044 1798.2117951819405 1506 1772 1480.9778648056956 1692.7882048180595
1499 1684 1522.223068169492 1757.5165446535025 1603 1732 1579.776931830508 1658.4834553464975
1609 1630 1640.2504133351533 1728.928461589425 1716 1705 1684.7495866648467 1606.071538410575
1716 1610 1741.2637253011496 1689.9765894695902 1814 1667 1788.7362746988504 1587.0234105304098
1808 1582 1835.289894125261 1668.3907691010747 1922 1641 1894.710105874739 1554.6092308989253
1903 1541 1935.6865520226913 1644.4748011678325 2010 1621 1977.3134479773087 1517.5251988321675
2000 1525 2024.6441753724782 1603.0152995287513 2107 1577 2082.3558246275215 1498.9847004712487
2123 1494 2149.594100419817 1578.188116607331 2223 1555 2196.405899580183 1470.811883392669
2218 1473 2240.6636441790292 1544.745593525298 2319 1520 2296.3363558209708 1448.254406474702
2342 1431 2367.081717955506 1510.400414476019 2419 1494 2393.918282044494 1414.599585523981
2420 1389 2449.920038216486 1483.716934451684 2525 1460 2495.079961783514 1365.283065548316
2522 1361 2547.309362931812 1441.1210630976218 2630 1415 2604.690637068188 1334.8789369023782
2634 1337 2660.549005966161 1421.0453624978552 2743 1395 2716.450994033839 1310.9546375021448
3162 1161 3189.7430113698474 1248.8251882700572 3262 1226 3234.2569886301526 1138.1748117299428
3266 1125 3289.4195638226815 1199.1385848316763 3369 1174 3345.5804361773185 1099.8614151683237
3373 1083 3397.6441753724785 1161.0152995287513 3480 1135 3455.3558246275215 1056.9847004712487
3483 1065 3505.300715841755 1135.5966825752678 3580 1112 3557.699284158245 1041.4033174247322
3592 1036 3616.5835062572637 1113.823241197561 3692 1090 3667.4164937427363 1012.1767588024392
3703 1001 3728.308819754806 1081.119343579066 3792 1061 3766.691180245194 980.880656420934
3788 971 3810.482180010392 1042.171138050283 3887 1018 3864.517819989608 946.828861949717
3870 948 3892.6636441790292 1019.7455935252982 3971 995 3948.3363558209708 923.2544064747018
3966 895 3997.2504133351536 993.9284615894251 4073 970 4041.7495866648464 871.0715384105749
4079 883 4104.173536393838 962.6910812506383 4195 934 4169.826463606162 854.3089187493617
4187 842 4212.248693816598 921.9290047664315 4288 898 4262.751306183402 818.0709952335685
298 2179 332.37985547863303 2287.8352392556044 411 2263 376.62014452136697 2154.1647607443956
409 2164 434.324394416364 2244.1686478007805 514 2219 488.675605583636 2138.8313521992195
505 2100 534.2398191726 2192.563586179655 612 2168 582.7601808274 2075.436413820345
605 2094 632.940050200043 2182.448947966787 723 2154 695.059949799957 2065.551052033213
719 2064 744.8993930683855 2145.988903150699 843 2115 817.1006069316145 2033.0110968493009
832 2016 859.1991620409426 2102.1035413635673 945 2075 917.8008379590574 1988.896458636433
934 1982 958.7950333950049 2060.4928660788937 1030 2038 1005.2049666049952 1959.5071339211067
1038 1931 1065.8031373080557 2019.0155270826917 1126 2000 1098.1968626919443 1911.9844729173083
1127 1914 1155.4538365598437 2004.0754254669594 1238 1978 1209.5461634401563 1887.9245745330406
1227 1882 1255.318010021869 1971.6454436199758 1346 1943 1317.681989978131 1853.3545563800242
1337 1851 1362.7930863225088 1932.6523711914772 1444 1907 1418.2069136774912 1825.3476288085228
1426 1836 1450.5840494342701 1913.8249607161167 1545 1884 1520.4159505657299 1806.1750392838833
1535 1801 1560.5965906693195 1882.0303310133033 1643 1856 1617.4034093306805 1774.9696689866967
1640 1772 1665.9444875220415 1854.131657260175 1755 1826 1729.0555124779585 1743.868342739825
1737 1727 1766.346125918477 1819.900118138877 1861 1790 1831.653874081523 1697.099881861123
1853 1709 1876.9183186979299 1784.7174776286904 1952 1761 1928.0816813020701 1685.2825223713096
1942 1668 1966.8106080565633 1746.542170300608 2054 1719 2029.1893919434367 1640.457829699392
2038 1630 2061.3138002538108 1703.8037723910102 2143 1678 2119.6861997461892 1604.19622760899
2145 1593 2172.6979169161914 1680.6824341605811 2254 1655 2226.3020830838086 1567.3175658394189
2259 1577 2286.0176978723057 1662.5290858885521 2370 1636 2342.9823021276943 1550.4709141114479
2360 1534 2383.706791560189 1609.0478527473579 2463 1584 2439.293208439811 1508.9521472526421
2483 1495 2507.9759543866357 1574.0656020353529 2562 1557 2537.0240456133643 1477.9343979646471
2562 1470 2586.069719897463 1546.1967636973882 2669 1520 2644.930280102537 1443.8032363026118
3211 1283 3234.7212798677347 1358.0937179319608 3292 1340 3268.2787201322653 1264.9062820680392
3300 1263 3324.039656928359 1339.101594291071 3413 1311 3388.960343071641 1234.898405708929
3410 1220 3438.9525914350925 1311.6543182639734 3517 1287 3488.0474085649075 1195.3456817360266
3509 1179 3537.7560957819032 1270.0322780857994 3617 1245 3588.2439042180968 1153.9677219142006
3624 1147 3651.1535244102806 1232.9590677355354 3727 1209 3699.8464755897194 1123.0409322644646
3720 1119 3745.339425900916 1199.216232503939 3822 1175 3796.660574099084 1094.783767496061
3821 1073 3849.5896630978186 1163.505407313943 3924 1140 3895.4103369021814 1049.494592686057
3918 1043 3943.9138813759314 1125.034768335302 4020 1101 3994.0861186240686 1018.965231664698
4004 1029 4026.482180010392 1100.171138050283 4103 1076 4080.517819989608 1004.828861949717
4107 981 4135.876890835326 1072.4146752296242 4210 1049 4181.123109164674 957.5853247703757
4226 943 4258.278529231761 1045.1831361083262 4338 1020 4305.721470768239 917.8168638916737
4308 915 4335.093941649078 1000.7704484414569 4442 967 4414.906058350922 881.2295515585431
4428 888 4459.008823228308 986.1636673017754 4545 959 4513.991176771692 860.8363326982246
4516 852 4544.938103127547 943.6084530793705 4645 912 4616.061896872453 820.3915469206295
326 2286 355.51201542555555 2379.4252693921776 436 2354 406.48798457444445 2260.5747306078224
440 2240 466.50282515849227 2323.899169351268 520 2307 493.49717484150773 2223.100830648732
534 2212 561.3049256098133 2298.4383538042334 645 2272 617.6950743901867 2185.5616461957666
647 2197 669.9208089474325 2269.5596920346625 754 2243 731.0791910525675 2170.4403079653375
776 2153 801.0967494400583 2232.4479991791777 850 2217 824.9032505599417 2137.5520008208223
872 2119 900.4989310134997 2209.218179576435 974 2186 945.5010689865003 2095.781820423565
965 2088 989.9464345945379 2166.9721521475913 1069 2142 1044.0535654054622 2063.0278478524087
1054 2049 1080.1710461443347 2131.848866844666 1162 2106 1135.828953855665 2023.1511331553338
1149 2028 1174.6271968154301 2109.1272199381765 1270 2079 1244.3728031845699 1997.8727800618235
1261 1984 1286.4301579852347 2064.5034602414466 1364 2040 1338.5698420147655 1959.4965397585534
1380 1955 1402.7688645708931 2027.0786864474087 1460 2009 1437.2311354291069 1936.9213135525913
1459 1930 1486.7129484007435 2017.7300188637398 1565 1993 1537.2870515992565 1905.2699811362602
1559 1909 1584.097835794071 1988.4514382162893 1671 1961 1645.902164205929 1881.5485617837107
1667 1876 1691.0546884129108 1952.1491789942297 1777 1925 1752.9453115870892 1848.8508210057703
1788 1837 1813.0221351943044 1916.2117951819405 1896 1890 1870.9778648056956 1810.7882048180595
1875 1795 1904.043323519411 1886.941546001481 1983 1862 1953.956676480589 1770.058453998519
1976 1773 2004.333041506421 1862.6930283231345 2092 1835 2063.666958493579 1745.3069716768657
2068 1733 2095.622216316425 1820.4427911262321 2173 1796 2145.377783683575 1708.5572088737679
2183 1716 2205.9358404319846 1788.607276737821 2287 1763 2264.0641595680154 1690.392723262179
2291 1688 2314.7824921599554 1763.2874957817069 2398 1737 2374.2175078400446 1661.7125042182931
2395 1640 2418.631090960422 1714.8082097130089 2494 1691 2470.368909039578 1616.1917902869911
2502 1591 2528.6842893271296 1675.473624826283 2584 1658 2557.3157106728704 1573.526375173717
2593 1571 2622.4669209718995 1664.2825152827018 2712 1636 2682.5330790281005 1542.7174847172982
2908 1479 2931.193005200388 1552.421375247185 3018 1525 2994.806994799612 1451.578624752815
3012 1433 3040.8468278662217 1524.319505823307 3121 1499 3092.1531721337783 1407.680494176693
3108 1399 3134.881871334331 1484.0991040415686 3227 1455 3200.118128665669 1369.9008959584314
3229 1387 3252.3288317383626 1460.8513570941686 3331 1436 3307.6711682616374 1362.1486429058314
3340 1347 3365.3700320470266 1427.313121428812 3455 1399 3429.6299679529734 1318.686878571188
3448 1319 3472.674238341582 1397.1104689350684 3549 1373 3524.325761658418 1294.8895310649316
3541 1283 3566.4000950161308 1363.4082908351293 3650 1337 3624.5999049838692 1256.5917091648707
3643 1260 3667.2511840661 1336.7712191724036 3752 1310 3727.7488159339 1233.2287808275964
3755 1209 3780.2637253011494 1288.9765894695902 3853 1266 3827.7362746988506 1186.0234105304098
3843 1170 3871.7104581512413 1260.8878044577677 3941 1239 3912.2895418487587 1148.1121955422323
3947 1159 3969.3613849569697 1229.788740906458 4051 1204 4028.6386150430303 1133.211259093542
4035 1110 4067.3692613160797 1212.4703638458338 4148 1187 4115.630738683921 1084.5296361541662
4150 1084 4176.427667735732 1167.6612458354746 4245 1146 4218.572332264268 1062.3387541645254
4259 1060 4283.7349074567965 1138.302527266259 4367 1112 4342.2650925432035 1033.697472733741
4359 1027 4381.649155871483 1098.6997283406952 4482 1067 4459.350844128517 995.3002716593047
4470 987 4499.829306132167 1081.4297067141763 4574 1058 4544.170693867833 963.5702932858237
4564 967 4593.768637016952 1061.2376483829862 4661 1040 4631.231362983048 945.7623516170138
4663 937 4690.288807771249 1023.3873300639632 4739 1008 4711.711192228751 921.6126699360368
1318 2549 1342.65920685703 2627.0628842319097 1422 2602 1397.34079314297 2523.9371157680903
1421 2520 1445.0090507822486 2596.004705366198 1521 2572 1496.9909492177514 2495.995294633802
1522 2492 1549.6071848318727 2579.3952064230734 1630 2554 1602.3928151681273 2466.6047935769266
1623 2449 1651.2874038757586 2538.5485546951027 1729 2514 1700.7125961242414 2424.4514453048973
1728 2408 1758.3286041844221 2504.010319029746 1847 2476 1816.6713958155779 2379.989680970254
1845 2378 1869.7037581336801 2456.20391882283 1921 2440 1896.2962418663199 2361.79608117717
1938 2344 1968.9481541130938 2441.971608970585 2048 2417 2017.0518458869062 2319.028391029415
2034 2335 2059.672291269086 2416.2699740476523 2146 2389 2120.327708730914 2307.7300259523477
2129 2282 2165.285229249322 2396.867021743264 2263 2366 2226.714770750678 2251.132978256736
2243 2257 2268.687322753638 2338.317558750811 2352 2312 2326.312677246362 2230.682441249189
2342 2216 2373.9762700097017 2317.226283489486 2457 2291 2425.0237299902983 2189.773716510514
3168 1956 3195.033272533864 2041.5783901102664 3295 2010 3267.966727466136 1924.4216098897336
3277 1931 3303.74550161935 2015.6674026760293 3385 1990 3358.25449838065 1905.3325973239707
3399 1903 3423.6130260493615 1980.9166910853223 3474 1965 3449.3869739506385 1887.0833089146777
3523 1868 3546.857106405709 1943.5236997789443 3596 1928 3572.142893594291 1852.4763002210557
3610 1832 3635.3544573854683 1912.2638172070979 3709 1889 3683.6455426145317 1808.7361827929021
3719 1793 3741.3307788108586 1863.691851981585 3810 1842 3787.6692211891414 1771.308148018415
3802 1765 3826.6441753724785 1843.0152995287513 3909 1817 3884.3558246275215 1738.9847004712487
3902 1734 3928.4888800279527 1817.8550236852209 4023 1788 3996.5111199720473 1704.1449763147791
4013 1703 4040.168555894832 1789.0066524386941 4113 1766 4085.8314441051675 1679.9933475613059
4126 1677 4151.309362931813 1757.1210630976216 4234 1731 4208.690637068187 1650.8789369023784
4225 1632 4251.276809713206 1715.1836792853326 4331 1690 4304.723190286794 1606.8163207146674
4319 1595 4346.652822462535 1682.5396800511055 4437 1654 4409.347177537465 1566.4603199488945
4425 1569 4451.941997272539 1654.2894428542031 4532 1629 4505.058002727461 1543.7105571457969
4546 1553 4568.527274464048 1624.3138921597588 4636 1603 4613.472725535952 1531.6861078402412
4629 1522 4656.713491577751 1609.7317383822956 4754 1579 4726.286508422249 1491.2682616177044
4738 1490 4763.943944345036 1572.1299377416192 4834 1550 4808.056055654964 1467.8700622583808
1560 2590 1582.4064794106255 2660.9314950159337 1655 2638 1632.5935205893745 2567.0685049840663
1656 2558 1682.2617782286534 2641.136094582174 1765 2615 1738.7382217713466 2531.863905417826
1755 2528 1784.1641185728336 2620.323943145306 1858 2597 1828.8358814271664 2504.676056854694
1864 2491 1887.2987687692587 2564.7561876878517 1972 2538 1948.7012312307413 2464.2438123121483
1959 2460 1987.0307822843613 2548.7361757042945 2078 2520 2049.9692177156385 2431.263824295706
2086 2419 2110.96146607909 2498.0197368507497 2187 2474 2162.03853392091 2394.9802631492503
2176 2399 2201.8081178070606 2480.699955894636 2280 2456 2254.1918821929394 2374.300044105364
2272 2351 2304.29410389332 2453.232440330041 2400 2423 2367.70589610668 2320.767559669959
2395 2320 2424.1490870882817 2412.2763584421473 2501 2388 2471.8509129117183 2295.7236415578527
3309 2040 3330.907724535377 2109.35260221892 3408 2085 3386.092275464623 2015.64739778108
3433 2004 3456.1473675697257 2077.2769016191537 3533 2053 3509.8526324302743 1979.7230983808465
3529 1970 3554.142930247727 2049.5941923257656 3632 2025 3606.857069752273 1945.4058076742347
3620 1943 3646.9570287570914 2028.3370275573616 3724 2004 3697.0429712429086 1918.6629724426384
3734 1901 3760.6848325041356 1985.4753443448387 3835 1962 3808.3151674958644 1877.5246556551613
3837 1866 3861.6436321954716 1944.0135800101955 3925 1924 3900.3563678045284 1845.9864199898045
3929 1841 3954.6422282999824 1922.174804641335 4047 1893 4021.3577717000176 1811.825195358665
4051 1805 4079.19667179144 1894.2613269575952 4156 1870 4127.80332820856 1780.7386730424048
4257 1747 4281.976497563642 1826.0673215539086 4355 1803 4330.023502436358 1723.9326784460914
4357 1705 4385.378135960077 1794.8357824326104 4464 1770 4435.621864039923 1680.1642175673896
4452 1685 4476.765513602907 1763.3994161911319 4573 1733 4548.234486397093 1654.6005838088681
4557 1652 4586.436314825789 1745.1856263578286 4663 1721 4633.563685174211 1627.8143736421714
4651 1622 4674.978987813144 1697.9095359598807 4757 1672 4733.021012186856 1596.0904640401193
4766 1583 4793.394571340119 1669.7221425046296 4840 1655 4812.605428659881 1568.2778574953704
1792 2622 1817.0221351943044 2701.2117951819405 1900 2675 1874.9778648056956 2595.7882048180595
1895 2574 1923.3024353603107 2663.596139398261 1998 2640 1969.6975646396893 2550.403860601739
2015 2549 2039.6892698261343 2627.158053638227 2113 2604 2088.310730173866 2525.841946361773
2103 2514 2132.1490870882817 2606.2763584421473 2209 2582 2179.8509129117183 2489.7236415578527
2205 2501 2230.218630847494 2580.8338353601143 2312 2555 2286.781369152506 2475.1661646398857
2320 2458 2344.250640889094 2534.7694996538476 2410 2514 2385.749359110906 2437.2305003461524
3455 2104 3481.171046144335 2186.848866844666 3563 2161 3536.828953855665 2078.151133155334
3566 2073 3589.4646582763376 2147.281338941152 3660 2125 3636.5353417236624 2050.718661058848
3674 2035 3700.5339744816088 2118.9977777946965 3786 2092 3759.4660255183912 2008.0022222053033
3771 2005 3795.689269826134 2083.158053638227 3869 2060 3844.310730173866 1981.841946361773
3961 1937 3985.629143887926 2014.9677148255926 4071 1988 4046.370856112074 1910.0322851744074
4076 1906 4102.473305366395 1989.8057194635062 4181 1965 4154.526694633605 1881.1942805364938
4177 1876 4201.749938941349 1954.3501119694176 4282 1929 4257.250061058651 1850.6498880305824
4280 1842 4304.1293026586645 1918.385382991467 4356 1902 4331.8706973413355 1825.614617008533
4375 1817 4398.434595307233 1891.186169534835 4475 1867 4451.565404692767 1792.813830465165
4482 1785 4506.281247035204 1861.8663885787207 4585 1837 4560.718752964796 1760.1336114212793
4591 1754 4611.9402777539835 1820.289986031209 4692 1795 4671.0597222460165 1728.710013968791
1943 2689 1967.3107668273017 2765.9598384664823 2021 2749 1996.6892331726983 2672.0401615335177
2045 2659 2069.7649704259006 2737.397696672576 2147 2713 2122.2350295740994 2634.602303327424
2157 2624 2180.2676194461424 2697.6575792444223 2233 2681 2209.7323805538576 2607.3424207555777
2248 2608 2267.7306976887385 2670.460856037293 2342 2647 2322.2693023112615 2584.539143962707
2351 2562 2373.224472064982 2632.355320022363 2425 2616 2402.775527935018 2545.644679977637
3605 2171 3628.721823044741 2246.0954374505163 3705 2222 3681.278176955259 2146.9045625494837
3704 2141 3725.3783635140176 2208.676820497033 3794 2187 3772.6216364859824 2119.323179502967
3825 2101 3850.776968483944 2182.601347451207 3897 2168 3871.223031516056 2086.398652548793
3890 2066 3917.1835873793843 2152.054237141853 3987 2130 3959.8164126206157 2043.9457628581472
4005 2037 4030.445732646793 2117.552764463161 4124 2088 4098.554267353207 2007.4472355368387
4116 2005 4141.626653638424 2086.1255004196205 4218 2062 4192.373346361576 1980.8744995803795
4208 1984 4231.978987813144 2059.909535959881 4314 2034 4290.021012186856 1958.0904640401193
4306 1946 4334.650332213033 2036.6974656451332 4416 2011 4387.349667786967 1920.3025343548668
4403 1913 4428.309362931813 1993.1210630976216 4511 1967 4485.690637068187 1886.8789369023784
4520 1891 4542.754376263348 1963.0328212628058 4622 1938 4599.245623736652 1865.9671787371942
2170 2733 2194.4331914117433 2810.3473941659745 2300 2777 2275.5668085882567 2699.6526058340255
2272 2691 2300.3024353603105 2780.596139398261 2375 2757 2346.6975646396895 2667.403860601739
2377 2662 2401.0686335434502 2738.1933246602766 2446 2724 2421.9313664565498 2647.8066753397234
3822 2222 3846.1454204972297 2298.4364067317374 3933 2271 3908.8545795027703 2194.5635932682626
3930 2185 3957.0627923259617 2270.6718399980277 4032 2247 4004.9372076740383 2161.3281600019723
4027 2150 4055.0458137689134 2238.783760407453 4143 2211 4114.954186231087 2122.216239592547
4133 2118 4160.199162040943 2204.1035413635673 4246 2177 4218.800837959057 2090.8964586364327
4242 2076 4269.78864900051 2163.969661898089 4352 2138 4324.21135099949 2050.030338101911
2223 2830 2247.2356094045417 2906.721914950689 2316 2885 2291.7643905954583 2808.278085049311
2314 2808 2334.1236889951165 2871.7049363936408 2406 2849 2385.8763110048835 2785.2950636063592
2408 2776 2430.3613849569697 2846.788740906458 2512 2821 2489.6386150430303 2750.211259093542
4167 2207 4194.002666387753 2292.4815011853934 4281 2265 4253.997333612247 2179.5184988146066
4275 2171 4299.976497563642 2250.067321553908 4373 2227 4348.023502436358 2147.932678446092
2348 2900 2375.6367046239707 2987.488656310835 2431 2970 2403.3632953760293 2882.511343689165
# Transcript
LHSTONDE
******MHDEKATENEIG**
*DHMOSIOYOPWSANODHMOS
ENEGKASWNKAILABOYSWNMH
*RATONDETONNOMONOFEILETW
HNEIHOIDHMOSIOIOIENTHIAKRID
TONDETONNOMONMASTIGOYSQWEK*SAYTWN
IONANATIQENAITAANAQHMATA**CR*HARGRAPO
SIOYSMIAMMENDWREANWNLAMBAN***TOYDHMOYAN
TIQENAICRYSAHARGYRAKAIEANSALLOILABWS**
ROYNTONDENOMONTONDEKAIT*ITHSEXETASEWST
EIKAISTHSAIENAKROPOLHIEDETHNANAGRAFHNMERI
THSSKIROFORTHIISTAMENOYNOMO
GOSLYKOFR*ADHSEIPEOPWSLI
*ORHSOI**TAKAAKAITAL**
*ISIDI**TOISMHDEKA*
**WRI***LEYOY
NAPSE
I*