# Baseline angle
0
# Boxes: x1 y1 x2 y2 x3 y3 x4 y4
98 236 98 346 223 346 223 236
228 235 228 342 338 342 338 235
338 238 338 335 455 335 455 238
479 243 479 348 568 348 568 243
592 236 592 347 687 347 687 236
714 230 714 331 827 331 827 230
831 230 831 315 919 315 919 230
928 227 928 323 1046 323 1046 227
1074 223 1074 340 1156 340 1156 223
1172 206 1172 332 1298 332 1298 206
1295 214 1295 326 1403 326 1403 214
1408 210 1408 300 1535 300 1535 210
1558 207 1558 308 1602 308 1602 207
1622 210 1622 307 1742 307 1742 210
1752 195 1752 304 1842 304 1842 195
1862 196 1862 292 1978 292 1978 196
7 370 7 460 100 460 100 370
118 363 118 458 214 458 214 363
244 360 244 447 327 447 327 360
348 355 348 458 444 458 444 355
478 359 478 452 566 452 566 359
592 354 592 443 696 443 696 354
736 351 736 458 784 458 784 351
834 344 834 458 923 458 923 344
956 340 956 459 1040 459 1040 340
1062 338 1062 435 1150 435 1150 338
1190 336 1190 438 1271 438 1271 336
1298 336 1298 447 1388 447 1388 336
1412 326 1412 432 1507 432 1507 326
1536 326 1536 430 1616 430 1616 326
1631 327 1631 422 1743 422 1743 327
1740 327 1740 415 1830 415 1830 327
1858 306 1858 412 1947 412 1947 306
127 480 127 578 227 578 227 480
363 478 363 584 452 584 452 478
468 472 468 574 550 574 550 472
592 470 592 587 683 587 683 470
704 484 704 574 804 574 804 484
800 475 800 556 938 556 938 475
956 462 956 563 1062 563 1062 462
1079 460 1079 570 1175 570 1175 460
1184 451 1184 560 1275 560 1275 451
1290 464 1290 560 1386 560 1386 464
1415 458 1415 564 1520 564 1520 458
1526 456 1526 543 1620 543 1620 456
1632 435 1632 547 1715 547 1715 435
1718 443 1718 528 1856 528 1856 443
1855 436 1855 539 1962 539 1962 436
118 600 118 702 224 702 224 600
356 592 356 696 459 696 459 592
468 596 468 684 564 684 564 596
588 592 588 684 678 684 678 592
718 583 718 691 798 691 798 583
819 583 819 691 899 691 899 583
944 580 944 699 1027 699 1027 580
1044 583 1044 684 1150 684 1150 583
1175 580 1175 687 1279 687 1279 580
1304 579 1304 672 1363 672 1363 579
1398 572 1398 660 1496 660 1496 572
1526 559 1526 675 1628 675 1628 559
244 715 244 810 343 810 343 715
352 704 352 814 452 814 452 704
474 710 474 803 576 803 576 710
588 691 588 800 690 800 690 691
704 703 704 787 804 787 804 703
814 702 814 794 916 794 916 702
919 706 919 790 1044 790 1044 706
1058 694 1058 788 1163 788 1163 694
1182 698 1182 788 1271 788 1271 698
1287 688 1287 783 1387 783 1387 688
1518 686 1518 775 1627 775 1627 686
1648 680 1648 782 1738 782 1738 680
1744 672 1744 787 1858 787 1858 672
692 820 692 912 804 912 804 820
831 822 831 924 914 924 914 822
951 820 951 927 991 927 991 820
1040 824 1040 932 1119 932 1119 824
1146 823 1146 899 1280 899 1280 823
1314 814 1314 924 1355 924 1355 814
1390 818 1390 919 1500 919 1500 818
1515 794 1515 903 1608 903 1608 794
1618 804 1618 908 1735 908 1735 804
1734 810 1734 890 1859 890 1859 810
1278 934 1278 1034 1379 1034 1379 934
1519 927 1519 1023 1600 1023 1600 927
1623 923 1623 1034 1726 1034 1726 923
1775 919 1775 1034 1819 1034 1819 919
1646 1050 1646 1135 1735 1135 1735 1050
1744 1043 1744 1118 1866 1118 1866 1043
# Transcript
*NTOSEDOXENTWIDHM
ANEYEDIEYCHSDHMAR
*A*EYETWNPROEDRWN
D*SGARGHTTIOS
**ATOYALWPEK*QEN
***CEITWIDHMW*
**L*YSI*
CW