# Baseline angle
6.318165116294742
# Boxes: x1 y1 x2 y2 x3 y3 x4 y4
1910 763 1906.6460451798848 858.8434834675066 2054 864 2057.353954820115 768.1565165324934
2272 781 2268.3321884562442 885.812334664611 2388 890 2391.6678115437558 785.187665335389
2132 768 2128.3542040415414 872.1832115849589 2266 877 2269.6457959584586 772.8167884150411
1032 912 1027.6882017754292 1035.21506520404 1193 1041 1197.3117982245708 917.7849347959601
1632 932 1628.3727369069204 1035.6536116136242 1724 1039 1727.6272630930796 935.3463883863757
1730 929 1725.9921286112033 1043.5299730599315 1768 1045 1772.0078713887967 930.4700269400684
1776 942 1772.3788523472808 1045.4788552026098 1873 1049 1876.6211476527192 945.5211447973901
1885 938 1881.1072854342754 1049.2392217945692 1960 1052 1963.8927145657246 940.760778205431
1984 914 1977.672926560794 1094.804092807496 2069 1098 2075.3270734392063 917.1959071925039
2145 943 2140.71110872121 1065.5604703758495 2239 1069 2243.28889127879 946.4395296241505
2243 952 2239.4279624144615 1054.075473176203 2323 1057 2326.5720375855385 954.924526823797
2317 926 2312.823487640549 1045.349101208557 2360 1047 2364.176512359451 927.6508987914431
2358 937 2353.8858651322244 1054.5665858162097 2452 1058 2456.1141348677756 940.4334141837902
668 1081 663.7692986767818 1201.8976191020665 781 1206 785.2307013232182 1085.1023808979335
410 1099 406.59904956125985 1196.186442463172 487 1199 490.40095043874015 1101.813557536828
499 1090 496.0343650926313 1174.7467528513994 589 1178 591.9656349073688 1093.2532471486006
784 1088 780.3236268397397 1193.0569936400311 893 1197 896.6763731602603 1091.9430063599689
891 1084 886.9846035384726 1198.7450114914402 980 1202 984.0153964615274 1087.2549885085598
1000 1090 996.5936389370848 1187.3410578639393 1044 1189 1047.406361062915 1091.6589421360607
1054 1088 1050.2647320679825 1194.739985924061 1172 1199 1175.7352679320175 1092.260014075939
1172 1088 1168.5076496834438 1187.7983090947241 1260 1191 1263.4923503165562 1091.2016909052759
1263 1091 1259.491749538507 1191.2526757633616 1338 1194 1341.508250461493 1093.7473242366384
1515 1098 1510.7313829465481 1219.9811088503561 1597 1223 1601.2686170534519 1101.0188911496439
1604 1103 1599.933752111333 1219.1981550720056 1680 1222 1684.066247888667 1105.8018449279944
1700 1100 1696.3702907307766 1203.72351417803 1790 1207 1793.6297092692234 1103.27648582197
1790 1105 1786.5660261833143 1203.1301270826498 1840 1205 1843.4339738166857 1106.8698729173502
1844 1105 1840.1544675971988 1214.8909320606122 1929 1218 1932.8455324028012 1108.1090679393878
1934 1118 1929.642947516763 1242.508262645547 2058 1247 2062.357052483237 1122.491737354453
2074 1107 2069.739758018754 1228.7417806132273 2220 1234 2224.260241981246 1112.2582193867727
2357 1111 2352.693280672016 1234.0699293369369 2465 1238 2469.306719327984 1114.9300706630631
453 1244 449.76995016375963 1336.3027424884324 584 1341 587.2300498362404 1248.6972575115676
2229 1102 2224.687351775954 1225.2393550096601 2275 1227 2279.312648224046 1103.7606449903399
641 1233 636.6172626672497 1358.2422395718074 744 1362 748.3827373327503 1236.7577604281926
754 1251 750.158136861415 1360.7860782140035 842 1364 845.841863138585 1254.2139217859965
853 1247 849.0274116209946 1360.5217166143393 977 1365 980.9725883790054 1251.4782833856607
995 1203 988.3283060910533 1393.652056797964 1084 1397 1090.6716939089465 1206.347943202036
1091 1266 1087.955900911721 1352.9889656506753 1174 1356 1177.044099088279 1269.0110343493247
1172 1253 1167.4713420980777 1382.4121036305335 1270 1386 1274.5286579019223 1256.5878963694665
1268 1269 1264.2400837622429 1376.4443423064101 1423 1382 1426.7599162377571 1274.5556576935899
1421 1284 1417.8073476221066 1375.2340630120987 1554 1380 1557.1926523778934 1288.7659369879013
1560 1279 1555.98197081803 1393.8202447941376 1704 1399 1708.01802918197 1284.1797552058624
1698 1275 1693.7668525006377 1395.9675216664723 1809 1400 1813.2331474993623 1279.0324783335277
1801 1290 1796.6810497912952 1413.419442158966 1899 1417 1903.3189502087048 1293.580557841034
2144 1289 2139.9465012639403 1404.8338319780212 2259 1409 2263.0534987360597 1293.1661680219788
1901 1294 1897.2855245652074 1400.1458141266119 2036 1405 2039.7144754347926 1298.8541858733881
2034 1296 2030.3028343425146 1401.6511654374804 2126 1405 2129.697165657485 1299.3488345625196
2257 1281 2252.552065910834 1408.105319005143 2421 1414 2425.447934089166 1286.894680994857
2419 1313 2414.576900760872 1439.3956318845023 2489 1442 2493.423099239128 1315.6043681154977
367 1429 362.41874931097936 1559.9150087652577 422 1562 426.58125068902064 1431.0849912347423
424 1429 420.18504479900025 1538.01715000554 534 1542 537.8149552009997 1432.98284999446
533 1440 529.7252141769802 1533.5811296579832 656 1538 659.2747858230198 1444.4188703420168
662 1435 657.9127730698094 1551.7976576077463 778 1556 782.0872269301906 1439.2023423922537
780 1431 775.6015490666115 1556.6912755021533 813 1558 817.3984509333885 1432.3087244978467
813 1448 809.1170701388519 1558.9596115369459 896 1562 899.8829298611481 1451.0403884630541
900 1446 896.1366395480047 1556.4003910216998 999 1560 1002.8633604519953 1449.5996089783002
999 1459 995.5920427604158 1556.386670622725 1156 1562 1159.4079572395842 1464.613329377275
1149 1462 1145.1128826027489 1573.0792756555104 1200 1575 1203.8871173972511 1463.9207243444896
1191 1457 1187.6946369751788 1551.4549117130555 1289 1555 1292.3053630248212 1460.5450882869445
1283 1468 1279.7166525604757 1561.8257886334036 1399 1566 1402.2833474395243 1472.1742113665964
1584 1449 1580.5521991259247 1547.5252526634645 1737 1553 1740.4478008740753 1454.4747473365355
1735 1427 1730.1162321075756 1566.5598188888716 1857 1571 1861.8837678924244 1431.4401811111284
1857 1449 1852.9723726577522 1564.0945243134693 1936 1567 1940.0276273422478 1451.9054756865307
1936 1444 1932.0899756569681 1555.7338704837007 2054 1560 2057.910024343032 1448.2661295162993
2060 1438 2055.4322032797722 1568.5305446610257 2126 1571 2130.5677967202278 1440.4694553389743
2141 1451 2136.7724496691108 1571.8075755274137 2228 1575 2232.2275503308892 1454.1924244725863
422 1578 418.5841859600967 1675.6111885878981 544 1680 547.4158140399034 1582.3888114121019
536 1580 532.436524030966 1681.830814200783 623 1685 626.563475969034 1583.169185799217
612 1575 607.4297571036278 1705.6004472254317 676 1708 680.5702428963722 1577.3995527745683
680 1578 676.356318490097 1682.1227885542175 730 1684 733.643681509903 1579.8772114457825
776 1575 771.5546986312762 1702.030085702446 885 1706 889.4453013687238 1578.969914297554
877 1584 872.0218677817286 1726.2563983567852 979 1730 983.9781322182714 1587.7436016432148
972 1580 968.037196325571 1693.2421063567162 1104 1698 1107.9628036744289 1584.7578936432838
1101 1595 1097.5480115898217 1693.644916782029 1222 1698 1225.4519884101783 1599.355083217971
1219 1597 1215.1930881436178 1705.7873013020755 1307 1709 1310.8069118563822 1600.2126986979245
1318 1586 1313.062416232405 1727.0976753057987 1396 1730 1400.937583767595 1588.9023246942013
1396 1610 1392.437747119038 1711.79586291858 1484 1715 1487.562252880962 1613.20413708142
1481 1615 1477.0073239399549 1729.095747401541 1560 1732 1563.9926760600451 1617.904252598459
1567 1619 1563.086306392752 1730.8387243303093 1682 1735 1685.913693607248 1623.1612756696907
1702 1610 1698.0445348540034 1723.032398663499 1840 1728 1843.9554651459966 1614.967601336501
1833 1630 1829.39738521266 1732.9492552312752 1888 1735 1891.60261478734 1632.0507447687248
1879 1614 1874.750952355701 1735.42188833511 1977 1739 1981.249047644299 1617.57811166489
1975 1621 1970.8533600261655 1739.4954601637319 2071 1743 2075.1466399738347 1624.5045398362681
2069 1621 2065.0066191237693 1735.1158884117883 2176 1739 2179.9933808762307 1624.8841115882117
2182 1636 2178.3241451116264 1741.0421833680755 2320 1746 2323.6758548883736 1640.9578166319245
2314 1634 2310.151503149168 1743.9756448969736 2368 1746 2371.848496850832 1636.0243551030264
2359 1643 2355.5149882118762 1742.5886014015066 2453 1746 2456.4850117881238 1646.4113985984934
346 1733 342.43092686249247 1834.9907603398417 457 1839 460.56907313750753 1737.0092396601583
461 1735 457.03931077412693 1848.181683325975 509 1850 512.9606892258731 1736.818316674025
498 1728 493.8460214977331 1846.7051678569492 588 1850 592.1539785022669 1731.2948321430508
584 1721 579.7558447079892 1842.2820832062985 686 1846 690.2441552920108 1724.7179167937015
785 1739 780.5485831909159 1866.2048421134602 889 1870 893.4514168090841 1742.7951578865398
885 1735 881.0789678643196 1847.0484320235269 994 1851 997.9210321356804 1738.9515679764731
1001 1735 996.6515091332673 1859.2636036701265 1132 1864 1136.3484908667326 1739.7363963298735
1174 1756 1170.207951744781 1864.3625551773496 1217 1866 1220.792048255219 1757.6374448226504
1211 1743 1207.2004266720503 1851.5775936088583 1305 1855 1308.7995733279497 1746.4224063911417
1298 1752 1293.7556581636907 1873.2874139445898 1457 1879 1461.2443418363093 1757.7125860554102
1455 1746 1450.6730064466774 1869.6492908624302 1575 1874 1579.3269935533226 1750.3507091375698
1578 1735 1571.341760059846 1925.2675926937322 1678 1929 1684.658239940154 1738.7324073062678
1685 1756 1681.0116980203566 1869.9707525446854 1739 1872 1742.9883019796434 1758.0292474553146
1741 1746 1735.931172720098 1890.8481239780901 1826 1894 1831.068827279902 1749.1518760219099
1833 1778 1829.5039804192277 1877.9031629413325 1918 1881 1921.4960195807723 1781.0968370586675
1931 1768 1927.4585396162631 1869.2016911211308 2036 1873 2039.5414603837369 1771.7983088788692
2041 1770 2037.7596471872964 1862.5971630180113 2135 1866 2138.240352812704 1773.4028369819887
2163 1763 2158.9091038055935 1879.902511454355 2276 1884 2280.0908961944065 1767.097488545645
2261 1781 2257.4634319685515 1882.0618859923193 2370 1886 2373.5365680314485 1784.9381140076807
2370 1779 2365.9293780309317 1895.3231499288618 2471 1899 2475.0706219690683 1782.6768500711382
363 1903 358.97726501004024 2017.9547191846577 446 2021 450.02273498995976 1906.0452808153423
450 1890 445.3481419303883 2022.9327035993606 533 2026 537.6518580696118 1893.0672964006394
534 1890 529.9147009740668 2006.7425653152964 623 2010 627.0852990259332 1893.2574346847036
623 1905 619.0496137505902 2017.887262796396 708 2021 711.9503862494098 1908.112737203604
702 1901 697.7104039050246 2023.5806113860965 824 2028 828.2895960949754 1905.4193886139035
809 1914 805.3617291142721 2017.9681731534502 892 2021 895.6382708857279 1917.0318268465498
898 1923 894.3113959590191 2028.4065064620602 997 2032 1000.6886040409809 1926.5934935379398
992 1914 988.1170701388519 2024.9596115369459 1075 2028 1078.8829298611483 1917.0403884630541
1082 1916 1077.7079577288805 2038.6505139505025 1202 2043 1206.2920422711195 1920.3494860494975
1191 1930 1187.8256939431876 2020.7097937790554 1339 2026 1342.1743060568124 1935.2902062209446
1324 1934 1320.1366395480047 2044.4003910216998 1423 2048 1426.8633604519953 1937.5996089783002
1423 1943 1419.9038263965094 2031.4770605134438 1492 2034 1495.0961736034906 1945.5229394865562
1508 1934 1504.3287057363264 2038.9118577729282 1564 2041 1567.6712942636736 1936.0881422270718
1560 1932 1556.3346346323883 2036.7424321002052 1678 2041 1681.6653653676117 1936.2575678997948
1680 1936 1676.0534695591048 2048.777078211496 1711 2050 1714.9465304408952 1937.222921788504
1715 1940 1711.8431902647933 2030.209814351632 1763 2032 1766.1568097352067 1941.790185648368
1765 1934 1761.3003881663706 2039.7210680018861 1855 2043 1858.6996118336294 1937.2789319981139
1905 1910 1900.614629946807 2035.3174728745046 2063 2041 2067.3853700531927 1915.6825271254954
2069 1940 2065.2815235734033 2046.260147506885 2115 2048 2118.7184764265967 1941.739852493115
2117 1938 2113.2788908529606 2044.3353808095821 2218 2048 2221.7211091470394 1941.6646191904179
2215 1923 2210.7091808169525 2045.6155626682994 2336 2050 2340.2908191830475 1927.3844373317006
2351 1940 2346.231575474946 2076.2637368852174 2453 2080 2457.768424525054 1943.7362631147823
2454 1943 2449.55102936706 2070.1349395490547 2560 2074 2564.44897063294 1946.8650604509455
547 2091 542.8668139949581 2209.1109960595 654 2213 658.1331860050419 2094.8890039405
649 2087 644.4662632014911 2216.5572394976366 800 2222 804.5337367985089 2092.4427605023634
802 2108 798.4426394713263 2209.6560577897685 894 2213 897.5573605286737 2111.3439422102315
907 2108 903.5149882118762 2207.588601401507 1001 2211 1004.4850117881238 2111.411398598493
992 2089 988.0174403721197 2202.8066576102538 1165 2209 1168.9825596278802 2095.1933423897462
1158 2100 1154.5022390592687 2199.952924495491 1213 2202 1216.4977609407313 2102.047075504509
1211 2100 1207.4641367847364 2201.0417449820725 1292 2204 1295.5358632152636 2102.9582550179275
1292 2085 1287.272642197509 2220.0902035622753 1399 2224 1403.727357802491 2088.9097964377247
1405 2073 1399.7911810469877 2221.848562364093 1547 2227 1552.2088189530123 2078.151437635907
1560 2100 1556.1298192914592 2210.5952884429616 1682 2215 1685.8701807085408 2104.4047115570384
1698 2089 1693.4493265127808 2219.0412267101856 1778 2222 1782.5506734872192 2091.9587732898144
1770 2097 1766.0838602166077 2208.9086268947153 1883 2213 1886.9161397833923 2101.0913731052847
1886 2113 1882.1618061256313 2222.681224367395 1977 2226 1980.8381938743687 2116.318775632605
1979 2113 1975.9557143674226 2199.9942963889666 2119 2205 2122.044285632577 2118.0057036110334
2115 2095 2110.8392012411878 2213.9000652782106 2228 2218 2232.1607987588122 2099.0999347217894
2239 2098 2234.571490136697 2224.5502472852695 2276 2226 2280.428509863303 2099.4497527147305
2281 2109 2276.6546601255964 2233.1735600954735 2386 2237 2390.3453398744036 2112.8264399045265
2386 2115 2382.009065299914 2229.0459858473823 2495 2233 2498.990934700086 2118.9540141526177
614 2272 610.0716293358872 2384.2581397167437 717 2388 720.9283706641128 2275.7418602832563
704 2283 700.5013476987851 2382.9783962440297 844 2388 847.4986523012149 2288.0216037559703
826 2268 822.2918265498662 2373.965726977306 909 2377 912.7081734501338 2271.034273022694
909 2268 904.8484676738772 2386.6352652925434 1001 2390 1005.1515323261228 2271.3647347074566
994 2266 989.864367818814 2384.180898623906 1099 2388 1103.135632181186 2269.819101376094
1088 2281 1084.665096317151 2376.299073224216 1219 2381 1222.334903682849 2285.700926775784
1215 2272 1210.829416536611 2391.1796755358337 1320 2395 1324.170583463389 2275.8203244641663
1328 2277 1323.7714131253376 2397.8371960713253 1357 2399 1361.2285868746624 2278.1628039286747
1351 2277 1346.3093348396708 2411.0416650961884 1488 2416 1492.6906651603292 2281.9583349038116
1486 2285 1481.987049714617 2399.6751089270347 1577 2403 1581.012950285383 2288.3248910729653
1584 2283 1580.3910832280014 2386.129342380581 1691 2390 1694.6089167719986 2286.870657619419
1687 2288 1683.4204373417308 2390.290511607712 1818 2395 1821.5795626582692 2292.709488392288
1820 2270 1815.167974895199 2408.081203559768 1870 2410 1874.832025104801 2271.918796440232
1861 2298 1857.1808572628972 2407.136814124104 1939 2410 1942.8191427371028 2300.863185875896
1942 2287 1938.1268548434282 2397.680001279323 2033 2401 2036.8731451565718 2290.319998720677
2052 2263 2046.8249092411183 2410.8847367343683 2193 2416 2198.1750907588817 2268.1152632656317
2202 2287 2198.143978076437 2397.1906833284825 2307 2401 2310.856021923563 2290.8093166715175
2276 2277 2272.127373115315 2387.665191007367 2396 2392 2399.872626884685 2281.334808992633
2401 2275 2396.9073624456346 2391.9522730085137 2484 2395 2488.0926375543654 2278.0477269914863
737 2453 733.5978264731878 2550.221393745375 813 2553 816.4021735268122 2455.778606254625
826 2431 821.5251579732484 2558.8742472136064 968 2564 972.4748420267516 2436.1257527863936
946 2451 942.4751445773851 2551.7271834422463 1036 2555 1039.524855422615 2454.2728165577537
1038 2453 1034.0420886778595 2566.1023012279047 1174 2571 1177.9579113221405 2457.8976987720953
1163 2451 1158.4896884191587 2579.88783439749 1276 2584 1280.5103115808413 2455.11216560251
1283 2457 1278.9797111861844 2571.884816620252 1368 2575 1372.0202888138156 2460.115183379748
1357 2464 1353.0469810301477 2576.962496099093 1497 2582 1500.9530189698523 2469.037503900907
1490 2460 1486.4475318236146 2561.516252660957 1586 2565 1589.5524681763854 2463.483747339043
1580 2458 1576.0176269164183 2571.8013268719624 1696 2576 1699.9823730835817 2462.1986731280376
1691 2466 1687.1574320452296 2575.8062192242505 1807 2580 1810.8425679547704 2470.1937807757495
1805 2460 1801.3016112544428 2565.6861167196835 1896 2569 1899.6983887455572 2463.3138832803165
1953 2497 1949.8700982023786 2586.440886143169 2023 2589 2026.1299017976214 2499.559113856831
2032 2471 2028.1752600944237 2580.2967602631634 2134 2584 2137.824739905576 2474.7032397368366
2150 2458 2145.6165578510645 2583.2623805820544 2281 2588 2285.3834421489355 2462.7376194179456
2303 2459 2299.171777374506 2568.3962833714804 2345 2570 2348.828222625494 2460.6037166285196
344 2627 339.37820086030297 2759.073731816244 423 2762 427.62179913969703 2629.926268183756
436 2627 431.0611931443329 2768.132626588001 513 2771 517.9388068556672 2629.867373411999
499 2642 495.3187344874515 2747.196798768843 604 2751 607.6812655125485 2645.803201231157
583 2648 579.6755858379126 2742.9993219563457 694 2747 697.3244141620874 2652.0006780436543
687 2622 682.0800577373005 2762.5935470830022 808 2767 812.9199422626995 2626.4064529169978
384 2802 380.49123126662033 2902.2674860353172 430 2904 433.50876873337967 2803.7325139646828
430 2806 426.50642659537175 2905.8332603769272 517 2909 520.4935734046283 2809.1667396230728
515 2806 511.44037983948067 2907.720629615883 548 2909 551.5596201605193 2807.279370384117
556 2812 552.660908781048 2907.418737342781 655 2911 658.339091218952 2815.581262657219
639 2819 635.3003881663707 2924.721068001886 729 2928 732.6996118336293 2822.278931998114
738 2802 733.3119675601134 2935.966431793491 820 2939 824.6880324398866 2805.033568206509
827 2801 822.8133298473759 2920.6393729427627 976 2926 980.1866701526241 2806.3606270572373
963 2814 959.7383364181846 2907.2061450874157 1011 2909 1014.2616635818154 2815.7938549125843
1008 2810 1003.9073624456345 2926.9522730085137 1091 2930 1095.0926375543654 2813.0477269914863
1087 2823 1083.1549858690857 2932.8761217886567 1201 2937 1204.8450141309143 2827.1238782113433
1216 2817 1212.468137776541 2917.927411601799 1386 2924 1389.531862223459 2823.072588398201
1389 2814 1384.8416474173318 2932.830162713805 1504 2937 1508.1583525826682 2818.169837286195
370 3002 365.76807558870973 3122.9325703842696 482 3127 486.23192441129027 3006.0674296157304
471 3005 467.0073239399549 3119.0957474015413 550 3122 553.992676060045 3007.9042525984587
550 3000 545.5412446624836 3127.4145498066778 648 3131 652.4587553375164 3003.5854501933222
307 3011 303.2893803737221 3117.035629541712 388 3120 391.7106196262779 3013.964370458288
646 3000 642.1156605064813 3110.99989355744 785 3116 788.8843394935187 3005.00010644256
1306 3000 1302.3204758474103 3105.147037214684 1441 3110 1444.6795241525897 3004.852962785316
1436 2983 1431.3596679949237 3115.6033317875786 1557 3120 1561.6403320050763 2987.3966682124214
1552 2987 1548.0471675744461 3099.957165360802 1635 3103 1638.9528324255539 2990.042834639198
1627 2983 1622.3154502800312 3116.866908685174 1769 3122 1773.6845497199688 2988.133091314826
1769 2985 1764.3315369692664 3118.4072112782455 1867 3122 1871.6684630307336 2988.5927887217545
298 3166 294.13419337186065 3276.470293586105 395 3280 398.86580662813935 3169.529706413895
685 3193 681.6088342658363 3289.9068322055487 770 3293 773.3911657341637 3196.0931677944513
768 3173 763.4959904038175 3301.707747248184 829 3304 833.5040095961825 3175.292252751816
576 3162 571.5473601028439 3289.239793395663 679 3293 683.4526398971561 3165.760206604337
840 3134 833.0983241724978 3331.2240797950253 941 3335 947.9016758275022 3137.7759202049747
938 3160 933.6277521880114 3284.942488303937 1021 3288 1025.3722478119887 3163.057511696063
1024 3164 1019.6834959674393 3287.34953959456 1124 3291 1128.316504032561 3167.65046040544
1117 3164 1112.3867624768072 3295.829072840824 1203 3299 1207.6132375231928 3167.170927159176
1294 3140 1289.054891159674 3281.312713737307 1423 3286 1427.945108840326 3144.687286262693
1434 3151 1429.3916548290956 3282.6892677120127 1524 3286 1528.6083451709044 3154.3107322879873
1528 3157 1522.7784318943804 3306.212885458078 1631 3310 1636.2215681056196 3160.787114541922
1638 3177 1633.4016260779706 3308.4043267160982 1679 3310 1683.5983739220294 3178.5956732839018
1686 3181 1681.5466552866587 3308.2599344059104 1817 3313 1821.4533447133413 3185.7400655940896
1821 3195 1817.3482751454794 3299.352637257682 1893 3302 1896.6517248545206 3197.647362742318
1899 3193 1895.4316316786776 3294.9706193295942 1982 3298 1985.5683683213224 3196.0293806704058
373 3322 368.22179077036947 3458.5433471428405 467 3462 471.77820922963053 3325.4566528571595
467 3335 462.6516956775657 3459.258272931835 541 3462 545.3483043224342 3337.741727068165
534 3343 529.9452781758682 3458.868783260224 648 3463 652.0547218241318 3347.131216739776
646 3343 642.0164038283461 3456.8362781541655 761 3461 764.9835961716539 3347.1637218458345
755 3339 750.7355704826509 3460.861444731792 869 3465 873.2644295173491 3343.138555268208
869 3345 864.8374598812288 3463.949826832369 952 3467 956.1625401187712 3348.050173167631
956 3341 951.7946517987067 3461.1731217094703 1004 3463 1008.2053482012933 3342.8268782905297
1013 3350 1008.8631447307419 3468.215849906109 1117 3472 1121.136855269258 3353.784150093891
1124 3363 1120.2219239854605 3470.963280801162 1207 3474 1210.7780760145395 3366.036719198838
1209 3363 1204.6387599806599 3487.627926764111 1301 3491 1305.3612400193401 3366.372073235889
1288 3343 1283.1247937240798 3482.315159913451 1417 3487 1421.8752062759202 3347.684840086549
1417 3358 1413.067960071671 3470.3629935633526 1517 3474 1520.932039928329 3361.6370064366474
1519 3361 1515.1041344419461 3472.329265369222 1620 3476 1623.8958655580539 3364.670734630778
1618 3372 1614.2402703065413 3479.4390115681185 1716 3483 1719.7597296934587 3375.5609884318815
1714 3365 1710.2163268169868 3473.123226940221 1821 3477 1824.7836731830132 3368.876773059779
1823 3361 1818.6365003488143 3485.6924985902256 1856 3487 1860.3634996511857 3362.3075014097744
1856 3385 1852.7461932185038 3477.9816271222426 1939 3481 1942.2538067814962 3388.0183728777574
1947 3367 1942.6896114077995 3490.174783183546 2052 3494 2056.3103885922 3370.825216816454
390 3503 383.0958779963537 3700.2939823594306 489 3704 495.9041220036463 3506.7060176405694
500 3555 495.2403236357488 3691.0137471715057 552 3693 556.7596763642512 3556.9862528284943
554 3579 550.5689906313452 3677.0454142462886 635 3680 638.4310093686548 3581.9545857537114
620 3546 615.6405013406187 3670.578165209952 742 3675 746.3594986593813 3550.421834790048
738 3566 734.3287057363265 3670.911857772928 794 3673 797.6712942636735 3568.088142227072
788 3584 784.5303700849262 3683.149045004825 866 3686 869.4696299150738 3586.850954995175
855 3562 850.4776440827367 3691.2320164812277 901 3693 905.5223559172633 3563.7679835187723
893 3595 889.9957445462122 3680.8503836099358 980 3684 983.0042554537878 3598.1496163900642
969 3573 964.4688959219338 3702.482006194939 1065 3706 1069.5311040780662 3576.517993805061
1059 3566 1054.9931651549769 3680.50035251602 1155 3684 1159.0068348450231 3569.49964748398
1153 3571 1149.0672552554856 3683.3831345736 1281 3688 1284.9327447445144 3575.6168654264
1283 3583 1279.3844495157543 3686.3189090635515 1356 3689 1359.6155504842457 3585.6810909364485
1354 3551 1348.7136082265613 3702.065303414831 1404 3704 1409.2863917734387 3552.934696585169
1467 3529 1461.552119240041 3684.68005460853 1585 3689 1590.447880759959 3533.31994539147
1587 3557 1583.4094295490822 3659.605073147538 1709 3664 1712.5905704509178 3561.394926852462
1716 3551 1712.43897020711 3652.7609116363774 1805 3656 1808.56102979289 3554.2390883636226
1801 3544 1796.864367818814 3662.180898623906 1906 3666 1910.135632181186 3547.819101376094
1902 3535 1897.154334382108 3673.4709984022907 1998 3677 2002.845665617892 3538.5290015977093
417 3720 412.3203426323193 3853.7271035563626 563 3859 567.6796573676806 3725.2728964436374
559 3718 553.6374036774968 3871.2429443879923 661 3875 666.3625963225032 3721.7570556120077
661 3717 656.4800902588808 3846.162113916822 709 3848 713.5199097411192 3718.837886083178
718 3718 713.7221165138583 3840.245908836024 821 3844 825.2778834861417 3721.754091163976
799 3744 795.6836291825304 3838.769473252881 888 3842 891.3163708174696 3747.230526747119
904 3726 899.4038857098162 3857.339754889984 1004 3861 1008.5961142901838 3729.660245110016
1015 3689 1008.4251165930443 3876.885574765645 1126 3881 1132.5748834069557 3693.114425234355
1131 3724 1126.269677749478 3859.174916398637 1207 3862 1211.730322250522 3726.825083601363
1201 3731 1196.7810112856155 3851.5629165519936 1295 3855 1299.2189887143845 3734.4370834480064
1294 3726 1289.8668139949582 3844.1109960595 1401 3848 1405.1331860050418 3729.8890039405
1439 3718 1434.9218529582008 3834.53818836037 1591 3840 1595.0781470417992 3723.46181163963
1576 3739 1571.5928009058086 3864.9412652158653 1659 3868 1663.4071990941914 3742.0587347841347
1651 3720 1646.519042532888 3848.0490036246206 1788 3853 1792.480957467112 3724.9509963753794
1782 3735 1778.5149882118762 3834.588601401507 1876 3838 1879.4850117881238 3738.411398598493
1882 3720 1877.5092578283118 3848.328613882244 2011 3853 2015.4907421716882 3724.671386117756
1994 3724 1990.3395269846765 3828.602626971394 2116 3833 2119.6604730153235 3728.397373028606
187 3916 183.1488704287253 4026.050878199671 296 4030 299.85112957127467 3919.949121800329
290 3901 285.68104979129515 4024.419442158966 388 4028 392.31895020870485 3904.580557841034
384 3910 379.6294935479703 4034.8927267497784 497 4039 501.3705064520297 3914.1072732502216
493 3907 488.29677223136184 4041.400657451882 534 4043 538.703227768638 3908.599342548118
641 3907 635.8348804899936 4054.599795738454 733 4058 738.1651195100064 3910.400204261546
737 3934 733.1899371512884 4042.8773448767283 851 4047 854.8100628487116 3938.1226551232717
849 3908 844.2383957314914 4044.068839463956 928 4047 932.7616042685086 3910.931160536044
921 3921 917.4396750232954 4022.7407706261297 982 4025 985.5603249767046 3923.2592293738703
987 3923 983.2500550111178 4030.159401310496 1093 4034 1096.7499449888821 3926.840598689504
1093 3920 1088.7436138272685 4041.6315960283273 1185 4045 1189.2563861727315 3923.3684039716727
1190 3894 1185.0575238801166 4035.23748043461 1264 4038 1268.9424761198834 3896.76251956539
1264 3910 1259.8177039277773 4029.514378085907 1388 4034 1392.1822960722227 3914.485621914093
1393 3910 1388.7722631248128 4030.812906265705 1537 4036 1541.2277368751872 3915.187093734295
1526 3910 1522.3003881663706 4015.721068001886 1616 4019 1619.6996118336294 3913.278931998114
1620 3916 1615.90962207748 4032.887701182399 1762 4038 1766.09037792252 3921.112298817601
395 4134 391.08701120893716 4245.818583320062 482 4249 485.91298879106284 4137.181416679938
495 4114 490.16534217475623 4252.156436862465 600 4256 604.8346578252438 4117.843563137535
661 4094 655.6833627523482 4245.929605936239 772 4250 777.3166372476518 4098.070394063761
766 4103 761.8502090338361 4221.585503738385 888 4226 892.1497909661639 4107.414496261615
875 4101 870.7485061795569 4222.491790899516 971 4226 975.2514938204431 4104.508209100484
969 4096 964.310039655856 4230.021524085942 1078 4234 1082.689960344144 4099.978475914058
1078 4125 1073.7922056225627 4245.2430242738765 1124 4247 1128.2077943774373 4126.7569757261235
1122 4099 1117.2799807259414 4233.880495869058 1235 4238 1239.7200192740586 4103.119504130942
1247 4110 1242.707626001292 4232.659993484167 1281 4234 1285.292373998708 4111.340006515833
1292 4094 1287.4400600800911 4224.306026695853 1393 4228 1397.5599399199089 4097.693973304147
1402 4125 1398.3849677876412 4228.304098791596 1504 4232 1507.6150322123588 4128.695901208404
1500 4107 1496.1354164599327 4217.435342303903 1598 4221 1601.8645835400673 4110.564657696097
1602 4106 1598.0015402271829 4220.261024278891 1762 4226 1765.9984597728171 4111.738975721109
326 1580 322.3260730158839 1684.9870910756254 437 1689 440.6739269841161 1584.0129089243746
# Transcript
*W*DH*
*****D*SIOS)TRIN*
LHYGEINOSRGEIOYMI*H
*DSYNFERWNALEXANDR*
IDWNIOYMILH*WKRATH***
KMYRIEYHMEROSZWILOYMIL*
MILHQEMISWNFILOXENOY
EROSARTEMWNOSMILHDIONYS
ONOYMILHAPOLLWNIOS
APOLLWNIDOYMILHAGAQ*
EYODOSAQHNA*OYMI**
STOSK********
ILICOYMILHMH
STOYM*****MASAG*
O**HS)FALHALKIMOS
HRAKLEIDHSAQHNAIOY
FRODISIOYEXOIAPOLL*
MFILOYFYLAAGAQHM
OYNIYGEINOSAMEM**
OSKALLINIKOSP



# Lines: x1 y1 x2 y2 x3 y3 x4 y4
1835 812 2438 845
999 960 2490 980
330 1133 2506 1170
422 1284 2514 1362
339 1464 2501 1516
352 1635 2514 1697
308 1780 2495 1821
304 1947 2589 2006
509 2146 2523 2167
560 2315 2523 2328
713 2495 2371 2510
291 2707 892 2714
379 2838 1565 2863
278 3051 1920 3073
278 3214 2039 3236
343 3395 2100 3430
309 3596 2099 3598
374 3771 2170 3769
164 3961 1787 3968
328 4184 1781 4176