# Baseline angle
0.17061354236062476
# Boxes: x1 y1 x2 y2 x3 y3 x4 y4
470 58 440.22556864503827 230.81727833456534 598 258 627.7744313549618 85.18272166543466
622 86 590.6212933886732 268.12884100386566 764 298 795.3787066113268 115.87115899613438
812 114 781.4296828759767 291.4367725185073 924 316 954.5703171240233 138.56322748149267
918 140 886.9446491835946 320.2520136097223 1048 348 1079.0553508164055 167.74798639027773
1052 156 1018.7299576595739 349.1065651196745 1140 370 1173.270042340426 176.89343488032551
1162 184 1129.30651027012 373.76012831342877 1270 398 1302.69348972988 208.23987168657123
1284 198 1248.224558165202 405.6484489459781 1436 438 1471.775441834798 230.3515510540219
1446 226 1410.1330392470381 434.17964466100887 1560 460 1595.8669607529619 251.82035533899113
1588 250 1552.1443271327414 458.1141273162068 1714 486 1749.8556728672586 277.8858726837932
1732 258 1694.6114266882116 475.0114150468519 1770 488 1807.3885733117884 270.9885849531481
1794 298 1762.7603955147276 479.3214619963981 1906 504 1937.2396044852724 322.6785380036019
1938 328 1905.3290860415264 517.6290936238246 2070 546 2102.6709139584736 356.37090637617536
2106 342 2073.5246275960963 530.4941278923468 2268 564 2300.4753724039037 375.50587210765326
212 222 179.91814237031454 408.2100825161625 318 432 350.08185762968543 245.78991748383746
348 268 320.8676386003865 425.4821294140227 498 456 525.1323613996135 298.5178705859773
520 276 491.56414336753653 441.04789937878377 648 468 676.4358566324635 302.95210062121623
664 292 631.8141197339085 478.81385253260964 778 504 810.1858802660915 317.18614746739036
796 318 762.925499214144 509.97159938819664 914 536 947.074500785856 344.02840061180336
84 656 53.27929286421913 834.3096688707769 214 862 244.72070713578086 683.6903311292231
268 698 238.952511267342 866.59794517605 398 894 427.047488732658 725.40205482395
442 722 407.0668113096152 924.7598284262135 600 958 634.9331886903848 755.2401715737865
660 744 618.8815471609121 982.6604474243021 824 1018 865.1184528390879 779.3395525756979
882 790 845.3359376454378 1002.8061958015651 1038 1036 1074.6640623545622 823.1938041984349
1078 822 1043.5631328877005 1021.8790699901965 1230 1054 1264.4368671122995 854.1209300098035
1258 856 1224.1634771021918 1052.3945415377323 1396 1082 1429.8365228978082 885.6054584622675
1426 884 1388.449748790751 1101.9498287439235 1470 1116 1507.550251209249 898.0501712560764
1514 918 1477.7056608157106 1128.6602420715992 1648 1158 1684.2943391842894 947.3397579284008
1672 928 1635.6242139507108 1139.1329773984423 1838 1174 1874.3757860492892 962.8670226015578
1864 944 1823.7939592846217 1177.3646089224967 1990 1206 2030.2060407153783 972.6353910775032
2006 1002 1971.8062576501611 1200.467920966282 2120 1226 2154.1937423498393 1027.5320790337182
134 944 97.24320289473474 1157.34444847321 310 1194 346.75679710526526 980.6555515267898
372 964 328.6079845432979 1215.8566995714932 550 1254 593.3920154567021 1002.1433004285069
574 998 531.7986009191164 1242.9461030547525 654 1264 696.2013990808836 1019.0538969452473
668 1042 634.5997117541447 1235.8625406955684 914 1284 947.4002882458553 1090.1374593044316
926 1060 881.0037092869328 1321.1682622407934 1118 1362 1162.9962907130673 1100.8317377592066
1042 1050 979.5457984659392 1412.4977753899634 1174 1446 1236.4542015340608 1083.5022246100366
1232 1164 1199.1899839154719 1354.4364726312922 1394 1388 1426.8100160845281 1197.5635273687078
1420 1182 1386.8666281205503 1374.3133000254354 1594 1410 1627.1333718794497 1217.6866999745646
1810 1252 1771.962283433291 1472.779183748367 1988 1510 2026.037716566709 1289.220816251633
1998 1296 1959.385730822745 1520.1256205546129 2156 1554 2194.614269177255 1329.8743794453874
228 1268 192.97529239145115 1471.2910241412442 348 1498 383.02470760854885 1294.7089758587558
364 1288 326.27435134250936 1506.9678736990259 518 1540 555.7256486574906 1321.0321263009741
550 1348 519.3482360109768 1525.9095078453502 694 1556 724.6517639890232 1378.0904921546498
712 1358 673.9860750372363 1578.6410921021486 856 1610 894.0139249627637 1389.3589078978514
876 1366 834.7900282427481 1605.1916431393329 1002 1634 1043.2099717572519 1394.8083568606671
1004 1398 965.0397992564172 1624.1334826383602 1150 1656 1188.9602007435828 1429.8665173616398
1170 1438 1133.0363734544615 1652.54493154949 1304 1682 1340.9636265455385 1467.45506845051
1344 1476 1311.0057302466048 1667.505921017968 1488 1698 1520.9942697533952 1506.494078982032
1524 1458 1479.2004666740418 1718.0262395527013 1688 1754 1732.7995333259582 1493.9737604472987
1702 1544 1664.0550181839942 1764.2409310767218 1860 1798 1897.9449818160058 1577.7590689232782
1894 1554 1843.2683993409635 1848.4572491386873 2096 1892 2146.7316006590363 1597.5427508613127
256 1556 216.83175398360498 1783.3410226712544 418 1818 457.168246016395 1590.6589773287456
442 1580 399.4853171773592 1826.7644700607082 604 1862 646.5146828226408 1615.2355299392918
638 1572 590.02699565096 1850.4457559002813 808 1888 855.97300434904 1609.5542440997187
862 1666 825.18554763368 1879.6790921538347 1036 1916 1072.81445236632 1702.3209078461653
1066 1702 1028.724305545243 1918.3562415988313 1224 1952 1261.275694454757 1735.6437584011687
1246 1716 1204.9166266505604 1954.4568384332817 1388 1986 1429.0833733494396 1747.5431615667183
1400 1750 1358.7085813777483 1989.664378466176 1558 2024 1599.2914186222517 1784.335621533824
1594 1788 1557.4851118246563 1999.9403564059098 1790 2040 1826.5148881753437 1828.0596435940902
1812 1850 1773.778029764424 2071.848632135043 1972 2106 2010.2219702355758 1884.1513678649571
2006 1884 1968.726737210321 2100.3421276856025 2048 2114 2085.273262789679 1897.6578723143973
2082 1896 2047.3437997291849 2097.1521273678927 2238 2130 2272.656200270815 1928.8478726321073
230 1838 176.25660621534234 2149.938351789196 432 2194 485.74339378465766 1882.0616482108044
502 1890 464.1352492164549 2109.775252706493 686 2148 723.8647507835451 1928.2247472935067
686 1898 644.1771803100146 2140.7487458932133 872 2180 913.8228196899854 1937.2512541067865
912 1924 867.7794509496658 2180.6656888332273 980 2200 1024.2205490503343 1943.3343111667727
370 2174 332.52876399067304 2391.491207330309 498 2420 535.4712360093268 2202.508792669691
532 2156 483.58832933392927 2436.991870655674 710 2476 758.4116706660707 2195.008129344326
710 2254 672.897271328407 2469.3523105569575 874 2504 911.102728671593 2288.6476894430425
900 2256 859.6661450442705 2490.1064705851622 1068 2526 1108.3338549557293 2291.8935294148378
1098 2344 1065.3403739272294 2533.5635762790225 1242 2564 1274.6596260727706 2374.4364237209775
1262 2340 1223.2817081863388 2564.72939057106 1428 2600 1466.7182918136612 2375.27060942894
1484 2366 1444.7051555757926 2594.0758273773054 1630 2626 1669.2948444242074 2397.9241726226946
1668 2426 1627.6435692728642 2660.2375052747666 1812 2692 1852.3564307271358 2457.7624947252334
1832 2454 1792.7277313471989 2681.9447926877015 2002 2718 2041.2722686528011 2490.0552073122985
312 2486 277.11317868496667 2688.490702090391 460 2720 494.88682131503333 2517.509297909609
496 2526 460.6519365965297 2731.167851535388 628 2760 663.3480634034703 2554.832148464612
682 2544 647.1244665706698 2746.4251847455894 842 2780 876.8755334293302 2577.5748152544106
868 2574 831.3484413636797 2786.7336215001487 978 2812 1014.6515586363203 2599.2663784998513
974 2578 935.9046281722365 2799.1138274289915 1150 2836 1188.0953718277635 2614.8861725710085
1286 2664 1249.451248167547 2876.136908440316 1446 2910 1482.548751832453 2697.863091559684
1452 2694 1415.3145777065702 2906.930173534555 1526 2926 1562.6854222934298 2713.069826465445
1536 2710 1498.897271328407 2925.3523105569575 1700 2960 1737.102728671593 2744.6476894430425
1734 2752 1695.0172234850108 2978.2645173279648 1856 3006 1894.9827765149892 2779.7354826720352
1886 2760 1845.1472476947788 2997.1182637107836 2036 3030 2076.8527523052207 2792.8817362892164
2070 2818 2028.0844455593117 3061.2869985648585 2276 3104 2317.9155544406885 2860.7130014351415
586 2804 544.9629940259119 3042.187712097459 718 3072 759.0370059740881 2833.812287902541
760 2828 716.7833819915395 3078.838654616391 828 3098 871.2166180084605 2847.161345383609
854 2872 820.2098444775434 3068.12541520191 982 3096 1015.7901555224566 2899.87458479809
1026 2918 991.7473865565674 3116.809621603521 1196 3152 1230.2526134434324 2953.190378396479
1252 2956 1212.9934318810658 3182.402608974183 1408 3216 1447.0065681189342 2989.597391025817
1456 2992 1414.316282436069 3233.9413668857455 1612 3268 1653.683717563931 3026.0586331142545
1642 3056 1604.8859834427037 3271.4178279017597 1794 3304 1831.1140165572963 3088.5821720982403
1848 3064 1804.8273177018132 3314.583642193797 2022 3352 2065.172682298187 3101.416357806203
2052 3130 2010.1658924243116 3372.8142632380154 2226 3410 2267.8341075756884 3167.1857367619846
830 3164 787.1043061213832 3412.9759411354758 1002 3450 1044.8956938786168 3201.0240588645242
1050 3224 1009.0081455687246 3461.925642718251 1230 3500 1270.9918544312754 3262.074357281749
# Transcript
*HSGARGHTTIOSE*********
NDEKA
THSSENTIOSAK*******
****SERWS)AQ*ON***
KLOYALHSAQM************
*********HSAPOLLWNIO******
*****YTAI
************YAQMONEYS
***********ONEYSDIOKLH********
**********TIKOSAGNO*****
*******HS
# Lines: x1 y1 x2 y2 x3 y3 x4 y4
