# Baseline angle
0.17061354236062476
# Boxes: x1 y1 x2 y2 x3 y3 x4 y4
464 48 434.22556864503827 220.81727833456534 592 248 621.7744313549618 75.18272166543466
616 76 584.6212933886732 258.12884100386566 758 288 789.3787066113268 105.87115899613438
806 104 775.4296828759767 281.4367725185073 918 306 948.5703171240233 128.56322748149267
912 130 880.9446491835946 310.2520136097223 1042 338 1073.0553508164055 157.74798639027773
1046 146 1012.7299576595739 339.1065651196745 1134 360 1167.270042340426 166.89343488032551
1156 174 1123.30651027012 363.76012831342877 1264 388 1296.69348972988 198.23987168657123
1278 188 1242.224558165202 395.6484489459781 1430 428 1465.775441834798 220.3515510540219
1440 216 1404.1330392470381 424.17964466100887 1554 450 1589.8669607529619 241.82035533899113
1582 240 1546.1443271327414 448.1141273162068 1708 476 1743.8556728672586 267.8858726837932
1726 248 1688.6114266882116 465.0114150468519 1764 478 1801.3885733117884 260.9885849531481
1788 288 1756.7603955147276 469.3214619963981 1900 494 1931.2396044852724 312.6785380036019
1932 318 1899.3290860415264 507.6290936238246 2064 536 2096.6709139584736 346.37090637617536
2100 332 2067.5246275960963 520.4941278923468 2262 554 2294.4753724039037 365.50587210765326
206 212 173.91814237031454 398.2100825161625 312 422 344.08185762968543 235.78991748383746
342 258 314.8676386003865 415.4821294140227 492 446 519.1323613996135 288.5178705859773
514 266 485.56414336753653 431.04789937878377 642 458 670.4358566324635 292.95210062121623
658 282 625.8141197339085 468.81385253260964 772 494 804.1858802660915 307.18614746739036
790 308 756.925499214144 499.97159938819664 908 526 941.074500785856 334.02840061180336
78 646 47.27929286421913 824.3096688707769 208 852 238.72070713578086 673.6903311292231
262 688 232.952511267342 856.59794517605 392 884 421.047488732658 715.40205482395
436 712 401.0668113096152 914.7598284262135 594 948 628.9331886903848 745.2401715737865
654 734 612.8815471609121 972.6604474243021 818 1008 859.1184528390879 769.3395525756979
876 780 839.3359376454378 992.8061958015651 1032 1026 1068.6640623545622 813.1938041984349
1072 812 1037.5631328877005 1011.8790699901965 1224 1044 1258.4368671122995 844.1209300098035
1252 846 1218.1634771021918 1042.3945415377323 1390 1072 1423.8365228978082 875.6054584622675
1420 874 1382.449748790751 1091.9498287439235 1464 1106 1501.550251209249 888.0501712560764
1508 908 1471.7056608157106 1118.6602420715992 1642 1148 1678.2943391842894 937.3397579284008
1666 918 1629.6242139507108 1129.1329773984423 1832 1164 1868.3757860492892 952.8670226015578
1858 934 1817.7939592846217 1167.3646089224967 1984 1196 2024.2060407153783 962.6353910775032
2000 992 1965.8062576501611 1190.467920966282 2114 1216 2148.1937423498393 1017.5320790337182
128 934 91.24320289473474 1147.34444847321 304 1184 340.75679710526526 970.6555515267898
366 954 322.6079845432979 1205.8566995714932 544 1244 587.3920154567021 992.1433004285069
568 988 525.7986009191164 1232.9461030547525 648 1254 690.2013990808836 1009.0538969452473
662 1032 628.5997117541447 1225.8625406955684 908 1274 941.4002882458553 1080.1374593044316
920 1050 875.0037092869328 1311.1682622407934 1112 1352 1156.9962907130673 1090.8317377592066
1036 1040 973.5457984659392 1402.4977753899634 1168 1436 1230.4542015340608 1073.5022246100366
1226 1154 1193.1899839154719 1344.4364726312922 1388 1378 1420.8100160845281 1187.5635273687078
1414 1172 1380.8666281205503 1364.3133000254354 1588 1400 1621.1333718794497 1207.6866999745646
1804 1242 1765.962283433291 1462.779183748367 1982 1500 2020.037716566709 1279.220816251633
1992 1286 1953.385730822745 1510.1256205546129 2150 1544 2188.614269177255 1319.8743794453874
222 1258 186.97529239145115 1461.2910241412442 342 1488 377.02470760854885 1284.7089758587558
358 1278 320.27435134250936 1496.9678736990259 512 1530 549.7256486574906 1311.0321263009741
544 1338 513.3482360109768 1515.9095078453502 688 1546 718.6517639890232 1368.0904921546498
706 1348 667.9860750372363 1568.6410921021486 850 1600 888.0139249627637 1379.3589078978514
870 1356 828.7900282427481 1595.1916431393329 996 1624 1037.2099717572519 1384.8083568606671
998 1388 959.0397992564172 1614.1334826383602 1144 1646 1182.9602007435828 1419.8665173616398
1164 1428 1127.0363734544615 1642.54493154949 1298 1672 1334.9636265455385 1457.45506845051
1338 1466 1305.0057302466048 1657.505921017968 1482 1688 1514.9942697533952 1496.494078982032
1518 1448 1473.2004666740418 1708.0262395527013 1682 1744 1726.7995333259582 1483.9737604472987
1696 1534 1658.0550181839942 1754.2409310767218 1854 1788 1891.9449818160058 1567.7590689232782
1888 1544 1837.2683993409635 1838.4572491386873 2090 1882 2140.7316006590363 1587.5427508613127
250 1546 210.83175398360498 1773.3410226712544 412 1808 451.168246016395 1580.6589773287456
436 1570 393.4853171773592 1816.7644700607082 598 1852 640.5146828226408 1605.2355299392918
632 1562 584.02699565096 1840.4457559002813 802 1878 849.97300434904 1599.5542440997187
856 1656 819.18554763368 1869.6790921538347 1030 1906 1066.81445236632 1692.3209078461653
1060 1692 1022.7243055452429 1908.3562415988313 1218 1942 1255.275694454757 1725.6437584011687
1240 1706 1198.9166266505604 1944.4568384332817 1382 1976 1423.0833733494396 1737.5431615667183
1394 1740 1352.7085813777483 1979.664378466176 1552 2014 1593.2914186222517 1774.335621533824
1588 1778 1551.4851118246563 1989.9403564059098 1784 2030 1820.5148881753437 1818.0596435940902
1806 1840 1767.778029764424 2061.848632135043 1966 2096 2004.2219702355758 1874.1513678649571
2000 1874 1962.726737210321 2090.3421276856025 2042 2104 2079.273262789679 1887.6578723143973
2076 1886 2041.3437997291849 2087.1521273678927 2232 2120 2266.656200270815 1918.8478726321073
224 1828 170.25660621534234 2139.938351789196 426 2184 479.74339378465766 1872.0616482108044
496 1880 458.1352492164549 2099.775252706493 680 2138 717.8647507835451 1918.2247472935067
680 1888 638.1771803100146 2130.7487458932133 866 2170 907.8228196899854 1927.2512541067865
906 1914 861.7794509496658 2170.6656888332273 974 2190 1018.2205490503343 1933.3343111667727
364 2164 326.52876399067304 2381.491207330309 492 2410 529.4712360093268 2192.508792669691
526 2146 477.58832933392927 2426.991870655674 704 2466 752.4116706660707 2185.008129344326
704 2244 666.897271328407 2459.3523105569575 868 2494 905.102728671593 2278.6476894430425
894 2246 853.6661450442705 2480.1064705851622 1062 2516 1102.3338549557293 2281.8935294148378
1092 2334 1059.3403739272294 2523.5635762790225 1236 2554 1268.6596260727706 2364.4364237209775
1256 2330 1217.2817081863388 2554.72939057106 1422 2590 1460.7182918136612 2365.27060942894
1478 2356 1438.7051555757926 2584.0758273773054 1624 2616 1663.2948444242074 2387.9241726226946
1662 2416 1621.6435692728642 2650.2375052747666 1806 2682 1846.3564307271358 2447.7624947252334
1826 2444 1786.7277313471989 2671.9447926877015 1996 2708 2035.2722686528011 2480.0552073122985
306 2476 271.11317868496667 2678.490702090391 454 2710 488.88682131503333 2507.509297909609
490 2516 454.6519365965297 2721.167851535388 622 2750 657.3480634034703 2544.832148464612
676 2534 641.1244665706698 2736.4251847455894 836 2770 870.8755334293302 2567.5748152544106
862 2564 825.3484413636797 2776.7336215001487 972 2802 1008.6515586363203 2589.2663784998513
968 2568 929.9046281722365 2789.1138274289915 1144 2826 1182.0953718277635 2604.8861725710085
1280 2654 1243.451248167547 2866.136908440316 1440 2900 1476.548751832453 2687.863091559684
1446 2684 1409.3145777065702 2896.930173534555 1520 2916 1556.6854222934298 2703.069826465445
1530 2700 1492.897271328407 2915.3523105569575 1694 2950 1731.102728671593 2734.6476894430425
1728 2742 1689.0172234850108 2968.2645173279648 1850 2996 1888.9827765149892 2769.7354826720352
1880 2750 1839.1472476947788 2987.1182637107836 2030 3020 2070.8527523052207 2782.8817362892164
2064 2808 2022.0844455593117 3051.2869985648585 2270 3094 2311.9155544406885 2850.7130014351415
580 2794 538.9629940259119 3032.187712097459 712 3062 753.0370059740881 2823.812287902541
754 2818 710.7833819915395 3068.838654616391 822 3088 865.2166180084605 2837.161345383609
848 2862 814.2098444775434 3058.12541520191 976 3086 1009.7901555224566 2889.87458479809
1020 2908 985.7473865565674 3106.809621603521 1190 3142 1224.2526134434324 2943.190378396479
1246 2946 1206.9934318810658 3172.402608974183 1402 3206 1441.0065681189342 2979.597391025817
1450 2982 1408.316282436069 3223.9413668857455 1606 3258 1647.683717563931 3016.0586331142545
1636 3046 1598.8859834427037 3261.4178279017597 1788 3294 1825.1140165572963 3078.5821720982403
1842 3054 1798.8273177018132 3304.583642193797 2016 3342 2059.172682298187 3091.416357806203
2046 3120 2004.1658924243116 3362.8142632380154 2220 3400 2261.8341075756884 3157.1857367619846
824 3154 781.1043061213832 3402.9759411354758 996 3440 1038.8956938786168 3191.0240588645242
1044 3214 1003.0081455687246 3451.925642718251 1224 3490 1264.9918544312754 3252.074357281749
# Transcript
*HSGARGHTTIOSE*********
NDEKA
THSSENTIOSAK*******
****SERWS)AQ*ON***
KLOYALHSAQM************
*********HSAPOLLWNIO******
*****YTAI
************YAQMONEYS
***********ONEYSDIOKLH********
**********TIKOSAGNO*****
*******HS

