# Baseline angle
-0.016009368330595297
# Boxes: x1 y1 x2 y2 x3 y3 x4 y4
755 355 755 468 850 468 850 355
876 351 876 455 976 455 976 351
994 346 994 450 1106 450 1106 346
1136 337 1136 443 1234 443 1234 337
1280 344 1280 431 1377 431 1377 344
1392 309 1392 422 1513 422 1513 309
1537 322 1537 415 1631 415 1631 322
1653 315 1653 400 1779 400 1779 315
629 519 629 606 737 606 737 519
762 496 762 603 862 603 862 496
882 486 882 583 980 583 980 486
1013 488 1013 571 1110 571 1110 488
1153 456 1153 556 1261 556 1261 456
1288 448 1288 554 1400 554 1400 448
1413 464 1413 551 1517 551 1517 464
1545 439 1545 554 1642 554 1642 439
1682 426 1682 536 1776 536 1776 426
1318 1101 1318 1230 1422 1230 1422 1101
1464 1103 1464 1207 1560 1207 1560 1103
1590 1102 1590 1205 1704 1205 1704 1102
1720 1110 1720 1204 1819 1204 1819 1110
1852 1080 1852 1184 1954 1184 1954 1080
2007 1064 2007 1181 2090 1181 2090 1064
2123 1084 2123 1171 2228 1171 2228 1084
2250 1057 2250 1156 2371 1156 2371 1057
2393 1045 2393 1146 2498 1146 2498 1045
2509 1039 2509 1134 2649 1134 2649 1039
2671 1024 2671 1117 2760 1117 2760 1024
2937 1011 2937 1095 3036 1095 3036 1011
3062 1004 3062 1098 3162 1098 3162 1004
3339 976 3339 1078 3443 1078 3443 976
920 1143 920 1241 1027 1241 1027 1143
798 1257 798 1384 923 1384 923 1257
930 1272 930 1376 1039 1376 1039 1272
1053 1262 1053 1349 1158 1349 1158 1262
1327 1230 1327 1347 1441 1347 1441 1230
1471 1227 1471 1334 1569 1334 1569 1227
1604 1213 1604 1324 1711 1324 1711 1213
1727 1205 1727 1313 1829 1313 1829 1205
1870 1206 1870 1307 1970 1307 1970 1206
2123 1174 2123 1268 2249 1268 2249 1174
2267 1162 2267 1275 2358 1275 2358 1162
2408 1163 2408 1255 2510 1255 2510 1163
3081 1115 3081 1205 3175 1205 3175 1115
3209 1108 3209 1215 3309 1215 3309 1108
3336 1095 3336 1199 3445 1199 3445 1095
3479 1089 3479 1190 3573 1190 3573 1089
673 1408 673 1511 786 1511 786 1408
814 1409 814 1505 913 1505 913 1409
935 1394 935 1510 1053 1510 1053 1394
1183 1385 1183 1477 1317 1477 1317 1385
1354 1378 1354 1474 1428 1474 1428 1378
1475 1370 1475 1456 1572 1456 1572 1370
1597 1341 1597 1452 1701 1452 1701 1341
1730 1332 1730 1444 1835 1444 1835 1332
1880 1326 1880 1420 1971 1420 1971 1326
1993 1328 1993 1421 2141 1421 2141 1328
2272 1309 2272 1418 2370 1418 2370 1309
2399 1291 2399 1400 2502 1400 2502 1291
2546 1293 2546 1397 2654 1397 2654 1293
2801 1289 2801 1380 2903 1380 2903 1289
681 1530 681 1651 781 1651 781 1530
811 1529 811 1634 922 1634 922 1529
946 1526 946 1623 1043 1623 1043 1526
1210 1493 1210 1606 1311 1606 1311 1493
1361 1477 1361 1590 1456 1590 1456 1477
1473 1493 1473 1593 1582 1593 1582 1493
1606 1481 1606 1582 1711 1582 1711 1481
1730 1475 1730 1564 1832 1564 1832 1475
1862 1466 1862 1554 1961 1554 1961 1466
2020 1461 2020 1555 2133 1555 2133 1461
2159 1452 2159 1550 2266 1550 2266 1452
2410 1437 2410 1524 2513 1524 2513 1437
2687 1404 2687 1511 2803 1511 2803 1404
2818 1401 2818 1497 2918 1497 2918 1401
3092 1395 3092 1477 3190 1477 3190 1395
3218 1363 3218 1464 3328 1464 3328 1363
3349 1342 3349 1459 3459 1459 3459 1342
3494 1346 3494 1450 3601 1450 3601 1346
3617 1343 3617 1447 3736 1447 3736 1343
3755 1323 3755 1440 3861 1440 3861 1323
3892 1326 3892 1425 4003 1425 4003 1326
4036 1317 4036 1406 4142 1406 4142 1317
2296 1437 2296 1534 2369 1534 2369 1437
696 1679 696 1772 801 1772 801 1679
809 1658 809 1773 909 1773 909 1658
948 1652 948 1749 1045 1749 1045 1652
1066 1653 1066 1748 1205 1748 1205 1653
1349 1641 1349 1738 1455 1738 1455 1641
1485 1621 1485 1714 1596 1714 1596 1621
1610 1602 1610 1710 1725 1710 1725 1602
1875 1590 1875 1691 1989 1691 1989 1590
2024 1579 2024 1675 2156 1675 2156 1579
2277 1570 2277 1658 2386 1658 2386 1570
2414 1562 2414 1664 2541 1664 2541 1562
2561 1543 2561 1649 2671 1649 2671 1543
2702 1540 2702 1627 2804 1627 2804 1540
2824 1503 2824 1628 2937 1628 2937 1503
2968 1521 2968 1617 3085 1617 3085 1521
3096 1506 3096 1615 3204 1615 3204 1506
3223 1495 3223 1590 3362 1590 3362 1495
3374 1490 3374 1581 3471 1581 3471 1490
3502 1469 3502 1583 3612 1583 3612 1469
3758 1464 3758 1555 3870 1555 3870 1464
3898 1462 3898 1544 4020 1544 4020 1462
695 1786 695 1890 802 1890 802 1786
825 1783 825 1889 917 1889 917 1783
959 1782 959 1886 1074 1886 1074 1782
1094 1772 1094 1876 1208 1876 1208 1772
1216 1741 1216 1870 1321 1870 1321 1741
1369 1757 1369 1859 1487 1859 1487 1757
1620 1733 1620 1844 1727 1844 1727 1733
1746 1732 1746 1832 1862 1832 1862 1732
1892 1713 1892 1812 2001 1812 2001 1713
2031 1710 2031 1807 2148 1807 2148 1710
2168 1709 2168 1807 2261 1807 2261 1709
2285 1698 2285 1788 2423 1788 2423 1698
2434 1692 2434 1788 2535 1788 2535 1692
2572 1668 2572 1776 2684 1776 2684 1668
2836 1645 2836 1758 2942 1758 2942 1645
3112 1640 3112 1739 3216 1739 3216 1640
3232 1622 3232 1733 3359 1733 3359 1622
3383 1623 3383 1709 3493 1709 3493 1623
3506 1603 3506 1717 3613 1717 3613 1603
3637 1608 3637 1709 3754 1709 3754 1608
3750 1577 3750 1699 3881 1699 3881 1577
3898 1576 3898 1687 4013 1687 4013 1576
3254 1755 3254 1864 3355 1864 3355 1755
3390 1765 3390 1853 3493 1853 3493 1765
3658 1761 3658 1832 3776 1832 3776 1761
3785 1720 3785 1815 3896 1815 3896 1720
4058 1704 4058 1778 4170 1778 4170 1704
4196 1696 4196 1790 4298 1790 4298 1696
1618 1872 1618 1978 1745 1978 1745 1872
708 2060 708 2157 808 2157 808 2060
849 2049 849 2154 959 2154 959 2049
977 2048 977 2147 1082 2147 1082 2048
1094 2044 1094 2140 1218 2140 1218 2044
1237 2024 1237 2122 1344 2122 1344 2024
1386 2019 1386 2110 1489 2110 1489 2019
1516 2006 1516 2111 1615 2111 1615 2006
1629 2003 1629 2095 1735 2095 1735 2003
1772 1977 1772 2057 1874 2057 1874 1977
1897 1966 1897 2087 2013 2087 2013 1966
2052 1966 2052 2072 2167 2072 2167 1966
2189 1974 2189 2065 2295 2065 2295 1974
2315 1967 2315 2067 2430 2067 2430 1967
2443 1950 2443 2050 2545 2050 2545 1950
2729 1925 2729 2023 2850 2023 2850 1925
2855 1914 2855 2020 2967 2020 2967 1914
2987 1912 2987 2006 3098 2006 3098 1912
3123 1906 3123 2001 3245 2001 3245 1906
3267 1906 3267 1998 3370 1998 3370 1906
3928 1843 3928 1934 4047 1934 4047 1843
4224 1820 4224 1917 4318 1917 4318 1820
4347 1818 4347 1910 4453 1910 4453 1818
4475 1813 4475 1910 4575 1910 4575 1813
983 2147 983 2251 1074 2251 1074 2147
1113 2141 1113 2241 1215 2241 1215 2141
1398 2124 1398 2217 1484 2217 1484 2124
1521 2123 1521 2212 1624 2212 1624 2123
1643 2110 1643 2216 1757 2216 1757 2110
1781 2108 1781 2199 1877 2199 1877 2108
1931 2092 1931 2191 2032 2191 2032 2092
2065 2101 2065 2186 2174 2186 2174 2101
2198 2080 2198 2174 2310 2174 2310 2080
2457 2067 2457 2163 2563 2163 2563 2067
2728 2050 2728 2144 2843 2144 2843 2050
3003 2026 3003 2122 3117 2122 3117 2026
3140 2021 3140 2117 3261 2117 3261 2021
3276 2019 3276 2112 3388 2112 3388 2019
3404 2012 3404 2106 3524 2106 3524 2012
3540 1998 3540 2088 3646 2088 3646 1998
3773 1851 3773 1964 3892 1964 3892 1851
3789 1960 3789 2075 3889 2075 3889 1960
3943 1957 3943 2066 4043 2066 4043 1957
4090 1967 4090 2053 4191 2053 4191 1967
4222 1947 4222 2060 4333 2060 4333 1947
4353 1941 4353 2030 4460 2030 4460 1941
981 2260 981 2378 1076 2378 1076 2260
1092 2268 1092 2361 1244 2361 1244 2268
1393 2241 1393 2341 1501 2341 1501 2241
1531 2242 1531 2332 1639 2332 1639 2242
1650 2215 1650 2327 1774 2327 1774 2215
1792 2213 1792 2320 1900 2320 1900 2213
1935 2206 1935 2320 2035 2320 2035 2206
2072 2204 2072 2298 2180 2298 2180 2204
2193 2200 2193 2288 2311 2288 2311 2200
2325 2195 2325 2288 2436 2288 2436 2195
2459 2191 2459 2277 2564 2277 2564 2191
2618 2179 2618 2273 2685 2273 2685 2179
2742 2163 2742 2259 2853 2259 2853 2163
2865 2150 2865 2258 2981 2258 2981 2150
3007 2143 3007 2248 3122 2248 3122 2143
3281 2119 3281 2230 3386 2230 3386 2119
3415 2130 3415 2213 3527 2213 3527 2130
3550 2105 3550 2210 3665 2210 3665 2105
3671 2100 3671 2195 3771 2195 3771 2100
3816 2088 3816 2186 3923 2186 3923 2088
3931 2079 3931 2186 4049 2186 4049 2079
4096 2094 4096 2178 4219 2178 4219 2094
4233 2080 4233 2178 4351 2178 4351 2080
4378 2078 4378 2158 4496 2158 4496 2078
4496 2042 4496 2139 4596 2139 4596 2042
865 2425 865 2517 970 2517 970 2425
989 2418 989 2530 1099 2530 1099 2418
1108 2402 1108 2510 1231 2510 1231 2402
1537 2392 1537 2476 1650 2476 1650 2392
1655 2364 1655 2469 1775 2469 1775 2364
1792 2373 1792 2478 1897 2478 1897 2373
2075 2353 2075 2449 2183 2449 2183 2353
2192 2330 2192 2445 2319 2445 2319 2330
2337 2338 2337 2438 2454 2438 2454 2338
2465 2336 2465 2419 2593 2419 2593 2336
2731 2301 2731 2415 2846 2415 2846 2301
2869 2308 2869 2400 2991 2400 2991 2308
3011 2285 3011 2387 3126 2387 3126 2285
3149 2270 3149 2376 3263 2376 3263 2270
3269 2264 3269 2371 3403 2371 3403 2264
3422 2266 3422 2354 3544 2354 3544 2266
3675 2257 3675 2340 3815 2340 3815 2257
3812 2234 3812 2327 3937 2327 3937 2234
3963 2218 3963 2318 4080 2318 4080 2218
4104 2212 4104 2303 4213 2303 4213 2212
4235 2184 4235 2294 4353 2294 4353 2184
4378 2192 4378 2281 4495 2281 4495 2192
1410 2528 1410 2615 1529 2615 1529 2528
1550 2523 1550 2604 1652 2604 1652 2523
1665 2521 1665 2615 1788 2615 1788 2521
1799 2502 1799 2601 1913 2601 1913 2502
1930 2487 1930 2600 2064 2600 2064 2487
2097 2487 2097 2583 2211 2583 2211 2487
2216 2472 2216 2582 2329 2582 2329 2472
2344 2457 2344 2554 2453 2554 2453 2457
2472 2461 2472 2561 2602 2561 2602 2461
2618 2454 2618 2549 2739 2549 2739 2454
2768 2442 2768 2550 2853 2550 2853 2442
2878 2417 2878 2527 2994 2527 2994 2417
3014 2419 3014 2505 3131 2505 3131 2419
3152 2413 3152 2493 3283 2493 3283 2413
3294 2407 3294 2488 3400 2488 3400 2407
3454 2387 3454 2486 3523 2486 3523 2387
3559 2387 3559 2478 3678 2478 3678 2387
3692 2368 3692 2475 3804 2475 3804 2368
3827 2366 3827 2453 3938 2453 3938 2366
3971 2341 3971 2453 4079 2453 4079 2341
4104 2327 4104 2440 4228 2440 4228 2327
4258 2328 4258 2424 4367 2424 4367 2328
4370 2307 4370 2430 4486 2430 4486 2307
4504 2301 4504 2420 4618 2420 4618 2301
757 2833 757 2923 874 2923 874 2833
870 2812 870 2928 986 2928 986 2812
1018 2813 1018 2910 1135 2910 1135 2813
1143 2809 1143 2903 1253 2903 1253 2809
1680 2786 1680 2861 1788 2861 1788 2786
1805 2759 1805 2863 1920 2863 1920 2759
1952 2755 1952 2858 2064 2858 2064 2755
2096 2754 2096 2836 2206 2836 2206 2754
2234 2741 2234 2834 2332 2834 2332 2741
2357 2738 2357 2823 2487 2823 2487 2738
2483 2716 2483 2813 2612 2813 2612 2716
2906 2697 2906 2791 3022 2791 3022 2697
3028 2676 3028 2779 3137 2779 3137 2676
3159 2680 3159 2777 3285 2777 3285 2680
3448 2659 3448 2746 3575 2746 3575 2659
3987 2618 3987 2707 4099 2707 4099 2618
4136 2607 4136 2713 4244 2713 4244 2607
4274 2592 4274 2682 4390 2682 4390 2592
1030 2945 1030 3029 1126 3029 1126 2945
1288 2930 1288 3033 1402 3033 1402 2930
1435 2921 1435 3017 1531 3017 1531 2921
1570 2910 1570 3010 1679 3010 1679 2910
1688 2903 1688 3005 1799 3005 1799 2903
3587 2662 3587 2758 3679 2758 3679 2662
3711 2637 3711 2735 3813 2735 3813 2637
2108 2896 2108 2983 2216 2983 2216 2896
2212 2870 2212 2984 2343 2984 2343 2870
2360 2879 2360 2964 2483 2964 2483 2879
2494 2860 2494 2970 2612 2970 2612 2860
2639 2852 2639 2946 2760 2946 2760 2852
2780 2851 2780 2953 2890 2953 2890 2851
2917 2829 2917 2923 3029 2923 3029 2829
3048 2822 3048 2909 3155 2909 3155 2822
3316 2810 3316 2895 3430 2895 3430 2810
3445 2782 3445 2897 3568 2897 3568 2782
3596 2779 3596 2878 3679 2878 3679 2779
3724 2787 3724 2870 3841 2870 3841 2787
3835 2742 3835 2863 3971 2863 3971 2742
3995 2752 3995 2851 4111 2851 4111 2752
4145 2745 4145 2844 4265 2844 4265 2745
4286 2741 4286 2832 4397 2832 4397 2741
4410 2711 4410 2823 4535 2823 4535 2711
4541 2699 4541 2809 4644 2809 4644 2699
1156 3061 1156 3159 1274 3159 1274 3061
1301 3058 1301 3160 1403 3160 1403 3058
1838 3017 1838 3131 1939 3131 1939 3017
1817 2893 1817 3004 1932 3004 1932 2893
1963 2889 1963 2992 2084 2992 2084 2889
2125 3001 2125 3102 2229 3102 2229 3001
2253 2998 2253 3102 2347 3102 2347 2998
2358 2990 2358 3078 2501 3078 2501 2990
2514 2985 2514 3079 2629 3079 2629 2985
2640 2972 2640 3053 2766 3053 2766 2972
2792 2970 2792 3067 2896 3067 2896 2970
2939 2946 2939 3046 3032 3046 3032 2946
3068 2953 3068 3037 3181 3037 3181 2953
3191 2927 3191 3033 3310 3033 3310 2927
3326 2916 3326 3013 3444 3013 3444 2916
3458 2907 3458 3011 3577 3011 3577 2907
3729 2904 3729 2979 3863 2979 3863 2904
3997 2889 3997 2963 4129 2963 4129 2889
4158 2863 4158 2969 4264 2969 4264 2863
4299 2857 4299 2948 4410 2948 4410 2857
4432 2852 4432 2941 4542 2941 4542 2852
4567 2833 4567 2926 4671 2926 4671 2833
1172 3192 1172 3296 1278 3296 1278 3192
1309 3194 1309 3287 1412 3287 1412 3194
2120 3150 2120 3232 2221 3232 2221 3150
2373 3110 2373 3227 2488 3227 2488 3110
2528 3124 2528 3202 2631 3202 2631 3124
2653 3097 2653 3198 2764 3198 2764 3097
2801 3099 2801 3192 2904 3192 2904 3099
3218 3076 3218 3167 3322 3167 3322 3076
3337 3070 3337 3155 3440 3155 3440 3070
3603 3052 3603 3139 3721 3139 3721 3052
3876 3019 3876 3111 4004 3111 4004 3019
4021 3020 4021 3115 4134 3115 4134 3020
4165 3024 4165 3094 4280 3094 4280 3024
4292 2976 4292 3088 4412 3088 4412 2976
4448 2986 4448 3086 4543 3086 4543 2986
4581 2965 4581 3060 4688 3060 4688 2965
3349 3191 3349 3301 3448 3301 3448 3191
3502 3193 3502 3283 3603 3283 3603 3193
3611 3179 3611 3286 3728 3286 3728 3179
3744 3183 3744 3267 3861 3267 3861 3183
3898 3172 3898 3268 4020 3268 4020 3172
4049 3156 4049 3253 4110 3253 4110 3156
4175 3147 4175 3246 4289 3246 4289 3147
4323 3130 4323 3227 4429 3227 4429 3130
4443 3117 4443 3220 4580 3220 4580 3117
4585 3104 4585 3218 4689 3218 4689 3104
3354 3316 3354 3439 3450 3439 3450 3316
3499 3322 3499 3424 3602 3424 3602 3322
3634 3318 3634 3426 3748 3426 3748 3318
3763 3305 3763 3400 3873 3400 3873 3305
4028 3293 4028 3387 4150 3387 4150 3293
4194 3281 4194 3374 4297 3374 4297 3281
4334 3267 4334 3358 4460 3358 4460 3267
4476 3267 4476 3361 4578 3361 4578 3267
4587 3255 4587 3346 4730 3346 4730 3255
3519 3445 3519 3540 3621 3540 3621 3445
3644 3453 3644 3545 3760 3545 3760 3453
3788 3432 3788 3543 3893 3543 3893 3432
3913 3439 3913 3522 4020 3522 4020 3439
4048 3416 4048 3518 4160 3518 4160 3416
4201 3422 4201 3501 4306 3501 4306 3422
3666 3565 3666 3674 3758 3674 3758 3565
3790 3558 3790 3668 3894 3668 3894 3558
4064 3564 4064 3642 4178 3642 4178 3564
4208 3539 4208 3631 4322 3631 4322 3539
4605 3394 4605 3477 4715 3477 4715 3394
4485 3525 4485 3627 4615 3627 4615 3525
4630 3525 4630 3608 4757 3608 4757 3525
3686 3724 3686 3791 3800 3791 3800 3724
3808 3710 3808 3789 3908 3789 3908 3710
3924 3698 3924 3782 4042 3782 4042 3698
4071 3672 4071 3777 4176 3777 4176 3672
4213 3673 4213 3771 4323 3771 4323 3673
4361 3677 4361 3751 4475 3751 4475 3677
4639 3636 4639 3725 4745 3725 4745 3636
3818 3813 3818 3916 3928 3916 3928 3813
3952 3815 3952 3917 4063 3917 4063 3815
4101 3792 4101 3909 4175 3909 4175 3792
4220 3779 4220 3906 4330 3906 4330 3779
4382 3774 4382 3877 4485 3877 4485 3774
4504 3744 4504 3867 4615 3867 4615 3744
4655 3761 4655 3841 4760 3841 4760 3761
3966 3944 3966 4032 4070 4032 4070 3944
4093 3950 4093 4033 4216 4033 4216 3950
4246 3928 4246 4028 4350 4028 4350 3928
4381 3924 4381 4013 4499 4013 4499 3924
4537 3901 4537 4002 4616 4002 4616 3901
3978 4051 3978 4158 4080 4158 4080 4051
4115 4051 4115 4152 4208 4152 4208 4051
4261 4050 4261 4141 4349 4141 4349 4050
4538 4010 4538 4126 4649 4126 4649 4010
4269 4170 4269 4272 4352 4272 4352 4170
4392 4168 4392 4257 4514 4257 4514 4168
2104 666 2104 761 2200 761 2200 666
2000 789 2000 880 2105 880 2105 789
1708 811 1708 895 1802 895 1802 811
3538 1764 3538 1840 3629 1840 3629 1764
1981 3158 1981 3242 2079 3242 2079 3158
1079 1507 1079 1601 1173 1601 1173 1507
1818 554 1818 654 1906 654 1906 554
1961 547 1961 653 2068 653 2068 547
2086 537 2086 650 2184 650 2184 537
2200 524 2200 637 2313 637 2313 524
635 644 635 746 750 746 750 644
764 618 764 734 866 734 866 618
888 613 888 731 998 731 998 613
1033 588 1033 707 1129 707 1129 588
1171 595 1171 705 1271 705 1271 595
1276 565 1276 693 1402 693 1402 565
1414 583 1414 689 1539 689 1539 583
1537 570 1537 672 1631 672 1631 570
635 761 635 863 726 863 726 761
624 879 624 1000 746 1000 746 879
646 1010 646 1112 738 1112 738 1010
644 1144 644 1249 758 1249 758 1144
778 746 778 848 873 848 873 746
898 739 898 848 996 848 996 739
1029 714 1029 834 1134 834 1134 714
1174 729 1174 828 1271 828 1271 729
1298 709 1298 815 1403 815 1403 709
1564 689 1564 796 1653 796 1653 689
1672 675 1672 791 1792 791 1792 675
1817 675 1817 777 1918 777 1918 675
1962 664 1962 772 2063 772 2063 664
2201 667 2201 777 2321 777 2321 667
770 868 770 996 885 996 885 868
1012 854 1012 964 1144 964 1144 854
1168 844 1168 948 1293 948 1293 844
1314 824 1314 942 1432 942 1432 824
1450 824 1450 939 1543 939 1543 824
1573 810 1573 930 1672 930 1672 810
1831 802 1831 909 1958 909 1958 802
2121 777 2121 889 2217 889 2217 777
785 1005 785 1111 851 1111 851 1005
895 1000 895 1111 1005 1111 1005 1000
1026 991 1026 1106 1155 1106 1155 991
1166 980 1166 1098 1281 1098 1281 980
1345 975 1345 1070 1437 1070 1437 975
1461 951 1461 1071 1543 1071 1543 951
1560 959 1560 1080 1691 1080 1691 959
1717 945 1717 1070 1811 1070 1811 945
1820 940 1820 1047 1941 1047 1941 940
1960 925 1960 1047 2101 1047 2101 925
2121 912 2121 1029 2226 1029 2226 912
2261 895 2261 1022 2351 1022 2351 895
2373 877 2373 1014 2476 1014 2476 877
2513 877 2513 1009 2606 1009 2606 877
2640 889 2640 987 2749 987 2749 889
2791 873 2791 984 2903 984 2903 873
2350 628 2350 769 2473 769 2473 628
2244 769 2244 868 2344 868 2344 769
2359 777 2359 864 2484 864 2484 777
2529 770 2529 871 2597 871 2597 770
807 1145 807 1240 859 1240 859 1145
1051 1131 1051 1218 1128 1218 1128 1131
1187 1127 1187 1232 1289 1232 1289 1127
2767 1000 2767 1108 2912 1108 2912 1000
3209 988 3209 1087 3277 1087 3277 988
673 1275 673 1397 770 1397 770 1275
1174 1246 1174 1361 1281 1361 1281 1246
1998 1186 1999.7365435835136 1294.461195125737 2091 1293 2089.2634564164864 1184.538804874263
2539 1145 2540.6221906506735 1246.318929374544 2623 1245 2621.3778093493265 1143.681070625456
2154 1297 2155.950641604417 1418.8333485468518 2208 1418 2206.049358395583 1296.1666514531482
2692 1247 2694.4225223009107 1398.3061154756165 2776 1397 2773.5774776990893 1245.6938845243835
2924 1267 2925.557277886384 1364.264602111717 3067 1362 3065.442722113616 1264.735397888283
3208 1237 3209.5970968900847 1336.7516210216293 3319 1335 3317.4029031099153 1235.2483789783707
3342 1247 3343.1886127713174 1321.2384832392142 3483 1319 3481.8113872286826 1244.7615167607858
3485 1212 3486.707349375268 1318.637780644746 3589 1317 3587.292650624732 1210.362219355254
3607 1212 3608.8255464777867 1326.0201458910105 3735 1324 3733.1744535222133 1209.9798541089895
2548 1405 2549.841157953169 1519.9952088227492 2612 1519 2610.158842046831 1404.0047911772508
2941 1396 2942.6542039166825 1499.318416818587 3025 1498 3023.3457960833175 1394.681583181413
1226 1643 1227.4758244518237 1735.1771761793082 1301 1734 1299.5241755481763 1641.8228238206918
1744 1598 1745.9167169942227 1717.714482196049 1853 1716 1851.0832830057773 1596.285517803951
2168 1566 2169.7332119697926 1674.253108896675 2248 1673 2246.2667880302074 1564.746891103325
4020 1439 4021.811077512653 1552.1164419670174 4154 1550 4152.188922487347 1436.8835580329826
1496 1741 1497.7355184715993 1849.3971685937179 1585 1848 1583.2644815284007 1739.6028314062821
2716 1650 2717.955254608031 1772.1214679409375 2788 1771 2786.044745391969 1648.8785320590625
2947 1634 2948.8934171794835 1752.2592202741675 3090 1750 3088.1065828205165 1631.7407797258325
4028 1555 4030.3005025100238 1698.6849924158319 4198 1696 4195.699497489976 1552.3150075841681
4201 1546 4203.054369741802 1674.3120098691231 4285 1673 4282.945630258198 1544.6879901308769
1205 1891 1206.7772703007938 2002.0049080919414 1332 2000 1330.2227296992062 1888.9950919080586
1485 1872 1486.8082584548893 1984.940369003965 1608 1983 1606.1917415451107 1870.059630996035
1760 1854 1761.7721447412227 1964.6847754318462 1867 1963 1865.2278552587773 1852.3152245681538
2028 1827 2030.1454228599032 1960.9990136984347 2155 1959 2152.8545771400973 1825.0009863015653
2160 1816 2162.032095038977 1942.920774479261 2282 1941 2279.967904961023 1814.079225520739
2559 1816 2560.723356008273 1923.6375243667676 2663 1922 2661.276643991727 1814.3624756332324
2684 1807 2685.6391049972576 1909.3753671528575 2834 1907 2832.3608950027424 1804.6246328471425
2836 1804 2837.4548311388917 1894.8659739544696 2954 1893 2952.5451688611083 1802.1340260455304
2965 1793 2966.3450912096655 1877.0118275973623 3092 1875 3090.6549087903345 1790.9881724026377
3111 1757 3112.7169490588094 1864.237358541649 3190 1863 3188.2830509411906 1755.762641458351
2591 1947 2592.588895994771 2046.2394087654775 2670 2045 2668.411104005229 1945.7605912345225
4076 1809 4077.913129102523 1928.4903893339822 4171 1927 4169.086870897477 1807.5096106660178
3637 1865 3638.4375431159942 1954.7861970674244 3750 1953 3748.5624568840058 1863.2138029325756
850 2161 851.8645966475516 2277.4591449019085 943 2276 941.1354033524484 2159.5408550980915
1224 2140 1225.556765330427 2237.2325888457076 1365 2235 1363.443234669573 2137.7674111542924
2347 2074 2348.6180902030164 2175.062823246468 2415 2174 2413.3819097969836 2072.937176753532
2602 2056 2603.6501034690264 2159.062310690511 2670 2158 2668.3498965309736 2054.9376893094895
2879 2022 2880.9069784310377 2141.1062301418683 2950 2140 2948.0930215689623 2020.8937698581317
3685 1967 3686.950641604417 2088.833348546852 3739 2088 3737.049358395583 1966.1666514531482
738 2276 739.957817387816 2398.2815342709846 820 2397 818.042182612184 2274.7184657290154
4498 1933 4499.508862829747 2027.2406901553702 4577 2026 4575.491137170253 1931.7593098446298
1253 2263 1254.8021077834037 2375.556209811851 1352 2374 1350.1978922165963 2261.443790188149
3155 2135 3156.7990324476614 2247.3641302157944 3242 2246 3240.2009675523386 2133.6358697842056
2612 2291 2613.9229850640427 2411.1059738638896 2683 2410 2681.0770149359573 2289.8940261361104
3550 2241 3551.7365435835136 2349.461195125737 3643 2348 3641.2634564164864 2239.538804874263
696 2421 697.7480760925484 2530.181493610951 834 2528 832.2519239074516 2418.818506389049
1248 2380 1249.917742106137 2499.7785087280677 1361 2498 1359.082257893863 2378.2214912719323
1382 2360 1384.2409501019745 2499.9654627645536 1507 2498 1504.7590498980255 2358.0345372354464
1925 2355 1926.88880417587 2472.9711008800823 2050 2471 2048.11119582413 2353.0288991199177
4507 2178 4508.625778542373 2279.543022236611 4605 2278 4603.374221457627 2176.456977763389
1546 2780 1547.7081182092038 2886.6858005437603 1653 2885 1651.2918817907962 2778.3141994562397
2634 2692 2635.976130522628 2815.425337690049 2725 2814 2723.023869477372 2690.574662309951
4417 2555 4419.184729307646 2691.4540193423377 4510 2690 4507.815270692354 2553.5459806576623
4523 2560 4524.712731212818 2666.973919937846 4648 2665 4646.287268787182 2558.026080062154
890 2940 892.3488960853509 3086.7075626906276 999 3085 996.6511039146491 2938.2924373093724
1167 2933 1168.5894085507282 3032.271422031487 1248 3031 1246.4105914492718 2931.728577968513
3170 2797 3171.518857670911 2891.8649488425553 3288 2890 3286.481142329089 2795.1350511574447
3890 2878 3891.5868457709425 2977.111355701439 3961 2976 3959.4131542290575 2876.888644298561
1961 3015 1962.7713759072872 3125.636755532832 2065 3124 2063.228624092713 3013.363244467168
1032 3062 1034.0600078573298 3190.6641557952275 1138 3189 1135.9399921426702 3060.3358442047725
920 3092 921.7670191816518 3202.3646427717513 1007 3201 1005.2329808183482 3090.6353572282487
1451 3044 1452.9062095971021 3163.058210242854 1519 3162 1517.0937904028979 3042.941789757146
1685 3019 1686.893417179484 3137.2592202741675 1828 3135 1826.106582820516 3016.7407797258325
3846 2604 3848.0912522894037 2734.615623340256 3949 2733 3946.9087477105963 2602.384376659744
4631 2292 4633.325457390968 2437.2436266114687 4711 2436 4708.674542609032 2290.7563733885313
2748 2679 2750.068977586579 2808.224387950394 2889 2806 2886.931022413421 2676.775612049606
3500 3037 3502.3071442561563 3181.0998231924045 3571 3180 3568.6928557438437 3035.9001768075955
3745 2999 3747.3460770275865 3145.5314897275757 3843 3144 3840.6539229724135 2997.4685102724243
3069 3067 3070.744744478827 3175.973407381889 3194 3174 3192.255255521173 3065.026592618111
1556 3026 1557.9215862758151 3146.018608223139 1684 3144 1682.0784137241849 3023.981391776861
3597 2885 3598.887522785977 3002.891067715058 3717 3001 3715.112477214023 2883.108932284942
1027 3189 1029.2076554460723 3326.885942155487 1147 3325 1144.792344553928 3187.114057844513
1687 3141 1689.169235230599 3276.4862888863254 1782 3275 1779.830764769401 3139.5137111136746
1819 3145 1821.1454228599032 3278.9990136984343 1946 3277 1943.8545771400968 3143.0009863015657
1405 3177 1407.3661841082485 3324.7873395776733 1519 3323 1516.6338158917515 3175.2126604223267
1542 3164 1544.1015034085456 3295.2558886604465 1685 3293 1682.8984965914544 3161.7441113395535
2247 3125 2248.655997862533 3228.43046324962 2338 3227 2336.344002137467 3123.56953675038
2951 3075 2953.084589061961 3205.1994508821326 3028 3204 3025.915410938039 3073.8005491178674
3233 3179 3235.069863818849 3308.279740325135 3315 3307 3312.930136181151 3177.720259674865
3922 3287 3923.827970377928 3401.17153806378 3997 3400 3995.172029622072 3285.82846193622
4342 3379 4343.918510940072 3498.826528627082 4458 3497 4456.081489059928 3377.173471372918
4471 3368 4473.203811276395 3505.645842660416 4576 3504 4573.796188723605 3366.354157339584
4365 3522 4366.764968957823 3632.2365897077134 4444 3631 4442.235031042177 3520.7634102922866
3913 3549 3914.711449822925 3655.8938867728225 4033 3654 4031.288550177075 3547.1061132271775
4528 3638 4529.3604464070695 3722.9708838960964 4590 3722 4588.6395535929305 3637.0291161039036
4651 3879 4652.7685568495235 3989.46068256978 4744 3988 4742.2314431504765 3877.53931743022
4403 4031 4404.620652982802 4132.222889576516 4481 4131 4479.379347017198 4029.7771104234844
4533 4144 4534.998544105097 4268.825247237189 4649 4267 4647.001455894903 4142.174752762811
3283 2629 3285.2450505496317 2769.22156889263 3424 2767 3421.7549494503683 2626.77843110737
854 2546 855.8735663768009 2663.0193770570745 982 2661 980.1264336231991 2543.9806229429255
699 2161 700.7955834356055 2273.1487115110053 835 2271 833.2044165643945 2158.8512884889947
4324 1690 4325.622329530317 1791.327603531822 4471 1789 4469.377670469683 1687.672396468178
# Transcript
*EIEROYKA*
OSTATTOYS****
ONTESEP*MELHT
TOQEAT*ONAPEFH
HS*MONGEGONENAI
EIANTOYQEATROYEPA**
EINIOYEKKERAMEWNTONIE
OYKAISTEFANWSAI***ONEP
NAS*WICRYSWISTEFAN*IAPO
RETHSENEKAKAIDIKAIOSYNHSKA
AYTWITONTAMIANTOYDHMOYAAA
EISQYSIANEKTWNEISTAKATAUHFI*
****K*MEN*NT**DHMWITONDE*RAM
TONKATAPRYTANEIANANA**AUAITOD
FISM*AENSTHLHILIQINHIKAISTHSAI*
I*RWITOYASKLHPIOYEISDETHNANAG*
THSSTHLHSDOYNAITONTAMIANTOYDH*
D*ACMASOQENOINOMOIKELEYOYSI
EYET**NAYTOKLEIDOYSFHTTIOSEIP
NOIEREYSTOYASKLHPIOYTOYENAST
IPERITWNIERWNWNEQYENTWIASKLH
I TOIS ALLOIS QEOIS TOIS MET AYTO
IBOYLHITOYS
*REYEINENTW
*NPROSAGAG
*RHMATISA
LLESQAIT
THIBOYL
*AAPAGG
*EROIS
**TOY


# Lines: x1 y1 x2 y2 x3 y3 x4 y4
715 423 1796 371
585 570 1787 476
595 671 2356 580
588 805 2499 712
579 927 2678 824
624 1048 2937 930
604 1208 3478 1020
659 1330 3590 1138
668 1461 3763 1237
656 1583 4176 1349
633 1720 4198 1468
662 1826 4336 1589
1190 1938 4544 1727
656 2092 4614 1877
662 2223 4684 1986
668 2325 4640 2098
656 2472 4700 2220
774 2594 4777 2351
656 2882 4697 2597
835 3000 4758 2754
873 3119 4713 2869
1001 3263 4752 3004
3203 3256 4755 3144
3309 3375 4810 3299
3457 3492 4810 3436
3632 3637 4786 3581
3645 3741 4797 3678
3781 3858 4769 3791
3861 3990 4808 3927
3816 4118 4810 4074
4171 4228 4764 4189