# Baseline angle
0.6420928891890252
# Boxes: x1 y1 x2 y2 x3 y3 x4 y4
3969 47 3923.8835094770016 107.33213593609692 4001 165 4046.1164905229984 104.66786406390308
3881 145 3836.9636721965944 203.88768573006095 3912 260 3956.0363278034056 201.11231426993905
3744 162 3691.8314912814476 231.76246430308504 3755 279 3807.1685087185524 209.237535696915
3819 232 3768.983383278827 298.88484153143975 3836 349 3886.016616721173 282.11515846856025
3904 287 3846.30972255444 364.1464628717614 3921 420 3978.69027744556 342.8535371282386
4000 375 3954.558594577996 435.7666291696633 3999 469 4044.441405422004 408.2333708303367
4074 426 4026.8483558877633 489.0536499894597 4103 546 4150.151644112237 482.9463500105403
4507 767 4458.897581739021 831.3250750165727 4528 883 4576.102418260979 818.6749249834273
4582 837 4540.257602927532 892.8201213188522 4598 936 4639.742397072468 880.1798786811478
4656 879 4604.531921730296 947.8258119933907 4685 1008 4736.468078269704 939.1741880066093
3661 263 3619.365907893868 318.67529024099696 3688 370 3729.634092106132 314.32470975900304
3751 319 3700.6163011707913 386.3757229671409 3775 442 3825.3836988292087 374.6242770328591
3827 372 3773.1423361957304 444.021291021814 3848 500 3901.8576638042696 427.978708978186
3912 450 3858.738678399146 521.2238309697615 3936 579 3989.261321600854 507.7761690302385
4010 521 3958.661310301146 589.6527868144678 4030 643 4081.338689698854 574.3472131855322
4095 582 4041.1254693121186 654.0438463026682 4132 722 4185.874530687881 649.9561536973318
4184 648 4130.863850249094 719.0564446110524 4203 773 4256.136149750906 701.9435553889476
4254 698 4209.467201517708 757.5515923446851 4301 826 4345.532798482292 766.4484076553149
4363 777 4313.225293536916 843.5613464544482 4378 892 4427.774706463084 825.4386535455518
4426 852 4379.094482866755 914.7245160922542 4449 967 4495.905517133245 904.2754839077458
4504 910 4459.35467983047 969.7020622427538 4544 1033 4588.64532016953 973.2979377572462
4588 978 4538.462987074102 1044.2434901976699 4605 1094 4654.537012925898 1027.7565098023301
4663 1039 4618.371546714082 1098.6795069619 4687 1150 4731.628453285918 1090.3204930381
3612 340 3564.1479254389155 403.9903022991542 3623 448 3670.8520745610845 384.0096977008458
3684 410 3632.903220559235 478.329291737476 3702 530 3753.096779440765 461.67070826252404
3766 468 3719.6950417910734 529.9214172199884 3788 581 3834.3049582089266 519.0785827800116
3843 526 3792.8624281497828 593.0465890699359 3861 644 3911.1375718502172 576.9534109300641
3942 603 3890.661310301146 671.6527868144678 3962 725 4013.338689698854 656.3472131855322
4025 657 3969.353309585484 731.4136711779717 4037 782 4092.646690414516 707.5863288220283
4122 720 4070.815999197414 788.4459287142638 4109 817 4160.184000802586 748.5540712857362
4200 782 4143.865272348404 857.0663001521687 4220 914 4276.134727651596 838.9336998478313
4283 835 4229.142336195731 907.0212910218144 4304 963 4357.857663804269 890.9787089781856
4368 928 4317.7499064625445 995.1970589680046 4379 1041 4429.2500935374555 973.8029410319954
4447 992 4401.1662121445415 1053.2913435266455 4477 1110 4522.833787855458 1048.7086564733545
4530 1052 4477.9440129686855 1121.6119944050158 4548 1174 4600.0559870313145 1104.3880055949842
4615 1113 4561.993238819944 1183.8834194321294 4625 1231 4678.006761180056 1160.1165805678706
4705 1183 4651.868066969996 1254.0508057908387 4720 1305 4773.131933030004 1233.9491942091613
3469 378 3416.1394942744055 448.6878389723523 3454 477 3506.8605057255945 406.3121610276477
3543 428 3494.5389330727908 492.804678811847 3563 544 3611.4610669272092 479.195321188153
3613 496 3572.3251154844165 550.3925875734568 3640 601 3680.6748845155835 546.6074124265432
3700 558 3653.3406098457467 620.3953821950491 3717 668 3763.6593901542533 605.6046178049509
3779 625 3731.498140663339 688.5219761443068 3799 739 3846.501859336661 675.4780238556932
3869 695 3817.427833484863 763.9650042510325 3883 813 3934.572166515137 744.0349957489675
3939 752 3887.657093580243 820.6584256346812 3963 877 4014.342906419757 808.3415743653188
4034 815 3986.252013684348 878.8511100415122 4060 934 4107.747986315652 870.1488899584878
4118 891 4070.018536868065 955.163327478077 4138 1006 4185.981463131935 941.836672521923
4200 943 4153.574086662029 1005.0831647584845 4223 1057 4269.425913337971 994.9168352415155
4289 1016 4238.607867728985 1083.387000607568 4321 1145 4371.392132271015 1077.612999392432
4374 1083 4322.056534655924 1152.4615245069472 4399 1210 4450.943465344076 1140.5384754930528
4467 1128 4406.674010040883 1208.6710757973901 4482 1265 4542.325989959117 1184.3289242026099
4564 1221 4515.797710214491 1285.4586284540014 4566 1323 4614.202289785509 1258.5413715459986
4631 1266 4579.177489784969 1335.2997769684514 4655 1392 4706.822510215031 1322.7002230315486
4716 1344 4661.312517176033 1417.1309685104316 4728 1467 4782.687482823967 1393.8690314895684
3369 434 3324.9721056384 492.87640808963374 3392 543 3436.0278943616 484.12359191036626
3477 505 3427.9299407066665 570.6190553245401 3506 629 3555.0700592933335 563.3809446754599
3562 568 3511.741473020739 635.2083366084315 3581 687 3631.258526979261 619.7916633915685
3659 639 3607.3363954021397 708.0872800480339 3646 737 3697.6636045978603 667.9127199519661
3720 690 3671.180284406561 755.2842826071213 3739 806 3787.819715593439 740.7157173928787
3814 764 3766.018536868065 828.163327478077 3834 879 3881.981463131935 814.836672521923
3888 826 3836.185923226775 895.2884993280243 3904 946 3955.814076773225 876.7115006719757
3988 899 3930.6810213833787 975.6499426158466 3994 1023 4051.3189786166213 946.3500573841534
4075 980 4028.0030447840313 1042.8467918892557 4071 1075 4117.996955215968 1012.1532081107443
4149 1023 4093.72039169352 1096.9227897422704 4154 1142 4209.2796083064795 1068.0772102577296
4247 1105 4197.942590869376 1170.6021388638997 4264 1220 4313.057409130624 1154.3978611361003
4330 1163 4280.104338407871 1229.7230939929439 4346 1279 4395.895661592129 1212.2769060070561
4407 1223 4353.029814508493 1295.171760919883 4421 1346 4474.970185491507 1273.828239080117
4495 1278 4434.215489850124 1359.2842330300928 4490 1401 4550.784510149876 1319.7157669699072
4566 1360 4516.579725482243 1426.0873814793874 4586 1478 4635.420274517757 1411.9126185206126
4658 1424 4605.109977228085 1494.727310713847 4671 1544 4723.890022771915 1473.272689286153
4738 1489 4688.458770353199 1555.2491290178832 4759 1608 4808.541229646801 1541.7508709821168
3236 446 3181.429255584174 518.974859792149 3251 571 3305.570744415826 498.02514020785094
3325 514 3273.4236167639606 582.9706430712461 3343 635 3394.5763832360394 566.0293569287539
3401 579 3350.2576525045615 646.8553267624153 3424 702 3474.7423474954385 634.1446732375847
3498 657 3448.2252935369156 723.5613464544479 3513 772 3562.7747064630844 705.4386535455521
3577 697 3523.872283690899 768.0451669706251 3588 816 3641.127716309101 744.9548330293749
3659 772 3606.827274560545 841.7681031232986 3674 892 3726.172725439455 822.2318968767014
3749 844 3698.382824354509 911.6879404037059 3767 963 3817.617175645491 895.3120595962941
3839 899 3777.356153784105 981.4333822602046 3853 1038 3914.643846215895 955.5666177397954
3919 981 3869.6922471694807 1046.9369115813183 3946 1104 3995.307752830519 1038.0630884186817
4005 1026 3950.7879042504037 1098.4952559968747 4021 1151 4075.2120957495963 1078.5047440031253
4097 1108 4042.934159704866 1180.299675537098 4088 1214 4142.065840295134 1141.7003244629025
4171 1178 4116.792120971307 1250.489617176661 4183 1300 4237.207879028693 1227.510382823339
4257 1243 4205.673960463855 1311.6358703538274 4265 1356 4316.326039536145 1287.3641296461726
4330 1302 4276.863850249094 1373.0564446110523 4349 1427 4402.136149750906 1355.9435553889477
4409 1369 4359.108555128775 1435.7174551727305 4421 1482 4470.891444871225 1415.2825448272695
4491 1424 4435.953868509802 1497.6105723057055 4502 1547 4557.046131490198 1473.3894276942945
4569 1503 4520.8680646927005 1567.3645467580675 4618 1640 4666.1319353072995 1575.6354532419325
4680 1577 4622.084679179963 1654.4474026678988 4683 1700 4740.915320820037 1622.5525973321012
3103 479 3051.578305660228 547.7637849710421 3088 575 3139.421694339772 506.23621502895793
3159 531 3111.1437087180125 594.9959411193676 3174 642 3221.8562912819875 578.0040588806324
3258 604 3208.8300691821373 669.7526087619684 3268 714 3317.1699308178627 648.2473912380316
3339 663 3293.0494737364006 724.4474522449277 3366 779 3411.9505262635994 717.5525477550723
3437 739 3389.981961179517 801.8749859903235 3453 849 3500.018038820483 786.1250140096765
3513 789 3463.696463890384 854.931272761105 3536 909 3585.303536109616 843.068727238895
3594 863 3542.306878355819 932.1267517895285 3609 982 3660.693121644181 912.8732482104715
3674 919 3618.586786401767 993.1014537414067 3692 1048 3747.413213598233 973.8985462585932
3763 993 3711.8905703965256 1061.3462081981165 3793 1122 3844.1094296034744 1053.6537918018835
3862 1064 3809.4686258943148 1134.2477069185727 3876 1184 3928.5313741056852 1113.7522930814273
3937 1127 3885.665527022049 1195.6471479942543 3953 1246 4004.334472977951 1177.3528520057457
4014 1198 3972.1197809148766 1254.004424138202 4047 1310 4088.8802190851234 1253.995575861798
4112 1269 4062.004466883342 1335.8566474303723 4109 1371 4158.9955331166575 1304.1433525696273
4187 1315 4134.226715636226 1385.5712019955645 4203 1437 4255.773284363774 1366.4287980044355
4285 1397 4236.69362196906 1461.5978207116434 4272 1488 4320.30637803094 1423.4021792883566
4334 1445 4282.903220559234 1513.3292917374756 4352 1565 4403.096779440766 1496.6707082625244
4515 1576 4457.439111125291 1652.9734376928386 4523 1702 4580.560888874709 1625.0265623071614
4611 1664 4557.621939991005 1735.379939688044 4632 1791 4685.378060008995 1719.620060311956
2954 487 2899.7921209713063 559.4896171766612 2966 609 3020.2078790286937 536.5103828233388
3024 536 2967.0270198869 612.1872552812131 3043 669 3099.9729801131 592.8127447187869
3100 603 3053.2112212748966 665.568407373972 3126 720 3172.7887787251034 657.431592626028
3197 660 3142.312517176032 733.1309685104312 3209 783 3263.687482823968 709.8690314895688
3280 733 3226.8680669699966 804.0508057908388 3295 855 3348.1319330300034 783.9491942091612
3364 799 3314.700680611287 864.9256339408914 3383 916 3432.299319388713 850.0743660591086
3457 853 3393.5544770111496 937.8426788770025 3474 998 3537.4455229888504 913.1573211229975
3532 933 3477.7921209713068 1005.4896171766611 3544 1055 3598.2078790286937 982.5103828233388
3616 1006 3563.581147581553 1076.0972370205038 3637 1131 3689.418852418447 1060.9027629794962
3722 1071 3666.2576547818576 1145.5415857951866 3711 1179 3766.7423452181424 1104.4584142048134
3792 1131 3740.306878355819 1200.1267517895285 3807 1250 3858.693121644181 1180.8732482104715
3871 1201 3818.7021027105975 1270.9354894820078 3891 1325 3943.2978972894025 1255.0645105179922
3955 1267 3907.135275276207 1331.0072187597948 3978 1384 4025.864724723793 1319.9927812402052
4034 1338 3989.371546714082 1397.6795069619 4058 1449 4102.628453285918 1389.3204930381
4117 1388 4058.82168531736 1465.7990918459584 4142 1528 4200.17831468264 1450.2009081540414
4210 1458 4150.283002407008 1537.8566992846975 4216 1587 4275.716997592992 1507.1433007153025
4290 1528 4240.21686009511 1594.5726240948748 4313 1649 4362.78313990489 1582.4273759051252
4372 1592 4315.268930144988 1667.863760204221 4389 1723 4445.731069855012 1647.136239795779
4466 1671 4413.593797744262 1741.0803205598634 4475 1787 4527.406202255738 1716.9196794401366
4549 1738 4498.019958967376 1806.1731830191932 4570 1860 4620.980041032624 1791.8268169808068
4637 1799 4586.27030266727 1866.8384103017745 4648 1913 4698.72969733273 1845.1615896982255
2795 501 2740.6669491213597 573.6570035353708 2812 627 2866.3330508786403 554.3429964646292
2863 583 2816.5656532202233 645.0944423989114 2894 703 2940.4343467797767 640.9055576010886
2957 648 2904.109977228085 718.7273107138469 2970 768 3022.890022771915 697.2726892861531
3037 684 2976.3153613746535 765.1506795926645 3051 821 3111.6846386253465 739.8493204073355
3134 760 3074.87512788952 839.0648780528581 3147 893 3206.12487211048 813.9351219471419
3226 824 3166.1873476033816 903.9846139019121 3209 936 3268.8126523966184 856.0153860980879
3292 890 3239.9440129686864 959.6119944050162 3310 1012 3362.0559870313136 942.3880055949838
3374 943 3314.2830024070076 1022.8566992846971 3380 1072 3439.7169975929924 992.143300715303
3461 1021 3405.7077415308113 1094.9397062029109 3478 1149 3533.2922584691887 1075.0602937970891
3558 1098 3509.0593292775166 1163.4460301456172 3578 1215 3626.9406707224834 1149.5539698543828
3633 1147 3581.5319217302954 1215.8258119933905 3662 1276 3713.4680782697046 1207.1741880066095
3717 1224 3660.2815803076974 1299.8468437435808 3722 1346 3778.7184196923026 1270.1531562564192
3775 1290 3728.1901376703813 1352.5966014750395 3821 1422 3867.8098623296187 1359.4033985249605
3888 1357 3837.9918167206333 1423.873563891013 3897 1468 3947.0081832793667 1401.126436108987
3967 1429 3916.149347538226 1497.0001578402705 3979 1544 4029.850652461774 1475.9998421597295
4124 1558 4074.337815224154 1624.4108765563792 4146 1678 4195.662184775846 1611.5891234436208
4221 1609 4162.834335480069 1686.7821753853182 4234 1740 4292.165664519931 1662.2178246146818
4297 1686 4244.818841118738 1755.7793807637256 4320 1812 4372.181158881262 1742.2206192362744
4392 1760 4341.015742246473 1828.1788218394072 4417 1885 4467.984257753527 1816.8211781605928
2554 460 2499.908859379448 532.3335084583789 2569 584 2623.091140620552 511.66649154162104
2667 546 2619.1690090434304 609.9621081980865 2658 639 2705.8309909565696 575.0378918019135
2727 596 2678.772409889074 660.4924613752823 2753 716 2801.227590110926 651.5075386247177
2806 653 2757.7766266099766 717.4868225550688 2828 770 2876.2233733900234 705.5131774449312
2879 708 2823.3364427018723 782.4362264588256 2907 845 2962.6635572981277 770.5637735411744
2970 778 2906.4419553239113 862.9931487750714 2980 918 3043.5580446760887 833.0068512249286
3038 866 2987.7330395789327 933.2196142488585 3065 991 3115.2669604210673 923.7803857511415
3139 918 3080.46303665113 996.2786956412326 3163 1058 3221.53696334887 979.7213043587674
3233 988 3175.801976512423 1064.4881950773508 3238 1111 3295.198023487577 1034.5118049226492
3308 1059 3257.979166557924 1125.8904803516532 3329 1179 3379.020833442076 1112.1095196483468
3377 1108 3312.828746236884 1193.813164107978 3400 1259 3464.171253763116 1173.186835892022
3475 1180 3410.96656824954 1265.628861288628 3481 1318 3545.03343175046 1232.371138711372
3558 1243 3503.891992495836 1315.356063739233 3589 1379 3643.108007504164 1306.643936260767
3647 1306 3589.0762457381575 1383.4586803083262 3658 1435 3715.9237542618425 1357.5413196916738
3719 1377 3668.7330395789327 1444.2196142488585 3746 1502 3796.2669604210673 1434.7803857511415
3801 1446 3755.5206440898687 1506.8173785515846 3836 1567 3881.4793559101313 1506.1826214484154
3896 1527 3840.4658312727224 1601.2632012799027 3915 1657 3970.5341687272776 1582.7367987200973
3976 1567 3919.126891411429 1643.0537018437844 4014 1714 4070.873108588571 1637.9462981562156
4064 1652 4005.8385522009717 1729.7765365651044 4073 1780 4131.161447799029 1702.2234634348956
4148 1707 4086.1184602469193 1789.7512385169825 4160 1845 4221.881539753081 1762.2487614830175
4230 1774 4168.481325634052 1856.2659959014952 4239 1909 4300.518674365948 1826.7340040985048
4337 1860 4273.605077661986 1944.7750130344407 4306 1969 4369.394922338014 1884.2249869655593
2455 541 2407.94401069139 603.9257353722446 2507 678 2554.05598930861 615.0742646277554
2584 622 2526.9355818041763 698.3095310782143 2576 735 2633.0644181958237 658.6904689217857
2652 685 2605.3321764039406 747.406659835476 2677 801 2723.6678235960594 738.593340164524
2754 760 2700.6598904791317 831.3291903061224 2739 860 2792.3401095208683 788.6708096938776
2825 816 2769.745692018938 889.8889568209894 2806 917 2861.254307981062 843.1110431790106
2895 876 2847.6190957923836 939.3602286058111 2914 989 2961.3809042076164 925.6397713941889
2972 933 2924.243580242542 996.8623876819391 3006 1058 3053.756419757458 994.1376123180607
3089 1023 3035.768195445467 1094.184359228267 3085 1131 3138.231804554533 1059.815640771733
3156 1076 3105.3701741918 1143.7048568643463 3186 1204 3236.6298258082 1136.2951431356537
3262 1149 3215.2112212748966 1211.5684073739721 3288 1266 3334.7887787251034 1203.4315926260279
3339 1197 3283.582569680864 1271.1070925616202 3361 1329 3416.417430319136 1254.8929074383798
3411 1274 3364.081832704046 1336.7414325528948 3446 1398 3492.918167295954 1335.2585674471052
3505 1337 3444.440533224601 1417.983293233955 3514 1470 3574.559466775399 1389.016706766045
3613 1415 3559.8933672954145 1486.0169728695578 3604 1519 3657.1066327045855 1447.9830271304422
3682 1472 3627.174695163376 1545.3152713297811 3711 1608 3765.825304836624 1534.6847286702189
3771 1549 3720.18308130545 1616.9550472785625 3751 1640 3801.81691869455 1572.0449527214375
3834 1611 3776.3350228798577 1688.1126299504804 3827 1726 3884.6649771201423 1648.8873700495196
3910 1675 3851.2590768811683 1753.551441336303 3900 1790 3958.7409231188317 1711.448558663697
3998 1732 3941.748533940263 1807.222408870451 4015 1862 4071.251466059737 1786.777591129549
4071 1811 4019.3026616349157 1880.1323906097418 4090 1933 4141.697338365084 1863.8676093902582
4162 1858 4096.052369789346 1946.188627803495 4164 1997 4229.947630210654 1908.811372196505
2142 427 2092.4545536322953 493.25476783809654 2167 549 2216.5454463677047 482.7452321619034
2233 493 2183.4503369113922 559.2604066583101 2262 618 2311.5496630886078 551.7395933416899
2327 584 2281.0494737364006 645.4474522449277 2354 700 2399.9505262635994 638.5525477550723
2405 632 2348.856838906598 707.0775777925955 2433 770 2489.143161093402 694.9224222074045
2500 709 2452.026970309871 773.15204983765 2512 818 2559.973029690129 753.84795016235
2577 765 2531.287167273586 826.1295959881495 2606 882 2651.712832726414 820.8704040118505
2670 818 2612.8934145951466 894.3659192803493 2702 961 2759.1065854048534 884.6340807196507
2754 914 2706.048053914386 978.1238557365826 2746 1008 2793.951946085614 943.8761442634174
2827 960 2776.8624281497828 1027.0465890699359 2845 1078 2895.1375718502172 1010.9534109300641
2901 1014 2847.0171643457834 1086.1886773805236 2927 1146 2980.9828356542166 1073.8113226194764
3000 1091 2945.7836875295006 1163.5008948170882 3020 1219 3074.2163124704994 1146.4991051829118
3092 1171 3041.7499064625445 1238.1970589680045 3103 1284 3153.2500935374555 1216.8029410319955
3151 1204 3093.1845507044927 1281.3138492304706 3173 1341 3230.8154492955073 1263.6861507695294
3237 1283 3182.900425937642 1355.3447860988058 3260 1413 3314.099574062358 1340.6552139011942
3339 1347 3280.46303665113 1425.2786956412326 3363 1487 3421.53696334887 1408.7213043587674
3422 1423 3366.699308089005 1496.950983843338 3447 1557 3502.300691910995 1483.049016156662
3504 1510 3456.735834200525 1573.2041198875286 3526 1625 3573.264165799475 1561.7958801124714
3582 1552 3529.6852358269857 1621.9580447628618 3618 1688 3670.3147641730143 1618.0419552371382
3675 1616 3616.959507330016 1693.6147890266084 3683 1743 3741.040492669984 1665.3852109733916
3752 1694 3699.0931103444727 1764.7498659947007 3781 1826 3833.9068896555273 1755.2501340052993
3844 1766 3794.9468075902787 1831.5965000436863 3857 1878 3906.0531924097213 1812.4034999563137
3909 1818 3863.391255519018 1878.9904037305075 3953 1946 3998.608744480982 1885.0095962694925
4005 1894 3955.2210768160126 1960.5669852746614 4024 2012 4073.7789231839874 1945.4330147253386
4105 1971 4058.1239999130757 2033.6850443507599 4100 2065 4146.876000086924 2002.3149556492401
2007 457 1955.4278334848632 525.9650042510325 2021 575 2072.572166515137 506.03499574896756
2094 525 2044.3293817823483 591.4221541968062 2124 651 2173.6706182176517 584.5778458031938
2203 602 2156.60360370835 664.0436930169899 2198 695 2244.39639629165 632.9563069830101
2252 635 2198.267508045678 706.8539046631047 2268 759 2321.732491954322 687.1460953368953
2332 695 2275.2604967031825 770.8750378446481 2357 832 2413.7395032968175 756.1249621553519
2432 777 2381.2576525045615 844.8553267624153 2455 900 2505.7423474954385 832.1446732375847
2519 845 2471.8567893295694 908.0423723490328 2540 959 2587.1432106704306 895.9576276509672
2594 900 2537.0228031659967 976.1928941014263 2617 1036 2673.9771968340033 959.8071058985737
2681 980 2632.5431497936943 1044.7990399916337 2697 1093 2745.4568502063057 1028.2009600083663
2761 1046 2705.937001626191 1119.6331275865596 2788 1181 2843.062998373809 1107.3668724134404
2851 1109 2801.4629870741014 1175.2434901976696 2868 1225 2917.5370129258986 1158.7565098023304
2944 1179 2890.263291324775 1250.8595434833182 2964 1306 3017.736708675225 1234.1404565166818
3032 1259 2990.6415519191805 1314.306684602297 3025 1340 3066.3584480808195 1284.693315397703
3115 1308 3066.3054562565085 1373.1168962484119 3129 1420 3177.6945437434915 1354.8831037515881
3188 1364 3131.51505712398 1439.5346263070157 3199 1490 3255.48494287602 1414.4653736929843
3266 1428 3211.1873453260855 1501.298354869141 3283 1555 3337.8126546739145 1481.701645130859
3360 1495 3302.5558495334312 1571.817328974556 3371 1623 3428.4441504665688 1546.182671025444
3451 1558 3395.353309585484 1632.4136711779718 3463 1683 3518.646690414516 1608.5863288220282
3531 1640 3481.696463890384 1705.931272761105 3554 1760 3603.303536109616 1694.068727238895
3606 1698 3553.4601924525086 1768.2589845589996 3628 1824 3680.5398075474914 1753.7410154410004
3719 1775 3667.5825223811316 1843.758146150829 3700 1868 3751.4174776188684 1799.241853849171
3778 1844 3732.416555844436 1904.9565708092264 3798 1954 3843.583444155564 1893.0434291907736
3887 1899 3828.8722859681957 1976.7314260033963 3864 2003 3922.1277140318043 1925.2685739966037
3941 1965 3880.911703578069 2045.3532195406117 3958 2103 4018.088296421931 2022.6467804593883
4028 2033 3971.264713424085 2108.8693990244346 4049 2167 4105.735286575915 2091.1306009755654
1775 392 1724.2534357836585 459.8609655826287 1802 518 1852.7465642163415 450.1390344173713
1860 468 1813.5825201038351 530.0718871180574 1875 576 1921.4174798961649 513.9281128819426
1926 532 1876.9341574275695 597.6134165043267 1951 653 2000.0658425724305 587.3865834956733
2050 615 1993.4025354367418 690.6850962050847 2054 736 2110.5974645632587 660.3149037949154
2114 665 2055.475686813839 743.2617791805923 2126 796 2184.524313186161 717.7382208194077
2188 736 2134.5009848619607 807.54168722654 2210 864 2263.4990151380393 792.45831277346
2274 809 2224.1085551287742 875.7174551727304 2286 922 2335.8914448712258 855.2825448272696
2358 867 2307.136697375517 935.0170743009111 2382 991 2432.863302624483 922.9829256990889
2461 933 2402.8427689218747 1010.770897744891 2466 1058 2524.1572310781253 980.2291022551091
2534 1010 2485.42219466465 1074.9607875301294 2551 1124 2599.57780533535 1059.0392124698706
2618 1058 2570.8483558877633 1121.0536499894597 2647 1178 2694.1516441122367 1114.9463500105403
2693 1120 2645.4939239424366 1183.5276149645204 2717 1237 2764.5060760575634 1173.4723850354796
2778 1191 2728.0959049660655 1257.7343716333708 2802 1313 2851.9040950339345 1246.2656283666292
2881 1275 2841.284323074965 1328.1098849059165 2908 1378 2947.715676925035 1324.8901150940835
2966 1317 2909.9904441983513 1391.8989137934593 2981 1445 3037.0095558016487 1370.1010862065407
3048 1386 2983.60791958331 1472.1084650839023 3053 1524 3117.39208041669 1437.8915349160977
3123 1455 3070.2267156362263 1525.5712019955645 3139 1577 3191.7732843637737 1506.4287980044355
3201 1529 3148.0973270653762 1599.7442271744874 3226 1658 3278.9026729346238 1587.2557728255126
3301 1604 3246.558644155024 1676.801834613226 3307 1722 3361.441355844976 1649.198165386774
3382 1676 3332.1085551287742 1742.7174551727303 3394 1789 3443.8914448712258 1722.2825448272697
3473 1736 3420.818841118739 1805.7793807637256 3496 1862 3548.181158881261 1792.2206192362744
3558 1792 3503.6711658422623 1864.6513647151573 3571 1915 3625.3288341577377 1842.3486352848427
3622 1855 3572.342031945057 1921.4052377361659 3640 1972 3689.657968054943 1905.5947622638341
3697 1921 3647.7879019731076 1986.8089969641035 3747 2061 3796.2120980268924 1995.1910030358965
3804 1993 3754.9299407066665 2058.61905532454 3833 2117 3882.0700592933335 2051.38094467546
3881 2061 3830.015742246473 2129.1788218394067 3906 2186 3956.984257753527 2117.8211781605933
3964 2127 3915.772409889074 2191.4924613752823 3990 2247 4038.227590110926 2182.5075386247177
1610 412 1559.7203894162237 479.23653070949916 1649 546 1699.2796105837763 478.7634692905009
1791 552 1733.9229316414674 628.326447538855 1795 674 1852.0770683585326 597.673552461145
1865 622 1817.8483558877635 685.0536499894597 1894 742 1941.1516441122365 678.9463500105403
1960 687 1897.3969461935567 770.7160849277448 1974 828 2036.6030538064433 744.2839150722552
2047 756 1991.8286966598553 829.777958664415 2063 883 2118.1713033401447 809.222041335585
2109 823 2058.4953460417473 890.537470505637 2134 947 2184.5046539582527 879.462529494363
2215 909 2166.685188527253 973.6090983520702 2210 1006 2258.314811472747 941.3909016479298
2302 970 2258.6936196917627 1027.9115616788717 2323 1076 2366.3063803082373 1018.0884383211281
2380 1020 2329.49956276265 1087.5318316854234 2401 1141 2451.50043723735 1073.4681683145766
2470 1089 2419.382824354509 1156.6879404037059 2488 1208 2538.617175645491 1140.3120595962941
2544 1162 2495.1760676856584 1227.2899214273348 2567 1281 2615.8239323143416 1215.7100785726652
2635 1216 2583.5656554975194 1284.7807014316827 2632 1321 2683.4343445024806 1252.2192985683173
2714 1280 2662.903220559235 1348.3292917374758 2732 1400 2783.096779440765 1331.6707082625242
2799 1353 2751.9693110168078 1415.891902450964 2827 1472 2874.0306889831922 1409.108097549036
2898 1427 2847.2829528299794 1494.8214938411343 2897 1532 2947.7170471700206 1464.1785061588657
2959 1491 2912.928518607356 1552.6091997834235 2987 1608 3033.071481392644 1546.3908002165765
3054 1559 3000.8680669699966 1630.050805790839 3069 1681 3122.1319330300034 1609.949194209161
3144 1615 3090.2548578829687 1686.8708211237451 3172 1748 3225.7451421170313 1676.1291788762549
3233 1692 3182.7288228580296 1759.225253069072 3264 1820 3314.2711771419704 1752.774746930928
3333 1770 3284.3054562565085 1835.1168962484119 3347 1882 3395.6945437434915 1816.8831037515881
3418 1829 3366.8117824765113 1897.4515675344774 3409 1929 3460.1882175234887 1860.5484324655226
3459 1876 3409.4587703531984 1942.2491290178832 3480 1995 3529.5412296468016 1928.7508709821168
3555 1947 3502.0931103444727 2017.7498659947007 3584 2079 3636.9068896555273 2008.2501340052993
3655 2021 3607.9777444586134 2083.8806248105366 3675 2134 3722.0222555413866 2071.1193751894634
3731 2091 3679.657093580243 2159.658425634681 3755 2216 3806.342906419757 2147.341574365319
3821 2149 3769.4362669266693 2217.953726610606 3827 2261 3878.5637330733307 2192.046273389394
1635 575 1588.4573482538879 637.2392734767667 1655 687 1701.5426517461121 624.7607265232333
1722 644 1676.7709877897632 704.4826058341657 1747 757 1792.2290122102368 696.5173941658343
1803 725 1756.6950417910734 786.9214172199884 1825 838 1871.3049582089266 776.0785827800116
1888 780 1839.1760676856582 845.2899214273348 1911 899 1959.8239323143418 833.7100785726652
1962 847 1913.8764981345062 911.3532691176404 2003 978 2051.123501865494 913.6467308823596
2073 914 2017.1156160482985 988.7315274347499 2083 1038 2138.8843839517012 963.2684725652501
2136 976 2085.983383278827 1042.8848415314399 2153 1093 2203.016616721173 1026.1151584685604
2224 1046 2169.3083004551295 1119.136607330645 2240 1172 2294.6916995448705 1098.863392669355
2308 1092 2251.74431721936 1167.2280476906644 2329 1225 2385.25568278064 1149.7719523093356
2412 1176 2365.8370805246327 1237.731475580425 2413 1273 2459.1629194753673 1211.268524419575
2472 1209 2414.7893263497144 1285.5051115379913 2489 1341 2546.2106736502856 1264.4948884620087
2539 1284 2484.1789118842794 1357.3096325095678 2564 1417 2618.8210881157206 1343.6903674904322
2636 1367 2582.9721552154288 1437.911613533197 2666 1500 2719.0278447845712 1429.088386466803
2727 1416 2668.934207004598 1493.6486219478895 2759 1561 2817.065792995402 1483.3513780521105
2822 1500 2765.152191736847 1576.0198689225035 2836 1629 2892.847808263153 1552.9801310774965
2899 1553 2836.872333267928 1636.0803724141879 2917 1696 2979.127666732072 1612.9196275858121
2981 1630 2925.5783529599607 1704.1127313818336 3007 1765 3062.4216470400393 1690.8872686181664
3076 1698 3019.0270198869002 1774.187255281213 3095 1831 3151.9729801130998 1754.812744718787
3167 1780 3115.42361676396 1848.970643071246 3185 1901 3236.57638323604 1832.029356928754
3242 1838 3186.7077415308113 1911.9397062029109 3259 1966 3314.2922584691887 1892.0602937970891
3328 1896 3272.5910031226695 1970.095814921193 3342 2022 3397.4089968773305 1947.904185078807
3399 1966 3353.537510973481 2026.7948232707306 3418 2075 3463.4624890265195 2014.2051767292692
3502 2026 3444.9060647578553 2102.349002819709 3522 2160 3579.0939352421447 2083.650997180291
3582 2097 3529.7063194315006 2166.9298506617947 3598 2218 3650.2936805684994 2148.0701493382053
3821 2290 3774.811780199215 2351.765308501706 3846 2405 3892.188219800785 2343.234691498294
3925 2366 3869.703524809908 2439.9453450231244 3946 2497 4001.296475190092 2423.0546549768756
4517 2822 4464.693669268791 2891.9467671224347 4545 2952 4597.306330731209 2882.0532328775653
1570 668 1517.4686258943148 738.2477069185726 1584 788 1636.5313741056852 717.7522930814274
1658 729 1604.0466813921041 801.149205639029 1656 840 1709.9533186078959 767.850794360971
1734 794 1678.9538685098025 867.6105723057055 1745 917 1800.0461314901975 843.3894276942945
1819 854 1766.1015437862789 924.7385883542739 1840 980 1892.8984562137211 909.2614116457261
1900 928 1854.1662121445418 989.2913435266455 1930 1046 1975.8337878554582 984.7086564733546
1995 1007 1941.4095467792372 1078.6639630235413 1990 1115 2043.5904532207628 1043.3360369764587
2064 1069 2011.2309323571292 1139.5655631753511 2076 1188 2128.769067642871 1117.434436824649
2134 1126 2089.4629847968054 1185.5572311648984 2185 1257 2229.5370152031946 1197.4427688351016
2257 1211 2205.2070068312896 1280.2603052269567 2253 1316 2304.7929931687104 1246.7396947730433
2324 1262 2270.6303734328108 1333.368662047617 2337 1383 2390.3696265671892 1311.631337952383
2404 1316 2357.5656532202233 1378.0944423989113 2435 1436 2481.4343467797767 1373.9055576010887
2502 1385 2446.4700479936255 1459.2575624596893 2517 1512 2572.5299520063745 1437.7424375403107
2589 1466 2540.564233398209 1530.7708458905663 2585 1564 2633.435766601791 1499.2291541094337
2665 1530 2618.207004553993 1592.5740461941855 2695 1650 2741.792995446007 1587.4259538058145
2759 1595 2706.8357080023507 1664.7568254828714 2766 1709 2818.1642919976493 1639.2431745171286
2820 1663 2781.1183588155664 1714.9945685970858 2852 1768 2890.8816411844336 1716.0054314029142
2905 1707 2861.184498850168 1765.5923847541364 2954 1835 2997.815501149832 1776.4076152458636
3030 1787 2980.6134592494664 1853.0422709176794 3018 1881 3067.3865407505336 1814.9577290823206
3091 1862 3044.92008516555 1923.6204774238506 3127 1985 3173.07991483445 1923.3795225761494
3179 1929 3133.887726197904 1989.3264971158833 3207 2044 3252.112273802096 1983.6735028841167
3277 1998 3231.921459965128 2058.2813865541757 3273 2089 3318.078540034872 2028.7186134458248
3348 2042 3297.6331680544035 2109.353167686287 3356 2153 3406.3668319455965 2085.646832313713
3669 2286 3605.19582834492 2371.3222826722767 3685 2431 3748.80417165508 2345.6777173277233
3764 2361 3709.1831286051824 2434.3039936893542 3785 2491 3839.8168713948176 2417.6960063106458
3858 2456 3810.4939239424366 2519.52761496452 3882 2573 3929.5060760575634 2509.47238503548
3952 2520 3895.160625178653 2596.008591282077 3958 2643 4014.839374821347 2566.991408717923
4039 2596 3985.9890220990405 2666.8890582523427 4053 2717 4106.01097790096 2646.1109417476573
4130 2661 4075.091690522459 2734.426269486356 4124 2771 4178.908309477541 2697.573730513644
4176 2694 4131.946805312982 2752.9102410109144 4223 2821 4267.053194687018 2762.0897589890856
4456 2910 4394.598064042194 2992.109887183213 4468 3047 4529.401935957806 2964.890112816787
1586 815 1533.2267156362263 885.5712019955645 1602 937 1654.7732843637737 866.4287980044355
1677 877 1617.2745689652018 956.8679769251241 1691 1012 1750.7254310347982 932.1320230748759
1755 948 1706.893365018118 1012.3307138367866 1780 1067 1828.106634981882 1002.6692861632135
1850 1019 1799.0283924091816 1087.1619053787665 1863 1135 1913.9716075908184 1066.8380946212335
1914 1075 1860.6219399910049 1146.379939688044 1935 1202 1988.3780600089951 1130.620060311956
2001 1136 1940.5446214700332 1216.844100976313 2025 1280 2085.4553785299668 1199.155899023687
2096 1199 2036.5122625023873 1278.5501206683457 2112 1335 2171.4877374976127 1255.4498793316543
2173 1280 2122.266085946367 1347.844049121988 2188 1397 2238.733914053633 1329.155950878012
2260 1342 2198.364587225911 1424.4221046197772 2266 1475 2327.635412774089 1392.5778953802228
2343 1408 2290.239365798935 1478.554285534924 2347 1521 2399.760634201065 1450.445714465076
2419 1472 2365.263291324775 1543.8595434833182 2439 1599 2492.736708675225 1527.1404565166818
2515 1534 2460.425038863271 1606.9804986123622 2534 1662 2588.574961136729 1589.0195013876378
2590 1610 2539.028392409182 1678.1619053787665 2603 1726 2653.971607590818 1657.8380946212335
2664 1656 2608.603653285378 1730.0788984605526 2666 1773 2721.396346714622 1698.9211015394474
2716 1700 2664.0691848186334 1769.444608046307 2729 1818 2780.9308151813666 1748.555391953693
2788 1745 2733.6711658422623 1817.6513647151573 2801 1868 2855.3288341577377 1795.3486352848427
2846 1808 2797.0593292775166 1873.4460301456172 2866 1925 2914.9406707224834 1859.5539698543828
2943 1873 2890.9440129686864 1942.6119944050163 2961 1995 3013.0559870313136 1925.3880055949837
3022 1935 2969.455975731606 2005.2646233792132 3048 2064 3100.544024268394 1993.7353766207868
3120 2005 3065.709116330389 2077.6006153332355 3097 2101 3151.290883669611 2028.3993846667643
3166 2042 3112.8722836908996 2113.045166970625 3177 2161 3230.1277163091004 2089.954833029375
3500 2295 3436.333650357576 2380.137979852927 3499 2427 3562.666349642424 2341.862020147073
3565 2360 3508.143758295041 2436.0311465629306 3587 2495 3643.856241704959 2418.9688534370694
3640 2427 3590.21686009511 2493.572624094875 3663 2548 3712.78313990489 2481.427375905125
3718 2469 3663.9383764257686 2541.2940367168844 3705 2572 3759.0616235742314 2499.7059632831156
3787 2514 3726.4489666664067 2594.972015593528 3788 2641 3848.5510333335933 2560.027984406472
3857 2568 3801.716174972617 2641.9284285624835 3866 2690 3921.283825027383 2616.0715714375165
3916 2620 3862.275941487484 2691.842627022678 3924 2738 3977.724058512516 2666.157372977322
3982 2661 3924.79775979152 2737.4938338975644 3991 2787 4048.20224020848 2710.5061661024356
4044 2730 3988.1156160482988 2804.7315274347498 4054 2854 4109.884383951701 2779.2684725652502
4131 2797 4074.3941019949357 2872.696373845512 4143 2924 4199.605898005064 2848.303626154488
4226 2867 4171.2126456515025 2940.2645219478595 4219 2976 4273.7873543484975 2902.7354780521405
4288 2931 4233.671165842262 3003.651364715157 4301 3054 4355.328834157738 2981.348635284843
4377 2999 4327.333598503251 3065.416515376592 4403 3122 4452.666401496749 3055.583484623408
4459 3061 4400.4883369765475 3139.244862719952 4459 3183 4517.5116630234525 3104.755137280048
4551 3125 4501.342031945057 3191.4052377361654 4569 3242 4618.657968054943 3175.5947622638346
1355 783 1306.5389330727912 847.8046788118471 1375 899 1423.4610669272088 834.1953211881529
1604 959 1552.5487886139076 1027.8032567125365 1617 1076 1668.4512113860926 1007.1967432874634
1677 1023 1622.7626039249858 1095.5290889181558 1717 1166 1771.2373960750142 1093.4709110818442
1772 1086 1713.3462982429885 1164.434804359515 1793 1224 1851.6537017570115 1145.565195640485
1867 1159 1812.904642658545 1231.3391472785925 1886 1286 1940.095357341455 1213.6608527214075
1944 1234 1893.0157422464729 1302.178821839407 1969 1359 2019.9842577535271 1290.821178160593
2014 1287 1966.7147505960104 1350.2323139885962 2056 1417 2103.28524940399 1353.767686011404
2111 1356 2059.65287685934 1424.6640644548947 2139 1484 2190.34712314066 1415.3359355451053
2528 1700 2482.8919429188077 1760.32085829567 2552 1812 2597.1080570811923 1751.67914170433
2795 1898 2743.3279619603336 1967.0985576884607 2790 2002 2841.6720380396664 1932.9014423115393
3126 2181 3083.060701799799 2238.420680243171 3140 2281 3182.939298200201 2223.579319756829
2602 1741 2551.3701741918 1808.7048568643463 2632 1869 2682.6298258082 1801.2951431356537
2430 1618 2385.3673299931784 1677.6851457821133 2458 1732 2502.6326700068216 1672.3148542178867
2693 1818 2639.872283690899 1889.0451669706254 2704 1937 2757.127716309101 1865.9548330293746
2361 1562 2314.7034752328796 1623.9101395795615 2375 1669 2421.2965247671204 1607.0898604204385
3308 2293 3253.195778767891 2366.2870772287133 3317 2414 3371.804221232109 2340.7129227712867
2875 1956 2830.1296364559935 2016.0030020388917 2901 2069 2945.8703635440065 2008.9969979611083
2960 2030 2917.7737824113556 2086.4671114728358 2980 2133 3022.2262175886444 2076.5328885271642
3204 2238 3156.018536868065 2302.163327478077 3224 2353 3271.981463131935 2288.836672521923
3401 2366 3347.6261567119077 2437.3743008678307 3418 2490 3471.3738432880923 2418.6256991321693
3472 2446 3427.6218904139764 2505.3447342444815 3486 2549 3530.3781095860236 2489.6552657555185
3561 2493 3512.067762719323 2558.43475250519 3573 2604 3621.932237280677 2538.56524749481
3639 2557 3591.1394919971094 2621.0015799395815 3658 2671 3705.8605080028906 2606.9984200604185
3738 2632 3677.924353740778 2712.3363030799715 3743 2761 3803.075646259222 2680.6636969200285
3817 2689 3764.585364302456 2759.0915982002903 3834 2811 3886.414635697544 2740.9084017997097
3897 2755 3847.5712920404367 2821.0986591198143 3925 2879 3974.4287079595633 2812.9013408801857
3980 2831 3934.4207725653396 2891.950931989013 3996 2938 4041.5792274346604 2877.049068010987
4056 2886 4001.900425937642 2958.344786098806 4079 3016 4133.0995740623575 2943.655213901194
4169 2979 4117.941171047361 3047.2785423555542 4151 3072 4202.058828952639 3003.7214576444458
4234 3018 4188.4123391235335 3078.96220962944 4258 3131 4303.5876608764665 3070.03779037056
4315 3093 4268.340609845747 3155.3953821950495 4332 3203 4378.659390154253 3140.6046178049505
4387 3137 4332.6542989586505 3209.6739199960116 4416 3272 4470.3457010413495 3199.3260800039884
4475 3203 4428.336393124844 3265.401021015263 4496 3316 4542.663606875156 3253.598978984737
1189 793 1137.6570935802429 861.6584256346812 1213 918 1264.3429064197571 849.3415743653188
1259 852 1210.038245673002 917.4742242466847 1299 984 1347.961754326998 918.5257757533153
1355 923 1300.187345326085 996.2983548691408 1372 1050 1426.812654673915 976.7016451308592
1522 1051 1471.7456897416416 1118.202697788218 1537 1167 1587.2543102583584 1099.797302211782
1618 1114 1563.199995488794 1187.2814384085002 1623 1232 1677.800004511206 1158.7185615914998
1675 1168 1622.4391088479938 1238.2871786600672 1717 1309 1769.5608911520062 1238.7128213399328
1784 1245 1734.9341574275695 1310.6134165043266 1809 1366 1858.0658425724305 1300.3865834956734
1873 1315 1815.318155996246 1392.1351852313344 1882 1442 1939.681844003754 1364.8648147686656
1960 1372 1902.672587941573 1448.6612202562735 1974 1502 2031.327412058427 1425.3387797437265
2045 1455 1988.15640845775 1531.0142301022902 2055 1581 2111.8435915422497 1504.9857698977098
2122 1515 2070.786482151093 1583.4854004557583 2137 1633 2188.213517848907 1564.5145995442417
2208 1561 2151.031236607803 1637.1816164609995 2223 1691 2279.968763392197 1614.8183835390005
2290 1643 2242.377185534295 1706.6837236828028 2311 1758 2358.622814465705 1694.3162763171972
2380 1704 2322.1845507044927 1781.3138492304706 2402 1841 2459.8154492955073 1763.6861507695294
2464 1760 2404.2619188024933 1839.8848933857646 2490 1904 2549.7380811975067 1824.1151066142354
2572 1840 2516.9876022770263 1913.5654617439975 2551 1939 2606.0123977229737 1865.4345382560025
2621 1903 2574.094482866755 1965.7245160922541 2644 2018 2690.905517133245 1955.2754839077459
2718 1970 2660.7935430706175 2046.4994727177775 2731 2099 2788.206456929383 2022.5005272822223
2987 2200 2935.4362669266693 2268.953726610606 2993 2312 3044.5637330733307 2243.046273389394
3061 2249 3004.152191736847 2325.0198689225035 3075 2378 3131.847808263153 2301.9801310774965
3146 2313 3083.876549988831 2396.0747335939745 3160 2453 3222.123450011169 2369.9252664060255
3238 2378 3176.719019171238 2459.9481396447172 3249 2514 3310.280980828762 2432.0518603552828
3333 2449 3274.830118759166 2526.7878142055315 3350 2583 3408.169881240834 2505.2121857944685
3414 2514 3355.955290609113 2591.620427846822 3426 2644 3484.044709390887 2566.379572153178
3481 2569 3425.72039169352 2642.92278974227 3486 2688 3541.27960830648 2614.07721025773
3547 2631 3495.4025331594453 2699.9988371723134 3585 2767 3636.5974668405547 2698.0011628276866
3657 2718 3607.700680611287 2783.925633940891 3676 2835 3725.299319388713 2769.074366059109
3751 2788 3699.2112235521927 2857.254666406743 3743 2890 3794.7887764478073 2820.745333593257
3815 2836 3758.865272348404 2911.066300152169 3835 2968 3891.134727651596 2892.933699847831
3912 2909 3853.121254868512 2987.735744155653 3919 3037 3977.878745131488 2958.264255844347
3992 2970 3936.4742647145285 3044.2519236394755 4003 3094 4058.5257352854715 3019.7480763605245
4073 3034 4020.3434540443673 3104.4150932772823 4092 3158 4144.656545955632 3087.5849067227177
4183 3127 4138.288542073164 3186.7905051184744 4172 3212 4216.711457926836 3152.2094948815256
4252 3172 4205.223871437604 3234.5514909133312 4266 3280 4312.776128562396 3217.4485090866688
4321 3232 4272.163417522949 3297.3068378879752 4356 3360 4404.836582477051 3294.6931621120248
4405 3286 4351.063548275716 3358.126650358175 4387 3385 4440.936451724284 3312.873349641825
1127 871 1072.900425937642 943.3447860988059 1150 1001 1204.099574062358 928.6552139011941
1210 954 1160.342031945057 1020.4052377361656 1228 1071 1277.657968054943 1004.5947622638345
1295 1006 1248.2154379957992 1068.5627685537584 1317 1120 1363.7845620042008 1057.4372314462416
1385 1070 1334.6247346125974 1137.3644453267138 1401 1187 1451.3752653874026 1119.6355546732862
1476 1139 1428.1690090434304 1202.9621081980868 1467 1232 1514.8309909565696 1168.0378918019132
1544 1198 1497.936952049162 1259.5979221429966 1564 1309 1610.063047950838 1247.4020778570034
1610 1259 1569.6626805461317 1312.94117787925 1658 1379 1698.3373194538683 1325.05882212075
1716 1332 1659.3856685531298 1407.7076514859386 1736 1465 1792.6143314468702 1389.2923485140614
1796 1395 1745.0241756882788 1463.16754419898 1813 1514 1863.9758243117212 1445.83245580102
1876 1455 1819.9820107565452 1529.9101914338862 1899 1589 1955.0179892434548 1514.0898085661138
1974 1540 1924.4587703531986 1606.2491290178832 1995 1659 2044.5412296468014 1592.7508709821168
2068 1611 2022.3293344826159 1672.0732077860146 2057 1698 2102.6706655173844 1636.9267922139857
2119 1660 2076.890520819497 1716.3110027545533 2142 1765 2184.109479180503 1708.6889972454467
2215 1708 2159.9412183470936 1781.627488766346 2238 1840 2293.0587816529064 1766.372511233654
2315 1787 2262.818841118739 1856.7793807637256 2338 1913 2390.181158881261 1843.2206192362744
2406 1877 2356.4840706786163 1943.2152960966023 2403 1978 2452.5159293213837 1911.7847039033977
2460 1923 2414.5290775316744 1983.8061009111577 2487 2038 2532.4709224683256 1977.1938990888423
2557 1992 2506.14091409642 2060.011435480698 2577 2113 2627.85908590358 2044.9885645193021
2633 2050 2585.3645353715865 2113.7006401434433 2666 2174 2713.6354646284135 2110.2993598565567
2815 2184 2768.9032182819383 2245.643032704704 2867 2319 2913.0967817180617 2257.356967295296
2929 2273 2878.161997700935 2340.98324137963 2929 2379 2979.838002299065 2311.01675862037
2993 2327 2947.287167273586 2388.1295959881495 3022 2444 3067.712832726414 2382.8704040118505
3081 2405 3033.498140663339 2468.521976144307 3101 2519 3148.501859336661 2455.478023855693
3161 2473 3114.9285186073557 2534.6091997834237 3189 2590 3235.0714813926443 2528.3908002165763
3237 2534 3192.9425885920796 2592.915879831128 3288 2664 3332.0574114079204 2605.084120168872
3340 2608 3290.9636744738905 2673.573944762832 3337 2708 3386.0363255261095 2642.426055237168
3404 2655 3354.2295102578187 2721.5557076342348 3415 2767 3464.7704897421813 2700.4442923657652
3467 2713 3423.080410604736 2771.7315770117784 3501 2830 3544.919589395264 2771.2684229882216
3600 2809 3548.0944851440513 2878.410775125026 3589 2909 3640.9055148559487 2839.589224874974
3676 2870 3628.735834200525 2933.2041198875286 3698 2985 3745.264165799475 2921.7958801124714
3755 2936 3710.846933788453 2995.0437944483433 3783 3049 3827.153066211547 2989.9562055516567
3842 2997 3791.2534357836585 3064.8609655826285 3869 3123 3919.7465642163415 3055.1390344173715
3923 3058 3869.4967681410576 3129.5473260467534 3949 3189 4002.5032318589424 3117.4526739532466
4014 3135 3964.4545536322953 3201.2547678380965 4039 3257 4088.5454463677047 3190.7452321619035
4103 3208 4057.441856169854 3268.9227378879455 4099 3300 4144.558143830145 3239.0772621120545
4175 3255 4129.76677106886 3315.4882446543793 4204 3371 4249.23322893114 3310.5117553456207
4258 3327 4211.815996920118 3388.759669681492 4279 3439 4325.184003079882 3377.240330318508
1071 955 1020.3870410754116 1022.6823015834923 1085 1071 1135.6129589245884 1003.3176984165077
1146 1019 1095.870861591589 1086.0353114295087 1156 1131 1206.129138408411 1063.9646885704913
1222 1086 1178.20136573378 1144.5698294732824 1255 1202 1298.79863426622 1143.4301705267176
1339 1162 1284.9468098675748 1234.2827590764575 1318 1259 1372.0531901324252 1186.7172409235425
1401 1210 1344.152191736847 1286.0198689225035 1415 1339 1471.847808263153 1262.9801310774965
1479 1278 1423.6993080890052 1351.950983843338 1504 1412 1559.3006919109948 1338.049016156662
1558 1348 1513.0086813269488 1408.1647495773877 1585 1462 1629.9913186730512 1401.8352504226123
1643 1423 1598.6050235303642 1482.367289525335 1673 1538 1717.3949764696358 1478.632710474665
1752 1485 1696.374393189999 1559.385477076904 1744 1595 1799.625606810001 1520.614522923096
1815 1553 1765.212643374207 1619.5782629150885 1842 1677 1891.787356625793 1610.4217370849115
1921 1614 1863.0762457381575 1691.4586803083262 1932 1743 1989.9237542618425 1665.5413196916738
1994 1671 1930.3210001948669 1756.1548963135674 2005 1812 2068.678999805133 1726.8451036864326
2073 1734 2013.1536138361575 1814.0297244636201 2088 1870 2147.8463861638425 1789.9702755363799
2157 1791 2098.7175970719277 1868.9382841036004 2167 1920 2225.2824029280723 1842.0617158963996
2237 1870 2188.396894339232 1934.9946204514104 2278 2002 2326.603105660768 1937.0053795485896
2338 1942 2283.7921209713068 2014.489617176661 2350 2064 2404.2078790286932 1991.510382823339
2421 2010 2362.7091636301216 2087.949561744027 2439 2145 2497.2908363698784 2067.0504382559725
2514 2077 2459.583944480442 2149.7680016919453 2496 2177 2550.416055519558 2104.2319983080547
2574 2130 2524.9130738230547 2195.6416106053944 2619 2266 2668.0869261769453 2200.3583893946056
2774 2284 2718.7077415308113 2357.939706202911 2791 2412 2846.2922584691887 2338.060293797089
2851 2338 2788.150819214565 2422.0452188249496 2871 2484 2933.849180785435 2399.9547811750504
2934 2419 2880.8638502490935 2490.056444611052 2953 2544 3006.1361497509065 2472.943555388948
3019 2474 2964.6585156795536 2546.668281175798 3044 2606 3098.3414843204464 2533.331718824202
3106 2545 3052.9805886572344 2615.90033589277 3128 2672 3181.0194113427656 2601.09966410723
3177 2628 3126.49956276265 2695.5318316854236 3198 2749 3248.50043723735 2681.4681683145764
3279 2684 3222.631795532121 2759.3785175887333 3293 2812 3349.368204467879 2736.6214824112667
3346 2750 3299.094482866755 2812.7245160922544 3369 2865 3415.905517133245 2802.2754839077456
3414 2799 3364.4587703531984 2865.249129017883 3435 2918 3484.5412296468016 2851.750870982117
3547 2897 3498.8103603772006 2961.441711993361 3537 2990 3585.1896396227994 2925.558288006639
3615 2940 3557.1972008672014 3017.29693276983 3625 3068 3682.8027991327986 2990.70306723017
3695 3021 3641.034031229395 3093.16612209967 3705 3141 3758.965968770605 3068.83387790033
3779 3077 3724.7921209713068 3149.489617176661 3791 3199 3845.2078790286932 3126.510382823339
3871 3143 3811.645867794141 3222.3714566692092 3874 3269 3933.354132205859 3189.6285433307908
3957 3210 3899.8061932333258 3286.4825562571373 3958 3330 4015.1938067666742 3253.5174437428627
4053 3278 3993.766822923185 3357.2097091307137 4055 3403 4114.233177076815 3323.7902908692863
4128 3344 4080.260447126154 3407.8398324010855 4146 3457 4193.739552873846 3393.1601675989145
4192 3397 4146.291383994489 3458.123957167936 4217 3511 4262.708616005511 3449.876042832064
1273 1246 1221.807565755608 1314.457206354691 1268 1349 1319.192434244392 1280.542793645309
1336 1301 1289.090266145852 1363.7301549124677 1363 1419 1409.909733854148 1356.2698450875323
1755 1623 1707.6148790714808 1686.3658674260246 1778 1739 1825.3851209285192 1675.6341325739754
1850 1696 1802.0227535889683 1760.1576886578634 1866 1808 1913.9772464110317 1743.8423113421366
1910 1754 1861.7724098890737 1818.4924613752823 1936 1874 1984.2275901109263 1809.5075386247177
2003 1820 1949.9932388199436 1890.8834194321291 2013 1938 2066.0067611800564 1867.1165805678709
2095 1881 2037.1929841462988 1958.302571590044 2109 2012 2166.807015853701 1934.697428409956
2180 1966 2125.433472305077 2038.9692209719353 2191 2088 2245.566527694923 2015.0307790280647
2276 2017 2214.477108913149 2099.2716347217083 2289 2155 2350.522891086851 2072.7283652782917
2355 2093 2303.29422819311 2162.1436682501685 2382 2221 2433.70577180689 2151.8563317498315
2447 2161 2393.050898113007 2233.1435668188155 2441 2269 2494.949101886993 2196.8564331811845
2496 2216 2444.6528768593403 2284.6640644548947 2524 2344 2575.3471231406597 2275.3359355451053
2694 2364 2637.152191736847 2440.0198689225035 2708 2493 2764.847808263153 2416.9801310774965
2783 2424 2733.696463890384 2489.931272761105 2806 2544 2855.303536109616 2478.068727238895
2866 2493 2815.6163011707913 2560.375722967141 2890 2616 2940.3836988292087 2548.624277032859
2954 2559 2896.664154499767 2635.672497896701 2976 2695 3033.335845500233 2618.327502103299
3027 2639 2980.6697414656555 2700.9552501412695 3073 2770 3119.3302585343445 2708.0447498587305
3116 2715 3075.095855389037 2769.6991661898082 3133 2813 3173.904144610963 2758.3008338101918
3181 2756 3133.1310585553038 2820.012857580008 3208 2876 3255.8689414446962 2811.987142419992
3296 2835 3242.6261567119077 2906.3743008678307 3313 2959 3366.3738432880923 2887.6256991321693
3363 2886 3313.5712920404367 2952.0986591198143 3391 3010 3440.4287079595633 2943.9013408801857
3462 2969 3419.882087377691 3025.32228039498 3493 3080 3535.117912622309 3023.67771960502
3547 3038 3509.0817831270174 3088.706227109332 3575 3138 3612.9182168729826 3087.293772890668
3628 3079 3571.1479750159438 3155.0255077427173 3646 3211 3702.8520249840562 3134.9744922572827
3700 3155 3649.374390912703 3222.6992180441325 3726 3280 3776.625609087297 3212.3007819558675
3792 3226 3738.8891505745114 3297.022611689771 3787 3333 3840.1108494254886 3261.977388310229
3875 3281 3820.066390197041 3354.4601024076364 3893 3409 3947.933609802959 3335.5398975923636
3961 3347 3908.818841118739 3416.7793807637254 3984 3473 4036.181158881261 3403.2206192362746
4062 3428 4015.6992585119765 3489.915778399775 4080 3538 4126.300741488024 3476.084221600225
1276 1391 1234.2660363693387 1446.8088436784253 1284 1484 1325.7339636306613 1428.1911563215747
1352 1454 1301.3743909127027 1521.6992180441327 1378 1579 1428.6256090872973 1511.3007819558673
1445 1522 1399.0536904573034 1583.4418134247142 1468 1635 1513.9463095426966 1573.5581865752858
1531 1597 1493.2027382560618 1647.544479570836 1558 1696 1595.7972617439382 1645.455520429164
1613 1653 1566.2196547167023 1715.557129733545 1631 1764 1677.7803452832977 1701.442870266455
1688 1717 1632.349092864581 1791.419309998185 1704 1845 1759.650907135419 1770.580690001815
1770 1796 1724.0663406200124 1857.4248969640737 1781 1900 1826.9336593799876 1838.5751030359263
1850 1860 1800.8258524612343 1925.7582475821819 1864 1973 1913.1741475387657 1907.2417524178181
1940 1944 1898.0452097157652 2000.1041446543495 1930 2024 1971.9547902842348 1967.8958553456505
2022 1981 1982.0508462586824 2034.4221023424811 2043 2080 2082.949153741318 2026.5778976575186
2112 2049 2063.901798459924 2113.3194361963597 2129 2162 2177.098201540076 2097.6805638036403
2193 2116 2145.4854905006305 2179.5388926049473 2225 2239 2272.5145094993695 2175.4611073950527
2283 2181 2232.7372562998357 2248.2139754286454 2306 2303 2356.2627437001643 2235.7860245713546
2374 2258 2327.228088158508 2320.545852093118 2384 2363 2430.771911841492 2300.454147906882
2452 2305 2398.51363502467 2376.5247707658996 2462 2424 2515.48636497533 2352.4752292341004
2618 2474 2566.302661634916 2543.132390609742 2637 2596 2688.697338365084 2526.867609390258
2701 2529 2652.171850964755 2594.2955602475486 2728 2651 2776.828149035245 2585.7044397524514
2818 2606 2770.1690090434304 2669.9621081980868 2809 2699 2856.8309909565696 2635.0378918019132
2884 2652 2833.637384775306 2719.3475288660734 2888 2760 2938.362615224694 2692.6524711339266
2960 2711 2907.3350206025616 2781.4263709177094 2987 2841 3039.6649793974384 2770.5736290822906
3054 2803 3013.475587659782 2857.1913682934664 3052 2886 3092.524412340218 2831.8086317065336
3136 2843 3079.9904441983513 2917.8989137934595 3151 2971 3207.0095558016487 2896.1010862065405
3214 2914 3167.569869941126 2976.088803578698 3241 3031 3287.430130058874 2968.911196421302
3301 2964 3241.1662639988663 3044.0128080029795 3304 3091 3363.8337360011337 3010.9871919970205
3391 3037 3336.662732400456 3109.662642355584 3412 3166 3466.337267599544 3093.337357644416
3494 3103 3438.1366996528136 3177.7033333336826 3484 3212 3539.8633003471864 3137.2966666663174
3566 3174 3509.1311081323324 3250.048063023571 3600 3318 3656.8688918676676 3241.951936976429
3647 3245 3592.2998670133234 3318.147884971072 3671 3377 3725.7001329866766 3303.852115028928
3744 3329 3695.9270987853415 3393.2856032750783 3737 3424 3785.0729012146585 3359.7143967249217
3813 3380 3765.135275276207 3444.0072187597943 3836 3497 3883.864724723793 3432.9927812402057
3891 3446 3853.077566406115 3496.7118659295456 3923 3549 3960.922433593885 3498.2881340704544
1363 1610 1319.7892744953895 1667.7836470616571 1407 1733 1450.2107255046105 1675.2163529383429
1462 1683 1416.8919429188077 1743.32085829567 1486 1795 1531.1080570811923 1734.67914170433
1544 1737 1490.742895120049 1808.218192149548 1564 1863 1617.257104879951 1791.781807850452
1714 1878 1665.906015180827 1942.3137973761459 1727 1988 1775.093984819173 1923.6862026238541
1793 1934 1738.187345326085 2007.298354869141 1810 2061 1864.812654673915 1987.701645130859
1879 2007 1831.5318744305632 2070.476865582599 1867 2097 1914.4681255694368 2033.523134417401
1957 2060 1899.5600662543345 2136.8116901543426 1964 2185 2021.4399337456655 2108.1883098456574
2040 2140 1994.1788623072507 2201.2744270660046 2058 2249 2103.8211376927493 2187.7255729339954
2121 2195 2071.8258524612343 2260.7582475821823 2135 2308 2184.1741475387657 2242.2417524178177
2221 2265 2170.2745193881733 2332.832771481561 2228 2376 2278.7254806118267 2308.167228518439
2306 2339 2255.2703026672707 2406.8384103017747 2317 2453 2367.7296973327293 2385.1615896982253
2559 2565 2510.560016677306 2629.7764847107796 2559 2666 2607.439983322694 2601.2235152892204
2645 2615 2579.8948389717534 2702.062033854237 2644 2750 2709.1051610282466 2662.937966145763
2736 2670 2670.1859750810995 2758.0099638043584 2725 2799 2790.8140249189005 2710.9900361956416
2815 2744 2768.211221274896 2806.568407373972 2841 2861 2887.788778725104 2798.431592626028
2914 2813 2865.572666840015 2877.759568250139 2902 2905 2950.427333159985 2840.240431749861
3003 2877 2942.2154898501244 2958.2842330300928 2998 3000 3058.7845101498756 2918.7157669699072
3058 2934 3010.9861779004195 2996.86934717011 3070 3041 3117.0138220995805 2978.13065282989
3130 2996 3073.3645849486147 3071.735845587006 3170 3144 3226.6354150513853 3068.264154412994
3228 3068 3176.6486601384368 3136.669703275108 3260 3199 3311.3513398615632 3130.330296724892
3327 3151 3279.740050921428 3214.198481067315 3345 3263 3392.259949078572 3199.801518932685
3425 3220 3382.9031709822057 3276.2940862939126 3436 3316 3478.0968290177943 3259.7059137060874
3501 3269 3450.6247346125974 3336.364445326714 3517 3386 3567.3752653874026 3318.635554673286
3576 3348 3532.6978364126658 3405.9059228586584 3593 3451 3636.3021635873342 3393.0940771413416
3663 3398 3617.161995423639 3459.296982346859 3697 3519 3742.838004576361 3457.703017653141
1304 1707 1257.3616934502616 1769.3671880939817 1301 1802 1347.6383065497384 1739.6328119060183
2408 2578 2353.3040837342264 2651.1422461508587 2428 2707 2482.6959162657736 2633.8577538491413
2481 2639 2434.3279596830375 2701.4122986556895 2510 2758 2556.6720403169625 2695.5877013443105
2578 2700 2523.3083004551295 2773.136607330645 2594 2826 2648.6916995448705 2752.863392669355
2653 2769 2607.7709877897632 2829.482605834166 2678 2882 2723.2290122102368 2821.517394165834
2749 2829 2696.9440129686864 2898.611994405016 2767 2951 2819.0559870313136 2881.388005594984
2816 2887 2762.9848053781375 2957.8946970725565 2834 3011 2887.0151946218625 2940.1053029274435
2440 2722 2382.9102814787584 2798.3433639994955 2456 2853 2513.0897185212416 2776.6566360005045
2673 2909 2621.5403551721015 2977.8145343529636 2694 3032 2745.4596448278985 2963.1854656470364
2773 2977 2715.30972255444 3054.1464628717613 2790 3110 2847.69027744556 3032.8535371282387
2855 3047 2803.42361676396 3115.9706430712463 2873 3168 2924.57638323604 3099.0293569287537
2936 3106 2880.4573978309168 3180.27447892033 2963 3242 3018.5426021690832 3167.72552107967
3031 3177 2980.2576525045615 3244.855326762415 3054 3300 3104.7423474954385 3232.144673237585
3109 3263 3061.9988280631287 3325.8524307094694 3109 3361 3156.0011719368713 3298.1475692905306
3192 3313 3144.981961179517 3375.8749859903232 3208 3423 3255.018038820483 3360.1250140096768
2876 3199 2806.9328367596127 3291.3602308831073 2880 3346 2949.0671632403873 3253.6397691168927
2964 3264 2915.4432782691647 3328.9325934290623 2961 3363 3009.5567217308353 3298.0674065709377
3024 3311 2971.793540793321 3380.8132136850068 3071 3455 3123.206459206679 3385.1867863149932
# Transcript
L*****
L********
EPEID****TOY
NTATOYTWNTWNC**
*DEDANEISMENAEX*
IATAMEGALAMERIZE******
*AKTIKONEISTAPRODE****
*TONKANHFORIKONOPWS******
*IPENTHKONTAAIGIDSK****
ENTETOYENIAYTOYEKASTO******
NTOYDIOSTOYSWTH*OSPO***************
AITOYSAYTOYSMETATWNEPI***************
**WIDIITWIOLYMPIWI::KOS****************
ATOYTAMIOYTOYDHMOYEKTWNI***************
*ENIAYTOYENTHITETRAETIAIEK****************
MOYSEKTHSAPARCHSTHSAPOTWNTE**************
OSASQAIDEKAITHIAGAQHITYCHI******************
STATWNTOYIEROYTHSAGAQHST*HS**************O
OISKAITWIAMFIARAWIKAIT**SKLHPIW*******E*****
OSMONEKASTONOTOYANHIT*EWNIEROSKAITOST**********
*O*TWNQEWNARGYRIONOEKTOYDERMATIKOYG******
TWNERWNTHSARTEMIDOHSBRAYRWNIASKAITWI******
EONEILWONKAIAMEINONWIDHMWITWIAQHNAIWN*******
SKAIKALLIOYSHEWNTIW*PERNYNECEIEPERESQA******
**IK***TAMENAKAIO*AMHEMPARADOSEIEST*******
****IEROYSTHIDHMHTRKAITHIKORHIMEIZO*******
****WNE*TOISALLO*IEROISTWNKATAM*****
***I*TAKATA****
**EOYSKAIK***
SIW*
*
# Lines: x1 y1 x2 y2 x3 y3 x4 y4
