# Baseline angle
-0.2920444017049042
# Boxes: x1 y1 x2 y2 x3 y3 x4 y4
96.51674786779131 676.3782269824443 148.26214682336467 848.4953599176297 268.09988297229165 812.4672704345561 216.35448401671852 640.3501374993707
307.34301918724873 646.4402357082371 352.3151382052572 796.0278771919806 476.79970274986863 758.6027624092621 431.82758373186005 609.0151209255188
504.619867734727 605.1262546948394 552.5938308433139 764.6987220532928 638.0570379924358 739.0050117611314 590.0830748838487 579.432544402678
663.6445040025867 580.6279882281095 711.0606424434761 738.3450020694872 836.4737267727216 700.640736537075 789.0575883318322 542.9237226956972
862.765915146496 557.2471494053 908.6444595135385 709.8497706832754 966.2362126017111 692.5353511988388 920.3576682346685 539.9327299208634
968.7081316572256 532.2422146764569 1014.3096710171812 683.9234534046643 1186.6408925548362 632.1136907221476 1141.0393531948803 480.43245199393994
1208.3144540554608 496.9461771255785 1251.819938898285 641.6554550370516 1364.6915297551834 607.7216716882444 1321.1860449123592 463.0123937767713
1411.443732690713 452.3536198864822 1451.2472316181934 584.7492387137454 1510.9307315566057 566.8059551910003 1471.1272326291253 434.41033636373686
145.856592001752 895.3019118153934 190.96832613058132 1045.3539453624699 313.36246553511364 1008.5572972583179 268.2507314062839 858.5052637112417
334.5192306357477 862.4019303008349 375.51116665209986 998.7505650201192 502.3192775655692 960.6268978516044 461.32734154921707 824.27826313232
519.3272307021358 832.6865620301586 559.4811581657668 966.247787001316 683.0377316098082 929.1016640243947 642.8838041461772 795.5404390532375
713.2315400420987 783.5223594088206 756.0390288027652 925.9099413456602 883.3112674375357 887.6467385382724 840.503778676869 745.2591566014329
877.6857729795585 746.7554548756439 921.9596574995642 894.0206073586576 1048.9993035896198 855.8273313146033 1004.7254190696142 708.5621788315896
1055.3135767617316 713.3733740009928 1098.7490553692744 857.849795025719 1202.794553602523 826.5694935019989 1159.3590749949801 682.0930724772726
1270.041468139705 681.2496652429865 1307.1913262982023 804.8186627625354 1359.2106389684093 789.179545136005 1322.0607808099123 665.6105476164557
1427.5504122474915 645.8105269062504 1472.7317552518605 796.0940956299131 1584.2093768926634 762.579396029415 1539.0280338882942 612.2958273057523
1593.0505224359426 609.9955366422487 1640.0475771285228 766.3185812675308 1759.8863706455786 730.2901738966633 1712.8893159529982 573.9671292713814
1770.1022638762065 585.6504990992538 1811.5131246969709 723.3925743505695 1935.9984822676784 685.9672211520061 1894.5876214469142 548.2251459006902
154.34795740513118 1097.1258368430927 196.66699195779438 1237.888707413346 341.1270237765318 1194.4581560666059 298.8079892238685 1053.6952854963522
377.7493246385054 1036.5632318936764 422.0228117987689 1183.8270626665296 529.3198475014455 1151.5692169512158 485.046360341182 1004.3053861783624
590.1035725690468 996.5423200368216 633.1194111246417 1139.6229214512277 703.9509640033693 1118.3280805492896 660.9351254477745 975.2474791348834
744.7567738693083 964.2408134530597 785.9578544000727 1101.2851110702313 895.8105003322578 1068.258945149685 854.6094198014935 931.2146475325129
905.7322201664261 938.6496882444303 947.7714681938085 1078.481924293793 1068.7726957503733 1042.1040420501567 1026.733447722991 902.2718060007937
1104.3838164012532 905.2798918207893 1148.377437564287 1051.6128237307198 1228.267146927315 1027.5947331842583 1184.2735257642814 881.2618012743276
1282.6346640162437 863.859663374565 1325.302378722192 1005.7823245640072 1446.7679983420903 969.2648272095495 1404.100283636142 827.3421660201071
1450.5553991430352 836.9407719694949 1489.4527111373268 966.3222040286222 1627.8745887646055 924.7069670103509 1588.9772767703134 795.3255349512236
1663.532690906394 788.8817125410668 1704.5930437190593 925.4579173064565 1761.2568057066617 908.4224896278167 1720.1964528939966 771.8462848624274
1776.1260228503374 777.5794295079381 1813.4870917939056 901.8509628182089 1951.2125134972002 860.445108730195 1913.8514445536323 736.1735754199244
1976.5874846416978 740.1200870621483 2015.6240143870687 869.9645894744482 2132.212856486889 834.9132494634841 2093.1763267415176 705.0687470511841
2149.3270570562822 687.9469127095507 2193.8109602821332 835.9106358528045 2347.3288842431384 789.7569143334891 2302.844981017289 641.793191190235
198.24807673161445 1264.2478866244442 241.4743313527963 1408.028380409251 358.5267724898531 1372.8376637033107 315.30051786867136 1229.0571699185036
410.50836168033925 1222.229183247423 452.4081535407971 1361.597555917517 583.3968503923927 1322.2170348638176 541.4970585319351 1182.8486621937234
594.1765215139194 1189.5641091874054 634.1209865753447 1322.4286138925474 758.8389366907668 1284.9333339306504 718.8944716293419 1152.0688292255086
779.1847319949509 1142.8205315044079 820.5250302767945 1280.3278994747525 908.544640681521 1253.865630561513 867.2043423996777 1116.358262591168
957.8461285771052 1131.4141573515853 993.3910090007714 1249.6446287080444 1099.0641263629584 1217.8749987848885 1063.5192459392924 1099.6445274284292
1120.8786323363076 1085.7041724685687 1159.0070678217278 1212.528143903963 1259.5697577509939 1182.2949159754278 1221.4413222655737 1055.4709445400335
1285.273599331849 1068.9621646279627 1321.237960863566 1188.5879269106777 1452.227979425322 1149.207008497236 1416.263617893605 1029.5812462145216
1486.9341672979356 1014.4276312789435 1526.8083082362855 1147.0582217292101 1626.9060774181544 1116.9647678553931 1587.0319364798047 984.3341774051262
1688.6294323039206 981.9157861426609 1731.7150386789515 1125.2284514177175 1799.5271179489016 1104.8413868879366 1756.4415115738707 961.5287216128797
1832.5296876978086 955.125554759305 1873.9404690466245 1092.867365668589 1994.477304539856 1056.6290985357737 1953.0665231910407 918.8872876264896
2014.0121300475896 918.5588606407716 2054.515135024248 1053.2811979412782 2174.819906656829 1017.1126986278989 2134.3169016801708 882.3903613273926
236.71859938849752 1443.6385744722425 279.38615515054937 1585.5607069776204 392.9547306154957 1551.417381754659 350.28717485344407 1409.4952492492807
400.0329920931497 1403.9219641497245 439.0003897946716 1533.5365174376307 590.1968821230757 1488.0807125285244 551.2294844215538 1358.466159240618
640.838420666111 1351.5507356956168 681.0616391174881 1485.3424384752323 777.9076064878968 1456.2266082649571 737.6843880365199 1322.4349054853415
797.6773394501718 1323.1508491703707 836.9233315977485 1453.6920718486865 952.3507970261878 1418.989888822698 913.1048048786108 1288.4486661443825
950.4267122120834 1292.9410970885915 989.1846475113994 1421.8589301104819 1141.5425165111844 1376.0539682164 1102.7845812118685 1247.1361351945095
1155.6007638584101 1249.2534726277618 1197.4307084274828 1388.3895170951732 1327.4903568103803 1349.288305735065 1285.6604122413073 1210.1522612676536
1350.9614994165279 1231.0550385690008 1385.7386159386003 1346.7317500901759 1508.831854687437 1309.7249243362821 1474.0547381653644 1194.048212815107
1554.6075744517707 1197.4503346908186 1589.2442811435376 1312.6600107283396 1674.9427242576949 1286.8955789533609 1640.3060175659282 1171.68590291584
1714.8313168943569 1155.8768773208594 1756.381236522303 1294.081494241284 1851.1365144106007 1265.5942101815235 1809.5865947826542 1127.3895932610992
1888.3695746543813 1120.6849308896747 1929.4308811304277 1257.2643077594494 2033.4769080477404 1225.9838472918325 1992.4156015716937 1089.4044704220578
2039.0741744052184 1089.570246029629 2078.3898549002834 1220.343268226563 2186.8493246424696 1187.7359476384802 2147.5336441474037 1056.9629254415458
304.54523546606765 1608.6341727117133 341.9052712743063 1732.902269575567 428.2999059704151 1706.9285343422787 390.9398701621765 1582.6604374784251
479.4705253644513 1560.3626184176317 522.138478486245 1702.2860726331705 655.4496643385703 1662.2073170814679 612.7817112167767 1520.2838628659294
649.1071630659594 1527.3563894702463 687.5155440205577 1655.1115241105954 819.4340823669479 1615.4514549474602 781.0257014123498 1487.696320307111
819.7896780184592 1495.302074792036 857.5002218347964 1620.7360421418157 1011.7164521140105 1574.3723813886036 974.0059082976732 1448.9384140388238
1006.1256546959313 1455.5037859387119 1052.4941632379966 1609.7361410818826 1167.9200426142436 1575.0344348875847 1121.551534072178 1420.8020797444137
1195.3173741809278 1412.5678653324137 1238.6829260251372 1556.8116938124256 1337.8508537122116 1526.9977880480442 1294.4853018680024 1382.7539595680328
1383.4632164149334 1368.6800304569408 1426.619544272782 1512.2279316970332 1538.7944148636643 1478.503610750432 1495.6380870058158 1334.9557095103398
1567.0721103065946 1356.039853089494 1610.088823053622 1499.123362266253 1724.3541187845844 1464.7705746410854 1681.3374060375572 1321.6870654643267
1725.1448323052798 1332.5874638737557 1760.2714237001212 1449.4266094344398 1899.8554710248768 1407.4619770153477 1864.7288796300356 1290.6228314546638
1925.559312605732 1294.1292256678828 1957.962098052411 1401.9083643500417 2073.1588213303603 1367.2755517837472 2040.7560358836809 1259.4964131015886
2079.6017545241866 1248.84207420304 2116.8216189179648 1372.643928609336 2177.667024211822 1354.3513291577183 2140.447159818044 1230.5494747514226
286.3605887436622 1796.6961801017796 333.3578818520881 1953.0200177531576 465.0422416015714 1913.430352185046 418.0449484931454 1757.106514533668
488.8198420551888 1759.142874674173 534.0022976668361 1909.430144186285 700.7592283923005 1859.2962396653131 655.5767727806535 1709.0089701532013
694.1348381742401 1718.4519374935928 738.4788878734244 1865.9504755474177 882.2416707420816 1822.7295455467797 837.8976210428976 1675.231007492955
889.1197218050924 1692.262337354167 925.2925126036862 1812.58138345648 1003.7903674868753 1788.98174088274 967.6175766882818 1668.6626947804266
1036.1106274610465 1667.3289530182524 1077.661103392632 1805.5354203329014 1200.0560358232601 1768.7385338129045 1158.505559891675 1630.5320664982555
1203.2326772423978 1623.4288336917693 1246.389640875834 1766.978849668118 1390.1526880865235 1723.757840195532 1346.9957244530874 1580.207824219183
1401.1672666625914 1596.0993933195355 1444.2540651168488 1739.4160237250733 1571.2939755489365 1701.2226682090704 1528.207177094679 1557.9060378035326
1614.4264473713993 1554.033708451606 1654.1607347830827 1686.199113812443 1744.5033628726032 1659.038451457304 1704.76907546092 1526.8730460964666
1751.2404694628892 1525.5745559844415 1787.9028270767642 1647.5220142417897 1904.4921978606485 1612.470515286929 1867.829840246774 1490.5230570295807
1941.196177253428 1477.5971750868198 1977.2299092448393 1597.4536795200247 2085.457843810439 1564.9159678074811 2049.4241118190275 1445.0594633742762
324.02014160409533 1980.1294324808187 368.3637939435373 2127.626648824483 492.3839664248154 2090.341149152586 448.04031408537344 1942.8439328089219
530.568940937771 1944.3859926097457 575.9602231760367 2095.367867651617 709.9676006103136 2055.0798086416053 664.5763183720479 1904.0979335997345
733.2161202129305 1910.828270222472 778.677090798684 2062.041944782961 905.7164725467079 2023.8487482108553 860.2555019609542 1872.6350736503662
904.7096049618804 1874.7313910130208 949.6814855640437 2024.3182394706678 1062.3204838762274 1990.454382885194 1017.3486032740641 1840.8675344275466
1087.0499985990198 1835.1210281233296 1126.4354469135214 1966.1261141809146 1231.8754430469294 1934.4265699649886 1192.489994732428 1803.4214839074034
1255.064696707628 1810.1999282384256 1301.2238223194358 1963.7358274576127 1421.7596004445393 1927.4978782125909 1375.6004748327312 1773.9619789934038
1456.5250542590713 1772.6936043017276 1496.3988773096273 1905.3231373838657 1580.7025581815928 1879.978027773041 1540.8287351310369 1747.3484946909027
1606.8068205917343 1732.5888576009336 1651.15079081897 1880.0871313127263 1790.9650516101515 1838.0532873778366 1746.6210813829161 1690.555013666044
1784.716513319357 1705.2001512867812 1824.5908926735517 1837.8315347631437 1936.5342280878485 1804.1768226920826 1896.6598487336537 1671.5454392157196
1952.931421842608 1663.250841989556 1998.4625576075405 1814.6979021208563 2142.2250761341656 1771.4770515921668 2096.6939403692336 1620.0299914608668
564.3268737396879 2130.004962472584 605.8081381554756 2267.9812163208067 758.8621987372127 2221.9669509684154 717.3809343214248 2083.9906971201926
791.6645580714764 2089.2793282521056 825.742168544371 2202.629321300038 888.2141355990384 2183.847711336777 854.1365251261436 2070.4977182888456
927.479684402883 2060.867157275849 970.4274240499583 2203.7212460122787 1127.1974141644562 2156.589821357473 1084.2496745173812 2013.735732621043
1142.454767686408 2012.714134865605 1181.8392623375282 2143.7160488188047 1239.8969935412265 2126.261537391856 1200.5124988901064 1995.259623438657
1277.9757206213553 1999.332381781504 1317.2223485445195 2129.875719196076 1464.2379905927653 2085.6768476441025 1424.9913626696011 1955.1335102295302
1487.8153806317398 1948.4175795455512 1528.2483793731164 2082.9070599593106 1639.7270583820475 2049.3920424710186 1599.2940596406709 1914.902562057259
1660.354742631681 1913.272614605275 1701.136500998291 2048.9221499802543 1793.5692898858588 2021.1331004184974 1752.7875315192487 1885.4835650435175
779.6265148333046 2259.032341524318 818.8726659247783 2389.574092886697 942.1971755081693 2352.497737729213 902.9510244166954 2221.9559863668333
966.5732508925836 2232.219697552074 1006.0290233301604 2363.4586978645343 1136.0892003971217 2324.3573275605286 1096.6334279595453 2193.1183272480694
1134.4470045284668 2204.301910386921 1170.41104817239 2323.926615301507 1285.606978424243 2289.294041151059 1249.6429347803196 2169.669336236473
1320.5010922604893 2158.510246973098 1363.4480371880802 2301.361692289207 1480.73280652782 2266.1011282918817 1437.7858616002288 2123.2496829757733
1505.2151293450609 2126.797087182256 1543.5535835363262 2254.319629277891 1670.594551336542 2216.125955874094 1632.256097145277 2088.6034137784595
1676.1795332430102 2100.736147064544 1717.8697832293133 2239.4075351265906 1846.0713346748144 2200.864943153664 1804.3810846885112 2062.1935550916173
1165.032608537512 2365.0424492294983 1211.959895410656 2521.133429994129 1334.8181625364891 2484.197246251105 1287.8908756633448 2328.106265486473
# Transcript
EPIDIOTI*
IDOSTRITHS**
LHIKAITWIDHM
ENPROKLEIDH
EGRAMMATEYE
STATEIKRATI
HMWIEPEIDH
RESEISINAG
AIWIWNK*
*NAQHNA*
*O*


