# Baseline angle
0
# Boxes: x1 y1 x2 y2 x3 y3 x4 y4
2104 624 2104 922 2294 922 2294 624
2272 634 2272 934 2366 934 2366 634
2356 648 2356 934 2558 934 2558 648
2546 642 2546 934 2708 934 2708 642
2684 658 2684 938 2822 938 2822 658
2784 660 2784 934 3008 934 3008 660
2972 680 2972 958 3234 958 3234 680
2096 930 2096 1150 2302 1150 2302 930
2288 920 2288 1140 2454 1140 2454 920
2434 936 2434 1142 2504 1142 2504 936
2466 928 2466 1120 2614 1120 2614 928
2592 952 2592 1130 2710 1130 2710 952
2700 938 2700 1152 2868 1152 2868 938
2844 932 2844 1148 3000 1148 3000 932
2986 944 2986 1144 3072 1144 3072 944
2078 1152 2078 1332 2238 1332 2238 1152
2214 1146 2214 1352 2280 1352 2280 1146
2264 1154 2264 1374 2456 1374 2456 1154
2434 1154 2434 1378 2598 1378 2598 1154
2556 1158 2556 1352 2728 1352 2728 1158
2692 1162 2692 1378 2814 1378 2814 1162
2760 1182 2760 1368 2938 1368 2938 1182
2908 1168 2908 1382 3048 1382 3048 1168
2990 1154 2990 1374 3168 1374 3168 1154
3136 1164 3136 1386 3242 1386 3242 1164
3198 1160 3198 1390 3366 1390 3366 1160
3308 1178 3308 1382 3486 1382 3486 1178
3448 1176 3448 1378 3612 1378 3612 1176
3556 1164 3556 1386 3750 1386 3750 1164
3678 1208 3678 1406 3856 1406 3856 1208
3816 1194 3816 1394 3984 1394 3984 1194
4168 1176 4168 1382 4362 1382 4362 1176
4344 1184 4344 1398 4496 1398 4496 1184
2100 2026 2100 2216 2256 2216 2256 2026
2246 2018 2246 2216 2372 2216 2372 2018
2350 2028 2350 2212 2484 2212 2484 2028
2452 2024 2452 2204 2674 2204 2674 2024
2642 2010 2642 2208 2814 2208 2814 2010
2794 2040 2794 2200 2942 2200 2942 2040
2902 2002 2902 2204 3080 2204 3080 2002
3058 2014 3058 2196 3218 2196 3218 2014
3180 2020 3180 2202 3310 2202 3310 2020
3296 2016 3296 2188 3426 2188 3426 2016
3414 2020 3414 2188 3580 2188 3580 2020
3566 2012 3566 2198 3720 2198 3720 2012
3704 2006 3704 2194 3838 2194 3838 2006
3816 1992 3816 2198 3948 2198 3948 1992
3930 1980 3930 2208 4074 2208 4074 1980
4048 2008 4048 2202 4212 2202 4212 2008
4202 1980 4202 2202 4330 2202 4330 1980
4294 1988 4294 2190 4484 2190 4484 1988
4466 1982 4466 2198 4658 2198 4658 1982
2164 2236 2164 2426 2266 2426 2266 2236
2252 2232 2252 2432 2312 2432 2312 2232
2298 2232 2298 2426 2402 2426 2402 2232
2388 2252 2388 2434 2514 2434 2514 2252
2484 2246 2484 2424 2592 2424 2592 2246
2588 2244 2588 2428 2734 2428 2734 2244
2714 2252 2714 2408 2844 2408 2844 2252
2804 2242 2804 2418 2956 2418 2956 2242
2908 2226 2908 2418 3070 2418 3070 2226
3050 2228 3050 2410 3198 2410 3198 2228
3166 2224 3166 2410 3254 2410 3254 2224
3230 2246 3230 2408 3366 2408 3366 2246
3298 2234 3298 2398 3448 2398 3448 2234
3434 2226 3434 2396 3566 2396 3566 2226
3540 2220 3540 2404 3600 2404 3600 2220
3580 2226 3580 2410 3728 2410 3728 2226
3718 2234 3718 2406 3880 2406 3880 2234
3818 2206 3818 2406 3988 2406 3988 2206
3970 2222 3970 2406 4140 2406 4140 2222
4098 2240 4098 2394 4236 2394 4236 2240
4202 2234 4202 2398 4318 2398 4318 2234
4290 2234 4290 2400 4386 2400 4386 2234
4370 2238 4370 2410 4442 2410 4442 2238
4420 2238 4420 2392 4528 2392 4528 2238
4490 2240 4490 2402 4622 2402 4622 2240
4598 2216 4598 2392 4712 2392 4712 2216
2146 2442 2146 2622 2304 2622 2304 2442
2276 2450 2276 2634 2412 2634 2412 2450
2374 2452 2374 2642 2538 2642 2538 2452
2502 2438 2502 2624 2672 2624 2672 2438
2648 2444 2648 2630 2796 2630 2796 2444
2748 2432 2748 2618 2910 2618 2910 2432
2880 2440 2880 2614 3036 2614 3036 2440
3012 2428 3012 2602 3180 2602 3180 2428
3160 2418 3160 2608 3338 2608 3338 2418
3314 2408 3314 2600 3472 2600 3472 2408
3460 2416 3460 2604 3606 2604 3606 2416
3578 2422 3578 2606 3724 2606 3724 2422
3702 2412 3702 2596 3852 2596 3852 2412
3836 2422 3836 2604 4000 2604 4000 2422
3970 2402 3970 2608 4112 2608 4112 2402
4082 2418 4082 2602 4256 2602 4256 2418
4298 2416 4298 2570 4456 2570 4456 2416
4442 2410 4442 2586 4618 2586 4618 2410
2132 2632 2132 2834 2298 2834 2298 2632
2274 2634 2274 2822 2386 2822 2386 2634
2370 2658 2370 2828 2500 2828 2500 2658
2462 2636 2462 2838 2626 2838 2626 2636
2606 2636 2606 2844 2790 2844 2790 2636
2754 2624 2754 2836 2890 2836 2890 2624
2872 2626 2872 2832 2960 2832 2960 2626
2922 2622 2922 2828 3068 2828 3068 2622
3052 2616 3052 2818 3172 2818 3172 2616
3130 2620 3130 2804 3282 2804 3282 2620
3256 2612 3256 2796 3416 2796 3416 2612
3358 2606 3358 2820 3504 2820 3504 2606
3464 2610 3464 2804 3560 2804 3560 2610
3528 2616 3528 2816 3668 2816 3668 2616
3638 2628 3638 2804 3808 2804 3808 2628
3772 2640 3772 2806 3924 2806 3924 2640
3864 2606 3864 2806 4020 2806 4020 2606
3984 2608 3984 2808 4118 2808 4118 2608
4094 2634 4094 2804 4250 2804 4250 2634
4236 2608 4236 2818 4386 2818 4386 2608
4356 2614 4356 2820 4434 2820 4434 2614
4418 2632 4418 2794 4550 2794 4550 2632
2402 2844 2402 3048 2570 3048 2570 2844
2534 2864 2534 3036 2656 3036 2656 2864
2636 2862 2636 3034 2766 3034 2766 2862
2734 2818 2734 3074 2894 3074 2894 2818
2866 2846 2866 3040 3014 3040 3014 2846
2988 2844 2988 3026 3130 3026 3130 2844
3098 2858 3098 3020 3236 3020 3236 2858
3202 2840 3202 3044 3330 3044 3330 2840
3296 2826 3296 3030 3448 3030 3448 2826
3426 2844 3426 3020 3582 3020 3582 2844
3564 2832 3564 3008 3734 3008 3734 2832
3720 2842 3720 3002 3858 3002 3858 2842
3826 2828 3826 3016 3962 3016 3962 2828
3942 2828 3942 3012 4080 3012 4080 2828
4034 2826 4034 2994 4164 2994 4164 2826
4152 2834 4152 3000 4304 3000 4304 2834
2188 3092 2188 3232 2312 3232 2312 3092
2272 3084 2272 3222 2422 3222 2422 3084
2384 3066 2384 3224 2504 3224 2504 3066
2502 3064 2502 3222 2622 3222 2622 3064
2612 3052 2612 3240 2746 3240 2746 3052
2726 3058 2726 3236 2862 3236 2862 3058
2842 3052 2842 3244 2912 3244 2912 3052
2882 3052 2882 3224 3010 3224 3010 3052
2992 3070 2992 3240 3114 3240 3114 3070
3076 3058 3076 3242 3198 3242 3198 3058
3188 3058 3188 3244 3310 3244 3310 3058
3280 3036 3280 3298 3438 3298 3438 3036
3426 3036 3426 3228 3554 3228 3554 3036
3548 3052 3548 3230 3636 3230 3636 3052
3614 3068 3614 3204 3754 3204 3754 3068
3720 3060 3720 3210 3832 3210 3832 3060
3808 3074 3808 3206 3934 3206 3934 3074
3940 3040 3940 3216 4060 3216 4060 3040
4056 3044 4056 3206 4204 3206 4204 3044
4184 3038 4184 3218 4296 3218 4296 3038
4266 3054 4266 3224 4412 3224 4412 3054
4384 3046 4384 3202 4504 3202 4504 3046
2144 3278 2144 3448 2276 3448 2276 3278
2240 3274 2240 3446 2384 3446 2384 3274
2364 3300 2364 3456 2560 3456 2560 3300
2516 3270 2516 3442 2664 3442 2664 3270
2656 3282 2656 3442 2816 3442 2816 3282
2796 3262 2796 3440 2936 3440 2936 3262
2898 3260 2898 3426 3042 3426 3042 3260
3002 3254 3002 3422 3116 3422 3116 3254
3086 3240 3086 3432 3152 3432 3152 3240
3130 3276 3130 3426 3258 3426 3258 3276
3240 3250 3240 3432 3392 3432 3392 3250
3464 3264 3464 3434 3620 3434 3620 3264
3608 3274 3608 3424 3738 3424 3738 3274
3706 3270 3706 3442 3848 3442 3848 3270
3824 3258 3824 3424 3906 3424 3906 3258
3864 3248 3864 3414 4012 3414 4012 3248
3994 3270 3994 3412 4166 3412 4166 3270
4164 3246 4164 3424 4302 3424 4302 3246
4298 3244 4298 3428 4362 3428 4362 3244
4356 3266 4356 3422 4492 3422 4492 3266
4460 3254 4460 3426 4604 3426 4604 3254
2262 3470 2262 3652 2430 3652 2430 3470
2406 3476 2406 3644 2574 3644 2574 3476
2592 3472 2592 3648 2750 3648 2750 3472
2738 3468 2738 3640 2880 3640 2880 3468
2854 3468 2854 3638 3006 3638 3006 3468
2972 3468 2972 3630 3108 3630 3108 3468
3070 3470 3070 3630 3206 3630 3206 3470
3176 3474 3176 3632 3280 3632 3280 3474
3238 3454 3238 3634 3376 3634 3376 3454
3354 3458 3354 3698 3472 3698 3472 3458
3460 3456 3460 3642 3578 3642 3578 3456
3564 3458 3564 3644 3694 3644 3694 3458
3662 3460 3662 3624 3778 3624 3778 3460
3766 3448 3766 3632 3900 3632 3900 3448
3878 3466 3878 3634 3950 3634 3950 3466
3938 3460 3938 3630 4068 3630 4068 3460
4044 3440 4044 3644 4196 3644 4196 3440
4180 3450 4180 3630 4314 3630 4314 3450
4304 3450 4304 3626 4414 3626 4414 3450
4400 3456 4400 3628 4530 3628 4530 3456
4504 3446 4504 3626 4620 3626 4620 3446
4582 3488 4582 3624 4694 3624 4694 3488
4680 3452 4680 3632 4780 3632 4780 3452
2314 3700 2314 3846 2442 3846 2442 3700
2396 3668 2396 3842 2544 3842 2544 3668
2510 3674 2510 3850 2674 3850 2674 3674
2658 3684 2658 3844 2802 3844 2802 3684
2772 3672 2772 3848 2904 3848 2904 3672
2882 3674 2882 3862 3024 3862 3024 3674
2992 3668 2992 3864 3114 3864 3114 3668
3098 3644 3098 3840 3254 3840 3254 3644
3180 3636 3180 3886 3330 3886 3330 3636
3290 3678 3290 3854 3468 3854 3468 3678
3430 3656 3430 3854 3520 3854 3520 3656
3482 3680 3482 3840 3612 3840 3612 3680
3586 3672 3586 3848 3736 3848 3736 3672
3694 3668 3694 3840 3900 3840 3900 3668
3868 3664 3868 3826 3978 3826 3978 3664
3954 3680 3954 3822 4080 3822 4080 3680
4050 3666 4050 3838 4186 3838 4186 3666
4180 3664 4180 3848 4292 3848 4292 3664
4254 3672 4254 3840 4364 3840 4364 3672
4324 3652 4324 3836 4462 3836 4462 3652
4424 3660 4424 3850 4556 3850 4556 3660
4516 3642 4516 3850 4624 3850 4624 3642
4590 3660 4590 3850 4728 3850 4728 3660
4708 3704 4708 3812 4780 3812 4780 3704
4736 3674 4736 3834 4846 3834 4846 3674
2230 3868 2230 4044 2386 4044 2386 3868
2384 3880 2384 4036 2538 4036 2538 3880
2524 3864 2524 4040 2650 4040 2650 3864
2626 3874 2626 4032 2714 4032 2714 3874
2702 3860 2702 4044 2814 4044 2814 3860
2800 3890 2800 4028 2922 4028 2922 3890
2910 3870 2910 4026 3054 4026 3054 3870
3014 3872 3014 4090 3138 4090 3138 3872
3126 3862 3126 4028 3270 4028 3270 3862
3242 3870 3242 4036 3386 4036 3386 3870
3366 3856 3366 4034 3484 4034 3484 3856
3464 3858 3464 4042 3568 4042 3568 3858
3544 3852 3544 4038 3676 4038 3676 3852
3656 3866 3656 4036 3806 4036 3806 3866
3774 3856 3774 4038 3860 4038 3860 3856
3830 3870 3830 4038 3972 4038 3972 3870
3930 3870 3930 4034 4052 4034 4052 3870
4042 3868 4042 4024 4212 4024 4212 3868
4196 3858 4196 4040 4308 4040 4308 3858
4286 3882 4286 4040 4412 4040 4412 3882
4388 3844 4388 4038 4552 4038 4552 3844
1392 4090 1392 4268 1546 4268 1546 4090
1522 4090 1522 4250 1592 4250 1592 4090
1572 4092 1572 4248 1702 4248 1702 4092
1790 4092 1790 4254 1936 4254 1936 4092
1906 4094 1906 4248 2102 4248 2102 4094
2086 4096 2086 4266 2240 4266 2240 4096
2214 4064 2214 4250 2278 4250 2278 4064
2250 4074 2250 4244 2370 4244 2370 4074
2364 4060 2364 4254 2468 4254 2468 4060
2430 4060 2430 4260 2542 4260 2542 4060
2506 4084 2506 4220 2626 4220 2626 4084
2594 4064 2594 4236 2718 4236 2718 4064
2692 4058 2692 4240 2838 4240 2838 4058
2824 4076 2824 4246 2994 4246 2994 4076
2982 4074 2982 4240 3092 4240 3092 4074
3084 4072 3084 4234 3194 4234 3194 4072
3188 4094 3188 4240 3300 4240 3300 4094
3264 4074 3264 4258 3396 4258 3396 4074
3388 4088 3388 4238 3540 4238 3540 4088
3540 4072 3540 4250 3642 4250 3642 4072
3634 4088 3634 4228 3742 4228 3742 4088
3706 4056 3706 4230 3862 4230 3862 4056
1174 4314 1174 4512 1332 4512 1332 4314
1336 4326 1336 4508 1476 4508 1476 4326
1458 4316 1458 4504 1614 4504 1614 4316
1786 4322 1786 4510 1946 4510 1946 4322
1898 4324 1898 4514 2044 4514 2044 4324
2010 4322 2010 4500 2166 4500 2166 4322
2264 4304 2264 4472 2394 4472 2394 4304
2386 4308 2386 4488 2526 4488 2526 4308
2506 4334 2506 4488 2644 4488 2644 4334
2634 4334 2634 4480 2774 4480 2774 4334
2750 4322 2750 4464 2856 4464 2856 4322
2842 4318 2842 4484 2974 4484 2974 4318
2926 4314 2926 4470 3074 4470 3074 4314
3010 4300 3010 4476 3162 4476 3162 4300
3132 4314 3132 4470 3286 4470 3286 4314
3262 4278 3262 4482 3398 4482 3398 4278
3378 4288 3378 4484 3508 4484 3508 4288
3478 4292 3478 4488 3602 4488 3602 4292
3576 4300 3576 4478 3712 4478 3712 4300
3698 4290 3698 4474 3818 4474 3818 4290
3794 4292 3794 4466 3946 4466 3946 4292
3918 4286 3918 4478 3996 4478 3996 4286
3970 4292 3970 4504 4130 4504 4130 4292
1192 4522 1192 4710 1360 4710 1360 4522
1340 4526 1340 4706 1464 4706 1464 4526
1436 4524 1436 4708 1578 4708 1578 4524
1550 4522 1550 4724 1716 4724 1716 4522
1828 4520 1828 4710 1962 4710 1962 4520
1920 4520 1920 4704 2068 4704 2068 4520
2022 4524 2022 4698 2186 4698 2186 4524
2152 4536 2152 4714 2286 4714 2286 4536
2248 4524 2248 4708 2364 4708 2364 4524
2328 4518 2328 4698 2464 4698 2464 4518
2446 4512 2446 4692 2564 4692 2564 4512
2546 4502 2546 4694 2696 4694 2696 4502
2820 4510 2820 4696 2984 4696 2984 4510
2966 4508 2966 4704 3080 4704 3080 4508
3056 4496 3056 4690 3200 4690 3200 4496
3172 4500 3172 4684 3316 4684 3316 4500
3300 4508 3300 4690 3436 4690 3436 4508
3406 4502 3406 4688 3556 4688 3556 4502
3536 4518 3536 4676 3692 4676 3692 4518
3662 4518 3662 4674 3778 4674 3778 4518
3740 4532 3740 4684 3876 4684 3876 4532
3844 4490 3844 4698 4034 4698 4034 4490
728 4726 728 4906 892 4906 892 4726
878 4728 878 4900 982 4900 982 4728
968 4722 968 4910 1044 4910 1044 4722
1028 4720 1028 4914 1182 4914 1182 4720
1156 4726 1156 4886 1306 4886 1306 4726
1296 4718 1296 4924 1430 4924 1430 4718
1388 4718 1388 4914 1536 4914 1536 4718
1518 4720 1518 4940 1698 4940 1698 4720
1772 4732 1772 4918 1842 4918 1842 4732
1840 4738 1840 4912 1974 4912 1974 4738
1932 4716 1932 4904 2076 4904 2076 4716
2060 4720 2060 4898 2140 4898 2140 4720
2124 4726 2124 4908 2178 4908 2178 4726
2162 4756 2162 4902 2324 4902 2324 4756
2306 4732 2306 4898 2440 4898 2440 4732
2418 4716 2418 4892 2542 4892 2542 4716
2542 4734 2542 4888 2662 4888 2662 4734
2646 4724 2646 4902 2716 4902 2716 4724
2700 4750 2700 4890 2808 4890 2808 4750
2780 4732 2780 4904 2902 4904 2902 4732
2894 4744 2894 4904 2986 4904 2986 4744
2974 4734 2974 4902 3064 4902 3064 4734
3046 4722 3046 4908 3178 4908 3178 4722
3182 4734 3182 4900 3312 4900 3312 4734
3308 4734 3308 4890 3388 4890 3388 4734
3370 4742 3370 4896 3484 4896 3484 4742
3476 4744 3476 4896 3598 4896 3598 4744
3584 4756 3584 4902 3732 4902 3732 4756
3712 4738 3712 4908 3868 4908 3868 4738
1110 4938 1110 5118 1278 5118 1278 4938
1276 4942 1276 5112 1418 5112 1418 4942
1420 4948 1420 5130 1590 5130 1590 4948
878 5166 878 5326 1032 5326 1032 5166
1018 5178 1018 5334 1166 5334 1166 5178
1148 5152 1148 5346 1266 5346 1266 5152
1264 5178 1264 5332 1412 5332 1412 5178
1378 5156 1378 5332 1528 5332 1528 5156
1494 5168 1494 5332 1628 5332 1628 5168
1602 5164 1602 5344 1750 5344 1750 5164
1726 5146 1726 5350 1900 5350 1900 5146
834 5362 834 5606 974 5606 974 5362
974 5378 974 5544 1094 5544 1094 5378
1088 5374 1088 5530 1194 5530 1194 5374
1158 5390 1158 5536 1286 5536 1286 5390
1268 5384 1268 5534 1402 5534 1402 5384
1392 5394 1392 5540 1514 5540 1514 5394
1492 5376 1492 5546 1646 5546 1646 5376
794 5598 794 5740 964 5740 964 5598
968 5570 968 5756 1084 5756 1084 5570
1034 5592 1034 5754 1160 5754 1160 5592
1132 5596 1132 5758 1280 5758 1280 5596
1254 5588 1254 5768 1420 5768 1420 5588
1016 5804 1016 5980 1174 5980 1174 5804
1142 5782 1142 5966 1296 5966 1296 5782
690 5992 690 6170 842 6170 842 5992
820 5996 820 6176 932 6176 932 5996
904 5994 904 6180 1046 6180 1046 5994
1032 6008 1032 6170 1154 6170 1154 6008
1152 6008 1152 6176 1238 6176 1238 6008
1214 5996 1214 6172 1264 6172 1264 5996
1272 6010 1272 6170 1400 6170 1400 6010
1400 6012 1400 6176 1520 6176 1520 6012
1504 5996 1504 6182 1662 6182 1662 5996
912 6194 912 6384 1058 6384 1058 6194
1056 6208 1056 6368 1228 6368 1228 6208
1228 6208 1228 6374 1374 6374 1374 6208
1350 6202 1350 6374 1416 6374 1416 6202
1406 6216 1406 6376 1528 6376 1528 6216
1514 6194 1514 6386 1662 6386 1662 6194
1690 6190 1690 6396 1844 6396 1844 6190
788 6422 788 6578 910 6578 910 6422
888 6414 888 6594 1028 6594 1028 6414
992 6422 992 6592 1134 6592 1134 6422
1116 6414 1116 6598 1262 6598 1262 6414
542 6634 542 6806 616 6806 616 6634
600 6640 600 6802 752 6802 752 6640
724 6630 724 6806 850 6806 850 6630
846 6630 846 6814 994 6814 994 6630
1162 6630 1162 6818 1318 6818 1318 6630
1328 6640 1328 6818 1460 6818 1460 6640
352 6866 352 7014 482 7014 482 6866
456 6864 456 7020 534 7020 534 6864
514 6884 514 7022 630 7022 630 6884
614 6812 614 7078 774 7078 774 6812
756 6842 756 7012 892 7012 892 6842
868 6844 868 7024 1028 7024 1028 6844
1016 6848 1016 7016 1142 7016 1142 6848
1124 6860 1124 7014 1262 7014 1262 6860
1240 6844 1240 7000 1408 7000 1408 6844
398 7054 398 7230 542 7230 542 7054
528 7052 528 7220 628 7220 628 7052
586 7058 586 7232 716 7232 716 7058
698 7068 698 7246 826 7246 826 7068
814 7044 814 7228 950 7228 950 7044
940 7050 940 7244 1076 7244 1076 7050
1076 7068 1076 7220 1240 7220 1240 7068
1242 7070 1242 7220 1378 7220 1378 7070
1374 7050 1374 7216 1504 7216 1504 7050
414 7270 414 7448 556 7448 556 7270
552 7286 552 7450 640 7450 640 7286
614 7264 614 7446 752 7446 752 7264
732 7268 732 7462 866 7462 866 7268
854 7270 854 7456 978 7456 978 7270
970 7268 970 7460 1094 7460 1094 7268
1084 7278 1084 7454 1238 7454 1238 7278
520 7472 520 7642 698 7642 698 7472
688 7458 688 7646 830 7646 830 7458
804 7448 804 7706 964 7706 964 7448
946 7474 946 7648 1056 7648 1056 7474
1032 7496 1032 7642 1188 7642 1188 7496
1150 7476 1150 7662 1304 7662 1304 7476
1266 7480 1266 7668 1340 7668 1340 7480
1318 7490 1318 7660 1424 7660 1424 7490
1412 7490 1412 7654 1554 7654 1554 7490
1532 7472 1532 7660 1688 7660 1688 7472
616 7692 616 7850 768 7850 768 7692
760 7690 760 7850 882 7850 882 7690
874 7704 874 7856 966 7856 966 7704
948 7700 948 7860 1080 7860 1080 7700
1054 7672 1054 7866 1212 7866 1212 7672
588 7890 588 8058 728 8058 728 7890
706 7878 706 8074 856 8074 856 7878
820 7882 820 8080 998 8080 998 7882
372 8092 372 8272 454 8272 454 8092
432 8096 432 8282 572 8282 572 8096
546 8116 546 8272 698 8272 698 8116
692 8096 692 8276 850 8276 850 8096
840 8100 840 8282 898 8282 898 8100
886 8096 886 8280 1002 8280 1002 8096
990 8118 990 8268 1136 8268 1136 8118
1112 8098 1112 8284 1266 8284 1266 8098
480 8340 480 8522 552 8522 552 8340
544 8334 544 8532 670 8532 670 8334
652 8348 652 8510 784 8510 784 8348
776 8322 776 8496 862 8496 862 8322
840 8344 840 8500 984 8500 984 8344
962 8318 962 8518 1136 8518 1136 8318
568 8538 568 8720 724 8720 724 8538
712 8534 712 8726 832 8726 832 8534
798 8502 798 8796 936 8796 936 8502
922 8546 922 8740 1000 8740 1000 8546
996 8534 996 8736 1142 8736 1142 8534
1112 8558 1112 8718 1252 8718 1252 8558
1232 8518 1232 8732 1408 8732 1408 8518
632 8724 632 8934 766 8934 766 8724
736 8746 736 8916 884 8916 884 8746
880 8764 880 8916 1002 8916 1002 8764
986 8786 986 8900 1112 8900 1112 8786
1080 8734 1080 8892 1190 8892 1190 8734
1176 8750 1176 8904 1314 8904 1314 8750
340 8904 340 9058 502 9058 502 8904
488 8892 488 9078 606 9078 606 8892
584 8914 584 9078 726 9078 726 8914
716 8912 716 9064 850 9064 850 8912
836 8904 836 9054 1010 9054 1010 8904
986 8896 986 9056 1138 9056 1138 8896
1130 8892 1130 9062 1278 9062 1278 8892
330 9046 330 9232 484 9232 484 9046
482 9058 482 9262 604 9262 604 9058
598 9064 598 9232 696 9232 696 9064
694 9072 694 9226 814 9226 814 9072
782 9058 782 9218 940 9218 940 9058
924 9050 924 9228 1070 9228 1070 9050
1052 9044 1052 9244 1222 9244 1222 9044
2306 5310 2306 5540 2562 5540 2562 5310
2584 5312 2584 5538 2742 5538 2742 5312
2056 5556 2056 5748 2246 5748 2246 5556
2244 5540 2244 5742 2298 5742 2298 5540
2288 5552 2288 5754 2426 5754 2426 5552
2434 5536 2434 5738 2574 5738 2574 5536
2540 5562 2540 5734 2696 5734 2696 5562
2680 5546 2680 5744 2818 5744 2818 5546
2786 5544 2786 5738 2904 5738 2904 5544
2886 5538 2886 5750 3014 5750 3014 5538
2962 5524 2962 5750 3126 5750 3126 5524
2050 5768 2050 5948 2232 5948 2232 5768
2586 5736 2586 5936 2660 5936 2660 5736
2656 5746 2656 5952 2816 5952 2816 5746
2796 5750 2796 5952 2938 5952 2938 5750
2924 5760 2924 5936 3094 5936 3094 5760
2632 5984 2632 6174 2800 6174 2800 5984
2766 5964 2766 6156 2884 6156 2884 5964
2874 5972 2874 6180 3044 6180 3044 5972
1912 6626 1912 6820 2046 6820 2046 6626
2038 6646 2038 6824 2168 6824 2168 6646
2160 6642 2160 6814 2300 6814 2300 6642
2302 6654 2302 6800 2420 6800 2420 6654
2406 6646 2406 6808 2536 6808 2536 6646
2774 6628 2774 6812 2916 6812 2916 6628
2922 6650 2922 6810 3062 6810 3062 6650
3030 6562 3030 6884 3188 6884 3188 6562
3178 6634 3178 6802 3248 6802 3248 6634
3234 6614 3234 6800 3340 6800 3340 6614
1918 6848 1918 7010 2064 7010 2064 6848
2056 6846 2056 7016 2172 7016 2172 6846
2150 6858 2150 7012 2308 7012 2308 6858
2284 6844 2284 7006 2412 7006 2412 6844
2376 6846 2376 7020 2506 7020 2506 6846
2576 6828 2576 7028 2752 7028 2752 6828
1930 7058 1930 7230 2044 7230 2044 7058
2028 7062 2028 7224 2108 7224 2108 7062
2082 7030 2082 7228 2246 7228 2246 7030
2236 7026 2236 7226 2362 7226 2362 7026
2338 7040 2338 7208 2490 7208 2490 7040
1952 7274 1952 7444 2134 7444 2134 7274
2124 7288 2124 7424 2242 7424 2242 7288
2222 7274 2222 7428 2356 7428 2356 7274
2316 7250 2316 7426 2482 7426 2482 7250
1912 7484 1912 7666 2044 7666 2044 7484
2034 7492 2034 7648 2120 7648 2120 7492
2098 7486 2098 7654 2278 7654 2278 7486
2252 7462 2252 7668 2400 7668 2400 7462
1904 7706 1904 7850 2056 7850 2056 7706
2040 7684 2040 7866 2132 7866 2132 7684
2112 7688 2112 7864 2170 7864 2170 7688
2162 7696 2162 7860 2314 7860 2314 7696
2296 7696 2296 7858 2426 7858 2426 7696
2406 7696 2406 7848 2548 7848 2548 7696
2878 7700 2878 7864 3028 7864 3028 7700
2980 7694 2980 7860 3110 7860 3110 7694
1906 7924 1906 8064 2064 8064 2064 7924
2040 7900 2040 8074 2148 8074 2148 7900
2110 7904 2110 8072 2234 8072 2234 7904
2212 7914 2212 8070 2342 8070 2342 7914
2296 7906 2296 8088 2426 8088 2426 7906
2534 7912 2534 8082 2600 8082 2600 7912
2582 7906 2582 8068 2730 8068 2730 7906
1908 8114 1908 8304 2036 8304 2036 8114
2020 8100 2020 8288 2168 8288 2168 8100
2156 8116 2156 8298 2282 8298 2282 8116
2248 8104 2248 8284 2372 8284 2372 8104
1922 8342 1922 8520 2040 8520 2040 8342
2034 8346 2034 8512 2122 8512 2122 8346
2090 8352 2090 8514 2204 8514 2204 8352
2164 8360 2164 8512 2288 8512 2288 8360
1910 8564 1910 8734 2040 8734 2040 8564
2022 8576 2022 8742 2140 8742 2140 8576
2124 8572 2124 8736 2244 8736 2244 8572
2204 8574 2204 8736 2356 8736 2356 8574
2330 8574 2330 8744 2472 8744 2472 8574
2456 8572 2456 8728 2584 8728 2584 8572
2564 8560 2564 8720 2720 8720 2720 8560
2706 8596 2706 8720 2840 8720 2840 8596
2800 8594 2800 8728 2934 8728 2934 8594
2906 8556 2906 8742 3084 8742 3084 8556
1918 8746 1918 8906 2058 8906 2058 8746
2040 8750 2040 8918 2162 8918 2162 8750
2122 8738 2122 8894 2242 8894 2242 8738
2240 8738 2240 8918 2382 8918 2382 8738
2544 8736 2544 8900 2670 8900 2670 8736
2644 8768 2644 8914 2768 8914 2768 8768
2754 8720 2754 8910 2930 8910 2930 8720
3410 4932 3410 5100 3592 5100 3592 4932
3550 4908 3550 5094 3702 5094 3702 4908
3664 4950 3664 5110 3814 5110 3814 4950
3792 4910 3792 5094 3866 5094 3866 4910
3858 4910 3858 5108 3994 5108 3994 4910
3982 4936 3982 5094 4124 5094 4124 4936
4122 4924 4122 5112 4284 5112 4284 4924
3418 5146 3418 5314 3552 5314 3552 5146
3508 5120 3508 5306 3650 5306 3650 5120
3634 5146 3634 5306 3812 5306 3812 5146
3774 5142 3774 5316 3916 5316 3916 5142
3880 5130 3880 5304 3980 5304 3980 5130
3954 5128 3954 5306 4008 5306 4008 5128
4006 5146 4006 5308 4154 5308 4154 5146
4142 5152 4142 5308 4278 5308 4278 5152
4238 5138 4238 5314 4400 5314 4400 5138
3424 5342 3424 5520 3564 5520 3564 5342
3560 5352 3560 5510 3728 5510 3728 5352
3714 5346 3714 5526 3818 5526 3818 5346
3802 5356 3802 5512 3934 5512 3934 5356
3924 5366 3924 5522 4058 5522 4058 5366
4036 5342 4036 5522 4154 5522 4154 5342
4128 5360 4128 5518 4270 5518 4270 5360
4240 5326 4240 5526 4408 5526 4408 5326
3440 5562 3440 5756 3570 5756 3570 5562
3554 5572 3554 5740 3626 5740 3626 5572
3604 5588 3604 5748 3728 5748 3728 5588
3690 5552 3690 5732 3832 5732 3832 5552
3812 5552 3812 5730 3956 5730 3956 5552
3930 5562 3930 5728 4082 5728 4082 5562
4072 5552 4072 5730 4154 5730 4154 5552
4128 5578 4128 5728 4262 5728 4262 5578
4246 5556 4246 5744 4402 5744 4402 5556
4468 5548 4468 5746 4628 5746 4628 5548
4608 5534 4608 5730 4724 5730 4724 5534
4718 5538 4718 5732 4790 5732 4790 5538
3444 5776 3444 5948 3574 5948 3574 5776
3540 5758 3540 5938 3660 5938 3660 5758
3654 5752 3654 5940 3806 5940 3806 5752
3784 5746 3784 5952 3928 5952 3928 5746
3922 5752 3922 5934 3980 5934 3980 5752
3978 5770 3978 5936 4116 5936 4116 5770
4098 5748 4098 5932 4268 5932 4268 5748
3442 5960 3442 6164 3598 6164 3598 5960
3576 5938 3576 6230 3728 6230 3728 5938
3698 5988 3698 6166 3798 6166 3798 5988
3788 5998 3788 6142 3908 6142 3908 5998
3436 6204 3436 6382 3600 6382 3600 6204
3582 6220 3582 6368 3766 6368 3766 6220
3750 6206 3750 6374 3904 6374 3904 6206
3880 6186 3880 6358 3960 6358 3960 6186
3946 6192 3946 6360 4100 6360 4100 6192
4086 6202 4086 6374 4222 6374 4222 6202
4202 6184 4202 6386 4362 6386 4362 6184
3436 6402 3436 6598 3578 6598 3578 6402
3562 6408 3562 6586 3710 6586 3710 6408
3648 6398 3648 6578 3796 6578 3796 6398
3782 6388 3782 6582 3904 6582 3904 6388
3880 6410 3880 6574 4040 6574 4040 6410
4022 6388 4022 6576 4170 6576 4170 6388
3444 6634 3444 6792 3594 6792 3594 6634
3562 6618 3562 6790 3624 6790 3624 6618
3614 6610 3614 6788 3782 6788 3782 6610
3448 6836 3448 7016 3604 7016 3604 6836
3582 6844 3582 7002 3714 7002 3714 6844
3652 6824 3652 6996 3810 6996 3810 6824
3764 6838 3764 6992 3932 6992 3932 6838
3452 7052 3452 7214 3564 7214 3564 7052
3544 7060 3544 7210 3676 7210 3676 7060
3768 7056 3768 7212 3894 7212 3894 7056
3884 7058 3884 7204 4030 7204 4030 7058
4008 7060 4008 7212 4160 7212 4160 7060
3872 7264 3872 7406 4022 7406 4022 7264
4010 7276 4010 7402 4134 7402 4134 7276
4108 7248 4108 7402 4252 7402 4252 7248
3612 7474 3612 7650 3686 7650 3686 7474
3442 7688 3442 7840 3606 7840 3606 7688
3596 7706 3596 7862 3764 7862 3764 7706
3740 7690 3740 7856 3898 7856 3898 7690
3892 7692 3892 7850 3954 7850 3954 7692
3944 7688 3944 7852 4096 7852 4096 7688
4090 7700 4090 7852 4228 7852 4228 7700
4212 7672 4212 7850 4372 7850 4372 7672
3468 7904 3468 8076 3610 8076 3610 7904
3566 7906 3566 8076 3716 8076 3716 7906
3686 7914 3686 8080 3776 8080 3776 7914
3750 7926 3750 8094 3908 8094 3908 7926
3898 7904 3898 8106 4080 8106 4080 7904
3454 8108 3454 8300 3612 8300 3612 8108
3576 8098 3576 8286 3718 8286 3718 8098
3654 8114 3654 8278 3812 8278 3812 8114
3782 8122 3782 8292 3938 8292 3938 8122
3906 8106 3906 8270 4028 8270 4028 8106
4020 8106 4020 8280 4178 8280 4178 8106
3490 8358 3490 8520 3612 8520 3612 8358
3598 8350 3598 8508 3732 8508 3732 8350
3710 8338 3710 8510 3866 8510 3866 8338
3858 8330 3858 8510 3996 8510 3996 8330
3990 8340 3990 8502 4054 8502 4054 8340
4040 8336 4040 8496 4150 8496 4150 8336
3624 8590 3624 8732 3776 8732 3776 8590
3746 8568 3746 8722 3810 8722 3810 8568
3796 8552 3796 8730 3918 8730 3918 8552
3900 8590 3900 8718 4018 8718 4018 8590
3988 8592 3988 8722 4122 8722 4122 8592
4106 8576 4106 8714 4236 8714 4236 8576
3644 8748 3644 8914 3790 8914 3790 8748
3762 8760 3762 8910 3900 8910 3900 8760
3868 8738 3868 8906 4014 8906 4014 8738
4382 8706 4382 8898 4546 8898 4546 8706
4536 8716 4536 8898 4678 8898 4678 8716
328 9340 328 9562 540 9562 540 9340
516 9328 516 9526 704 9526 704 9328
696 9318 696 9540 848 9540 848 9318
810 9300 810 9548 1002 9548 1002 9300
942 9312 942 9536 1156 9536 1156 9312
1166 9354 1166 9528 1380 9528 1380 9354
1350 9320 1350 9562 1548 9562 1548 9320
1534 9354 1534 9558 1724 9558 1724 9354
1708 9344 1708 9548 1910 9548 1910 9344
340 9544 340 9768 558 9768 558 9544
554 9546 554 9786 812 9786 812 9546
784 9542 784 9780 882 9780 882 9542
868 9538 868 9782 1084 9782 1084 9538
1082 9540 1082 9780 1286 9780 1286 9540
1274 9546 1274 9782 1472 9782 1472 9546
1436 9546 1436 9792 1656 9792 1656 9546
1620 9556 1620 9778 1834 9778 1834 9556
1812 9548 1812 9762 1998 9762 1998 9548
1974 9528 1974 9770 2182 9770 2182 9528
510 9760 510 10008 758 10008 758 9760
748 9784 748 10026 980 10026 980 9784
980 9758 980 10004 1228 10004 1228 9758
# Transcript
AISAROS
QHITYCHI
TIPATROYARCONTOSNE
KLEWNOSTOYMENESQEWS
*RIBOYNTOSDIOTEIMOYTOTRITON
*PLOMACOSASKLHPASCC
DROSPAIDEYTAIAPOLLWNIO*
*STEFANOYAQMONEYS
*GOYSKAISYNEFHBOYSANEQH***
OYDHMHTRIONPOSIDWNIOY
OSNESTORA)LEYKIONNESTOR*
*GAQOKLEA)DIODWRONEYKARPOY
NMARKON)ASKLHPIODWRON
*****SIO*SWSIKRATHNMHNODWROY
SYS**TAS*YNOOYNTASALLHLOIS
***MBAN*YSTARCHNABASKANTON
ARISTEANILARIWNADIOKLEAKITTON
*****NON
****TOBOYLON
***FERONTA
***MACON
******ON
**NANDRIWNA
****LWNIONK
***YCAN
*ISANNE
DIOFANTON
HRAKLEWNA
HRAKLAN
*PAFRODITON
**PERON
**SAN
ISQMIKON
*IKARON
**MAFILON
**KLHPAN
ARTEMAN
AFRODAN
QE
MISTOKLEA
Q**ISTO
OYS
ANQONSOFIA*
DHMYLN
ERMAN
POSA*
ERMA*
PRIMONLY
PRYTA*IN
KALL**
ERAT***
ABASKANTON
OLYM**KON
PYQIKON
EYPORIWNA
DWROQEON
DIONYSIONSKI
EYSKION
AFRO***
ZWSIMON
AGLAON
TIM**
OLYM***
BO*QON
****TON
*I******
ZWSIMON
GAION
AGAQAN
LHMNIC**
*QIKTON
*TAC**NE
STRATWNOS
EPIMELHQEN
TOS
# Lines: x1 y1 x2 y2 x3 y3 x4 y4

2054 786 3248 800
2080 1040 3070 1042
2032 1244 4508 1284
2074 2132 4662 2112
2142 2330 4720 2316
2130 2524 4620 2498
2110 2740 4550 2734
2372 2934 4306 2940
2154 3138 4506 3146
2118 3358 4600 3334
2230 3556 4780 3550
2298 3760 4846 3748
2214 3958 4550 3980
1362 4162 3862 4166
1158 4394 4074 4400
1172 4622 4030 4600
708 4806 3866 4826
1084 5028 1616 5036
846 5242 1912 5240
794 5458 1670 5474
752 5666 1470 5676
978 5878 1358 5890
668 6068 1660 6072
894 6284 1834 6286
770 6494 1254 6502
530 6702 1456 6722
322 6934 1406 6930
390 7118 1512 7124
396 7362 1232 7364
498 7554 1690 7570
596 7774 1204 7782
572 7970 988 7976
372 8174 1262 8178
466 8418 1126 8426
550 8630 1406 8628
622 8834 1302 8828
326 8972 1276 8978
318 9136 1220 9132
2288 5414 2752 5416
2048 5648 3124 5638
2032 5840 3088 5850
2616 6060 3034 6066
1902 6704 3336 6722
1900 6920 2742 6936
1926 7138 2496 7148
1938 7350 2492 7362
1894 7572 2416 7586
1868 7754 3108 7770
1890 7980 2732 7990
1890 8188 2386 8200
1890 8430 2288 8432
1896 8638 3078 8650
1908 8820 2934 8830
3398 5000 4276 4996
3412 5220 4400 5228
3414 5428 4404 5426
3426 5654 4760 5650
3436 5838 4278 5828
3432 6066 3896 6068
3412 6280 4356 6270
3414 6490 4162 6480
3442 6660 3820 6670
3426 6912 3928 6916
3448 7118 4164 7130
3862 7334 4264 7326
3616 7558 3796 7556
3408 7758 4384 7766
3452 7970 4122 7996
3426 8198 4198 8204
3456 8404 4150 8410
3598 8628 4278 8658
3612 8820 4614 8828
316 9448 1910 9446
324 9656 2134 9650
488 9886 1132 9898