# Baseline angle
0.009623992524678382
# Boxes: x1 y1 x2 y2 x3 y3 x4 y4
333 156 330.7287105945119 391.99553678199004 539 394 541.2712894054881 158.00446321801002
511 142 508.5536370580503 396.1863376168499 697 398 699.4463629419497 143.81366238315007
671 140 668.5582679766798 393.70516770293375 907 396 909.4417320233202 142.29483229706625
851 156 848.6689326006451 398.2066958338776 1035 400 1037.3310673993549 157.79330416612243
1013 146 1010.5712167239005 398.35974402260484 1181 400 1183.4287832760995 147.64025597739516
1161 156 1158.6313651912578 402.110091377604 1355 404 1357.3686348087422 157.88990862239598
1349 156 1346.5460423514983 410.97545627567234 1453 412 1455.4539576485017 157.02454372432766
1425 172 1422.845673267813 395.84267383000787 1647 398 1649.154326732187 174.15732616999213
1615 182 1612.9193261926266 398.1898571150082 1801 400 1803.0806738073734 183.81014288499182
1783 158 1780.7327858029057 393.57210725774377 2033 396 2035.2672141970943 160.42789274225623
1999 168 1996.610266027249 416.3023741064253 2173 418 2175.389733972751 169.69762589357472
2163 168 2160.8036601765416 396.20799249109376 2347 398 2349.1963398234584 169.79200750890624
2309 168 2306.8077353849353 395.7845629668476 2537 398 2539.1922646150647 170.21543703315243
2493 158 2490.6136002886624 405.95593176840566 2703 408 2705.3863997113376 160.04406823159434
2677 166 2674.592315887909 416.1674612937836 2865 418 2867.407684112091 167.83253870621638
2843 172 2840.6713406783324 413.9564874786412 3053 416 3055.3286593216676 174.04351252135882
3019 168 3016.5915749409282 418.2444484800102 3199 420 3201.4084250590718 169.7555515199898
319 436 316.93653538498637 650.4017571138764 483 652 485.0634646150136 437.59824288612356
459 450 457.1865585034776 638.4234119881204 621 640 622.8134414965223 451.57658801187966
605 434 603.0632977808405 635.2306660230284 683 636 684.9367022191595 434.7693339769716
679 438 676.9935348276757 646.4793000103386 835 648 837.0064651723243 439.52069998966147
839 456 837.0105587832903 662.7104468057635 971 664 972.9894412167096 457.28955319423653
965 464 963.2071019572505 650.288869648969 1141 652 1142.7928980427496 465.711130351031
1099 440 1096.9178442986654 656.3438314874613 1269 658 1271.0821557013346 441.65616851253867
1223 448 1220.917473825175 664.3823250805747 1389 666 1391.082526174825 449.6176749194254
1375 454 1372.995942905363 662.2290916551021 1557 664 1559.004057094637 455.77090834489786
1531 448 1528.997054325834 656.1136108757622 1725 658 1727.002945674166 449.8863891242377
1695 466 1693.1486206205998 658.3653011249601 1863 660 1864.8513793794002 467.63469887503993
1873 458 1870.9766961088062 668.228906418357 2055 670 2057.023303891194 459.77109358164296
2049 450 2046.8797211790425 670.3049674208577 2223 672 2225.1202788209575 451.6950325791423
2169 442 2166.8852782813974 661.7275635241583 2403 664 2405.1147217186026 444.27243647584163
2363 446 2360.8974860816375 664.459127030056 2521 666 2523.1025139183625 447.54087296994396
2503 448 2500.97539945159 658.3636339942535 2671 660 2673.02460054841 449.63636600574654
2649 474 2647.324435104042 648.0975131038736 2845 650 2846.675564895958 475.90248689612645
2815 452 2812.9010055797958 670.0934378954797 3011 672 3013.0989944202042 453.9065621045202
2979 444 2976.835670483574 668.8820008440667 3093 670 3095.164329516426 445.11799915593326
3057 444 3054.99798050956 652.017376892979 3261 654 3263.00201949044 445.98262310702097
307 674 305.0707072506474 874.4607941607626 465 876 466.9292927493526 675.5392058392374
437 662 434.93653538498637 876.4017571138764 601 878 603.0634646150136 663.5982428861236
595 674 593.0438657475387 877.2497275828398 671 878 672.9561342524613 674.7502724171602
671 688 669.2067314837601 874.3273632420824 843 876 844.7932685162399 689.6726367579176
819 676 817.0703367771571 876.4992877538759 973 878 974.9296632228429 677.5007122461241
971 680 969.014633991684 886.2870172815173 1147 888 1148.9853660083159 681.7129827184827
1145 681 1143.1327080854564 875.0186735501953 1349 877 1350.8672919145436 682.9813264498047
1345 674 1343.0720039078637 874.3260665848661 1517 876 1518.9279960921363 675.6739334151339
1503 660 1500.8428947166358 884.1313757783576 1695 886 1697.1571052833642 661.8686242216424
1689 696 1687.1099417907415 892.3841774480264 1855 894 1856.8900582092585 697.6158225519736
1813 684 1810.9937200644208 892.4600532137819 1971 894 1973.0062799355792 685.5399467862181
1973 702 1971.2063610102696 888.3658568351955 2141 890 2142.7936389897304 703.6341431648045
2147 682 2145.0716334343733 882.3645601779793 2315 884 2316.9283665656267 683.6354398220207
2311 670 2308.9955724318725 878.2675852482154 2489 880 2491.0044275681275 671.7324147517846
2477 690 2475.186002793242 878.4811523777903 2633 880 2634.813997206758 691.5188476222097
2623 688 2621.0827298141426 887.211604463217 2703 888 2704.9172701858574 688.788395536783
2683 700 2681.362187750175 870.1748707635905 2871 872 2872.637812249825 701.8251292364095
2847 680 2845.2078429042313 866.2118824627423 3031 868 3032.7921570957687 681.7881175372577
3009 674 3007.076449589748 873.8641434675067 3229 876 3230.923550410252 676.1358565324933
302 913 300.0727448548443 1113.2490793986394 482 1115 483.92725514515564 914.7509206013605
477 925 475.3792117057892 1093.4060175590153 641 1095 642.6207882942108 926.5939824409845
629 914 627.1880403974391 1102.2694376156671 807 1104 808.8119596025609 915.7305623843328
789 907 787.1724983357858 1096.8843164477892 1007 1099 1008.8275016642142 909.115683552211
1010 912 1008.1708312050791 1102.0575376167988 1210 1104 1211.8291687949209 913.942462383201
1193 907 1191.1119793949383 1103.1724626859034 1381 1105 1382.8880206050617 908.8275373140967
1367 898 1364.8997089225797 1116.2281654713763 1549 1118 1551.1002910774203 899.7718345286237
1535 905 1533.0355479189473 1109.1139813492528 1729 1111 1730.9644520810527 906.8860186507472
1717 911 1715.1504729880517 1103.1728331593936 1905 1105 1906.8495270119483 912.8271668406064
1885 908 1882.8786097585712 1128.4204482001976 2047 1130 2049.1213902414283 909.5795517998024
2041 918 2039.0829150508876 1117.1923576666604 2123 1118 2124.9170849491124 918.8076423333397
2115 916 2113.3982732656004 1082.4254495923171 2277 1084 2278.6017267343996 917.5745504076828
2221 897 2219.0927325983816 1095.172277449158 2409 1097 2410.9072674016184 898.8277225508419
2378 909 2376.229497778475 1092.961859344251 2588 1095 2589.770502221525 911.0381406557487
2569 897 2567.1856323197517 1085.5196459709034 2721 1087 2722.8143676802483 898.4803540290965
2694 913 2692.340903349421 1085.3864002889686 2860 1087 2861.659096650579 914.6135997110316
2853 905 2851.073856275315 1105.1335986192996 3045 1107 3046.926143724685 906.8664013807004
3019 876 3016.3561677003645 1150.7041487564277 3151 1152 3153.6438322996355 877.2958512435724
299 1130 297.0294351063566 1334.7491256356218 427 1336 428.9705648936434 1131.2508743643782
411 1130 409.0710777241377 1330.4223005676492 573 1332 574.9289222758623 1131.5776994323508
557 1112 554.8327066956512 1337.1899495889731 639 1338 641.1672933043488 1112.8100504110269
625 1124 623.0325841310246 1328.421930094159 787 1330 788.9674158689754 1125.578069905841
759 1112 756.7087228509746 1350.0723387314715 957 1352 959.2912771490254 1113.9276612685285
413 1586 411.034251261731 1790.248708925149 593 1792 594.965748738269 1587.751291074851
591 1582 589.0893983369685 1780.5187197871778 743 1782 744.9106016630315 1583.4812802128222
735 1604 733.2459660238542 1786.250746529346 915 1788 916.7540339761458 1605.749253470654
899 1558 896.9171033516845 1774.420818673688 1061 1776 1063.0828966483152 1559.579181326312
1005 1576 1003.1134612888995 1772.01848831345 1209 1774 1210.8865387111005 1577.98151168655
1159 1568 1157.1112384479575 1764.2494498721298 1339 1766 1340.8887615520425 1569.7505501278702
1299 1570 1297.0325841310246 1774.421930094159 1461 1776 1462.9674158689754 1571.578069905841
1423 1576 1421.0355479189473 1780.1139813492528 1617 1782 1618.9644520810527 1577.8860186507472
1609 1562 1606.89470753046 1780.7478289784058 1737 1782 1739.10529246954 1563.2521710215942
1721 1582 1719.1132760521546 1778.0377351100067 1923 1780 1924.8867239478454 1583.9622648899933
1915 1588 1913.2061757735246 1774.3851036317521 2081 1776 2082.7938242264754 1589.6148963682479
2059 1580 2057.0459033517354 1783.0380128207169 2157 1784 2158.9540966482646 1580.9619871792831
2101 1558 2098.9180295354104 1774.3245846909047 2273 1776 2275.0819704645896 1559.6754153090953
2255 1580 2253.149546804326 1772.2690671421767 2433 1774 2434.850453195674 1581.7309328578233
2391 1560 2388.8430799533808 1784.112128981801 2585 1786 2587.1569200466192 1561.887871018199
2537 1584 2534.9966838523433 1792.1521044688755 2727 1794 2729.0033161476567 1585.8478955311245
2701 1574 2698.8127189521138 1801.2667515384544 2775 1802 2777.1872810478862 1574.7332484615456
2765 1590 2763.1667559966854 1780.480967141045 2921 1782 2922.8332440033146 1591.519032858955
2907 1566 2905.0827298141426 1765.2116044632169 2987 1766 2988.9172701858574 1566.7883955367831
2975 1588 2973.2061757735246 1774.3851036317521 3141 1776 3142.7938242264754 1589.6148963682479
3113 1588 3111.3795821792796 1756.3675239659021 3281 1758 3282.6204178207204 1589.6324760340979
453 1788 450.99446101140154 1996.3830660275553 619 1998 621.0055389885985 1789.6169339724447
587 1782 584.9963133788532 1990.1905980619886 773 1992 775.0036866211468 1783.809401938011
765 1790 763.186928976968 1978.384918395007 931 1980 932.813071023032 1791.615081604993
937 1788 934.9543002875816 2000.555916723075 1085 2002 1087.0456997124184 1789.444083276925
1071 1788 1069.1010504269732 1985.3080236827454 1141 1986 1142.8989495730268 1788.6919763172548
1127 1796 1125.2633604529592 1976.4433997316578 1287 1978 1288.7366395470408 1797.5566002683422
1259 1802 1257.1671264701758 1992.442473547932 1419 1994 1420.8328735298242 1803.5575264520683
1401 1800 1399.3225827365904 1974.2899810694398 1577 1976 1578.6774172634096 1801.71001893056
1571 1778 1569.1839651890452 1966.6928671399137 1705 1968 1706.8160348109548 1779.3071328600868
1685 1790 1683.3982732656007 1956.425449592317 1847 1958 1848.6017267343993 1791.5745504076829
1827 1788 1825.3031507032883 1964.3090426292515 2001 1966 2002.6968492967117 1789.6909573707485
1991 1784 1989.1680526539017 1974.3462395651486 2161 1976 2162.8319473460983 1785.6537604348514
2153 1782 2151.1680526539017 1972.3462395651486 2323 1974 2324.8319473460983 1783.6537604348514
2297 1784 2295.2455955503638 1966.289240122459 2473 1968 2474.7544044496362 1785.7107598775406
2463 1790 2461.188225634184 1978.2501908191102 2643 1980 2644.811774365816 1791.7498091808893
2623 1784 2621.201174381405 1970.9047671387816 2735 1972 2736.798825618595 1785.0952328612184
2733 1808 2731.397347081875 1974.5216835751003 2885 1976 2886.602652918125 1809.4783164248995
2887 1774 2884.971879953432 1984.72932312883 3017 1986 3019.028120046568 1775.2706768711703
3003 1800 3001.358483015271 1970.5598066947236 3151 1972 3152.641516984729 1801.4401933052766
3141 1776 3139.1438044652255 1968.8657178354329 3257 1970 3258.8561955347745 1777.1342821645671
3235 1790 3233.415667694706 1954.6181027946286 3377 1956 3378.584332305294 1791.3818972053712
445 2004 443.2642866366849 2184.3471657488744 615 2186 616.7357133633151 2005.6528342511256
619 2016 617.2257930435716 2200.346795275384 789 2202 790.7742069564284 2017.653204724616
769 2008 767.3790264690441 2176.425264355572 931 2178 932.6209735309559 2009.574735644428
915 2012 913.3410885861664 2184.3671534924115 1083 2186 1084.6589114138337 2013.6328465075885
1053 2006 1051.3616320399392 2176.23261115326 1235 2178 1236.6383679600608 2007.7673888467398
1217 2014 1215.3396066922048 2186.521127864865 1369 2188 1370.6603933077952 2015.4788721351351
1351 2000 1349.2820515392802 2178.501325358073 1505 2180 1506.7179484607198 2001.4986746419272
1511 2000 1509.1861880299873 2188.4619055812336 1669 2190 1670.8138119700127 2001.5380944187664
1667 2006 1665.3203598956484 2180.5209426281194 1819 2182 1820.6796401043516 2007.4790573718806
1801 2010 1799.2639161631946 2190.385659341988 1967 2192 1968.7360838368054 2011.6143406580122
1935 2000 1933.2058053000342 2186.4235972248657 2097 2188 2098.794194699966 2001.5764027751343
2113 2016 2111.167311706921 2206.4232267513753 2275 2208 2276.832688293079 2017.5767732486247
2265 2002 2263.0731153283346 2202.210585805526 2449 2204 2450.9268846716654 2003.789414194474
2421 2014 2419.2831629597513 2192.3858445787328 2587 2194 2588.7168370402487 2015.6141554212672
2559 2012 2557.2289420682396 2196.019599733921 2763 2198 2764.7710579317604 2013.980400266079
2737 2010 2735.243928419657 2192.462461291469 2895 2194 2896.756071580343 2011.537538708531
2869 2010 2867.2467069708346 2192.1737593431194 3057 2194 3058.7532930291654 2011.8262406568806
3035 2018 3033.1119793949383 2214.172462685903 3223 2216 3224.8880206050617 2019.8275373140968
433 2222 431.3412738229115 2394.3479066958553 603 2396 604.6587261770885 2223.6520933041447
563 2226 561.2633604529591 2406.443399731658 723 2408 724.7366395470409 2227.556600268342
725 2236 723.4019780005042 2402.0405136611844 927 2404 928.5980219994958 2237.9594863388156
915 2216 913.1108679744673 2412.287943465243 1091 2414 1092.8891320255327 2217.712056534757
1079 2202 1077.0731153283348 2402.210585805526 1263 2404 1264.9268846716652 2203.789414194474
1251 2224 1249.225237333336 2408.404535665054 1415 2410 1416.774762666664 2225.595464334946
1405 2216 1403.1884108709294 2404.2309440225536 1587 2406 1588.8115891290706 2217.7690559774464
1583 2216 1581.2835334332417 2394.3473509856194 1753 2396 1754.7164665667583 2217.6526490143806
1727 2204 1724.8913732690469 2423.0942713164254 1819 2424 1821.1086267309531 2204.9057286835746
1807 2228 1805.2631752162138 2408.4626465282145 1965 2410 1966.7368247837862 2229.5373534717855
1951 2220 1949.0335103147502 2424.3256961113757 2123 2426 2124.9664896852496 2221.6743038886243
2099 2238 2097.437878279185 2400.3103392864678 2273 2402 2274.562121720815 2239.6896607135322
2251 2220 2249.036474102673 2424.0177473664694 2455 2426 2456.963525897327 2221.9822526335306
2435 2218 2433.207287193996 2404.2696228524123 2613 2406 2614.792712806004 2219.7303771475877
2587 2226 2585.2267192272975 2410.250561292601 2767 2412 2768.7732807727025 2227.749438707399
2761 2216 2759.1504729880517 2408.1728331593936 2949 2410 2950.8495270119483 2217.8271668406064
2937 2206 2934.8919289792825 2425.0365309267554 3035 2426 3037.1080710207175 2206.9634690732446
3011 2224 3009.1469534898933 2416.53852229397 3161 2418 3162.8530465101067 2225.46147770603
3133 2246 3131.3806935997504 2414.2520431865623 3313 2416 3314.6193064002496 2247.7479568134377
855 2438 853.1673117069209 2628.4232267513753 1017 2630 1018.8326882930792 2439.5767732486247
999 2432 997.3832869141829 2599.9825880347694 1207 2602 1208.6167130858169 2434.0174119652306
1169 2426 1167.3595944357423 2596.4443259153836 1329 2598 1330.6404055642577 2427.5556740846164
1323 2426 1321.3127651890964 2601.310061286942 1393 2602 1394.6872348109036 2426.689938713058
1379 2424 1377.2463364973444 2606.2122529362327 1563 2608 1564.7536635026556 2425.7877470637673
1563 2436 1561.467295271785 2595.2538027912333 1639 2596 1640.532704728215 2436.7461972087667
1635 2426 1633.206546247015 2612.346610038639 1805 2614 1806.793453752985 2427.653389961361
1799 2428 1797.1473239633838 2620.5000287008565 1953 2622 1954.8526760366162 2429.4999712991435
1951 2410 1948.856769647582 2632.6897181152453 2085 2634 2087.143230352418 2411.3102818847547
2079 2428 2077.3223974998455 2602.3092278659965 2253 2604 2254.6776025001545 2429.6907721340035
2237 2412 2235.279828698338 2590.7322869167524 2367 2592 2368.720171301662 2413.2677130832476
2355 2426 2353.436581621969 2588.4450668623645 2515 2590 2516.563418378031 2427.5549331376355
2517 2416 2515.4089991718793 2581.3109874706684 2587 2582 2588.5910008281207 2416.6890125293316
2567 2424 2565.323138446826 2598.2322406797703 2749 2600 2750.676861553174 2425.7677593202297
2731 2424 2729.283903906732 2602.3088573925065 2905 2604 2906.716096093268 2425.6911426074935
2897 2426 2895.303150703289 2602.3090426292515 3071 2604 3072.696849296711 2427.6909573707485
3043 2416 3041.1865585034775 2604.4234119881203 3205 2606 3206.8134414965225 2417.5765880118797
1013 2604 1011.0943997290883 2801.9990562801486 1219 2804 1220.905600270912 2606.0009437198514
1227 2606 1225.2842743802223 2784.270363799393 1405 2786 1406.7157256197777 2607.729636200607
1395 2608 1393.0749676957864 2808.01811783996 1599 2810 1600.9250323042136 2609.98188216004
1543 2600 1541.11383176239 2795.9799947203364 1751 2798 1752.88616823761 2602.0200052796636
1723 2586 1721.055906135975 2787.9986858066577 1929 2790 1930.944093864025 2588.0013141933423
1909 2614 1907.2254225700813 2798.3852888684974 2075 2800 2076.7745774299187 2615.6147111315026
2271 2604 2269.361817276684 2774.2133643567036 2455 2776 2456.638182723316 2605.7866356432964
2415 2602 2413.246151260599 2784.2314997327894 2597 2786 2598.753848739401 2603.7685002672106
2585 2600 2583.1315966649854 2794.1341543295352 2777 2796 2778.8684033350146 2601.8658456704648
2743 2606 2740.9796598967287 2815.9209576734506 2957 2818 2959.0203401032713 2608.0790423265494
2923 2616 2921.1284476403175 2810.4613498709978 3081 2812 3082.8715523596825 2617.5386501290022
3075 2608 3072.9487431852267 2821.133320619774 3163 2822 3165.0512568147733 2608.866679380226
3139 2610 3136.938202515693 2824.228535944867 3321 2826 3323.061797484307 2611.771464055133
273 3103 271.9493913694269 3212.1621997270795 359 3213 360.0506086305731 3103.8378002729205
345 3112 344.0382247948739 3211.932071733753 455 3213 455.9617752051261 3113.067928266247
459 3107 457.9937110075425 3211.557222148354 504 3212 505.0062889924575 3107.442777851646
494 3101 492.9097863558426 3214.2773100329296 568 3215 569.0902136441574 3101.7226899670704
557 3099 555.9569771635083 3207.3740071075754 621 3208 622.0430228364917 3099.6259928924246
1529 3130 1528.0840263269508 3225.1731197825743 1614 3226 1614.9159736730492 3130.8268802174257
1607 3126 1606.0549708953706 3224.1920887240135 1690 3225 1690.9450291046294 3126.8079112759865
1683 3133 1682.0861565495204 3227.951781622173 1791 3229 1791.9138434504796 3134.048218377827
1791 3132 1790.0471998645442 3230.9995281400743 1894 3232 1894.9528001354558 3133.0004718599257
1881 3122 1880.0369281376575 3222.0667993096495 1977 3223 1977.9630718623425 3122.9332006903505
1967 3128 1966.0550635137433 3226.182465325735 2051 3227 2051.9449364862567 3128.817534674265
2051 3122 2049.9106199211956 3235.1906994484243 2134 3236 2135.0893800788044 3122.8093005515757
2136 3134 2135.074032455182 3230.2115207573147 2217 3231 2217.925967544818 3134.7884792426853
2203 3137 2202.0955020926813 3230.9807444353805 2308 3232 2308.9044979073187 3138.0192555646195
2304 3124 2302.9954707566217 3228.374377581066 2368 3229 2369.0045292433783 3124.625622418934
2360 3137 2359.084674655559 3232.105755994626 2452 3233 2452.915325344441 3137.894244005374
2436 3119 2434.8254912306525 3241.035891510618 2535 3242 2536.1745087693475 3119.964108489382
2529 3119 2527.9140468009814 3231.834633712126 2649 3233 2650.0859531990186 3120.165366287874
2638 3130 2636.9111756314314 3243.1329590587543 2727 3244 2728.0888243685686 3130.8670409412457
2712 3129 2710.8474239600137 3248.7569981972915 2840 3250 2841.1525760399863 3130.2430018027085
2826 3134 2825.0265637923985 3235.1436938775037 2914 3236 2914.9734362076015 3134.8563061224963
2919 3132 2917.9756682498296 3238.4319327339904 2977 3239 2978.0243317501704 3132.5680672660096
2964 3126 2962.8155899772564 3249.0646690870803 3060 3250 3061.1844100227436 3126.9353309129197
3040 3136 3038.835948194284 3256.9493735444853 3148 3258 3149.164051805716 3137.0506264555147
263 3223 261.94966922454466 3332.1333295322447 352 3333 353.05033077545534 3223.8666704677553
346 3207 344.1395440200864 3400.3083941562354 416 3401 417.8604559799136 3207.6916058437646
417 3224 415.8439044618557 3344.122687331868 507 3345 508.1560955381443 3224.877312668132
495 3224 494.01555111853145 3326.287952233306 568 3327 568.9844488814684 3224.712047766694
562 3237 561.1123408115503 3329.2311380273622 641 3330 641.8876591884497 3237.7688619726378
628 3237 627.0806920655377 3332.519562120594 677 3333 677.9193079344623 3237.480437879406
657 3235 655.9107125395684 3348.1810760501457 741 3349 742.0892874604316 3235.8189239498543
725 3235 724.0757922042613 3331.028676190027 825 3332 825.9242077957387 3235.971323809973
1864 3239 1862.9745568293586 3345.5474135133304 1910 3346 1911.0254431706414 3239.4525864866696
1900 3248 1898.996952650583 3352.220403208613 1980 3353 1981.003047349417 3248.779596791387
1972 3237 1970.9700274415723 3344.01803398965 2073 3345 2074.0299725584273 3237.98196601035
2133 3245 2132.0749586389084 3341.115286774532 2224 3342 2224.9250413610916 3245.884713225468
2209 3243 2207.9211695032004 3355.094558084014 2302 3356 2303.0788304967996 3243.905441915986
2294 3239 2292.892947636973 3354.026916440948 2394 3355 2395.107052363027 3239.973083559052
2379 3247 2377.93014457287 3358.1620144903345 2465 3359 2466.06985542713 3247.8379855096655
2458 3253 2456.9973231240733 3357.1819096154995 2542 3358 2543.0026768759267 3253.8180903845005
2524 3249 2522.9177426234146 3361.4506238203116 2580 3362 2581.0822573765854 3249.5493761796884
2573 3242 2571.892299308365 3357.094280228896 2666 3358 2667.107700691635 3242.905719771104
2654 3258 2653.0155511185317 3360.287952233306 2727 3361 2727.9844488814683 3258.712047766694
2712 3246 2710.8717558545923 3363.2288225680472 2791 3364 2792.1282441454077 3246.7711774319528
2785 3261 2784.0942054354646 3355.1154720112772 2876 3356 2876.9057945645354 3261.8845279887228
2858 3252 2857.036187190677 3352.1437864958766 2946 3353 2946.963812809323 3252.8562135041234
2933 3257 2931.969749586455 3364.046904184485 3031 3365 3032.030250413545 3257.953095815515
1112 5222 1109.896198336892 5440.592928566634 1360 5443 1362.103801663108 5224.407071433366
1310 5238 1308.1739713172765 5427.731268114654 1440 5429 1441.8260286827235 5239.268731885346
1434 5245 1432.3216476403938 5419.387141091541 1496 5420 1497.6783523596062 5245.612858908459
1485 5227 1483.105773963975 5423.8172303705505 1606 5425 1607.894226036025 5228.1827696294495
1591 5248 1589.330353767417 5421.4825416533795 1747 5423 1748.669646232583 5249.5174583466205
1711 5245 1709.1963671385013 5432.404257809936 1875 5434 1876.8036328614987 5246.595742190064
206 5476 204.67772228916243 5613.389641932009 372 5615 373.32227771083757 5477.610358067991
345 5477 343.77718900251557 5604.054675215311 442 5605 443.22281099748443 5477.945324784689
435 5486 433.7685844063357 5613.948725215877 543 5615 544.2314155936643 5487.051274784123
509 5462 507.5518771645636 5612.465425079392 667 5614 668.4481228354364 5463.534574920608
629 5484 627.848535380485 5603.641517417952 769 5605 770.151464619515 5485.358482582048
750 5485 748.7807085006738 5611.688986080735 885 5613 886.2192914993262 5486.311013919265
887 5464 885.4877461071851 5621.128883850361 976 5622 977.5122538928149 5464.871116149639
977 5485 975.76765822261 5613.044959198661 1075 5614 1076.2323417773903 5485.955040801339
1073 5484 1071.8211381671408 5606.488191229699 1125 5607 1126.1788618328592 5484.511808770301
1123 5499 1121.9414351018552 5608.988885939698 1227 5610 1228.0585648981448 5500.011114060302
1210 5496 1208.9118239600393 5609.065595270806 1306 5610 1307.0881760399607 5496.934404729194
1307 5491 1305.8239167183183 5613.199489281349 1389 5614 1390.1760832816817 5491.800510718651
1389 5480 1387.823083152965 5602.286099865854 1462 5603 1463.176916847035 5480.713900134146
1443 5477 1441.6713316214539 5615.0536564132135 1540 5616 1541.3286683785461 5477.9463435867865
1525 5486 1523.8672264668062 5603.699443044367 1659 5605 1660.1327735331938 5487.300556955633
212 5613 210.93218217706715 5723.950299728212 320 5725 321.06781782293285 5614.049700271788
325 5615 323.9701200599449 5722.008410591372 427 5723 428.0298799400551 5615.991589408628
434 5613 432.826232177633 5734.958904324391 541 5736 542.173767822367 5614.041095675609
536 5615 534.9623490291184 5722.815850007432 658 5724 659.0376509708816 5616.184149992568
647 5617 645.9810401154394 5722.873775633848 763 5724 764.0189598845606 5618.126224366152
756 5622 754.807726328057 5745.88173190142 871 5747 872.192273671943 5623.11826809858
859 5623 857.9046086394485 5736.815294297197 981 5738 982.0953913605515 5624.184705702803
964 5627 962.9342197812641 5737.738584966088 1094 5739 1095.0657802187359 5628.261415033912
1083 5618 1081.8263247960056 5739.949280926113 1191 5741 1192.1736752039944 5619.050719073887
1197 5626 1195.9166312029433 5738.566104599651 1241 5739 1242.0833687970567 5626.433895400349
1245 5629 1243.8944295309345 5743.872942068495 1361 5745 1362.1055704690655 5630.127057931505
1363 5636 1361.9889963830112 5741.04708942123 1461 5742 1462.0110036169888 5636.95291057877
1445 5618 1443.7879238212647 5743.939287054345 1554 5745 1555.2120761787353 5619.060712945655
2102 5627 2100.892855018601 5742.036539839226 2201 5743 2202.107144981399 5627.963460160774
2197 5628 2195.6943757712866 5763.659282320547 2335 5765 2336.3056242287134 5629.340717679453
193 5743 192.0096324551567 5845.902923683801 306 5847 306.9903675448433 5744.097076316199
301 5733 299.9780763275167 5839.181724378755 385 5840 386.0219236724833 5733.818275621245
376 5736 375.0128651857266 5838.567030783378 420 5839 420.9871348142734 5736.432969216622
417 5750 416.0156437369041 5852.278328835027 491 5853 491.98435626309583 5750.721671164973
483 5737 481.9886259095209 5842.085583014344 577 5843 578.0113740904792 5737.914416985656
573 5740 571.9111756314313 5853.132959058755 662 5854 663.0888243685687 5740.867040941245
664 5743 662.8992367738384 5857.3734513973395 728 5858 729.1007632261616 5743.6265486026605
731 5749 730.0508030686044 5847.6251416465375 769 5848 769.9491969313956 5749.3748583534625
761 5742 759.8903543225407 5857.296371592741 833 5858 834.1096456774593 5742.703628407259
834 5745 832.9690086394739 5852.123891370712 924 5853 925.0309913605261 5745.876108629288
929 5743 927.8633364951575 5861.103625772057 1021 5862 1022.1366635048425 5743.896374227943
1012 5752 1010.9292183891444 5863.258248473118 1088 5864 1089.0707816108556 5752.741751526882
1086 5751 1084.9300519544977 5862.171637888613 1171 5863 1172.0699480455023 5751.828362111387
1175 5748 1173.874256550652 5864.968990814532 1281 5866 1282.125743449348 5749.031009185468
2075 5762 2074.0461810624456 5861.105385521136 2167 5862 2167.9538189375544 5762.894614478864
2165 5773 2164.1330695020683 5863.077348891654 2260 5864 2260.8669304979317 5773.922651108346
2244 5751 2242.9395827344033 5861.181353905264 2328 5862 2329.0604172655967 5751.818646094736
2325 5765 2323.9791877479875 5871.0662435994145 2421 5872 2422.0208122520125 5765.9337564005855
2423 5752 2421.861113654216 5870.334587330736 2491 5871 2492.138886345784 5752.665412669264
2480 5767 2478.9603114249217 5875.027564769556 2580 5876 2581.0396885750783 5767.972435230444
2552 5768 2550.9510585001335 5876.98897855807 2656 5878 2657.0489414998665 5769.01102144193
2647 5776 2645.989552093247 5880.98934903156 2751 5882 2752.010447906753 5777.01065096844
199 5866 197.96873078435613 5973.152761565547 286 5974 287.0312692156439 5866.847238434453
276 5856 274.9194097541209 5968.2774026513025 350 5969 351.0805902458791 5856.7225973486975
329 5857 327.81420070166746 5980.209020061255 410 5981 411.18579929833254 5857.790979938745
407 5874 405.95031755315273 5983.065965744297 503 5984 504.0496824468473 5874.934034255703
493 5869 491.90377507409517 5982.901904881702 606 5984 607.0962249259048 5870.098095118298
602 5873 600.8622250746864 5991.219106551396 682 5992 683.1377749253136 5873.780893448604
655 5874 654.0070391407243 5977.172378835593 740 5978 740.9929608592757 5874.827621164407
731 5877 730.0458105889553 5976.143879114249 819 5977 819.9541894110447 5877.856120885751
797 5872 795.844274935346 5992.084193738755 891 5993 892.155725064654 5872.915806261245
877 5872 875.8060591973506 5996.054953070429 974 5997 975.1939408026494 5872.945046929571
953 5868 951.7950465234835 5993.199211426232 1035 5994 1036.2049534765165 5868.800788573768
1026 5860 1024.467943600393 6019.186439003285 1109 6020 1110.532056399607 5860.813560996715
2020 5897 2019.152316298625 5985.0775341284 2115 5986 2115.8476837013754 5897.9224658716
2102 5888 2100.958181202352 5996.248902929958 2179 5997 2180.041818797648 5888.751097070042
2173 5902 2172.1418593349936 5991.164052094532 2259 5992 2259.8581406650064 5902.835947905468
2533 5892 2531.9851064113623 5997.45127214892 2589 5998 2590.0148935886377 5892.54872785108
2567 5888 2565.8724041832006 6005.1614587801 2653 6006 2654.1275958167994 5888.8385412199
2638 5886 2636.792638445796 6011.449419781467 2694 6012 2695.207361554204 5886.550580218533
201 5984 199.97872465612483 6090.1143605908055 292 6091 293.02127534387523 5984.8856394091945
281 5980 279.9415277202277 6089.979262541418 386 6091 387.0584722797723 5981.020737458582
368 5978 366.881934963106 6094.171174796749 453 6095 454.118065036894 5978.828825203251
453 5990 452.00639081211614 6093.239742623542 531 6094 531.9936091878837 5990.760257376458
513 5987 511.87555320786817 6103.834263238636 633 6105 634.1244467921318 5988.165736761364
619 5981 617.9112682498039 6094.123335660475 709 6095 710.0887317501961 5981.876664339525
690 5981 688.8924845451103 6096.075033432339 785 6097 786.1075154548897 5981.924966567661
786 5995 785.122334683319 6086.192737052621 869 6087 869.877665316681 5995.807262947379
862 5981 860.9214473583179 6093.065687889179 958 6094 959.0785526416821 5981.934312110821
949 5993 948.0835632350879 6088.221236773966 1029 6089 1029.916436764912 5993.778763226034
1023 5993 1022.0028713139579 6096.605431758118 1063 6097 1063.997128686042 5993.394568241882
1064 6009 1063.1785931790275 6094.34726713531 1131 6095 1131.8214068209725 6009.65273286469
1129 5994 1128.008891508176 6096.979910870027 1234 6098 1234.991108491824 5995.020089129973
1226 5988 1224.902015325016 6102.08474944899 1320 6103 1321.097984674984 5988.91525055101
1317 5992 1315.8652814809818 6109.901534408212 1430 6111 1431.1347185190182 5993.098465591788
2555 6023 2554.0086136530585 6126.008781064862 2657 6127 2657.9913863469415 6023.991218935138
2649 6017 2647.9421760488362 6126.911898753471 2761 6128 2762.0578239511638 6018.088101246529
1116 6263 1114.1577809270152 6454.413510734725 1279 6456 1280.8422190729848 6264.586489265275
1273 6250 1270.4934885906932 6510.435990261851 1433 6512 1435.5065114093068 6251.564009738149
1425 6276 1423.2831629597513 6454.385844578733 1591 6456 1592.7168370402487 6277.614155421267
1593 6272 1591.2420760522054 6454.654929257035 1731 6456 1732.7579239477946 6273.345070742965
1744 6283 1742.159633294467 6474.221042769157 1927 6476 1928.840366705533 6284.778957230843
1922 6269 1919.978169090297 6479.0758580852225 2016 6480 2018.021830909703 6269.9241419147775
260 6478 259.10290265001714 6571.211798612432 341 6572 341.89709734998286 6478.788201387568
333 6473 332.06524262225713 6570.124817554438 423 6571 423.93475737774287 6473.875182445562
411 6473 410.00305655070304 6576.586184961561 453 6577 453.99694344929696 6473.413815038439
449 6475 448.10123551931053 6568.385019781443 512 6569 512.8987644806894 6475.614980218557
506 6484 505.22819206438055 6564.19375585472 589 6565 589.7718079356194 6484.80624414528
588 6474 587.0746807837902 6570.144156969367 676 6571 676.9253192162098 6474.855843030633
672 6482 671.1319580815973 6572.192829670994 755 6573 755.8680419184027 6482.807170329006
740 6464 739.1025321765268 6557.250292205546 817 6558 817.8974678234732 6464.749707794454
825 6482 824.0447917868569 6581.249736495311 902 6582 902.9552082131431 6482.750263504689
897 6496 896.2175498640038 6577.299520617408 969 6578 969.7824501359962 6496.700479382592
957 6480 956.0723653244756 6576.384741926325 1020 6577 1020.9276346755244 6480.615258073675
1020 6483 1019.0851377474219 6578.057639003234 1117 6579 1117.9148622525781 6483.942360996766
1111 6488 1110.1031805051348 6581.182928417598 1195 6582 1195.8968194948652 6488.817071582402
1186 6485 1185.0750512572806 6581.105663376254 1278 6582 1278.9249487427194 6485.894336623746
248 6581 247.04645891756343 6680.076515326301 343 6681 343.9535410824366 6581.923484673699
335 6577 334.01694039412035 6679.143601259131 423 6680 423.98305960587965 6577.856398740869
420 6576 419.00842841631305 6679.028027861418 520 6680 520.9915715836869 6576.971972138582
508 6574 506.8978474982496 6688.517802371514 557 6689 558.1021525017504 6574.482197628486
547 6583 545.9230218706517 6694.902090118447 660 6696 661.0769781293483 6584.097909881553
657 6580 655.853527860134 6699.12277995024 747 6700 748.146472139866 6580.87722004976
728 6587 726.8922066899925 6702.103903627175 820 6703 821.1077933100075 6587.896096372825
810 6587 809.0459032073279 6686.1342557159705 899 6687 899.9540967926721 6587.8657442840295
888 6580 886.9584590574697 6688.220032735122 968 6689 969.0415409425303 6580.779967264878
971 6590 970.0560823158418 6688.076607944674 1066 6689 1066.9439176841584 6590.923392055326
1045 6597 1044.0366502825398 6697.095669504485 1138 6698 1138.9633497174602 6597.904330495515
1137 6600 1136.0547856586256 6698.21133552057 1218 6699 1218.9452143413744 6600.78866447943
1206 6596 1205.0446991684842 6695.259359893589 1282 6696 1282.9553008315158 6596.740640106411
1283 6596 1282.0335938762446 6696.41324164767 1343 6697 1343.9664061237554 6596.58675835233
1340 6599 1338.9790025112427 6705.085490395971 1434 6706 1435.0209974887573 6599.914509604029
247 6680 246.0270268842616 6781.095576886112 340 6782 340.9729731157384 6680.904423113888
338 6694 337.1787784157727 6779.328020338753 407 6780 407.8212215842273 6694.671979661247
402 6691 401.01582897364926 6793.259082038471 478 6794 478.98417102635074 6691.740917961529
469 6696 468.1225199200642 6787.173490256065 554 6788 554.8774800799359 6696.826509743935
547 6682 546.1701738195928 6768.222070339319 627 6769 627.8298261804072 6682.777929660681
617 6683 615.9802991684588 6788.9507628200745 725 6790 726.0197008315412 6684.0492371799255
717 6697 716.0936497252292 6791.173212400947 802 6792 802.9063502747708 6697.826787599053
793 6703 792.1128039034132 6795.18302103597 877 6796 877.8871960965868 6703.81697896403
873 6693 871.9979714526816 6797.1145458275505 964 6798 965.0020285473184 6693.8854541724495
959 6709 957.9884406727757 6814.104829810901 1051 6815 1052.0115593272244 6709.895170189099
1044 6705 1042.9586442942148 6813.200785938566 1126 6814 1127.0413557057852 6705.799214061434
1119 6709 1117.9399532078937 6819.14286031215 1207 6820 1208.0600467921063 6709.85713968785
1203 6709 1202.0347052967156 6809.2977608683295 1275 6810 1275.9652947032844 6709.7022391316705
1267 6703 1265.9661374699238 6810.422216717339 1326 6811 1327.0338625300762 6703.577783282661
249 6791 248.01786657784618 6893.047367276347 347 6894 347.9821334221538 6791.952632723653
344 6788 342.9859399767159 6893.364661564415 409 6894 410.0140600232841 6788.635338435585
401 6793 399.939675352776 6903.171730506986 486 6904 487.060324647224 6793.828269493014
484 6801 483.04136490707117 6900.605802231608 524 6901 524.9586350929288 6801.394197768392
522 6793 520.7884795315005 6918.881546664674 637 6920 638.2115204684995 6794.118453335326
636 6807 635.0265637923986 6908.143693877503 724 6909 724.9734362076014 6807.856306122497
728 6802 727.006668667234 6905.210872428706 809 6906 809.993331332766 6802.789127571294
806 6813 805.0459958257004 6912.124632317692 896 6913 896.9540041742996 6813.875367682308
893 6797 891.8831390019496 6913.046070619132 991 6914 992.1168609980505 6797.953929380868
981 6806 979.8239167183183 6928.199489281349 1063 6929 1064.1760832816817 6806.800510718651
1053 6811 1051.9890890013837 6916.037466022952 1152 6917 1153.0109109986163 6811.962533977048
1138 6818 1137.0471072461717 6917.009151538353 1240 6918 1240.9528927538283 6818.990848461647
1239 6821 1237.9552174144292 6929.5568516748635 1284 6930 1285.0447825855708 6821.4431483251365
1276 6818 1275.1126186666681 6910.2022678325275 1358 6911 1358.8873813333319 6818.7977321674725
226 6910 225.01092911237288 7012.768196107904 353 7014 353.9890708876271 6911.231803892096
336 6911 334.90358983734995 7024.921151678259 447 7026 448.09641016265005 6912.078848321741
432 6917 430.9714167171611 7023.873683015475 548 7025 549.0285832828389 6918.126316984525
533 6920 531.9499470796625 7029.10445933741 625 7030 626.0500529203375 6920.89554066259
623 6918 621.9480947122107 7027.296927302977 695 7028 696.0519052877893 6918.703072697023
695 6928 694.0073169958421 7031.143508640759 783 7032 783.9926830041579 6928.856491359241
774 6917 772.8057813422328 7041.083823265264 868 7042 869.1942186577672 6917.916176734736
848 6938 846.8635217319027 7056.0843789755 942 7057 943.1364782680973 6938.9156210245
933 6933 931.8913731246392 7048.190514211679 1016 7049 1017.1086268753609 6933.809485788321
1013 6941 1012.0803215920473 7036.558055713707 1058 7037 1058.9196784079527 6941.441944286293
1054 6941 1052.997415742446 7045.172286217221 1139 7046 1140.002584257554 6941.827713782779
1119 6936 1117.8347441554404 7057.074477722104 1214 7058 1215.1652558445596 6936.925522277896
1202 6948 1200.9898299483643 7052.960478836725 1309 7054 1310.0101700516357 6949.039521163275
1306 6943 1305.0353536253238 7043.230397080381 1385 7044 1385.9646463746762 6943.769602919619
1358 6958 1357.0851377474219 7053.057639003234 1455 7054 1455.9148622525781 6958.942360996766
228 7032 226.778207804614 7158.94881783425 336 7160 337.221792195386 7033.05118216575
314 7031 312.88184234473346 7147.180798195029 398 7148 399.11815765526654 7031.819201804971
385 7038 383.9365263281081 7148.498926048449 436 7149 437.0634736718919 7038.501073951551
422 7037 420.8348367738129 7158.064854323826 518 7159 519.1651632261871 7037.935145676174
516 7051 514.9884406727757 7156.104829810901 608 7157 609.0115593272243 7051.895170189099
600 7054 599.189976326385 7138.164515186394 686 7139 686.810023673615 7054.835484813606
670 7058 669.0138839878249 7160.461173402316 725 7161 725.9861160121751 7058.538826597684
731 7057 730.0739398368096 7153.221144155593 811 7154 811.9260601631904 7057.778855844407
798 7061 796.9978788343088 7165.12416922583 888 7166 889.0021211656912 7061.87583077417
867 7064 865.9977862159362 7168.133792624108 956 7169 957.0022137840638 7064.866207375892
937 7065 936.0178665778462 7167.047367276347 1035 7168 1035.9821334221538 7065.952632723653
1023 7073 1021.9113608681766 7186.113712262198 1114 7187 1115.0886391318234 7073.886287737802
1093 7081 1092.0269342658892 7182.10520028439 1185 7183 1185.9730657341108 7081.89479971561
1173 7084 1172.0726431795933 7180.35587173149 1239 7181 1239.9273568204067 7084.64412826851
1236 7079 1235.1007724274477 7172.433136772835 1294 7173 1294.8992275725523 7079.566863227165
232 7166 231.06570571412004 7263.076700563045 327 7264 327.93429428587996 7166.923299436955
319 7167 317.95892214933264 7275.171915743731 404 7276 405.04107785066736 7167.828084256269
392 7168 391.0061129569984 7271.268612818377 467 7272 467.9938870430017 7168.731387181623
458 7165 456.9400458262663 7275.133236913873 547 7276 548.0599541737337 7165.866763086127
532 7182 531.0750512572806 7278.105663376254 624 7279 624.9249487427194 7182.894336623746
610 7180 609.0740324551822 7276.211520757315 691 7277 691.9259675448178 7180.788479242685
674 7186 673.0942054354647 7280.115472011276 765 7281 765.9057945645353 7186.884527988724
763 7184 761.9879775809128 7289.152946802292 850 7290 851.0120224190872 7184.847053197708
855 7198 854.0070391407243 7301.172378835593 940 7302 940.9929608592757 7198.827621164407
930 7193 928.9476316203478 7302.345044294368 997 7303 998.0523683796523 7193.654955705632
979 7197 978.0372986111479 7297.028305716536 1079 7298 1079.962701388852 7197.971694283464
1047 7201 1046.0464589175633 7300.076515326301 1142 7301 1142.9535410824367 7201.923484673699
1121 7209 1120.0472924829166 7307.989904741796 1225 7309 1225.9527075170834 7210.010095258204
1211 7209 1209.9698422048273 7316.037280786207 1310 7317 1311.0301577951727 7209.962719213793
1309 7206 1308.0459958257006 7305.124632317692 1399 7306 1399.9540041742994 7206.875367682308
235 7287 234.02748997612457 7388.04745989472 333 7389 333.9725100238755 7287.95254010528
329 7297 328.00694652235165 7400.1820022338725 413 7401 413.99305347764835 7297.8179977661275
399 7285 397.8932254920909 7399.998046246113 502 7401 503.1067745079091 7286.001953753887
477 7302 476.0547856586255 7400.21133552057 558 7401 558.9452143413744 7302.78866447943
547 7304 546.0257302270453 7405.2303044620085 626 7406 626.9742697729547 7304.7696955379915
617 7299 615.9614228453926 7406.912083990215 729 7408 730.0385771546074 7300.087916009785
711 7303 709.8751827343779 7419.872756831749 827 7421 828.1248172656221 7304.127243168251
801 7304 799.9793729847329 7410.046996802858 899 7411 900.0206270152671 7304.953003197142
880 7309 878.9532813410756 7417.75801699939 1008 7419 1009.0467186589244 7310.24198300061
1004 7320 1003.1606430396871 7407.212354322668 1085 7408 1085.839356960313 7320.787645677332
1069 7313 1067.9221883052985 7424.988700702952 1173 7426 1174.0778116947015 7314.011299297048
242 7410 241.02610070053572 7511.191810868895 325 7512 325.9738992994643 7410.808189131105
331 7417 329.9864030685788 7522.316544573023 401 7523 402.0135969314212 7417.683455426977
391 7405 389.8922066899925 7520.103903627175 483 7521 484.10779331000754 7405.896096372825
487 7411 485.9687307843561 7518.152761565547 574 7519 575.0312692156439 7411.847238434453
568 7414 566.8055961054876 7538.10307006182 660 7539 661.1944038945124 7414.89692993818
658 7413 656.8816571079883 7529.200044991585 740 7530 741.1183428920117 7413.799955008415
738 7432 737.1034583602526 7525.154058222763 825 7526 825.8965416397474 7432.845941777237
814 7416 812.8269731246137 7537.881917138165 929 7539 930.1730268753863 7417.118082861835
921 7427 919.8536204785066 7546.113156551962 1012 7547 1013.1463795214934 7427.886843448038
1004 7421 1002.8915583613843 7536.171267415122 1089 7537 1090.1084416386157 7421.828732584878
216 7513 214.85528760921318 7631.939935382952 325 7633 326.1447123907868 7514.060064617048
304 7526 302.9994533466428 7629.960571455098 411 7631 412.0005466533572 7527.039428544902
406 7529 405.1514827332717 7617.164144712904 492 7618 492.8485172667283 7529.835855287096
476 7529 474.89146574301185 7644.180890813401 560 7645 561.1085342569883 7529.819109186599
546 7534 544.9682676924932 7641.200878556938 628 7642 629.0317323075068 7534.799121443062
611 7548 610.0856934576574 7642.999898613564 714 7644 714.9143065423426 7549.000101386436
705 7540 703.9411572467375 7650.017756134532 806 7651 807.0588427532625 7540.982243865468
801 7549 799.9938962442876 7653.537975351797 848 7654 849.0061037557124 7549.462024648203
841 7547 840.1225199200641 7638.173490256065 926 7639 926.8774800799359 7547.826509743935
915 7542 913.8739786955343 7658.997861009368 1018 7660 1019.1260213044657 7543.002138990632
231 7646 229.8408480555604 7766.440259475053 288 7767 289.15915194443966 7646.559740524947
272 7663 271.0067612856065 7766.201249030429 354 7767 354.9932387143935 7663.798750969571
344 7652 342.8133671363141 7775.29563064576 416 7776 417.1866328636859 7652.70436935424
403 7661 401.996952650583 7765.220403208613 483 7766 484.003047349417 7661.779596791387
470 7669 469.1029026500171 7762.211798612432 551 7763 551.8970973499829 7669.788201387568
543 7662 541.9023857985063 7776.046255855877 641 7777 642.0976142014937 7662.953744144123
631 7670 629.9018300882708 7784.103996245546 723 7785 724.0981699117292 7670.896003754454
715 7673 713.9368968015984 7783.460432455336 770 7784 771.0631031984016 7673.539567544664
761 7674 759.9688234027287 7781.143138167268 849 7782 850.0311765972713 7674.856861832732
849 7676 847.8692551585324 7793.4886543215625 901 7794 902.1307448414676 7676.5113456784375
892 7688 891.1220568282013 7779.221607247457 972 7780 972.8779431717987 7688.778392752543
964 7693 963.1423224268564 7782.11593510314 1055 7783 1055.8576775731437 7693.88406489686
1057 7684 1055.927088166575 7795.47958663352 1110 7796 1111.072911833425 7684.52041336648
1108 7692 1107.1224273016915 7783.183113654343 1192 7784 1192.8775726983085 7692.816886345657
1182 7699 1181.1609208948048 7786.183484127833 1266 7787 1266.8390791051952 7699.816515872167
218 7788 217.0457179705827 7887.153502512528 305 7888 305.9542820294173 7788.846497487472
309 7798 308.01953370855273 7899.874146107339 425 7901 425.98046629144727 7799.125853892661
423 7795 421.9686381659836 7902.1623849638245 509 7903 510.0313618340165 7795.8376150361755
511 7801 510.0654278590023 7898.105570757881 603 7899 603.9345721409977 7801.894429242119
590 7806 589.0262859372808 7907.172564072339 675 7908 675.9737140627192 7806.827435927661
671 7804 670.0424763275422 7903.490321452268 723 7904 723.9575236724578 7804.509678547732
724 7806 722.9966747954652 7910.249273403448 801 7911 802.0033252045348 7806.750726596552
798 7813 796.9210768848275 7925.104181482292 890 7926 891.0789231151725 7813.895818517708
887 7824 885.9408793916197 7934.046626329367 985 7935 986.0591206083805 7824.953373670633
1137 7799 1135.4776596170439 7957.1769082233795 1221 7958 1222.5223403829561 7799.8230917766205
1274 7834 1272.979558221478 7940.027750006301 1374 7941 1375.020441778522 7834.972249993699
1348 7839 1347.0743103103 7935.1826505624795 1432 7936 1432.9256896897 7839.8173494375205
224 7948 223.05543398723364 8046.143971732621 312 8047 312.94456601276636 7948.856028267379
307 7951 305.9845507011271 8056.50901253859 357 8057 358.0154492988729 7951.49098746141
358 7962 357.1506491679184 8050.250755297408 435 8051 435.8493508320816 7962.749244702592
432 7945 430.9888111462661 8050.0663362177875 528 8051 529.011188853734 7945.9336637822125
525 7950 523.9781689458893 8056.172100980475 610 8057 611.0218310541107 7950.827899019525
609 7964 608.0077800877049 8067.095391649367 702 8068 702.9922199122951 7964.904608350633
710 7956 708.9131206172557 8068.9308676949095 820 8070 821.0868793827443 7957.0691323050905
206 8127 204.951151118506 8235.979355159792 311 8237 312.048848881494 8128.020644840208
307 8130 305.9864030685788 8235.316544573023 377 8236 378.0135969314212 8130.683455426977
367 8144 366.0157363552767 8246.268705436749 442 8247 442.9842636447233 8144.731294563251
453 8110 451.5846284185765 8257.062446246138 549 8258 550.4153715814234 8110.937553753862
537 8143 536.0574715914305 8240.932256970498 647 8242 647.9425284085695 8144.067743029502
646 8144 644.9793729847329 8250.046996802857 744 8251 745.0206270152671 8144.953003197143
733 8152 732.0256376086728 8253.239927860288 811 8254 811.9743623913272 8152.760072139712
809 8142 808.0454401154649 8241.182372707362 893 8242 893.9545598845351 8142.817627292638
901 8144 899.9689160211012 8251.13351476899 990 8252 991.0310839788988 8144.86648523101
982 8152 981.0544151851352 8250.249829113682 1059 8251 1059.9455848148648 8152.750170886318
1047 8158 1046.0756995858887 8254.038299588306 1146 8255 1146.9243004141113 8158.9617004116935
1271 8164 1270.073198889829 8260.298131341819 1343 8261 1343.926801110171 8164.701868658181
1339 8166 1338.0061129569983 8269.268612818376 1414 8270 1414.9938870430017 8166.731387181624
1411 8162 1410.094298053837 8256.105848612999 1503 8257 1503.905701946163 8162.894151387001
1486 8170 1485.1038288337431 8263.11556462965 1577 8264 1577.8961711662569 8170.88443537035
1232 8166 1231.1671174132973 8252.539642482505 1279 8253 1279.8328825867027 8166.460357517496
# Transcript
H EX AREIOY PAGOY BOY*
KAI H BOYLH TWN EXAKOSIW*
KAI O DHMOS O AQHNAIWN T*
KOSMHTHN HLIODWRON ) *
RAIEA
*CHMA TODERMEIAO KAI EIKO
*AS HLIODWROY KESTROFORO
*YNW TWDANEQENTO TYPW
*OY MEN EPEI QEOS ESTI KA*
***E PAISIN EFHBOISTOY *
****MHTWN E*OCON EIL
**** 
EPI AR**********OY MHTRODWROY SOYNIEW***
EFHBOI A***********AIDE*TAS KAI EAYTOY*
PAIDEY***
PLATWN )AIQALIDH*
HGEMWN ZWSIMOS *******YS
PAIDOTRIBHS DHM***********NOYSRAMN*****
GRAMMATEYS AF**************WRO****RAI***
OPLOMACOS DIONYS***************HN***
EFHBOI
CEILWN EYKARPOY
LYSIMACOS EYKARP**
AGAQOPOYS EYKAR***
ARCIMHDHS ANTIO***
ZWPYROS HLIODWRO
ARISTOBOYLOS ARI**
QEOLOGOS ERATWNO*
HDYLOS SWZOM***
CRYSERWS KA****
APOLLWNIOS *******
ILAROS EISIDWROY
YMENAIOS E**F*OD*****
DIOKLHS 
TRYFWN ASKL*PIADOY


