# Baseline angle
0.465105496542344
# Boxes: x1 y1 x2 y2 x3 y3 x4 y4
859 255 812.9653975776746 346.7346138329792 949 415 995.0346024223254 323.2653861670208
1024 307 976.5528380831502 401.54946598609473 1101 464 1148.4471619168498 369.45053401390527
559 310 511.7525435304467 404.1515066006739 635 466 682.2474564695533 371.8484933993261
703 370 664.5761366201132 446.56845250423305 785 507 823.4238633798868 430.43154749576695
834 405 793.3691417454378 485.966401262481 913 546 953.6308582545622 465.033598737519
1136 497 1090.7598329578254 587.1515172278467 1216 650 1261.2401670421746 559.8484827721533
1279 556 1230.7510920212746 652.147130818812 1356 715 1404.2489079787254 618.852869181188
489 448 449.76415560382304 526.186512855569 557 580 596.235844396177 501.8134871444309
634 498 591.3662387270938 582.9576496987572 715 645 757.6337612729062 560.0423503012428
789 542 748.364755336403 622.9751421990319 862 680 902.635244663597 599.0248578009681
935 582 886.348756853992 678.9488768806876 1010 741 1058.651243146008 644.0511231193124
1237 680 1186.7569618210002 780.1208973819864 1328 851 1378.2430381789998 750.8791026180136
306 547 252.73213738465503 653.1485610736382 372 713 425.26786261534494 606.8514389263618
452 599 403.75109202127464 695.147130818812 529 758 577.2489079787254 661.852869181188
599 641 554.7568980579629 729.1646339462596 672 788 716.2431019420371 699.8353660537404
743 688 694.9391003778117 783.772480597527 803 838 851.0608996221883 742.227519402473
865 730 815.9595809138136 827.7244001329105 956 898 1005.0404190861864 800.2755998670895
1031 789 983.160737870282 884.3308165293516 1120 953 1167.839262129718 857.6691834706485
1199 830 1137.7044418114845 952.1456049194297 1251 1009 1312.2955581885155 886.8543950805703
1329 887 1282.7656921303783 979.1325732184001 1420 1048 1466.2343078696217 955.8674267815999
410 761 369.16212561641674 842.3789288754866 480 898 520.8378743835833 816.6210711245134
558 811 513.7335038764439 899.2112522745311 599 942 643.2664961235561 853.7887477254689
695 863 651.755425294445 949.1748370191555 763 1005 806.244574705555 918.8251629808445
844 893 794.5440865194264 991.5523690044388 915 1052 964.4559134805736 953.4476309955612
997 949 950.1402573342801 1042.378896993968 1055 1095 1101.85974266572 1001.621103006032
1149 999 1100.5323788014941 1095.5829675959535 1201 1146 1249.4676211985059 1049.4170324040465
1287 1043 1242.375032799509 1131.9255889708977 1386 1204 1430.624967200491 1115.0744110291023
368 897 311.306439917372 1009.9750571816488 409 1059 465.693560082628 946.0249428183512
505 949 462.3647765907488 1033.960563344274 584 1095 626.6352234092512 1010.0394366557258
783 1036 736.936154850776 1127.7928867433186 833 1176 879.063845149224 1084.2071132566814
941 1099 899.1679847889693 1182.35998486604 1022 1244 1063.8320152110307 1160.64001513396
1088 1163 1055.5775349934206 1227.6092754229892 1154 1277 1186.4224650065794 1212.3907245770108
1257 1205 1218.5673638020435 1281.5859343773348 1327 1336 1365.4326361979565 1259.4140656226652
446 1070 398.15781359759217 1165.3366438203855 531 1232 578.8421864024077 1136.6633561796145
622 1138 574.911309160085 1231.8351292897282 641 1265 688.088690839915 1171.1648707102718
732 1181 687.9551413689144 1268.7695882063558 802 1326 846.0448586310856 1238.2304117936442
882 1232 839.3530794999895 1316.9838725084098 945 1370 987.6469205000105 1285.0161274915902
1048 1291 996.9405943956752 1392.7476986698732 1119 1454 1170.0594056043246 1352.2523013301268
1201 1328 1162.9872446054653 1403.7492245692556 1297 1471 1335.0127553945347 1395.2507754307444
401 1249 355.5425818743899 1339.5844403594713 458 1391 503.4574181256101 1300.4155596405287
540 1295 492.74815712141196 1389.160247537225 610 1448 657.251842878588 1353.839752462775
676 1340 624.150545424559 1443.322054338455 763 1513 814.849454575441 1409.677945661545
833 1386 784.9581081502957 1481.7346032058063 919 1549 967.0418918497043 1453.2653967941937
992 1436 946.1519437978667 1527.362877257211 1063 1586 1108.8480562021332 1494.637122742789
1131 1480 1084.354584145026 1572.9518011533776 1208 1635 1254.645415854974 1542.0481988466224
354 1389 305.9449489231914 1484.7608260154589 422 1543 470.0550510768086 1447.2391739845411
481 1434 427.7248267029303 1540.1631293012233 537 1595 590.2751732970696 1488.8368706987767
654 1478 602.7057976761005 1580.2155855477015 678 1618 729.2942023238995 1515.7844144522985
807 1550 759.9244683871894 1643.8089064800756 844 1686 891.0755316128106 1592.1910935199244
966 1595 924.9244046241521 1676.8526430443487 985 1707 1026.0755953758478 1625.1473569556513
1104 1649 1060.5557198471486 1735.5727964045764 1173 1792 1216.4442801528514 1705.4272035954236
275 1536 224.95374299560672 1635.7287652875996 361 1704 411.0462570043933 1604.2712347124004
573 1630 542.010564396774 1691.7536322326362 680 1761 710.989435603226 1699.2463677673638
736 1690 698.1796393710372 1765.3658334114195 821 1827 858.8203606289628 1751.6341665885805
878 1734 831.5674488194268 1826.5276189583037 972 1897 1018.4325511805732 1804.4723810416963
1041 1768 993.3414355450944 1862.9707345356512 1103 1918 1150.6585644549057 1823.0292654643488
234 1682 194.58492006535567 1760.5436812037524 331 1829 370.4150799346443 1750.4563187962476
393 1735 343.5426243830815 1833.5552826499559 462 1893 511.4573756169185 1794.4447173500441
530 1768 480.34145679944015 1866.9561556808937 598 1926 647.6585432005598 1827.0438443191063
658 1831 601.7380178115534 1943.1150382094338 741 2013 797.2619821884466 1900.8849617905662
830 1874 784.9653869505017 1963.741903260358 917 2030 962.0346130494983 1940.258096739642
981 1940 935.3487249724732 2030.9707451628244 1047 2087 1092.6512750275267 1996.0292548371758
1130 1988 1085.3808813448888 2076.9139343888296 1237 2153 1281.6191186551112 2064.0860656111704
334 1895 291.17530609786684 1980.3381272110762 428 2049 470.82469390213316 1963.6618727889238
502 1961 461.5483772839052 2041.6092329142978 552 2087 592.4516227160948 2006.3907670857022
611 1988 566.1694788068329 2077.3352029383864 703 2146 747.8305211931671 2056.6647970616136
443 1581 402.75831768561613 1661.1908780102583 506 1713 546.2416823143839 1632.8091219897417
969 2110 927.1387420620706 2193.4182577763795 1010 2235 1051.8612579379294 2151.5817422236205
1277 2044 1231.7612950941707 2134.1486035823295 1359 2198 1404.2387049058293 2107.8513964176705
1173 1832 1128.9683005960187 1919.7433653967032 1261 1986 1305.0316994039813 1898.2566346032968
759 2052 712.1607272431092 2145.3381059567305 845 2212 891.8392727568908 2118.6618940432695
# Transcript
*EA*
NKA*EX
A*DHM*Y*
SDEPRYTA
*EIANPRY
HN*HFON
*FISMAT
NENSTH
LEIEIS
AITONTA
EKTWNKAT
DHMWI
# Lines: x1 y1 x2 y2 x3 y3 x4 y4
