# Baseline angle
-0.00040029248402850826
# Boxes: x1 y1 x2 y2 x3 y3 x4 y4
355 580 355.0420404806111 685.0244010143406 416 685 415.9579595193889 579.9755989856594
409 580 409.0444484843872 691.0400114581457 509 691 508.9555515156128 579.9599885418543
494 569 494.0496519656555 693.0392087902203 592 693 591.9503480343444 568.9607912097797
591 573 591.045644234221 687.0272016193228 659 687 658.954355765779 572.9727983806772
641 581 641.0468500788007 698.0396102043001 740 698 739.9531499211993 580.9603897956999
722 584 722.0492526346186 707.041610705102 826 707 825.9507473653814 583.958389294898
826 582 826.0460488529819 697.038009355003 921 697 920.9539511470181 581.961990644997
919 590 919.0448463733175 702.0340069112926 1004 702 1003.9551536266825 589.9659930887074
1005 585 1005.0460448471304 700.0280020439715 1075 700 1074.9539551528699 584.9719979560285
371 725 371.0416446747236 829.0356093629301 460 829 459.9583553252764 724.9643906370699
456 721 456.0492467059583 844.0267998847751 523 844 522.9507532940416 720.9732001152249
516 735 516.0432436012118 843.0300046278162 591 843 590.9567563987882 734.9699953721838
588 736 588.0412429401757 839.0320068911929 668 839 667.9587570598243 735.9679931088071
667 739 667.0428455520474 846.035608882228 756 846 755.9571544479526 738.964391117772
755 736 755.0444500867279 847.0440143825584 865 847 864.9555499132721 735.9559856174416
857 745 857.045649361711 859.0400109774436 957 859 956.954350638289 744.9599890225564
940 740 940.0492550381296 863.047615091721 1059 863 1058.9507449618702 739.952384908279
369 869 369.0436520655903 978.0504193820867 495 978 494.9563479344097 868.9495806179133
482 864 482.0472511724123 982.0416115062723 586 982 585.9527488275877 863.9583884937277
580 874 580.0456407090714 988.018395185615 626 988 625.9543592909286 873.981604814385
618 875 618.0420444864627 980.0344083253724 704 980 703.9579555135373 874.9655916746276
702 881 702.0416435530852 985.0328073158413 784 985 783.9583564469148 880.9671926841587
773 880 773.0436458164619 989.0348079768773 860 989 859.9563541835381 879.9651920231227
830 872 830.0468494378645 989.0380090345349 925 989 924.9531505621355 871.9619909654651
916 876 916.0452498704401 989.042012599884 1021 989 1020.9547501295599 875.957987400116
1014 882 1014.0452455441203 995.0312047039697 1092 995 1091.9547544558798 881.9687952960303
1084 890 1084.0444473627488 1001.0372094110568 1177 1001 1176.9555526372512 889.9627905889432
1165 889 1165.042043044356 994.0308056934009 1242 994 1241.957956955644 888.9691943065991
392 993 392.0484510883317 1114.0392092709224 490 1114 489.9515489116683 992.9607907290775
488 1003 488.04725053147604 1121.0400103365073 588 1121 587.9527494685238 1002.9599896634927
574 1013 574.0384448989386 1109.0420153238629 679 1109 678.9615551010614 1012.957984676137
674 1006 674.0404404324845 1107.0272037023658 742 1107 741.9595595675155 1005.9727962976343
729 1030 729.0340384774032 1115.0340112376123 814 1115 813.9659615225968 1029.9659887623877
798 1012 798.0408447307773 1114.0372108531633 891 1114 890.9591552692227 1011.9627891468367
884 1007 884.0456451956253 1121.0296033739705 958 1121 957.9543548043747 1006.9703966260295
942 1022 942.0404447588041 1123.0380115982798 1037 1123 1036.9595552411956 1021.96198840172
1008 1005 1008.0476517853217 1124.0424119309207 1114 1124 1113.9523482146783 1004.9575880690793
465 1127 465.04564599679566 1241.031604836177 544 1241 543.9543540032043 1126.968395163823
535 1134 535.0424439777337 1240.032406702932 616 1240 615.9575560222663 1133.967593297068
611 1129 611.0448473347219 1241.0364086659401 702 1241 701.9551526652781 1128.9635913340599
681 1106 681.070068802969 1281.0440041275783 791 1281 790.929931197031 1105.9559958724217
778 1139 778.0460483722798 1254.0368084776792 870 1254 869.9539516277202 1138.9631915223208
861 1149 861.0452452236522 1262.0304041190873 937 1262 936.9547547763478 1148.9695958809127
926 1160 926.0404428359955 1261.0332080889848 1009 1261 1008.9595571640045 1159.9667919110152
987 1154 987.0440470703074 1264.0372095712908 1080 1264 1079.9559529296926 1153.9627904287092
1066 1145 1066.0468436694382 1262.0235985066495 1125 1262 1124.9531563305618 1144.9764014933505
1109 1157 1109.0388447106777 1254.040814286305 1211 1254 1210.9611552893223 1156.959185713695
393 1275 393.0512558593997 1403.0460131207856 508 1403 507.9487441406003 1274.9539868792144
503 1280 503.038845672082 1377.0432160409528 611 1377 610.961154327918 1279.9567839590472
599 1288 599.0404434769316 1389.0348092587499 686 1389 685.9595565230684 1287.9651907412501
668 1284 668.0432448830843 1392.0332069673464 751 1392 750.9567551169157 1283.9667930326536
744 1289 744.0420446466968 1394.0348086178135 831 1394 830.9579553533032 1288.9651913821865
827 1285 827.0404428359955 1386.0332080889848 910 1386 909.9595571640045 1284.9667919110152
900 1297 900.0436462971641 1406.036008854201 990 1406 989.9563537028359 1296.963991145799
973 1290 973.0412448629845 1393.036810400488 1065 1393 1064.9587551370155 1289.963189599512
1044 1304 1044.036043144291 1394.0420162852674 1149 1394 1148.963956855709 1303.9579837147326
1144 1293 1144.0380359538576 1388.0203996922685 1195 1388 1194.9619640461424 1292.9796003077315
445 1423 445.0412448629845 1526.036810400488 537 1526 536.9587551370155 1422.963189599512
532 1418 532.0432456842545 1526.0352084295525 620 1526 619.9567543157455 1417.9647915704475
624 1423 624.0456450353912 1537.0292030815294 697 1537 696.9543549646088 1422.9707969184706
694 1430 694.0416457963621 1534.0384114100189 790 1534 789.9583542036379 1429.9615885899811
780 1380 780.0820780569093 1585.0452001978801 893 1585 892.9179219430907 1379.9547998021199
894 1418 894.0544572375255 1554.0436100842655 1003 1554 1002.9455427624745 1417.9563899157345
490 1581 490.0420472104418 1686.041213296874 593 1686 592.9579527895582 1580.958786703126
583 1589 583.0420488127824 1694.0452162212864 696 1694 695.9579511872176 1588.9547837787136
520 1714 520.0356401278705 1803.0352114739999 608 1803 607.9643598721295 1713.9647885260001
602 1705 602.0384457001088 1801.0440167860693 712 1801 711.9615542998912 1704.9559832139307
525 1820 525.0408455319476 1922.0392123153697 623 1922 622.9591544680524 1819.9607876846303
611 1819 611.0420465695055 1924.0396121271087 710 1924 709.9579534304945 1818.9603878728913
# Transcript
*ISAROS SEB*
* ARCONTOS
WSIQEOY PAMB
*Y DWROQEOY
* ELAFHBOLIW
S TOYS EN TWI
EGRAUE
ON
ON
ON
# Lines: x1 y1 x2 y2 x3 y3 x4 y4
