# Baseline angle
0
# Boxes: x1 y1 x2 y2 x3 y3 x4 y4
87 503 87 607 197 607 197 503
275 513 275 611 340 611 340 513
395 507 395 609 504 609 504 507
570 505 570 616 690 616 690 505
720 503 720 620 838 620 838 503
872 513 872 610 990 610 990 513
1029 502 1029 608 1152 608 1152 502
1193 508 1193 621 1301 621 1301 508
1354 511 1354 615 1421 615 1421 511
1481 523 1481 620 1585 620 1585 523
1675 524 1675 610 1790 610 1790 524
91 663 91 779 189 779 189 663
244 662 244 777 354 777 354 662
405 663 405 772 484 772 484 663
560 671 560 766 676 766 676 671
726 658 726 775 831 775 831 658
877 668 877 771 958 771 958 668
1039 662 1039 790 1144 790 1144 662
1165 666 1165 781 1288 781 1288 666
1352 669 1352 777 1454 777 1454 669
1485 656 1485 781 1624 781 1624 656
1663 674 1663 777 1778 777 1778 674
247 816 247 920 360 920 360 816
404 810 404 931 509 931 509 810
569 814 569 938 681 938 681 814
720 816 720 936 832 936 832 816
866 812 866 935 962 935 962 812
1024 814 1024 926 1145 926 1145 814
1186 812 1186 919 1306 919 1306 812
243 976 243 1087 350 1087 350 976
414 978 414 1086 515 1086 515 978
581 989 581 1092 661 1092 661 989
714 973 714 1096 822 1096 822 973
868 981 868 1089 980 1089 980 981
1042 968 1042 1085 1128 1085 1128 968
1174 993 1174 1091 1291 1091 1291 993
1671 991 1671 1092 1785 1092 1785 991
251 1117 251 1245 364 1245 364 1117
393 1126 393 1240 525 1240 525 1126
562 1131 562 1242 677 1242 677 1131
721 1144 721 1243 833 1243 833 1144
871 1144 871 1253 988 1253 988 1144
1024 1131 1024 1262 1127 1262 1127 1131
1189 1134 1189 1250 1263 1250 1263 1134
228 1285 228 1402 347 1402 347 1285
391 1275 391 1411 510 1411 510 1275
548 1264 548 1404 668 1404 668 1264
698 1277 698 1406 826 1406 826 1277
861 1280 861 1421 986 1421 986 1280
1046 1294 1046 1406 1125 1406 1125 1294
1181 1289 1181 1406 1303 1406 1303 1289
227 1460 227 1556 341 1556 341 1460
387 1459 387 1560 504 1560 504 1459
562 1467 562 1575 683 1575 683 1467
709 1460 709 1570 826 1570 826 1460
861 1450 861 1561 978 1561 978 1450
1007 1476 1007 1570 1160 1570 1160 1476
241 1615 241 1730 341 1730 341 1615
394 1605 394 1722 506 1722 506 1605
565 1620 565 1710 667 1710 667 1620
703 1604 703 1733 817 1733 817 1604
867 1617 867 1729 972 1729 972 1617
1015 1616 1015 1720 1134 1720 1134 1616
237 1780 237 1890 342 1890 342 1780
380 1782 380 1887 522 1887 522 1782
557 1781 557 1879 664 1879 664 1781
706 1763 706 1883 829 1883 829 1763
870 1771 870 1889 991 1889 991 1771
1491 1769 1491 1886 1629 1886 1629 1769
1669 1770 1669 1877 1750 1877 1750 1770
236 1935 236 2038 363 2038 363 1935
391 1934 391 2036 509 2036 509 1934
554 1936 554 2042 660 2042 660 1936
724 1929 724 2023 829 2023 829 1929
848 1921 848 2033 970 2033 970 1921
1034 1926 1034 2036 1112 2036 1112 1926
1503 1926 1503 2045 1635 2045 1635 1926
1655 1919 1655 2041 1786 2041 1786 1919
225 2081 225 2205 336 2205 336 2081
387 2081 387 2196 507 2196 507 2081
565 2092 565 2199 652 2199 652 2092
697 2080 697 2195 807 2195 807 2080
845 2083 845 2206 978 2206 978 2083
1509 2111 1509 2217 1588 2217 1588 2111
222 2281 222 2379 344 2379 344 2281
397 2259 397 2366 490 2366 490 2259
549 2265 549 2364 663 2364 663 2265
713 2249 713 2376 818 2376 818 2249
859 2253 859 2370 971 2370 971 2253
1486 2250 1486 2359 1596 2359 1596 2250
1654 2247 1654 2370 1784 2370 1784 2247
233 2417 233 2520 334 2520 334 2417
383 2412 383 2519 505 2519 505 2412
549 2427 549 2516 668 2516 668 2427
704 2408 704 2533 816 2533 816 2408
886 2412 886 2532 999 2532 999 2412
231 2560 231 2665 349 2665 349 2560
402 2564 402 2679 513 2679 513 2564
549 2577 549 2677 660 2677 660 2577
398 2707 398 2829 499 2829 499 2707
531 2717 531 2828 635 2828 635 2717
1540 2718 1540 2828 1642 2828 1642 2718
1651 2710 1651 2847 1781 2847 1781 2710
390 2875 390 2987 509 2987 509 2875
412 3022 412 3132 487 3132 487 3022
539 3032 539 3154 643 3154 643 3032
1508 3031 1508 3151 1624 3151 1624 3031
1676 3040 1676 3145 1784 3145 1784 3040
1640 3353 1640 3477 1761 3477 1761 3353
1502 3513 1502 3622 1627 3622 1627 3513
1675 3509 1675 3615 1744 3615 1744 3509
1479 3663 1479 3815 1608 3815 1608 3663
1649 3668 1649 3794 1755 3794 1755 3668
1484 3830 1484 3953 1607 3953 1607 3830
# Transcript
****
************PITHSANTIOC
***********SHIARISTONO
**********OSEGRAM*
**********THIEPID*A
*****EKKLHSI**
PEUHFIZ**
OXENTW****
SBOYTA****
HMOYP**AI
LATOTIHM
SGIGN**I
AIARG*OY
OPARE**
NKA***
*ST*OY
L***
IS*TO
***
***P
**AI
**EP
*E*