# Baseline angle
0
# Boxes: x1 y1 x2 y2 x3 y3 x4 y4
694 827 694 945 825 945 825 827
939 321 939 459 1053 459 1053 321
1143 300 1143 438 1267 438 1267 300
1322 310 1322 453 1465 453 1465 310
1542 310 1542 457 1658 457 1658 310
578 823 578 934 681 934 681 823
832 825 832 934 950 934 950 825
954 812 954 939 1082 939 1082 812
1111 825 1111 939 1221 939 1221 825
1246 812 1246 943 1347 943 1347 812
1378 812 1378 941 1479 941 1479 812
1507 838 1507 960 1618 960 1618 838
1635 819 1635 943 1755 943 1755 819
1757 819 1757 943 1887 943 1887 819
1889 808 1889 943 2022 943 2022 808
2038 829 2038 936 2148 936 2148 829
2170 833 2170 943 2267 943 2267 833
2288 831 2288 958 2391 958 2391 831
578 955 578 1073 683 1073 683 955
708 953 708 1087 824 1087 824 953
840 955 840 1087 941 1087 941 955
962 947 962 1079 1099 1079 1099 947
1109 940 1109 1083 1200 1083 1200 940
1244 957 1244 1087 1343 1087 1343 957
1370 955 1370 1090 1477 1090 1477 955
1500 976 1500 1092 1618 1092 1618 976
1633 966 1633 1075 1751 1075 1751 966
1763 961 1763 1075 1881 1075 1881 961
1906 966 1906 1102 2022 1102 2022 966
2019 955 2019 1094 2132 1094 2132 955
2145 940 2145 1094 2258 1094 2258 940
2262 978 2262 1092 2384 1092 2384 978
693 1096 693 1205 824 1205 824 1096
853 1092 853 1201 935 1201 935 1092
946 1094 946 1203 1066 1203 1066 1094
1097 1092 1097 1209 1234 1209 1234 1092
1244 1102 1244 1216 1347 1216 1347 1102
1356 1098 1356 1209 1490 1209 1490 1098
1513 1108 1513 1214 1620 1214 1620 1108
1637 1106 1637 1205 1721 1205 1721 1106
1766 1090 1766 1220 1887 1220 1887 1090
1896 1108 1896 1224 2014 1224 2014 1108
2030 1098 2030 1224 2144 1224 2144 1098
2148 1102 2148 1222 2253 1222 2253 1102
2262 1096 2262 1207 2344 1207 2344 1096
570 1213 570 1350 684 1350 684 1213
820 1222 820 1344 940 1344 940 1222
961 1201 961 1346 1066 1346 1066 1201
1350 1230 1350 1346 1464 1346 1464 1230
1495 1230 1495 1356 1604 1356 1604 1230
1621 1220 1621 1356 1737 1356 1737 1220
1775 1224 1775 1346 1876 1346 1876 1224
1901 1224 1901 1348 2006 1348 2006 1224
2027 1237 2027 1342 2138 1342 2138 1237
2155 1228 2155 1359 2267 1359 2267 1228
1085 1352 1085 1499 1222 1499 1222 1352
1251 1343 1251 1476 1344 1476 1344 1343
1358 1362 1358 1490 1480 1490 1480 1362
1476 1358 1476 1482 1600 1482 1600 1358
1619 1358 1619 1482 1747 1482 1747 1358
1768 1350 1768 1488 1869 1488 1869 1350
1884 1360 1884 1509 2004 1509 2004 1360
2021 1356 2021 1501 2121 1501 2121 1356
2168 1358 2168 1520 2245 1520 2245 1358
2254 1364 2254 1488 2407 1488 2407 1364
663 1495 663 1631 812 1631 812 1495
831 1474 831 1638 932 1638 932 1474
953 1495 953 1610 1073 1610 1073 1495
1081 1490 1081 1617 1203 1617 1203 1490
1213 1488 1213 1625 1342 1625 1342 1488
1348 1503 1348 1627 1482 1627 1482 1503
1510 1497 1510 1631 1600 1631 1600 1497
684 1638 684 1767 814 1767 814 1638
816 1636 816 1748 930 1748 930 1636
1081 1622 1081 1754 1188 1754 1188 1622
1209 1636 1209 1767 1344 1767 1344 1636
1346 1636 1346 1775 1468 1775 1468 1636
1461 1632 1461 1767 1606 1767 1606 1632
1609 1628 1609 1765 1739 1765 1739 1628
1739 1611 1739 1762 1859 1762 1859 1611
1855 1605 1855 1767 2004 1767 2004 1605
2021 1632 2021 1775 2145 1775 2145 1632
2157 1628 2157 1762 2224 1762 2224 1628
808 1767 808 1897 940 1897 940 1767
965 1748 965 1903 1058 1903 1058 1748
1066 1763 1066 1899 1192 1899 1192 1763
1242 1754 1242 1891 1307 1891 1307 1754
1337 1758 1337 1897 1459 1897 1459 1758
1473 1769 1473 1901 1604 1901 1604 1769
1610 1769 1610 1880 1734 1880 1734 1769
1754 1750 1754 1903 1855 1903 1855 1750
1878 1756 1878 1891 2006 1891 2006 1756
2032 1769 2032 1916 2141 1916 2141 1769
2156 1777 2156 1918 2250 1918 2250 1777
831 1910 831 2037 924 2037 924 1910
939 1906 939 2047 1061 2047 1061 1906
1071 1898 1071 2026 1201 2026 1201 1898
1208 1892 1208 2024 1325 2024 1325 1892
1342 1906 1342 2028 1470 2028 1470 1906
1479 1898 1479 2030 1601 2030 1601 1898
1609 1887 1609 2039 1740 2039 1740 1887
1748 1906 1748 2016 1872 2016 1872 1906
1870 1906 1870 2030 1994 2030 1994 1906
2006 1913 2006 2028 2124 2028 2124 1913
2137 1910 2137 2034 2212 2034 2212 1910
2215 1910 2215 2034 2351 2034 2351 1910
804 2030 804 2146 939 2146 939 2030
945 2047 945 2150 1067 2150 1067 2047
1077 2024 1077 2158 1187 2158 1187 2024
1201 2037 1201 2165 1330 2165 1330 2037
1357 2030 1357 2171 1468 2171 1468 2030
1466 2028 1466 2154 1597 2154 1597 2028
1607 2026 1607 2165 1729 2165 1729 2026
1746 2022 1746 2167 1840 2167 1840 2022
1857 2026 1857 2167 1985 2167 1985 2026
2009 2030 2009 2171 2124 2171 2124 2030
2120 2030 2120 2179 2234 2179 2234 2030
2242 2043 2242 2173 2334 2173 2334 2043
934 2163 934 2295 1069 2295 1069 2163
1073 2154 1073 2301 1185 2301 1185 2154
1199 2177 1199 2291 1321 2291 1321 2177
1336 2167 1336 2297 1445 2297 1445 2167
1473 2163 1473 2312 1594 2312 1594 2163
1590 2167 1590 2291 1721 2291 1721 2167
1729 2175 1729 2287 1855 2287 1855 2175
1855 2186 1855 2295 1998 2295 1998 2186
2009 2171 2009 2291 2118 2291 2118 2171
2135 2173 2135 2297 2250 2297 2250 2173
2271 2184 2271 2297 2400 2297 2400 2184
916 2295 916 2425 1050 2425 1050 2295
1058 2307 1058 2438 1195 2438 1195 2307
1321 2289 1321 2419 1437 2419 1437 2289
1458 2303 1458 2436 1584 2436 1584 2303
1616 2286 1616 2438 1679 2438 1679 2286
1708 2276 1708 2427 1853 2427 1853 2276
1868 2312 1868 2432 2002 2432 2002 2312
2013 2310 2013 2432 2122 2432 2122 2310
2126 2322 2126 2427 2248 2427 2248 2322
1086 2446 1086 2547 1168 2547 1168 2446
1195 2432 1195 2556 1288 2556 1288 2432
1325 2436 1325 2558 1443 2558 1443 2436
1464 2440 1464 2566 1590 2566 1590 2440
1611 2457 1611 2560 1712 2560 1712 2457
1740 2444 1740 2556 1853 2556 1853 2444
1866 2432 1866 2551 1973 2551 1973 2432
1990 2438 1990 2564 2095 2564 2095 2438
2128 2434 2128 2568 2246 2568 2246 2434
1067 2579 1067 2690 1174 2690 1174 2579
1199 2564 1199 2705 1298 2705 1298 2564
1338 2562 1338 2699 1439 2699 1439 2562
886 2572 886 2684 1042 2684 1042 2572
1449 2577 1449 2701 1590 2701 1590 2577
1609 2575 1609 2703 1716 2703 1716 2575
1737 2562 1737 2696 1834 2696 1834 2562
1864 2577 1864 2711 1973 2711 1973 2577
1990 2579 1990 2688 2101 2688 2101 2579
1172 2726 1172 2837 1323 2837 1323 2726
1323 2709 1323 2844 1428 2844 1428 2709
1456 2709 1456 2837 1557 2837 1557 2709
1729 2701 1729 2829 1830 2829 1830 2701
1849 2724 1849 2844 1943 2844 1943 2724
924 2445 924 2552 1056 2552 1056 2445
# Transcript
*ARCO
THSPRYTANEIASH*
YSEGRAMMATEYEN*
*AIEMBOLIMWIP*M
Y*AN**ASEKKLH*
***NOMACOSAIW
*WIDHMWI
NO*KYDAQHNAI**
*NTWIEMPROSQ**
RAYTOYKYDRIW*
YDHMOYTOYAQH*
*ONTESAGAQON
NT*NAITWLW**
AIBOYLARCH**
QONPARELQ***
*TIM*KA****

# Lines: x1 y1 x2 y2 x3 y3 x4 y4
