# Baseline angle
-0.1401693644004256
# Boxes: x1 y1 x2 y2 x3 y3 x4 y4
500 565 515.7613303245637 676.7075162092897 620 662 604.2386696754363 550.2924837907103
679 541 694.0034984937823 647.3364269815625 746 640 730.9965015062177 533.6635730184375
811 520 826.1901556640166 627.6593488695089 923 614 907.8098443359834 506.34065113049104
934 503 949.1884488716241 610.6472520772385 1053 596 1037.8115511283759 488.3527479227616
1083 490 1097.1598006450631 590.3567673227154 1206 575 1191.8401993549369 474.64323267728463
397 737 411.9686182490308 843.089215266197 526 827 511.0313817509692 720.910784733803
546 710 561.7027729849048 821.2924944544999 663 807 647.2972270150952 695.7075055455001
714 687 728.5460249277684 790.0941095668203 793 781 778.4539750722316 677.9058904331797
831 665 846.8233012490075 777.146731548621 940 764 924.1766987509925 651.853268451379
975 655 989.5001595317593 757.7690412278778 1080 745 1065.4998404682408 642.2309587721222
1112 622 1128.0541170228585 735.7826249832392 1247 719 1230.9458829771415 605.2173750167608
1249 613 1263.1598006450631 713.3567673227154 1372 698 1357.8401993549369 597.6432326772846
457 887 472.7537587580911 998.6538531702543 527 991 511.2462412419089 879.3461468297457
568 865 584.8485358907838 984.4130227186026 687 970 670.1514641092162 850.5869772813974
714 845 728.3422998336097 946.6502197561675 818 934 803.6577001663903 832.3497802438325
852 829 866.2395838903341 929.9222264547058 972 915 957.7604161096659 814.0777735452942
996 800 1011.2521265884604 908.0985642088401 1097 896 1081.7478734115396 787.9014357911599
1132 768 1150.503502532766 899.142502983155 1272 882 1253.496497467234 750.857497016845
1287 767 1301.8319844564933 872.1208311716872 1409 857 1394.1680155435067 751.8791688283128
1430 737 1445.1103724187456 844.0938897375186 1545 830 1529.8896275812544 722.9061102624814
1566 720 1581.723998890517 831.4429318317004 1677 818 1661.276001109483 706.5570681682996
439 1035 452.86360036198346 1133.2574649642247 561 1118 547.1363996380164 1019.7425350357753
592 1015 607.0925600979184 1121.9676459448592 699 1109 683.9074399020816 1002.0323540551408
746 997 759.827975720329 1095.004977378906 852 1082 838.172024279671 983.995022621094
880 968 894.8336912488857 1073.1329279639579 995 1059 980.1663087511143 953.8670720360421
1009 954 1022.2533874749972 1047.932616454584 1121 1034 1107.7466125250028 940.067383545416
1149 936 1162.5478809656843 1032.0198220208042 1269 1017 1255.4521190343157 920.9801779791959
1301 909 1315.5731156074605 1012.2861131907857 1431 996 1416.4268843925395 892.7138868092143
1456 872 1470.7326820980024 976.4170314547667 1580 961 1565.2673179019976 856.5829685452333
1594 857 1607.7872307014973 954.7161994167756 1705 941 1691.2127692985027 843.2838005832244
473 1168 489.5489220229192 1285.2895267755707 605 1269 588.4510779770808 1151.7104732244293
615 1148 631.5328164944845 1265.1753797751821 732 1251 715.4671835055155 1133.8246202248179
753 1125 768.582244720802 1235.4382573603789 878 1220 862.417755279198 1109.5617426396211
896 1097 912.8129112491292 1216.160535133284 999 1204 982.1870887508708 1084.839464866716
1033 1091 1047.713162984783 1195.2786908698367 1156 1180 1141.286837015217 1075.7213091301633
1171 1063 1186.2452994188907 1171.0501770397577 1300 1155 1284.7547005811093 1046.9498229602423
1328 1046 1339.1570527954357 1125.0749657756783 1446 1110 1434.8429472045643 1030.9250342243217
1488 1004 1504.9673573624939 1124.255163020453 1606 1110 1589.0326426375061 989.744836979547
1613 995 1625.778101588156 1085.5640552471823 1729 1071 1716.221898411844 980.4359447528175
488 1317 502.7912394376615 1421.8320532095568 615 1406 600.2087605623385 1301.1679467904435
636 1294 650.5816495694227 1397.346597152139 731 1386 716.4183504305773 1282.653402847861
758 1276 773.041574324732 1382.606287229105 912 1363 896.958425675268 1256.393712770895
1055 1222 1071.3715432115498 1338.0323647189305 1185 1322 1168.6284567884502 1205.9676352810695
1216 1199 1231.4558516826191 1308.5424540194929 1292 1300 1276.5441483173809 1190.4575459805071
1340 1187 1354.080017399792 1286.7913081907247 1466 1271 1451.919982600208 1171.2086918092753
517 1442 533.7899785511247 1560.9980009638127 633 1547 616.2100214488753 1428.0019990361873
656 1420 672.9656505701015 1540.2430662281824 781 1525 764.0343494298985 1404.7569337718176
815 1409 829.2217715695068 1509.7959826620465 927 1496 912.7782284304932 1395.2040173379535
933 1378 952.6475586462524 1517.2509344549871 1082 1499 1062.3524413537475 1359.7490655450129
1110 1358 1126.1297422864418 1472.3186146607354 1178 1465 1161.8702577135582 1350.6813853392646
1228 1331 1246.2709799665224 1460.4945127562662 1349 1446 1330.7290200334776 1316.5054872437338
1377 1320 1391.5213854373715 1422.9194786050784 1476 1411 1461.4786145626285 1308.0805213949216
1524 1315 1537.3475694563106 1409.6001257946928 1655 1393 1641.6524305436894 1298.3998742053072
1690 1285 1704.3525405879643 1386.7228005097913 1752 1380 1737.6474594120357 1278.2771994902087
671 1573 684.2126424561654 1666.6438384924536 788 1652 774.7873575438346 1558.3561615075464
822 1541 840.0723752495412 1669.086913322425 947 1654 928.9276247504588 1525.913086677575
982 1537 993.7511601539873 1620.28566728493 1095 1606 1083.2488398460127 1522.71433271507
1114 1508 1131.4689895321249 1631.8104519818671 1201 1622 1183.5310104678751 1498.1895480181329
1229 1492 1246.928914287434 1619.0701420588332 1375 1601 1357.071085712566 1473.9298579411668
1399 1452 1414.2096747772362 1559.797689454439 1512 1546 1496.7903252227638 1438.202310545561
1546 1449 1558.2442583616557 1535.780472284991 1663 1521 1650.7557416383443 1434.219527715009
823 1684 838.0432811171245 1790.6183840213755 970 1772 954.9567188828755 1665.3816159786245
987 1653 1004.0046887965409 1773.5197473980425 1114 1758 1096.995311203459 1637.4802526019575
1120 1644 1135.112079211138 1751.105986529789 1228 1738 1212.887920788862 1630.894013470211
1249 1634 1261.6329338336561 1723.5351871913197 1393 1705 1380.3670661663439 1615.4648128086803
1145 1786 1160.0059496830777 1892.3537996437863 1283 1875 1267.9940503169223 1768.6462003562137
1280 1762 1295.1816217020544 1869.598864908156 1427 1851 1411.8183782979456 1743.401135091844
1167 1915 1185.6028048912567 2046.8463027000755 1305 2030 1286.3971951087433 1898.1536972999245
1308 1891 1324.7084885134614 2009.4204450395519 1434 1994 1417.2915114865386 1875.5795549604481
# Transcript
*PIQOY
TEIBOYL*
ISEPRYTAN
QEOPALLHN
ESTRATOSL
TIM*NID**
EUHFISQAI
OSOIANL
MPRW**
*WM
SE