# Baseline angle
0
# Boxes: x1 y1 x2 y2 x3 y3 x4 y4
709 258 709 378 820 378 820 258
851 251 851 375 961 375 961 251
989 245 989 379 1114 379 1114 245
1142 246 1142 394 1246 394 1246 246
1298 261 1298 406 1409 406 1409 261
1435 259 1435 403 1548 403 1548 259
1745 152 1745 255 1866 255 1866 152
1899 129 1899 250 2028 250 2028 129
2069 151 2069 279 2199 279 2199 151
2199 143 2199 283 2298 283 2298 143
2356 160 2356 307 2468 307 2468 160
2481 183 2481 292 2600 292 2600 183
1589 268 1589 397 1688 397 1688 268
1749 269 1749 406 1851 406 1851 269
1887 299 1887 431 2016 431 2016 299
2045 295 2045 433 2184 433 2184 295
2192 310 2192 439 2319 439 2319 310
2324 314 2324 438 2440 438 2440 314
2479 323 2479 442 2596 442 2596 323
2632 327 2632 458 2745 458 2745 327
2763 327 2763 467 2890 467 2890 327
2916 347 2916 472 3028 472 3028 347
3075 341 3075 499 3187 499 3187 341
3208 356 3208 516 3354 516 3354 356
3370 357 3370 488 3424 488 3424 357
3476 353 3476 486 3604 486 3604 353
3646 373 3646 502 3788 502 3788 373
418 403 418 518 515 518 515 403
547 399 547 524 664 524 664 399
688 404 688 563 814 563 814 404
854 413 854 564 967 564 967 413
991 428 991 554 1109 554 1109 428
1128 440 1128 563 1240 563 1240 440
1279 423 1279 585 1407 585 1407 423
1424 447 1424 580 1544 580 1544 447
1569 466 1569 586 1709 586 1709 466
1724 461 1724 579 1851 579 1851 461
1892 459 1892 607 2016 607 2016 459
2019 466 2019 615 2169 615 2169 466
2172 474 2172 633 2307 633 2307 474
2316 481 2316 639 2442 639 2442 481
2445 485 2445 611 2588 611 2588 485
2591 486 2591 627 2720 627 2720 486
2785 493 2785 636 2860 636 2860 493
2904 512 2904 634 3032 634 3032 512
3050 509 3050 635 3188 635 3188 509
3206 521 3206 646 3321 646 3321 521
3354 531 3354 647 3456 647 3456 531
3516 518 3516 652 3578 652 3578 518
3644 525 3644 667 3781 667 3781 525
3799 525 3799 675 3917 675 3917 525
3935 531 3935 691 4051 691 4051 531
4073 550 4073 687 4184 687 4184 550
4216 560 4216 698 4320 698 4320 560
4348 563 4348 719 4472 719 4472 563
505 575 505 719 690 719 690 575
756 585 756 711 890 711 890 585
960 592 960 726 1084 726 1084 592
1133 605 1133 727 1192 727 1192 605
1224 607 1224 735 1389 735 1389 607
1431 599 1431 723 1562 723 1562 599
1601 619 1601 749 1752 749 1752 619
1769 612 1769 756 1915 756 1915 612
1930 629 1930 767 2099 767 2099 629
2174 647 2174 778 2309 778 2309 647
2360 642 2360 766 2494 766 2494 642
2503 651 2503 764 2595 764 2595 651
2592 652 2592 768 2717 768 2717 652
2778 657 2778 776 2847 776 2847 657
2900 664 2900 786 3043 786 3043 664
3074 655 3074 784 3169 784 3169 655
3188 675 3188 792 3266 792 3266 675
3321 666 3321 803 3449 803 3449 666
3479 675 3479 821 3604 821 3604 675
3655 683 3655 814 3735 814 3735 683
3776 690 3776 822 3900 822 3900 690
3918 696 3918 846 4040 846 4040 696
4070 711 4070 839 4180 839 4180 711
4197 715 4197 831 4316 831 4316 715
4347 737 4347 848 4448 848 4448 737
4499 740 4499 854 4622 854 4622 740
525 743 525 859 646 859 646 743
668 729 668 876 799 876 799 729
821 722 821 872 948 872 948 722
949 737 949 882 1102 882 1102 737
1108 747 1108 879 1232 879 1232 747
1253 763 1253 875 1394 875 1394 763
1409 762 1409 893 1547 893 1547 762
1574 773 1574 898 1648 898 1648 773
1724 779 1724 911 1852 911 1852 779
1888 787 1888 908 1965 908 1965 787
2025 775 2025 928 2146 928 2146 775
2180 784 2180 927 2238 927 2238 784
2280 803 2280 947 2443 947 2443 803
2458 789 2458 949 2579 949 2579 789
2593 806 2593 951 2716 951 2716 806
2767 804 2767 944 2838 944 2838 804
2904 797 2904 962 3025 962 3025 797
3029 807 3029 948 3167 948 3167 807
3175 824 3175 956 3315 956 3315 824
3328 834 3328 959 3438 959 3438 834
3499 851 3499 966 3557 966 3557 851
3610 852 3610 972 3744 972 3744 852
3772 850 3772 979 3881 979 3881 850
3935 854 3935 984 4005 984 4005 854
4048 867 4048 991 4176 991 4176 867
4181 872 4181 995 4304 995 4304 872
4326 881 4326 1015 4446 1015 4446 881
4483 890 4483 1003 4621 1003 4621 890
528 901 528 1031 614 1031 614 901
652 916 652 1037 788 1037 788 916
816 903 816 1033 940 1033 940 903
984 915 984 1034 1054 1034 1054 915
1106 928 1106 1039 1224 1039 1224 928
1260 923 1260 1049 1376 1049 1376 923
1404 934 1404 1072 1524 1072 1524 934
1538 946 1538 1070 1672 1070 1672 946
1705 951 1705 1073 1848 1073 1848 951
1864 942 1864 1071 1959 1071 1959 942
1996 960 1996 1082 2148 1082 2148 960
2156 970 2156 1092 2263 1092 2263 970
2277 980 2277 1092 2425 1092 2425 980
2445 973 2445 1111 2564 1111 2564 973
2588 977 2588 1092 2703 1092 2703 977
2731 988 2731 1109 2866 1109 2866 988
2896 1003 2896 1113 3034 1113 3034 1003
3045 991 3045 1117 3168 1117 3168 991
3184 999 3184 1130 3320 1130 3320 999
3340 1019 3340 1146 3424 1146 3424 1019
3456 1016 3456 1142 3575 1142 3575 1016
3643 1019 3643 1140 3715 1140 3715 1019
3744 1023 3744 1137 3872 1137 3872 1023
3903 1025 3903 1156 4026 1156 4026 1025
4042 1043 4042 1166 4174 1166 4174 1043
4187 1035 4187 1189 4304 1189 4304 1035
4334 1040 4334 1171 4441 1171 4441 1040
4486 1059 4486 1195 4623 1195 4623 1059
524 1066 524 1193 631 1193 631 1066
641 1079 641 1197 772 1197 772 1079
829 1074 829 1196 906 1196 906 1074
948 1093 948 1207 1010 1207 1010 1093
1101 1079 1101 1215 1202 1215 1202 1079
1247 1083 1247 1215 1357 1215 1357 1083
1383 1096 1383 1234 1520 1234 1520 1096
1540 1096 1540 1243 1660 1243 1660 1096
1684 1115 1684 1253 1820 1253 1820 1115
1840 1119 1840 1255 1962 1255 1962 1119
1991 1115 1991 1240 2116 1240 2116 1115
2141 1107 2141 1244 2257 1244 2257 1107
2286 1114 2286 1237 2396 1237 2396 1114
2425 1129 2425 1266 2561 1266 2561 1129
2576 1134 2576 1297 2676 1297 2676 1134
2700 1143 2700 1282 2830 1282 2830 1143
2873 1126 2873 1286 3012 1286 3012 1126
3014 1142 3014 1300 3161 1300 3161 1142
3158 1164 3158 1297 3308 1297 3308 1164
3316 1170 3316 1305 3438 1305 3438 1170
3451 1161 3451 1306 3592 1306 3592 1161
3604 1183 3604 1300 3732 1300 3732 1183
3764 1167 3764 1351 3881 1351 3881 1167
3894 1186 3894 1338 4003 1338 4003 1186
4033 1190 4033 1343 4160 1343 4160 1190
4169 1204 4169 1358 4291 1358 4291 1204
4326 1193 4326 1345 4446 1345 4446 1193
4480 1207 4480 1338 4616 1338 4616 1207
488 1217 488 1356 630 1356 630 1217
635 1228 635 1367 776 1367 776 1228
788 1238 788 1362 918 1362 918 1238
950 1246 950 1372 1022 1372 1022 1246
1052 1258 1052 1398 1228 1398 1228 1258
1244 1263 1244 1409 1377 1409 1377 1263
1384 1262 1384 1415 1505 1415 1505 1262
1532 1262 1532 1391 1630 1391 1630 1262
1664 1260 1664 1417 1838 1417 1838 1260
1838 1268 1838 1410 1980 1410 1980 1268
1984 1273 1984 1412 2136 1412 2136 1273
2150 1287 2150 1418 2265 1418 2265 1287
2291 1271 2291 1422 2371 1422 2371 1271
2403 1281 2403 1462 2545 1462 2545 1281
2548 1295 2548 1446 2680 1446 2680 1295
2723 1297 2723 1462 2846 1462 2846 1297
2868 1306 2868 1450 3008 1450 3008 1306
3011 1318 3011 1468 3145 1468 3145 1318
3163 1334 3163 1486 3297 1486 3297 1334
3307 1340 3307 1471 3443 1471 3443 1340
3467 1332 3467 1454 3576 1454 3576 1332
3587 1308 3587 1486 3704 1486 3704 1308
3731 1351 3731 1487 3881 1487 3881 1351
3884 1367 3884 1513 4000 1513 4000 1367
4025 1356 4025 1521 4164 1521 4164 1356
4172 1375 4172 1519 4289 1519 4289 1375
4294 1374 4294 1519 4430 1519 4430 1374
4457 1383 4457 1524 4598 1524 4598 1383
454 1378 454 1518 608 1518 608 1378
619 1385 619 1514 772 1514 772 1385
782 1394 782 1534 918 1534 918 1394
953 1391 953 1527 1008 1527 1008 1391
1048 1420 1048 1545 1204 1545 1204 1420
1217 1417 1217 1550 1360 1550 1360 1417
1368 1428 1368 1554 1512 1554 1512 1428
1526 1418 1526 1543 1657 1543 1657 1418
1691 1441 1691 1564 1835 1564 1835 1441
1825 1441 1825 1570 1964 1570 1964 1441
1987 1442 1987 1574 2110 1574 2110 1442
2107 1458 2107 1586 2244 1586 2244 1458
2252 1462 2252 1594 2360 1594 2360 1462
2424 1462 2424 1596 2534 1596 2534 1462
2553 1446 2553 1612 2678 1612 2678 1446
2715 1470 2715 1606 2843 1606 2843 1470
2841 1481 2841 1602 3016 1602 3016 1481
3008 1490 3008 1615 3136 1615 3136 1490
3147 1487 3147 1634 3294 1634 3294 1487
3286 1506 3286 1618 3422 1618 3422 1506
3440 1514 3440 1630 3563 1630 3563 1514
3576 1519 3576 1652 3726 1652 3726 1519
3752 1518 3752 1662 3872 1662 3872 1518
3884 1519 3884 1673 4012 1673 4012 1519
4030 1511 4030 1670 4131 1670 4131 1511
4158 1524 4158 1665 4280 1665 4280 1524
4312 1550 4312 1674 4428 1674 4428 1550
4451 1556 4451 1676 4596 1676 4596 1556
460 1540 460 1671 611 1671 611 1540
617 1545 617 1679 758 1679 758 1545
769 1550 769 1681 884 1681 884 1550
926 1545 926 1690 1049 1690 1049 1545
1072 1551 1072 1695 1184 1695 1184 1551
1232 1566 1232 1697 1342 1697 1342 1566
1384 1577 1384 1703 1505 1703 1505 1577
1534 1558 1534 1700 1686 1700 1686 1558
1710 1559 1710 1716 1800 1716 1800 1559
1824 1582 1824 1698 1953 1698 1953 1582
2014 1586 2014 1724 2088 1724 2088 1586
2107 1588 2107 1722 2278 1722 2278 1588
2275 1594 2275 1748 2390 1748 2390 1594
2427 1622 2427 1746 2540 1746 2540 1622
2555 1612 2555 1753 2684 1753 2684 1612
2726 1625 2726 1769 2806 1769 2806 1625
2822 1623 2822 1769 2976 1769 2976 1623
2993 1628 2993 1764 3134 1764 3134 1628
3140 1654 3140 1782 3281 1782 3281 1654
3273 1670 3273 1775 3440 1775 3440 1670
3444 1638 3444 1790 3576 1790 3576 1638
3585 1655 3585 1802 3718 1802 3718 1655
3745 1674 3745 1807 3870 1807 3870 1674
3899 1692 3899 1798 3953 1798 3953 1692
3985 1690 3985 1814 4150 1814 4150 1690
4160 1697 4160 1841 4280 1841 4280 1697
4312 1706 4312 1833 4448 1833 4448 1706
4465 1705 4465 1833 4596 1833 4596 1705
468 1694 468 1844 596 1844 596 1694
625 1703 625 1846 763 1846 763 1703
793 1705 793 1855 889 1855 889 1705
905 1724 905 1860 1036 1860 1036 1724
1054 1719 1054 1882 1198 1882 1198 1719
1204 1729 1204 1857 1353 1857 1353 1729
1361 1730 1361 1865 1508 1865 1508 1730
1510 1742 1510 1884 1665 1884 1665 1742
1673 1745 1673 1887 1811 1887 1811 1745
1844 1735 1844 1887 1940 1887 1940 1735
1985 1751 1985 1898 2129 1898 2129 1751
2139 1766 2139 1906 2246 1906 2246 1766
2246 1764 2246 1926 2387 1926 2387 1764
2420 1762 2420 1945 2500 1945 2500 1762
2531 1772 2531 1934 2675 1934 2675 1772
2683 1796 2683 1935 2827 1935 2827 1796
2844 1804 2844 1938 2995 1938 2995 1804
2992 1818 2992 1946 3113 1946 3113 1818
3132 1809 3132 1978 3270 1978 3270 1809
3284 1814 3284 1967 3436 1967 3436 1814
3449 1817 3449 1966 3532 1966 3532 1817
3566 1834 3566 1967 3726 1967 3726 1834
3721 1841 3721 1969 3859 1969 3859 1841
3849 1839 3849 1985 3988 1985 3988 1839
4006 1846 4006 1988 4136 1988 4136 1846
4155 1858 4155 1996 4286 1996 4286 1858
4300 1858 4300 1994 4433 1994 4433 1858
483 1863 483 2007 590 2007 590 1863
620 1876 620 2020 750 2020 750 1876
763 1863 763 2023 872 2023 872 1863
908 1892 908 2030 1033 2030 1033 1892
1067 1890 1067 2028 1140 2028 1140 1890
1209 1890 1209 2034 1345 2034 1345 1890
1350 1908 1350 2055 1486 2055 1486 1908
1510 1918 1510 2049 1633 2049 1633 1918
1640 1930 1640 2070 1803 2070 1803 1930
1816 1911 1816 2090 1944 2090 1944 1911
1976 1932 1976 2103 2126 2103 2126 1932
2118 1953 2118 2081 2222 2081 2222 1953
2248 1934 2248 2076 2377 2076 2377 1934
2393 1945 2393 2076 2507 2076 2507 1945
2523 1966 2523 2100 2678 2100 2678 1966
2707 1970 2707 2121 2816 2121 2816 1970
2851 1978 2851 2132 2979 2132 2979 1978
3008 1974 3008 2122 3076 2122 3076 1974
3112 2004 3112 2122 3289 2122 3289 2004
3300 1996 3300 2137 3398 2137 3398 1996
3412 2001 3412 2143 3523 2143 3523 2001
3577 1996 3577 2138 3694 2138 3694 1996
3700 2002 3700 2153 3843 2153 3843 2002
3849 2020 3849 2178 3998 2178 3998 2020
4011 2012 4011 2177 4124 2177 4124 2012
4140 2047 4140 2193 4252 2193 4252 2047
4283 2041 4283 2180 4417 2180 4417 2041
4436 2033 4436 2206 4574 2206 4574 2033
436 2063 436 2177 588 2177 588 2063
622 2055 622 2190 724 2190 724 2055
768 2065 768 2198 883 2198 883 2065
886 2076 886 2183 1003 2183 1003 2076
1044 2073 1044 2220 1169 2220 1169 2073
1209 2090 1209 2228 1328 2228 1328 2090
1344 2103 1344 2212 1496 2212 1496 2103
1515 2079 1515 2231 1659 2231 1659 2079
1664 2108 1664 2257 1796 2257 1796 2108
1820 2098 1820 2242 1934 2242 1934 2098
1979 2097 1979 2257 2088 2257 2088 2097
2107 2118 2107 2271 2219 2271 2219 2118
2260 2126 2260 2273 2347 2273 2347 2126
2395 2127 2395 2287 2516 2287 2516 2127
2547 2143 2547 2273 2624 2273 2624 2143
2689 2156 2689 2273 2827 2273 2827 2156
2820 2154 2820 2284 2971 2284 2971 2154
2976 2167 2976 2287 3118 2287 3118 2167
3121 2167 3121 2290 3265 2290 3265 2167
3270 2169 3270 2294 3369 2294 3369 2169
3372 2159 3372 2335 3523 2335 3523 2159
3526 2172 3526 2316 3697 2316 3697 2172
3705 2186 3705 2358 3848 2358 3848 2186
3846 2198 3846 2334 3993 2334 3993 2198
3996 2214 3996 2326 4116 2326 4116 2214
4121 2204 4121 2346 4251 2346 4251 2204
4265 2209 4265 2340 4417 2340 4417 2209
4436 2209 4436 2351 4550 2351 4550 2209
390 2204 390 2377 572 2377 572 2204
576 2244 576 2390 737 2390 737 2244
752 2239 752 2378 875 2378 875 2239
880 2242 880 2399 1016 2399 1016 2242
1032 2234 1032 2382 1180 2382 1180 2234
1195 2263 1195 2422 1331 2422 1331 2263
1344 2250 1344 2406 1454 2406 1454 2250
1476 2262 1476 2404 1619 2404 1619 2262
1638 2266 1638 2401 1734 2401 1734 2266
1760 2276 1760 2457 1932 2457 1932 2276
1952 2268 1952 2449 2073 2449 2073 2268
2083 2284 2083 2460 2217 2460 2217 2284
2224 2290 2224 2470 2348 2470 2348 2290
2360 2300 2360 2470 2496 2470 2496 2300
2505 2305 2505 2484 2641 2484 2641 2305
2680 2303 2680 2476 2816 2476 2816 2303
2832 2322 2832 2486 2974 2486 2974 2322
2976 2340 2976 2479 3088 2479 3088 2340
3108 2343 3108 2494 3248 2494 3248 2343
3262 2345 3262 2497 3361 2497 3361 2345
3372 2356 3372 2529 3518 2529 3518 2356
3547 2353 3547 2519 3686 2519 3686 2353
3675 2370 3675 2527 3851 2527 3851 2370
3838 2372 3838 2530 3982 2530 3982 2372
3990 2361 3990 2550 4120 2550 4120 2361
4118 2377 4118 2558 4249 2558 4249 2377
4257 2385 4257 2570 4406 2570 4406 2385
4400 2390 4400 2522 4544 2522 4544 2390
396 2393 396 2529 552 2529 552 2393
580 2407 580 2521 712 2521 712 2407
705 2436 705 2551 870 2551 870 2436
876 2426 876 2559 1001 2559 1001 2426
1033 2426 1033 2578 1136 2578 1136 2426
1174 2439 1174 2588 1320 2588 1320 2439
1334 2439 1334 2574 1424 2574 1424 2439
1467 2446 1467 2586 1592 2586 1592 2446
1616 2452 1616 2583 1745 2583 1745 2452
1816 2465 1816 2604 1883 2604 1883 2465
1940 2460 1940 2607 2073 2607 2073 2460
2091 2468 2091 2615 2203 2615 2203 2468
2216 2479 2216 2626 2355 2626 2355 2479
2368 2494 2368 2630 2473 2630 2473 2494
2523 2497 2523 2628 2624 2628 2624 2497
2665 2502 2665 2636 2776 2636 2776 2502
2820 2497 2820 2663 2945 2663 2945 2497
2958 2516 2958 2658 3086 2658 3086 2516
3099 2526 3099 2654 3241 2654 3241 2526
3257 2508 3257 2673 3332 2673 3332 2508
3371 2532 3371 2706 3521 2706 3521 2532
3556 2524 3556 2689 3681 2689 3681 2524
3684 2556 3684 2686 3830 2686 3830 2556
3844 2562 3844 2684 3940 2684 3940 2562
3968 2556 3968 2684 4116 2684 4116 2556
4118 2562 4118 2700 4235 2700 4235 2562
4281 2577 4281 2708 4369 2708 4369 2577
4400 2564 4400 2732 4532 2732 4532 2564
398 2540 398 2692 499 2692 499 2540
532 2559 532 2705 704 2705 704 2559
704 2567 704 2705 840 2705 840 2567
859 2575 859 2702 985 2702 985 2575
1006 2590 1006 2718 1126 2718 1126 2590
1171 2607 1171 2761 1312 2761 1312 2607
1308 2612 1308 2732 1432 2732 1432 2612
1504 2617 1504 2758 1582 2758 1582 2617
1640 2628 1640 2799 1753 2799 1753 2628
1785 2639 1785 2794 1918 2794 1918 2639
1926 2657 1926 2809 2091 2809 2091 2657
2096 2666 2096 2791 2206 2791 2206 2666
2211 2649 2211 2826 2340 2826 2340 2649
2340 2666 2340 2828 2476 2828 2476 2666
2520 2662 2520 2822 2593 2822 2593 2662
2617 2678 2617 2817 2780 2817 2780 2678
2819 2687 2819 2858 2947 2858 2947 2687
2947 2697 2947 2855 3076 2855 3076 2697
3092 2713 3092 2849 3243 2849 3243 2713
3256 2705 3256 2857 3332 2857 3332 2705
3388 2740 3388 2887 3499 2887 3499 2740
3515 2743 3515 2865 3675 2865 3675 2743
3689 2732 3689 2892 3808 2892 3808 2732
3840 2750 3840 2894 3952 2894 3952 2750
3971 2748 3971 2908 4089 2908 4089 2748
4104 2762 4104 2906 4246 2906 4246 2762
4265 2762 4265 2905 4384 2905 4384 2762
4401 2777 4401 2898 4539 2898 4539 2777
380 2719 380 2866 521 2866 521 2719
550 2719 550 2849 697 2849 697 2719
739 2722 739 2858 808 2858 808 2722
862 2740 862 2881 980 2881 980 2740
985 2759 985 2874 1136 2874 1136 2759
1164 2767 1164 2879 1289 2879 1289 2767
1310 2764 1310 2908 1436 2908 1436 2764
1465 2772 1465 2903 1587 2903 1587 2772
1641 2801 1641 2926 1752 2926 1752 2801
1772 2796 1772 2958 1910 2958 1910 2796
1931 2814 1931 2945 2062 2945 2062 2814
2076 2825 2076 2958 2187 2958 2187 2825
2208 2826 2208 2969 2332 2969 2332 2826
2334 2833 2334 2946 2494 2946 2494 2833
2508 2826 2508 2982 2635 2982 2635 2826
2641 2836 2641 2986 2774 2986 2774 2836
2804 2858 2804 3007 2939 3007 2939 2858
2939 2862 2939 3007 3073 3007 3073 2862
3083 2865 3083 3020 3241 3020 3241 2865
3248 2882 3248 3026 3358 3026 3358 2882
3379 2889 3379 3050 3496 3050 3496 2889
3539 2882 3539 3038 3670 3038 3670 2882
3688 2911 3688 3050 3825 3050 3825 2911
3833 2919 3833 3049 3977 3049 3977 2919
3979 2938 3979 3054 4104 3054 4104 2938
4120 2932 4120 3074 4227 3074 4227 2932
4233 2937 4233 3065 4424 3065 4424 2937
403 2886 403 3026 508 3026 508 2886
555 2890 555 3014 699 3014 699 2890
723 2897 723 3036 795 3036 795 2897
824 2911 824 3050 964 3050 964 2911
984 2913 984 3044 1120 3044 1120 2913
1150 2913 1150 3070 1272 3070 1272 2913
1296 2926 1296 3060 1428 3060 1428 2926
1462 2918 1462 3066 1606 3066 1606 2918
1627 2943 1627 3095 1742 3095 1742 2943
1772 2974 1772 3097 1923 3097 1923 2974
1942 2969 1942 3114 2046 3114 2046 2969
2060 2980 2060 3124 2177 3124 2177 2980
2198 2980 2198 3140 2339 3140 2339 2980
2344 2998 2344 3116 2475 3116 2475 2998
2502 2998 2502 3182 2617 3182 2617 2998
2643 3015 2643 3154 2766 3154 2766 3015
2801 3034 2801 3169 2939 3169 2939 3034
2936 3049 2936 3169 3054 3169 3054 3049
3076 3055 3076 3178 3206 3178 3206 3055
3216 3047 3216 3182 3344 3182 3344 3047
3363 3068 3363 3230 3488 3230 3488 3068
3556 3066 3556 3220 3632 3220 3632 3066
3667 3086 3667 3204 3811 3204 3811 3086
3832 3094 3832 3218 3952 3218 3952 3094
3971 3103 3971 3233 4086 3233 4086 3103
4110 3095 4110 3262 4206 3262 4206 3095
4236 3102 4236 3257 4380 3257 4380 3102
4400 3127 4400 3244 4508 3244 4508 3127
376 3055 376 3218 502 3218 502 3055
539 3062 539 3218 659 3218 659 3062
686 3066 686 3230 828 3230 828 3066
838 3079 838 3217 955 3217 955 3079
968 3103 968 3230 1129 3230 1129 3103
1147 3106 1147 3226 1286 3226 1286 3106
1304 3103 1304 3244 1443 3244 1443 3103
1448 3092 1448 3244 1587 3244 1587 3092
1608 3111 1608 3266 1737 3266 1737 3111
1753 3129 1753 3282 1912 3282 1912 3129
1913 3148 1913 3294 2041 3294 2041 3148
2065 3145 2065 3300 2187 3300 2187 3145
2193 3153 2193 3305 2302 3305 2302 3153
2324 3183 2324 3298 2478 3298 2478 3183
2491 3162 2491 3334 2608 3334 2608 3162
2635 3209 2635 3326 2764 3326 2764 3209
2795 3194 2795 3350 2920 3350 2920 3194
2934 3198 2934 3337 3052 3337 3052 3198
3096 3202 3096 3358 3214 3358 3214 3202
3219 3218 3219 3361 3347 3361 3347 3218
3350 3228 3350 3354 3489 3354 3489 3228
3544 3231 3544 3380 3606 3380 3606 3231
3662 3257 3662 3383 3793 3383 3793 3257
3822 3244 3822 3402 3936 3402 3936 3244
3968 3266 3968 3414 4104 3414 4104 3266
4118 3276 4118 3412 4168 3412 4168 3276
355 3236 355 3358 507 3358 507 3236
532 3239 532 3362 649 3362 649 3239
675 3244 675 3380 832 3380 832 3244
833 3265 833 3380 939 3380 939 3265
961 3270 961 3398 1116 3398 1116 3270
1174 3270 1174 3409 1238 3409 1238 3270
1286 3286 1286 3423 1412 3423 1412 3286
1441 3273 1441 3425 1566 3425 1566 3273
1579 3286 1579 3462 1708 3462 1708 3286
1768 3306 1768 3465 1875 3465 1875 3306
1892 3313 1892 3458 2036 3458 2036 3313
2032 3318 2032 3484 2179 3484 2179 3318
2185 3324 2185 3486 2304 3486 2304 3324
2315 3343 2315 3492 2449 3492 2449 3343
2467 3343 2467 3497 2569 3497 2569 3343
2614 3362 2614 3506 2768 3506 2768 3362
2776 3366 2776 3516 2937 3516 2937 3366
2940 3385 2940 3534 3036 3534 3036 3385
3062 3383 3062 3527 3198 3527 3198 3383
3198 3380 3198 3554 3331 3554 3331 3380
3332 3390 3332 3566 3472 3566 3472 3390
3497 3402 3497 3550 3649 3550 3649 3402
3686 3406 3686 3569 3736 3569 3736 3406
3790 3418 3790 3561 3940 3561 3940 3418
3950 3428 3950 3586 4092 3586 4092 3428
4102 3442 4102 3599 4236 3599 4236 3442
340 3391 340 3535 510 3535 510 3391
536 3396 536 3558 651 3558 651 3396
668 3418 668 3566 788 3566 788 3418
808 3420 808 3569 934 3569 934 3420
963 3442 963 3582 1116 3582 1116 3442
1123 3423 1123 3604 1265 3604 1265 3423
1286 3457 1286 3604 1432 3604 1432 3457
1443 3455 1443 3618 1563 3618 1563 3455
1576 3460 1576 3609 1715 3609 1715 3460
1740 3479 1740 3618 1891 3618 1891 3479
1896 3487 1896 3623 2016 3623 2016 3487
2024 3502 2024 3647 2152 3647 2152 3502
2160 3506 2160 3650 2305 3650 2305 3506
2315 3497 2315 3663 2424 3663 2424 3497
2449 3511 2449 3662 2542 3662 2542 3511
2619 3522 2619 3663 2748 3663 2748 3522
2779 3537 2779 3674 2908 3674 2908 3537
2940 3548 2940 3697 3009 3697 3009 3548
3054 3553 3054 3678 3206 3678 3206 3553
3211 3548 3211 3686 3323 3686 3323 3548
3342 3559 3342 3705 3462 3705 3462 3559
3510 3562 3510 3703 3654 3703 3654 3562
3660 3580 3660 3716 3747 3716 3747 3580
3764 3577 3764 3734 3920 3734 3920 3577
3950 3588 3950 3758 4048 3758 4048 3588
4056 3602 4056 3748 4220 3748 4220 3602
316 3538 316 3714 468 3714 468 3538
492 3570 492 3729 660 3729 660 3570
659 3586 659 3742 795 3742 795 3586
796 3604 796 3729 929 3729 929 3604
977 3598 977 3746 1064 3746 1064 3598
1097 3620 1097 3746 1270 3746 1270 3620
1289 3609 1289 3770 1404 3770 1404 3609
1449 3620 1449 3777 1556 3777 1556 3620
1588 3638 1588 3790 1715 3790 1715 3638
1737 3647 1737 3772 1872 3772 1872 3647
1891 3647 1891 3783 2016 3783 2016 3647
2030 3658 2030 3799 2163 3799 2163 3658
2177 3657 2177 3807 2283 3807 2283 3657
2297 3660 2297 3802 2427 3802 2427 3660
2438 3674 2438 3806 2584 3806 2584 3674
2603 3686 2603 3817 2704 3817 2704 3686
2752 3692 2752 3818 2902 3818 2902 3692
2916 3703 2916 3828 3054 3828 3054 3703
3076 3713 3076 3838 3193 3838 3193 3713
3204 3706 3204 3846 3320 3846 3320 3706
3356 3721 3356 3842 3448 3842 3448 3721
3475 3718 3475 3889 3636 3889 3636 3718
3649 3724 3649 3882 3766 3882 3766 3724
3772 3737 3772 3890 3931 3890 3931 3737
3926 3766 3926 3895 4078 3895 4078 3766
4084 3767 4084 3900 4209 3900 4209 3767
4219 3770 4219 3906 4334 3906 4334 3770
4334 3782 4334 3926 4440 3926 4440 3782
344 3729 344 3870 468 3870 468 3729
502 3737 502 3884 633 3884 633 3737
660 3750 660 3878 790 3878 790 3750
827 3762 827 3894 900 3894 900 3762
947 3754 947 3905 1092 3905 1092 3754
1121 3759 1121 3922 1256 3922 1256 3759
1262 3770 1262 3930 1384 3930 1384 3770
1422 3783 1422 3916 1566 3916 1566 3783
1600 3796 1600 3926 1668 3926 1668 3796
1736 3807 1736 3945 1884 3945 1884 3807
1889 3807 1889 3954 2009 3954 2009 3807
2012 3812 2012 3962 2145 3962 2145 3812
2153 3815 2153 3961 2275 3961 2275 3815
2284 3823 2284 3978 2424 3978 2424 3823
2436 3836 2436 3998 2572 3998 2572 3836
2603 3836 2603 3974 2726 3974 2726 3836
2764 3855 2764 3991 2907 3991 2907 3855
2932 3844 2932 3998 3028 3998 3028 3844
3046 3865 3046 4012 3180 4012 3180 3865
3180 3871 3180 4012 3318 4012 3318 3871
3336 3881 3336 4038 3457 4038 3457 3881
3502 3892 3502 4041 3636 4041 3636 3892
3624 3894 3624 4036 3798 4036 3798 3894
3798 3902 3798 4050 3923 4050 3923 3902
3921 3916 3921 4031 4044 4031 4044 3916
4054 3926 4054 4068 4176 4068 4176 3926
4182 3924 4182 4089 4340 4089 4340 3924
4342 3943 4342 4074 4476 4074 4476 3943
316 3908 316 4034 481 4034 481 3908
523 3914 523 4070 596 4070 596 3914
625 3937 625 4076 784 4076 784 3937
790 3924 790 4070 923 4070 923 3924
948 3930 948 4095 1064 4095 1064 3930
1078 3954 1078 4095 1244 4095 1244 3954
1280 3954 1280 4106 1371 4106 1371 3954
1425 3961 1425 4098 1552 4098 1552 3961
1555 3961 1555 4108 1688 4108 1688 3961
1707 3985 1707 4118 1862 4118 1862 3985
1891 3975 1891 4134 2011 4134 2011 3975
2020 3993 2020 4167 2147 4167 2147 3993
2137 4014 2137 4145 2294 4145 2294 4014
2297 4006 2297 4154 2387 4154 2387 4006
2417 4015 2417 4156 2553 4156 2553 4015
2606 4017 2606 4150 2718 4150 2718 4017
2763 4023 2763 4198 2864 4198 2864 4023
2913 4026 2913 4170 3028 4170 3028 4026
3078 4034 3078 4186 3185 4186 3185 4034
3209 4044 3209 4191 3321 4191 3321 4044
4035 4095 4035 4246 4177 4246 4177 4095
4168 4114 4168 4234 4329 4234 4329 4114
307 4081 307 4228 488 4228 488 4081
502 4100 502 4241 617 4241 617 4100
635 4110 635 4230 758 4230 758 4110
766 4095 766 4255 902 4255 902 4095
929 4105 929 4279 1083 4279 1083 4105
1097 4130 1097 4274 1232 4274 1232 4130
1249 4158 1249 4282 1384 4282 1384 4158
1416 4138 1416 4295 1491 4295 1491 4138
1536 4164 1536 4297 1712 4297 1712 4164
1724 4154 1724 4305 1862 4305 1862 4154
1888 4156 1888 4313 2014 4313 2014 4156
2020 4180 2020 4342 2147 4342 2147 4180
2166 4183 2166 4329 2241 4329 2241 4183
2254 4194 2254 4322 2390 4322 2390 4194
2408 4174 2408 4338 2568 4338 2568 4174
2564 4201 2564 4350 2726 4350 2726 4201
2753 4218 2753 4354 2848 4354 2848 4218
2864 4204 2864 4372 3046 4372 3046 4204
3331 4045 3331 4211 3453 4211 3453 4045
3504 4053 3504 4209 3595 4209 3595 4053
3640 4055 3640 4206 3758 4206 3758 4055
3904 4091 3904 4245 4034 4245 4034 4091
# Transcript
ANEYEN****
**KHQENEGRAMMATEYENSIMW*
IOSEPESTATEASTYFILOSEIPENPER*
WNOIMHQYMNAIOILEGOSINEPEID
HSYMACOIEISINKAIEYNOITHIPOLH
ITHIAQHNAIWNMHQYMNAIOIOPWSAN
KAIPROSTOSALLOSSYMMACOSTOSAQ
HNAIWNHIAYTOISHSYMMACIAANAGR
AUAIAYTOSTONGRAMMATEATHSBOLH
SWSPERKAIOIALLOISYMMACOIANAG
EGRAMMENOIEISINOMOSAIDETHNP*
ESBEIANTWNMHQYMNAIWNTONAYTON
ORKONOMPERKAIOIALLOISYMMACOI
WMOSANTOISTESYNEDROISTWNSYMM
ACWNKAITOISSTRATHGOISKAITOIS
IPPARCOISOMOSAIDETOISMHQYMNA
IOISTOSTESYNEDROSTWNSYMMACW
KAITOSSTRATHGOSKAITOSIPPARCO
SKATATAYTAEPIMELHQHNAIDEAI
MONKAITOSSYNEDROSTOSEPITWN
WNOPWSANOMOSWSINAIARCAIAIM
YMNAIWNKAQAPEROIALLOISYMMACO
EPAINESAIDETHMPOLINTHNMHQYMN
AIWNKAIKALESAITOSPRESBESTW*
MHQYMNAIWNEPIXENIA

# Lines: x1 y1 x2 y2 x3 y3 x4 y4
