# Baseline angle
0.04265199533494535
# Boxes: x1 y1 x2 y2 x3 y3 x4 y4
1325.9974050986825 104.89086246472743 1314.4422186251304 375.6443992201339 1621.1630148757206 388.7345920148964 1632.7182013492727 117.98105525948995
1637.5614898575623 145.2123342677446 1627.2428362538737 386.9922453186987 1923.9727270891353 399.6560474686803 1934.291380692824 157.87613641772668
1947.0722173577637 116.38336338260478 1934.6216105301723 408.11780151020184 2239.344225697697 421.12271617600845 2251.7948325252883 129.38827804841094
2246.3119580498274 117.14335716314781 2234.2024637380605 400.8850709584817 2422.0314855462393 408.90121508035645 2434.140979858006 125.15950128502163
2408.436541808559 114.97448945356973 2395.516905271709 417.69892353802834 2682.255890691642 429.93633504322906 2695.175527228492 127.21190095877091
864.1817870148268 442.5065239702717 853.138269315011 701.2709742272839 1084.9272749506363 711.1632371861922 1095.9707926504516 452.39878692917955
1095.690711257643 482.41414223964375 1084.220802913047 751.1694979119848 1329.997076130132 761.6587077735855 1341.4669844747282 492.9033521012443
1340.6384501911075 488.86435087063546 1329.8934059426383 740.6351673369177 1566.6778642859276 750.7406256182157 1577.422908534397 498.96980915193353
1603.1007891629051 507.07205861909324 1592.3131058499578 759.8419656269082 1841.0866506916416 770.4590926819435 1851.874334004589 517.6891856741286
1848.7491451865562 520.5585401052922 1837.961461873609 773.3284471131074 2106.71681754595 784.7983554577036 2117.5045008588972 532.028448449888
2119.9048255808034 518.1436332247827 2108.093804720382 794.8917132293868 2376.849160392724 806.3616215739828 2388.6601812531444 529.6135415693789
2392.7454593821003 528.6153604863125 2380.593326005856 813.3561648231803 2653.3450438443283 824.9966294256883 2665.4971772205727 540.2558250888214
482.1731561469078 834.2598477974566 469.93574464170683 1120.9988332173891 739.6901908555806 1132.5113806264633 751.927602360782 845.7723952065305
764.6803166072646 871.1922634535069 753.8499942298395 1124.9612610028553 992.6326336561945 1135.1519974131097 1003.4629560336195 881.3829998637614
1011.259320984379 869.4298061171753 999.7467735753049 1139.1842523310495 1264.5057670815145 1150.4836044177334 1276.0183144905889 880.7291582038595
1306.7688414517402 883.7793412215235 1295.5121284295344 1147.5392441862002 1559.2720313942111 1158.795957208406 1570.5287444164167 895.0360542437295
1592.5940144590961 893.9759325791808 1581.3373014368904 1157.7358355438575 1902.0453652689405 1171.422975241312 1913.3020782911465 907.6630722766354
1951.3963567246094 911.9480771674514 1940.2675608958377 1172.7107085075295 2181.0483814052586 1182.9867230467396 2192.1771772340303 922.2240917066617
2184.2575908391423 911.8209656530546 2171.5937886891616 1208.550856488316 2414.3727902816477 1218.9121491564824 2427.0365924316293 922.1822583212213
2434.7589824404895 949.2195065476621 2423.5875475472403 1210.9812284292732 2564.459313903374 1216.9933365206787 2575.6307487966233 955.2316146390676
631.9540371411522 1235.410985487705 619.8019037649076 1520.1517898245718 906.5408891848404 1532.3892013297732 918.6930225610852 1247.6483969929059
932.6565363004415 1234.575708750149 921.1439888913674 1504.330154964023 1166.9202621084526 1514.8193648256242 1178.432809517527 1245.0649186117503
1193.7081217787504 1225.3641545598048 1181.385432144593 1514.1013210628034 1485.1089567705844 1527.063596664131 1497.4316464047417 1238.3264301611325
1516.82417602528 1236.0959129557027 1504.5014863911229 1524.8330794587011 1757.2713933989378 1535.6207627716483 1769.5940830330949 1246.88359626865
1742.2034157348169 1234.6649800255589 1729.8807261006598 1523.402146528557 1985.6479047330733 1534.3177470349383 1997.9705943672304 1245.5805805319403
2015.9381582306899 1286.7341369288674 2005.5342264980452 1530.5122290628872 2151.401445561844 1536.7375324766829 2161.8053772944886 1292.9594403426634
2167.2291304352184 1272.2592882462939 2154.0536595115 1580.9782655799497 2436.796282765302 1593.0451208272384 2449.97175368902 1284.3261434935828
2451.4560503524294 1273.9095767083436 2439.303916976184 1558.6503810452105 2689.076552359401 1569.3101471647233 2701.2286857356453 1284.5693428278566
2695.631152098012 1291.0295656329772 2682.583598367729 1596.7512713420344 2960.3307689138655 1608.6049312669331 2973.3783226441496 1302.883225557876
638.6655083842152 1630.1659841880446 629.1569970056094 1852.9631749498744 774.0251255278752 1859.1458392991917 783.5336369064805 1636.3486485373626
772.8832099765716 1586.375933086074 761.200106309585 1860.1267414660792 975.0054821976186 1869.2515012643826 986.6885858646049 1595.5006928843768
1017.9157394310669 1613.0295190969546 1006.488470150949 1880.7857842277629 1274.2447352817571 1892.2130535078809 1285.6720045618752 1624.4567883770726
1307.5399581918905 1638.8171077123043 1297.306582717158 1878.5988376801924 1484.1365139838042 1886.572342737588 1494.3698894585366 1646.7906127697001
1575.1542114252752 1646.169425892182 1563.3858296293329 1921.9184153552533 1811.160283929484 1932.4929033458102 1822.928665725426 1656.743913882739
1821.2224534479824 1654.5321433565607 1810.306852941601 1910.2993219889745 2048.090401826423 1920.447419334751 2059.006002332804 1664.680240702337
2075.0575087497646 1692.2857840731244 2065.634275500115 1913.084793751888 2251.4651162252285 1921.0156597448054 2260.888349474878 1700.2166500660423
2251.9769064590523 1673.8549321204914 2241.103945017149 1928.623020211372 2479.886584443504 1938.813756621627 2490.7595458854075 1684.0456685307458
2498.713742676742 1669.1356781400307 2486.6042483649753 1952.8773919353648 2737.3759742897246 1963.579797119356 2749.4854686014914 1679.8380833240221
2781.399194834186 1691.7729031967601 2769.801369296156 1963.5255304937 3014.5785519717083 1973.972101290823 3026.176377509738 1702.2194739938832
1377.1033565710823 1980.0725896513718 1364.8233060014034 2267.810665612837 1698.5195468733807 2282.0521131485066 1710.7995974430598 1994.3140371870413
1751.6682553893602 2001.4835751085948 1738.7486188525104 2304.2080091930534 1983.5258015280629 2314.6545799901764 1996.4454380649124 2011.9301459057174
557.2469268335624 2273.568759234785 551.8317656448498 2400.4532580094588 700.6962563332468 2406.8064786166883 706.1114175219593 2279.9219798420145
717.6157296704562 2289.7382412164825 711.944734094875 2422.6172832403536 886.7855788631265 2430.0791195240126 892.4565744387075 2297.2000775001416
906.8236721819541 2292.7480426991274 901.067398477417 2427.625265806065 1034.9455310428214 2433.3389004461233 1040.7018047473584 2298.4616773391863
1047.8655253727652 2300.2769774236367 1041.938695410316 2439.150562696705 1150.8395644373986 2443.798220724813 1156.7663943998482 2304.9246354517445
1156.8131212472745 2319.85260986962 1151.525877251996 2443.7398370196956 1292.3976436081302 2449.751945111101 1297.6848876034087 2325.8647179610252
1292.3754766553936 2325.4241304385137 1286.6618420153347 2459.3022630039177 1417.5427029561401 2464.887980450542 1423.2563375961993 2331.0098478851382
1445.3482045598257 2337.159430507899 1439.2081792749864 2481.0284684886315 1561.0972253419964 2486.2304343549536 1567.2372506268357 2342.361396374221
1612.232377039188 2342.5759484044047 1606.476103334651 2477.453171511342 1736.3578737339235 2482.9962498934888 1742.1141474384606 2348.119026786552
1755.9853210486096 2357.341481840062 1750.9539114401994 2475.2341657409406 1809.9002533906387 2477.7498705451453 1814.9316629990487 2359.857186644267
1826.6174213370223 2366.8428112335328 1820.903786696963 2500.720943798937 1938.796470597841 2505.752353407347 1944.5101052379002 2371.8742208419435
1962.8226179899 2365.68243510164 1957.2369005432752 2496.5632960424455 2086.1195804010154 2502.063735360114 2091.7052978476404 2371.182874419309
2119.9817919410766 2378.9031673910085 2114.6092698168422 2504.78857562415 2215.5174145116616 2509.0951211364327 2220.8899366358964 2383.209712903292
2229.49578428347 2370.0943479448 2223.185202740718 2517.9597480916646 2324.0933474355375 2522.266293603948 2330.4039289782895 2374.4008934570834
2325.2755240930287 2328.976710797362 2315.1274267472527 2566.760259682184 2447.0073782295913 2572.3886161932874 2457.1554755753673 2334.605067308465
2468.8956292521725 2398.244560583909 2463.352550870026 2528.1263309831816 2587.2397780201013 2533.41357497846 2592.782856402248 2403.531804579187
2585.388277670783 2372.641424248709 2579.077696128031 2520.5068243955734 2673.9912975736534 2524.557535520989 2680.301879116405 2376.6921353741245
2690.189787783164 2366.093119362249 2683.964484369368 2511.960338426047 2803.855349353312 2517.0770261634134 2810.0806527671075 2371.2098070996153
2796.914639542674 2351.6188182042547 2789.2822470011024 2530.456025138638 2921.1621984834414 2536.0843816497404 2928.7945910250123 2357.2471747153577
1036.2373589715266 2557.654854245332 1029.1592742681703 2723.5038841397873 1187.0155798303629 2730.2408563273198 1194.09366453372 2564.391826432864
1212.7967910379607 2573.015765505456 1206.7846829465554 2713.88753186159 1339.6637249704268 2719.5585274371706 1345.675833061832 2578.6867610810364
1381.0483347608088 2590.0807644590236 1375.0362266694033 2730.9525308151574 1502.91981598561 2736.4103310683486 1508.9319240770155 2595.538564712214
1537.0621720524225 2584.382890947117 1530.4104779938464 2740.2410154262443 1631.318622688666 2744.547560938527 1637.9703167472421 2588.6894364594004
1650.449807585479 2608.3163752243913 1644.5656166875076 2746.1908699559267 1777.444658711379 2751.861865531508 1783.3288496093498 2613.9873707999723
1790.8895477509766 2611.3884148829006 1783.7688239831418 2778.2365353188893 1895.6669646348228 2783.012110540431 1902.7876884026575 2616.1639901044427
1970.4186332992117 2625.121659924318 1964.0654126919821 2773.986150612715 2053.98356142994 2777.82366641574 2060.3367820371695 2628.959175727343
2065.8315411266112 2610.296499181093 2057.687479811303 2801.122792613871 2210.548332665832 2807.646569479013 2218.69239398114 2616.8202760462354
2230.078632623439 2639.41274993169 2223.04318698456 2804.2626892846133 2369.9094965898917 2810.5306317628874 2376.94494222877 2645.680692409964
2388.34910070754 2638.0116162696354 2382.0811582292667 2784.877925874967 2517.9574718777358 2790.6768386439817 2524.2254143560103 2643.81052903865
2530.7345392043885 2632.389083712245 2523.1874247917735 2809.228109563562 2635.085565443455 2814.0036847851043 2642.6326798560704 2637.164658933787
2649.0921357350644 2658.1695795556275 2642.4404416764883 2814.0277040347546 2768.325849909629 2819.4002261589894 2774.9775439682053 2663.542101679862
2798.5069570072137 2676.5244015069884 2791.642067626247 2837.37797869378 2953.4947353545713 2844.285507139224 2960.359624735538 2683.4319299524327
359.3957008360046 2872.751280874884 354.66276467894113 2983.650330985032 501.5290742842726 2989.9182734633055 506.2620104413361 2879.019223353157
703.2393450466143 2842.973794836924 697.8241838579015 2969.858293611598 828.7050447987071 2975.4440110582227 834.1202059874198 2848.559512283549
837.0387920600782 2835.901837146082 830.7282105173266 2983.7672372929464 988.5845160795196 2990.504209480479 994.8950976222711 2842.638809333614
998.3848413846862 2827.5218810433776 991.9889817129783 2977.3854622733074 1101.8889412815936 2982.0757593658936 1108.2848009533016 2832.2121781359633
1129.1339013647976 2835.6891277344403 1122.695402628612 2986.551799505903 1256.573535194016 2992.265434145962 1263.012033930202 2841.402762374499
1265.979288733917 2843.8809328449893 1259.583429062209 2993.744514074919 1339.5106723848385 2997.155639233163 1345.9065320565464 2847.2920580032333
1352.9703351232602 2858.263656345646 1347.000866096333 2998.1363321602475 1473.8853648710071 3003.55149334896 1479.8548338979342 2863.6788175343586
1488.6288264965553 2851.872408018891 1482.0624105669351 3005.7323514149525 1627.9296296307339 3011.9576548287478 1634.4960455603537 2858.0977114326865
1688.6526098138556 2850.2371417317513 1681.4466079170647 3019.083443250806 1850.292909436119 3026.289445147597 1857.49891133291 2857.4431436285417
426.5929039811317 3098.280397542522 420.2823224383799 3246.145797689386 568.1477225852439 3252.456379232138 574.4583041279957 3104.590979085274
565.7043257032531 3078.394925037304 559.3084660315453 3228.258506267234 698.1820513046134 3234.185336229684 704.5779109763216 3084.3217549997535
729.2881903445755 3095.752172114695 723.958307284819 3220.6384898063034 848.8446249764272 3225.9683728660602 854.1745080361837 3101.0820551744514
852.1540832226653 3088.689626339112 846.1846141957382 3228.562302153713 1001.0436481333326 3235.1713571478112 1007.0131171602595 3095.29868133321
1002.4907303828911 3076.5624477063857 996.563900420442 3215.4360329794545 1136.436576235043 3221.405502006381 1142.3634061974926 3082.531916733313
1157.6566843011865 3071.5185987063264 1151.2181855650006 3222.3812704777893 1281.0999559642737 3227.924348859936 1287.5384547004592 3077.061677088473
1275.3029778257996 3104.6084188928194 1269.6319822502187 3237.4874609166905 1378.5328512773012 3242.1351189447983 1384.2038468528822 3109.256076920927
1390.8252701683998 3058.5839699487865 1384.4294104966918 3208.4475511787164 1518.307543062096 3214.1611858187757 1524.7034027338036 3064.2976045888454
1524.8361508957112 3093.997269346929 1518.2697349660912 3247.8572127429907 1653.1469580730281 3253.613486447528 1659.713374002648 3099.7535430514663
1667.7342053675097 3108.6668442936657 1661.2957066313238 3259.529516065128 1790.1783864890638 3265.029955382797 1796.6168852252495 3114.167283611334
1815.4426479977826 3104.939997589351 1808.9615101971187 3256.801759902346 1985.800536048436 3264.348874314962 1992.2816738491 3112.487112001966
1991.271358221855 3125.531521291781 1984.9607766791032 3273.396921438645 2090.8643740815874 3277.9166622733183 2097.174955624339 3130.051262126454
2093.484332925493 3118.1014324438574 2086.9605560603513 3270.9622852983866 2214.8441453765586 3276.420085551577 2221.3679222417004 3123.5592326970486
2226.0074189881148 3123.4119469473503 2219.867393703275 3267.280984928084 2325.770991105759 3271.800725762757 2331.911016390599 3127.931687782024
2343.4378753283504 3124.672012934142 2338.0653532041156 3250.557421167284 2460.9534898126585 3255.802026098084 2466.326011936893 3129.916617864943
2439.4329647143613 3137.5856884493605 2433.037105042654 3287.4492696792904 2546.9334267774007 3292.3101230297884 2553.3292864491086 3142.4465417998586
2558.4104490577083 3139.506942790197 2551.7161159346538 3296.3641578108573 2630.64426871575 3299.7326439046237 2637.3386018388046 3142.875428883963
2634.061476577687 3156.09693117276 2627.7935340994136 3302.963240778091 2744.687127458759 3307.9520113220237 2750.9550699370325 3161.085701716692
2791.74638920924 3175.465914867369 2786.075393633659 3308.344956891241 2909.9626207837355 3313.632200886519 2915.6336163593155 3180.753158862648
2916.8168242488246 3167.1242208980466 2910.293047383683 3319.985073752575 3073.14480565354 3326.935241262497 3079.6685825186823 3174.0743884079684
477.14568052949244 3342.3613582436747 470.74982085778447 3492.2249394736045 630.6043075030432 3499.0471897900934 637.0001671747511 3349.1836085601626
650.3003926667438 3360.8877506019303 644.6293970911629 3493.766792625802 774.5111674904354 3499.3098710079485 780.1821630660165 3366.430828984077
782.9226907537895 3335.9135198739377 776.015162308345 3497.7661876022617 890.910574584625 3502.669680017238 897.8181030300694 3340.8170122889132
912.928419276724 3346.7607353518247 906.6178377339722 3494.626135498688 1043.4932419239751 3500.4676873321823 1049.803823466727 3352.602287185318
1035.4851527875917 3361.0374205652906 1028.8760977934937 3515.896454502885 1133.7806046544447 3520.37355627308 1140.389659648543 3365.5145223354857
1148.167252330697 3355.1543276251323 1141.3876410786868 3514.0097237288583 1255.2839628134334 3518.8705770793567 1262.0635740654438 3360.0151809756308
1260.9789637280098 3350.8179759652207 1253.9008790246535 3516.6670058596765 1374.79083455013 3521.826332661521 1381.868919253487 3355.9773027670653
1382.880404282324 3374.0370403952998 1376.143432094792 3531.8933459574923 1494.03611599567 3536.924755565902 1500.7730881832024 3379.068450003709
1523.7913256123102 3366.3493891225135 1516.0310158773045 3548.1838676814955 1642.9155146519786 3553.599028870208 1650.675824386984 3371.7645503112262
1654.7230332788354 3413.9204591399343 1649.1799548966885 3543.8022295392066 1757.0817333822383 3548.4072485028364 1762.624811764385 3418.5254781035637
1764.8545397782902 3382.1991402500857 1757.264786301197 3560.037256642936 1877.1556512851412 3565.1539443803026 1884.7454047622343 3387.3158279874515
1906.9904389623953 3377.6815757128984 1900.0402714524728 3540.533333982756 2031.9202229348114 3546.1616904938583 2038.8703904447339 3383.3099322240014
2038.9478257366577 3389.197417481113 2031.784462904345 3557.044628458635 2166.6616860112817 3562.800902163172 2173.8250488435947 3394.9536911856503
2171.1407827022217 3378.2608609335784 2163.2099167093043 3564.091701658692 2301.0844114408396 3569.975892556663 2309.015277433757 3384.1450518315496
2318.9293833448296 3393.0406665494797 2311.339629867736 3570.87878294233 2368.2877907351094 3573.309209617579 2375.8775442122023 3395.471093224729
2375.824219231849 3410.815780964581 2368.9166907864046 3572.668448692905 2496.8002801026114 3578.1262489460955 2503.7078085480553 3416.273581217771
2514.9107720710176 3428.413094047599 2507.6621311097483 3598.2584861081864 2601.576642013838 3602.266558169123 2608.825282975107 3432.421166108536
2635.4424945974665 3447.2568423224957 2629.8141380863635 3579.1367938048343 2755.699546319505 3584.5093159290686 2761.327902830608 3452.6293644467305
2741.349734100265 3441.0395785083324 2734.8259572351235 3593.900431362861 2874.698633049725 3599.8699003897887 2881.222409914866 3447.00904753526
614.9669621327878 3566.6070534354226 608.6990196545144 3713.4733630407536 764.5571441336419 3720.12505709933 770.8250866119154 3573.2587474939987
767.533485154865 3575.004583836733 761.7345723858498 3710.8808974852036 862.6427170806697 3715.187442997487 868.4416298496848 3579.3111293490165
874.3254409111369 3578.8403855124184 867.716385917039 3733.699419450013 1049.5508644760207 3741.4597291850187 1056.159919470119 3586.6006952474236
1056.6943334928878 3592.5358838496886 1050.3411128856583 3741.400374538086 1166.235615703471 3746.3465060175395 1172.5888363107001 3597.482015329143
1162.149932307806 3609.0960887235697 1156.436297667747 3742.9742212889732 1274.3289815686253 3748.0056308973835 1280.0426162086842 3614.127498331979
1298.6943707280238 3607.3262188469807 1292.4690673142284 3753.1934379107793 1429.344471504231 3759.034989744273 1435.5697749180267 3613.167770680474
1441.0172819008603 3606.1372537295542 1432.9584987145083 3794.9653660792665 1581.8229894029057 3801.318586686496 1589.8817725892573 3612.490474336784
1582.263312619526 3600.9411439122896 1573.6928606594377 3801.758342760396 1706.571902683309 3807.429338335977 1715.1423546433975 3606.61213948787
1705.3362721103138 3613.6426187875336 1698.0449920845667 3784.487101389654 1838.9167584407012 3790.4992094810596 1846.2080384664482 3619.654726878939
1849.7590787594252 3605.5359181884196 1842.0840471533756 3785.3722156643357 1974.963089177247 3791.0432112399167 1982.6381207832962 3611.206913764001
1974.4217806203135 3609.182339775676 1967.8127256262155 3764.0413737132703 2089.7017716932255 3769.243339579593 2096.3108266873232 3614.384305641999
2117.4830555874832 3617.869454546974 2110.2770536906924 3786.715756066028 2230.167918674637 3791.832443803394 2237.3739205714273 3622.9861422843396
2233.088520609809 3608.565515545051 2225.4134890037603 3788.401813020967 2338.310720196974 3793.2200273069866 2345.985751803023 3613.3837298310714
2355.6648825285756 3624.9433464948074 2348.288324373873 3797.786010179994 2420.22284336424 3800.8560228224133 2427.5994015189426 3628.013359137228
2447.8961038805087 3633.5560437722006 2441.116492628499 3792.4114398759266 2572.9964441108377 3798.039796387029 2579.7760553628473 3639.184400283303
2572.1421621660234 3643.874151174938 2565.149355591622 3807.724999986328 2651.071142163449 3811.391959531441 2658.0639487378494 3647.5411107200503
2669.015527682269 3673.675880866236 2662.7475852039947 3820.5421904715686 2804.6184421016624 3826.596937627451 2810.886384579936 3679.73062802212
2817.515659087229 3664.4804263107944 2811.034521286565 3816.34218862379 2958.899921433429 3822.652770166542 2965.3810592340933 3670.7910078535456
618.0584909279676 3792.917500134826 611.0656843535671 3956.7683489462156 709.9756479653208 3960.9896163295425 716.968454539721 3797.1387675181527
721.2795363164184 3797.618217735741 714.0308953551496 3967.4636097963275 874.8844725419411 3974.328499177295 882.1331135032098 3804.483107116707
868.4961607812323 3806.804556181639 861.0769635620513 3980.6463104083577 948.9969312169435 3984.3985480824267 956.4161284361245 3810.556793855708
968.8566547373395 3811.283352612608 961.9491262918949 3973.136020340932 1101.8218021064963 3979.10548936786 1108.7293305519408 3817.252821639536
1125.3870670736758 3817.57617788449 1118.5648167571871 3977.4306645297474 1269.4274885286504 3983.869163265934 1276.2497388451384 3824.0146766206753
1271.8105358593189 3811.021175448438 1264.9030074138745 3972.8738431767624 1403.7765926869429 3978.800673139212 1410.6841211323874 3816.948005410887
1409.773927079524 3836.3474390219876 1402.9516767630355 3996.2019256672456 1534.8316282453738 4001.8302821783495 1541.6538785618625 3841.9757955330906
1533.6325456784207 3827.445369896615 1526.0001531368496 4006.2825768309986 1681.8582776159767 4012.9342708895747 1689.490670157548 3834.0970639551915
1702.4414946140507 3835.015527061155 1695.1928536527819 4004.860919121742 1828.071895676653 4010.5319146973234 1835.3205366379218 3840.6865226367354
1844.3651373222356 3824.4670376331605 1836.2637150714056 4014.2942405244053 1966.1454854706783 4019.8373189065514 1974.2469077215083 3830.010116015307
1978.855188948934 3848.7750837758576 1972.0329386324454 4008.629570421117 2150.870145566829 4016.261962962689 2157.6923958833167 3856.4074763174294
2154.1846597389986 3836.2177566454357 2146.6801843908615 4012.0576919552204 2232.601970962687 4015.7246515003317 2240.1064463108246 3839.884716190548
2226.8861748154786 3831.175903889749 2218.4010009843455 4029.994921654789 2373.26003492194 4036.6039766488875 2381.745208753073 3837.7849588838467
2370.8082347177624 3847.35432836347 2364.5402922394883 3994.220637968801 2500.416605887958 4000.0195507378157 2506.684548366232 3853.153241132485
2498.6605066730344 3853.8223312901364 2491.5397829051994 4020.670451726125 2616.426100596808 4026.000334785882 2623.546824364643 3859.1522143498933
2618.6695738763515 3870.391280196263 2612.5295485915117 4014.2603181769964 2717.434055452463 4018.7374199471924 2723.5740807373027 3874.8683819664584
2726.785448879505 3863.3330444040075 2719.622086047192 4031.1802553815287 2842.5102226557347 4036.424860312329 2849.673585488047 3868.577649334807
2845.314540514563 3874.090800482787 2837.596869844035 4054.9261885002356 2957.487734827979 4060.0428762376014 2965.2054054985065 3879.207488220153
2956.5849881677973 3906.252707996802 2950.2317675605673 4055.1171986851987 3090.1044433751686 4061.086667712126 3096.457663982398 3912.2221770237293
3096.2963211799674 3896.1518820022275 3088.4933723804843 4078.9854511027406 3250.346040108808 4085.8929795481845 3258.1489889082914 3903.059410447671
3251.476726271718 3905.74279357852 3243.673777472234 4088.576362679034 3417.5155316989535 4095.995559898215 3425.318480498437 3913.1619907977015
573.3361146001396 3961.3051492457835 565.5331658006558 4144.1387183462975 707.4040226983227 4150.1934655021805 715.2069714978065 3967.3598964016664
724.3905132444099 3978.3412291847058 716.7154816383606 4158.177526660622 843.5999804130345 4163.592687849335 851.2750120190839 3983.756390373418
846.4323969497175 3966.5232451451748 838.1177793764974 4161.345900744084 988.9804511479605 4167.78439948027 997.2950687211805 3972.961743881361
1004.150531174579 3989.4484729066385 997.584115244959 4143.3084163027 1102.48862210591 4147.785518072897 1109.0550380355303 3993.925574676834
1105.7818020975842 3992.0739306020314 1098.192048620491 4169.912046994881 1241.061996059691 4176.009433215242 1248.6517495367843 3998.1713168223923
1264.6379274761803 3987.8047304200827 1256.7070614832628 4173.635571145196 1393.5824656732652 4179.477122978689 1401.513331666183 3993.6462822535764
1402.6328079776636 4016.5018007058925 1396.109031112522 4169.362653560422 1470.0417311859542 4172.5179443317975 1476.5655080510955 4019.657091477269
1474.5687673330801 4014.1625601441174 1467.7465170165917 4174.017046789376 1614.6128266219232 4180.2849892676495 1621.4350769384116 4020.430502622392
1625.1416720341863 4017.399799832884 1618.2341435887417 4179.252467561208 1697.1622963698385 4182.620953654974 1704.0698248152826 4020.7682859266506
1707.2691043278157 4024.629223216463 1699.50879459281 4206.463701775445 1841.3796514904773 4212.518448931328 1849.139961225483 4030.683970372346
1856.798337539281 4028.615043192204 1849.7628919004023 4193.464982545127 2000.6255636718652 4199.903481281312 2007.6610093107438 4035.05354192839
1994.8249909142799 4022.970039148071 1988.0027405977917 4182.8245257933295 2129.8735974954593 4188.879272949213 2136.695847811947 4029.024786303954
2141.2943819699667 4051.108973664353 2135.666025458864 4182.988925146691 2260.5523431504716 4188.318808206447 2266.180699661575 4056.4388567241094
2254.3086459809615 4036.275302201084 2246.8041706328245 4212.115237510869 2397.6668424042873 4218.553736247054 2405.1713177524243 4042.7138009372693
2449.4386854278955 4042.9127157246717 2442.8722694982757 4196.772659120733 2567.7585871898837 4202.10254218049 2574.325003119504 4048.242598784429
909.774194305632 4622.465650746148 903.2077783760119 4776.3255941422085 1046.077725815212 4782.422980362571 1052.6441417448318 4628.56303696651
1034.169740076109 4632.095503450657 1027.560685082011 4786.954537388252 1169.431541979678 4793.009284544137 1176.0405969737762 4638.150250606541
1152.8456020316303 4614.056949024345 1145.7248782637955 4780.905069460334 1287.5957351614627 4786.959816616218 1294.7164589292972 4620.111696180229
1307.0549088119258 4635.76761944002 1299.2945990769203 4817.602097999003 1421.1836451439299 4822.804063865324 1428.943954878935 4640.969585306342
1425.3695227692317 4633.492407959164 1417.182822389446 4825.317791933474 1578.0363995762375 4832.182681314442 1586.2230999560234 4640.357297340131
1573.5883922679686 4654.185939283659 1566.595585693568 4818.036788095049 1724.451891255761 4824.773760282582 1731.4446978301614 4660.922911471191
1741.4346002083303 4650.11505332742 1732.6083138613737 4856.9267954247225 1836.5137301807915 4861.361258130441 1845.3400165277483 4654.5495160331375
1847.4224671466986 4656.891253034237 1839.8327136696057 4834.729369427088 1990.6953854410685 4841.167868163273 1998.285138918162 4663.329751770424
1991.8518426322246 4666.178037428639 1985.2427876381266 4821.037071366234 2116.123648578932 4826.62278881286 2122.73270357303 4671.763754875264
2119.3184211235643 4681.429984039021 2112.496170807076 4841.284470684282 2236.3833979571514 4846.571714679558 2243.20564827364 4686.7172280343
2244.6982195460605 4667.260381659897 2237.1511051334446 4844.099407511214 2395.007410695638 4850.836379698747 2402.554525108253 4673.99735384743
2378.4839604203457 4671.809052289242 2369.7855912668238 4875.623522761947 2517.6509914136877 4881.934104304699 2526.34936056721 4678.119633831993
2527.981680609931 4704.601323960203 2521.5005428092672 4856.463086273199 2713.3259267835774 4864.649786652985 2719.8070645842417 4712.78802433999
2714.0671807644094 4690.922388529637 2706.3068710294037 4872.756867088619 2859.167723883932 4879.28064395376 2866.928033618938 4697.446165394778
2862.0822585012706 4684.237355096177 2854.3219487662645 4866.07183365516 2938.2455542550256 4869.653515071317 2946.0058639900312 4687.819036512334
2981.11743492612 4693.535158135319 2973.3571251911144 4875.369636694301 3133.211611836373 4882.1918870107875 3140.9719215713785 4700.357408451808
700.286240172765 4863.972305191855 694.0609367589695 5009.839524255654 816.9490733675118 5015.084129186454 823.174376781308 4869.2169101226555
837.597484574063 4866.397930195145 830.604677999662 5030.248779006533 989.4600741033881 5037.028390258544 996.4528806777886 4873.177541447154
1018.8008097845736 4856.666644992485 1011.5521688233049 5026.512037053072 1218.3639109206083 5035.3383234000285 1225.6125518818772 4865.492931339442
1256.6071094743397 4869.250128695159 1249.571663835461 5034.100068048081 1406.4288788561214 5040.794401171135 1413.4643244949998 4875.944461818212
1412.3619899820405 4869.212557811843 1405.0707099562935 5040.057040413963 1561.9279249769538 5046.751373537018 1569.2192050027006 4875.906890934895
1579.794898944451 4870.97055120722 1572.16250640288 5049.807758141604 1655.0870213501078 5053.346800493281 1662.7194138916793 4874.509593558898
1662.9859048979104 4901.835600262624 1656.3768499038122 5056.694634200218 1798.2477068014794 5062.749381356101 1804.8567617955773 4907.890347418507
1803.433450249184 4901.380549131206 1796.7391171261297 5058.237764151866 1935.6127023991983 5064.164594114314 1942.3070355222526 4907.307379093655
1936.9592745095645 4880.507809306578 1929.2842429035152 5060.344106782493 2001.2187618938815 5063.414119424915 2008.893793499931 4883.5778219489985
2027.3840095558946 4888.50249646424 2019.3678654340206 5076.33151827242 2163.236903414753 5082.471543557259 2171.253047536627 4894.64252174908
2163.269925224656 4892.927603090646 2155.253781102783 5080.756624898824 2276.1437366282594 5085.91595170067 2284.159880750133 4898.08692989249
2298.377840073219 4907.889058911713 2290.191139693433 5099.714442886023 2424.069272258837 5105.428077526081 2432.255972638623 4913.602693551773
2427.7258504220795 4905.165288358136 2420.306653202899 5079.007042584855 2521.214797897718 5083.3135880971395 2528.6339951168993 4909.471833870421
2517.677454065548 4880.40422365602 2509.0217239765034 5083.219603587194 2665.878938997163 5089.913936710247 2674.534669086208 4887.098556779076
2693.514383062685 4913.002412983256 2686.4362983593282 5078.8514428777125 2824.310793090863 5084.735633775685 2831.38887779422 4918.886603881228
2825.8100016226713 4927.344036827601 2818.134970016622 5107.180334303516 3007.9621729078667 5115.2817565543455 3015.6372045139155 4935.44545907843
3027.532070391331 4921.5085660006225 3019.6438434628913 5106.3403161842025 3177.500149025084 5113.0772883717345 3185.3883759535233 4928.245538188155
896.3640989166216 5089.221733263779 888.9875407619189 5262.064396948966 1054.8365706563745 5269.142481652323 1062.2131288110777 5096.299817967136
1046.1108750850606 5098.603542856543 1039.3312638330503 5257.458938960269 1171.211215315389 5263.087295471372 1177.9908265673992 5104.231899367645
1189.0982494627642 5088.25300562888 1182.2333600817979 5249.106582815672 1319.1087642718005 5254.948134649165 1325.973653652767 5094.094557462373
1334.8043297398199 5093.919336600418 1327.7262450364633 5259.768366494875 1466.5998303095316 5265.6951964573245 1473.6779150128884 5099.846166562869
1479.0847569102189 5105.152924537073 1471.9213940779061 5273.000135514596 1556.8440901081997 5276.62445599523 1564.0074529405128 5108.777245017709
1564.7591821639653 5136.774359065228 1557.7663755895646 5300.625207876617 1696.6399608626332 5306.552037839067 1703.6327674370336 5142.701189027678
1704.5482103196944 5127.025395693043 1695.8924802306494 5329.840775624215 1858.744238500507 5336.790943134138 1867.3999685895515 5133.975563202966
# Transcript
QWNIO
*GOYNTOS
OYS OPLEI*
OYNATIOY O
*IESKOY AZHN
WS
PWNYMOS AIL PYRFOROS
ACARNEIS AYRHL
DONYSIOS)
QEOMNHSTOS PLOYTARCOY
MAKAREYS ELEYSEINIOY
PIMACOS ELEYSEINIOY
ISIDOTOS QEMISTOKLEOYS
EREYS EISIDOTOS)
**TATHS PRYTANEWN IE
*YS POPILLIOS AGAQWN
*YLASIOS
# Lines: x1 y1 x2 y2 x3 y3 x4 y4
