# Baseline angle
6.313476046825185
# Boxes: x1 y1 x2 y2 x3 y3 x4 y4
799 355 751.9777348481882 491.97708489075217 921 550 968.0222651518118 413.02291510924783
986 377 980.8564601587125 546.7537494863594 1154 552 1159.1435398412875 382.2462505136406
1199 403 1193.8500394204525 572.9656549887404 1360 578 1365.1499605795475 408.0343450112596
1420 406 1415.7462846510034 546.3866115595378 1535 550 1539.2537153489966 409.61338844046224
986 566 980.8445419704598 736.1470889384476 1075 739 1080.1554580295401 568.8529110615524
811 569 806.4600759945281 718.8324395440201 911 722 915.5399240054719 572.1675604559799
1207 590 1202.4765834443672 739.2876393497786 1358 744 1362.5234165556328 594.7123606502214
1394 593 1388.90599760809 761.1188505585153 1550 766 1555.09400239191 597.8811494414847
1612 617 1607.729768141248 757.931710760851 1775 763 1779.270231858752 622.068289239149
789 787 784.106896130597 948.4885378722855 933 953 937.893103869403 791.5114621277145
959 785 953.7968299578115 956.7217424441118 1161 963 1166.2031700421885 791.2782575558882
1183 795 1178.013330761723 959.5765031021706 1291 963 1295.986669238277 798.4234968978294
1394 811 1389.701330423268 952.8702490832766 1559 958 1563.298669576732 816.1297509167234
1595 814 1590.7453613627363 954.4170831122116 1775 960 1779.2546386372637 819.5829168877884
515 1015 511.67187276796875 1124.8391562693796 715 1131 718.3281272320313 1021.1608437306204
741 1001 737.0049698178492 1132.849149351879 907 1138 910.9950301821508 1006.1508506481209
943 996 938.2087197543486 1154.1280230417437 1099 1159 1103.7912802456513 1000.8719769582561
1166 994 1160.5381447909656 1174.2592046517707 1317 1179 1322.4618552090344 998.7407953482295
1377 1011 1371.560161770686 1190.5325718317263 1519 1195 1524.439838229314 1015.467428168274
1567 1011 1561.717940562103 1185.3253522399832 1749 1191 1754.282059437897 1016.6746477600168
532 1150 526.7078508305517 1324.6583466008676 703 1330 708.2921491694483 1155.3416533991324
741 1157 735.5555725090995 1336.6840325738794 911 1342 916.4444274909005 1162.3159674261206
940 1176 935.106896130597 1337.4885378722856 1084 1342 1088.893103869403 1180.5114621277144
1168 1195 1163.2582572037263 1351.4931241138997 1312 1356 1316.7417427962737 1199.5068758861003
1375 1217 1370.712340423114 1358.5068828387423 1519 1363 1523.287659576886 1221.4931171612577
1783 1013 1777.8812319033732 1181.9362003534134 1912 1186 1917.1187680966268 1017.0637996465866
1559 1217 1554.5362076053236 1364.3198457300741 1742 1370 1746.4637923946764 1222.6801542699259
1787 1222 1782.3316461294698 1376.0710479367594 1912 1380 1916.6683538705302 1225.9289520632406
585 1387 579.665657407701 1563.050868473657 710 1567 715.334342592299 1390.949131526343
789 1375 783.3574378114497 1561.2231299401358 842 1563 847.6425621885503 1376.7768700598642
940 1394 934.2849600940847 1582.615133240698 1079 1587 1084.7150399059153 1398.384866759302
1154 1378 1148.4867728449424 1559.9546480088663 1315 1565 1320.5132271550576 1383.0453519911337
1377 1394 1371.371190496348 1579.769246058796 1511 1584 1516.628809503652 1398.230753941204
1583 1416 1577.8216047224446 1586.9040936421418 1713 1591 1718.1783952775554 1420.0959063578582
530 1599 525.3729223039976 1751.7087982785959 700 1757 704.6270776960024 1604.2912017214041
751 1601 745.3088115704506 1788.827955991402 883 1793 888.6911884295494 1605.172044008598
959 1599 953.3601865364461 1785.1324129652821 1048 1788 1053.639813463554 1601.8675870347179
1807 1421 1801.9693028422266 1587.0295694042118 1867 1589 1872.0306971577734 1422.9704305957882
1096 1611 1091.0968003591015 1772.821731571218 1295 1779 1299.9031996408985 1617.178268428782
1365 1613 1359.7894949912006 1784.9638204920948 1526 1790 1531.2105050087994 1618.0361795079052
1567 1635 1562.2637637136354 1791.3113911571209 1684 1795 1688.7362362863646 1638.6886088428791
1742 1649 1737.4875904242413 1797.9243727742682 1905 1803 1909.5124095757587 1654.0756272257318
547 1815 543.0664345153959 1944.8206119648748 681 1949 684.9335654846041 1819.1793880351252
724 1805 719.465576464493 1954.650905925289 863 1959 867.534423535507 1809.349094074711
928 1795 922.595020226926 1973.3821280069196 1075 1978 1080.404979773074 1799.6178719930804
1142 1817 1136.5427310325797 1997.1078435786412 1298 2002 1303.4572689674203 1821.8921564213588
1358 1829 1352.5271378110915 2009.6224712272808 1497 2014 1502.4728621889085 1833.3775287727192
1523 1843 1517.7839884812918 2015.1455534488737 1711 2021 1716.2160115187082 1848.8544465511263
710 2009 705.4114527735012 2160.4371659262624 856 2165 860.5885472264987 2013.5628340737378
525 2016 520.4719972027528 2165.4390004229076 671 2170 675.5280027972472 2020.5609995770922
909 2031 904.4463112297412 2181.286722101456 1060 2186 1064.5536887702588 2035.7132778985442
1149 2038 1144.1536848549783 2197.944355919295 1245 2201 1249.8463151450217 2041.055644080705
1334 2050 1329.5692345848904 2196.2298466654956 1487 2201 1491.4307654151096 2054.7701533345044
1557 2047 1552.7838918322398 2186.145450759878 1713 2191 1717.2161081677602 2051.854549240122
717 2198 711.7372088168268 2371.689436394792 854 2376 859.2627911831732 2202.310563605208
909 2213 903.8344461989642 2383.48028263738 1053 2388 1058.1655538010357 2217.51971736262
1127 2242 1122.5903312963158 2387.5335857291007 1303 2393 1307.4096687036842 2247.4664142708993
890 2438 885.4178735117612 2589.225260423881 1043 2594 1047.582126488239 2442.774739576119
1336 2234 1331.4481487463593 2384.2260780031797 1456 2388 1460.5518512536407 2237.7739219968203
734 2412 729.2830319683593 2567.67547531193 806 2570 810.7169680316407 2414.32452468807
1094 2426 1089.5389623702645 2573.228929417173 1247 2578 1251.4610376297355 2430.771070582827
# Transcript
*HNAI
*IROTO
*NEIDO
DWREASK
OYEKTWN
AIAYTOI
OSIONAN
*OMENAS
AKAITO
ASTH*
IDH