# Baseline angle
0
# Boxes: x1 y1 x2 y2 x3 y3 x4 y4
1380 548 1380 677 1520 677 1520 548
2049 563 2049 744 2207 744 2207 563
1041 793 1041 924 1141 924 1141 793
1200 801 1200 936 1334 936 1334 801
1379 808 1379 953 1491 953 1491 808
1543 816 1543 954 1682 954 1682 816
1886 834 1886 954 2010 954 2010 834
2047 840 2047 979 2189 979 2189 840
2221 839 2221 982 2347 982 2347 839
1029 959 1029 1092 1139 1092 1139 959
1205 977 1205 1101 1335 1101 1335 977
1376 975 1376 1115 1495 1115 1495 975
1536 984 1536 1114 1679 1114 1679 984
1704 982 1704 1113 1853 1113 1853 982
1881 1001 1881 1127 2029 1127 2029 1001
2047 1014 2047 1136 2168 1136 2168 1014
2211 1018 2211 1145 2359 1145 2359 1018
2393 1015 2393 1143 2523 1143 2523 1015
685 1117 685 1242 803 1242 803 1117
842 1114 842 1250 984 1250 984 1114
1012 1124 1012 1267 1147 1267 1147 1124
1185 1139 1185 1256 1322 1256 1322 1139
1361 1137 1361 1278 1502 1278 1502 1137
1547 1141 1547 1272 1657 1272 1657 1141
1732 1141 1732 1274 1825 1274 1825 1141
849 1289 849 1416 942 1416 942 1289
1010 1291 1010 1418 1141 1418 1141 1291
1193 1314 1193 1417 1299 1417 1299 1314
1362 1304 1362 1435 1477 1435 1477 1304
1535 1308 1535 1438 1654 1438 1654 1308
1694 1310 1694 1445 1831 1445 1831 1310
1872 1328 1872 1445 1992 1445 1992 1328
2028 1329 2028 1453 2163 1453 2163 1329
2207 1335 2207 1465 2303 1465 2303 1335
2361 1339 2361 1469 2506 1469 2506 1339
663 1440 663 1575 764 1575 764 1440
837 1447 837 1576 939 1576 939 1447
995 1456 995 1592 1150 1592 1150 1456
1177 1466 1177 1579 1304 1579 1304 1466
1352 1462 1352 1591 1476 1591 1476 1462
1519 1480 1519 1593 1652 1593 1652 1480
1696 1478 1696 1614 1822 1614 1822 1478
1863 1491 1863 1616 1989 1616 1989 1491
2036 1486 2036 1625 2139 1625 2139 1486
2200 1506 2200 1633 2320 1633 2320 1506
653 1599 653 1740 791 1740 791 1599
843 1612 843 1744 907 1744 907 1612
976 1642 976 1756 1131 1756 1131 1642
1174 1630 1174 1751 1291 1751 1291 1630
1349 1639 1349 1760 1460 1760 1460 1639
1519 1646 1519 1784 1634 1784 1634 1646
1684 1670 1684 1784 1837 1784 1837 1670
1863 1663 1863 1780 1976 1780 1976 1663
2022 1668 2022 1787 2151 1787 2151 1668
2201 1672 2201 1789 2320 1789 2320 1672
2365 1678 2365 1803 2482 1803 2482 1678
647 1776 647 1901 765 1901 765 1776
810 1796 810 1909 948 1909 948 1796
991 1797 991 1917 1111 1917 1111 1797
1162 1804 1162 1928 1289 1928 1289 1804
1340 1816 1340 1932 1473 1932 1473 1816
1512 1822 1512 1940 1644 1940 1644 1822
1690 1828 1690 1943 1813 1943 1813 1828
1999 1842 1999 1955 2140 1955 2140 1842
639 1961 639 2070 772 2070 772 1961
804 1971 804 2081 938 2081 938 1971
973 1962 973 2089 1134 2089 1134 1962
1166 1975 1166 2097 1301 2097 1301 1975
1338 1980 1338 2107 1456 2107 1456 1980
1504 1989 1504 2118 1629 2118 1629 1989
1675 1987 1675 2132 1806 2132 1806 1987
2160 2013 2160 2146 2305 2146 2305 2013
621 2116 621 2232 762 2232 762 2116
806 2124 806 2246 933 2246 933 2124
970 2129 970 2257 1111 2257 1111 2129
1151 2134 1151 2269 1269 2269 1269 2134
1328 2158 1328 2261 1429 2261 1429 2158
1500 2165 1500 2286 1626 2286 1626 2165
1676 2160 1676 2298 1773 2298 1773 2160
1836 2179 1836 2291 1951 2291 1951 2179
2001 2185 2001 2288 2105 2288 2105 2185
2172 2179 2172 2315 2292 2315 2292 2179
2327 2183 2327 2321 2453 2321 2453 2183
782 2290 782 2445 914 2445 914 2290
967 2301 967 2434 1101 2434 1101 2301
1141 2305 1141 2440 1252 2440 1252 2305
1313 2315 1313 2441 1457 2441 1457 2315
1493 2330 1493 2451 1632 2451 1632 2330
1669 2349 1669 2443 1773 2443 1773 2349
1828 2340 1828 2448 1946 2448 1946 2340
1996 2346 1996 2456 2116 2456 2116 2346
2183 2352 2183 2477 2262 2477 2262 2352
2333 2358 2333 2474 2468 2474 2468 2358
797 2464 797 2591 892 2591 892 2464
960 2476 960 2610 1097 2610 1097 2476
1129 2482 1129 2627 1267 2627 1267 2482
1316 2497 1316 2611 1445 2611 1445 2497
1483 2497 1483 2625 1631 2625 1631 2497
1663 2510 1663 2623 1772 2623 1772 2510
1817 2509 1817 2639 1943 2639 1943 2509
1983 2515 1983 2650 2101 2650 2101 2515
2158 2528 2158 2641 2274 2641 2274 2528
953 2644 953 2774 1076 2774 1076 2644
1129 2660 1129 2780 1263 2780 1263 2660
1323 2653 1323 2783 1413 2783 1413 2653
1485 2681 1485 2785 1593 2785 1593 2681
1630 2672 1630 2814 1785 2814 1785 2672
1823 2674 1823 2806 1909 2806 1909 2674
1959 2701 1959 2805 2123 2805 2123 2701
2153 2685 2153 2815 2270 2815 2270 2685
934 2822 934 2956 1082 2956 1082 2822
1119 2833 1119 2952 1259 2952 1259 2833
1294 2832 1294 2963 1420 2963 1420 2832
1465 2845 1465 2957 1596 2957 1596 2845
1636 2854 1636 2974 1762 2974 1762 2854
1798 2853 1798 2974 1933 2974 1933 2853
1973 2853 1973 2982 2075 2982 2075 2853
934 2997 934 3102 1090 3102 1090 2997
1116 2988 1116 3124 1230 3124 1230 2988
1291 3007 1291 3129 1423 3129 1423 3007
1466 3008 1466 3133 1598 3133 1598 3008
1638 3018 1638 3134 1759 3134 1759 3018
1790 3013 1790 3140 1921 3140 1921 3013
1122 3168 1122 3302 1218 3302 1218 3168
1282 3178 1282 3312 1396 3312 1396 3178
1452 3187 1452 3304 1593 3304 1593 3187
1636 3174 1636 3319 1742 3319 1742 3174
1779 3185 1779 3331 1912 3331 1912 3185
1961 3201 1961 3333 2085 3333 2085 3201
1452 3353 1452 3473 1582 3473 1582 3353
1620 3351 1620 3487 1746 3487 1746 3351
# Transcript
*C*N*
EPRY*ANE*
EGRAMMATE
ESTATEI
*I TOYSTAMIA*
RHMATA TA EN**
MIWNOPWSDAN
EAGALMA*A**
LATAENT**A*
ALLEOARCONT
*PARADON*AID
ISTAMENPO*
*NDROTIWN
TATOYAR*
WNAGAL*
IKAITA
**DE*