# Baseline angle
0
# Boxes: x1 y1 x2 y2 x3 y3 x4 y4
454 161 454 319 625 319 625 161
618 152 618 298 742 298 742 152
728 152 728 288 848 288 848 152
836 152 836 288 953 288 953 152
233 335 233 451 363 451 363 335
336 311 336 449 452 449 452 311
430 331 430 459 523 459 523 331
515 313 515 453 625 453 625 313
623 331 623 443 716 443 716 331
708 309 708 453 852 453 852 309
235 469 235 589 393 589 393 469
375 455 375 589 468 589 468 455
466 451 466 595 547 595 547 451
537 459 537 579 653 579 653 459
631 465 631 564 734 564 734 465
724 447 724 570 886 570 886 447
247 603 247 735 387 735 387 603
403 597 403 710 537 710 537 597
537 593 537 696 637 696 637 593
629 587 629 698 732 698 732 587
720 572 720 700 809 700 809 572
771 572 771 692 868 692 868 572
862 577 862 676 980 676 980 577
959 558 959 684 1065 684 1065 558
1039 552 1039 682 1162 682 1162 552
314 741 314 850 434 850 434 741
412 731 412 844 529 844 529 731
507 723 507 840 641 840 641 723
633 721 633 832 744 832 744 721
722 727 722 846 836 846 836 727
949 698 949 824 1075 824 1075 698
1055 696 1055 820 1209 820 1209 696
322 861 322 995 442 995 442 861
432 859 432 986 547 986 547 859
529 848 529 982 657 982 657 848
641 855 641 966 740 966 740 855
706 848 706 968 821 968 821 848
805 850 805 972 929 972 929 850
913 838 913 962 1034 962 1034 838
1002 836 1002 968 1189 968 1189 836
338 992 338 1105 491 1105 491 992
476 977 476 1109 594 1109 594 977
580 979 580 1111 722 1111 722 979
690 969 690 1105 754 1105 754 969
740 977 740 1097 850 1097 850 977
842 971 842 1103 988 1103 988 971
345 1142 345 1262 480 1262 480 1142
464 1124 464 1243 582 1243 582 1124
560 1126 560 1239 714 1239 714 1126
694 1109 694 1237 809 1237 809 1109
324 1255 324 1395 430 1395 430 1255
414 1273 414 1382 531 1382 531 1273
517 1255 517 1368 633 1368 633 1255
614 1257 614 1378 722 1378 722 1257
720 1255 720 1368 834 1368 834 1255
797 1240 797 1374 959 1374 959 1240
322 1364 322 1510 454 1510 454 1364
422 1401 422 1524 552 1524 552 1401
515 1397 515 1510 610 1510 610 1397
584 1384 584 1498 687 1498 687 1384
655 1370 655 1500 761 1500 761 1370
828 1376 828 1498 1014 1498 1014 1376
297 1544 297 1629 388 1629 388 1544
377 1544 377 1631 466 1631 466 1544
431 1536 431 1627 510 1627 510 1536
508 1530 508 1623 574 1623 574 1530
560 1528 560 1615 651 1615 651 1528
628 1512 628 1614 703 1614 703 1512
690 1524 690 1610 765 1610 765 1524
751 1527 751 1607 792 1607 792 1527
847 1512 847 1602 955 1602 955 1512
317 1642 317 1721 433 1721 433 1642
425 1628 425 1716 485 1716 485 1628
459 1624 459 1712 523 1712 523 1624
521 1629 521 1703 602 1703 602 1629
571 1622 571 1706 657 1706 657 1622
660 1618 660 1697 735 1697 735 1618
725 1613 725 1689 795 1689 795 1613
786 1606 786 1688 857 1688 857 1606
841 1600 841 1685 953 1685 953 1600
331 1714 331 1846 433 1846 433 1714
403 1719 403 1824 466 1824 466 1719
456 1718 456 1815 520 1815 520 1718
498 1709 498 1805 579 1805 579 1709
738 1693 738 1773 848 1773 848 1693
331 1829 331 1921 445 1921 445 1829
429 1834 429 1912 515 1912 515 1834
501 1822 501 1924 604 1924 604 1822
709 1819 709 1899 790 1899 790 1819
773 1807 773 1897 879 1897 879 1807
356 1940 356 2019 437 2019 437 1940
420 1915 420 2024 498 2024 498 1915
488 1925 488 2017 564 2017 564 1925
551 1921 551 2001 621 2001 621 1921
363 2034 363 2130 441 2130 441 2034
434 2033 434 2115 537 2115 537 2033
520 2030 520 2109 599 2109 599 2030
591 2004 591 2111 656 2111 656 2004
643 2004 643 2096 711 2096 711 2004
700 2019 700 2093 775 2093 775 2019
773 2000 773 2080 852 2080 852 2000
840 2002 840 2077 894 2077 894 2002
458 2128 458 2205 569 2205 569 2128
550 2120 550 2195 617 2195 617 2120
661 2103 661 2188 756 2188 756 2103
748 2111 748 2188 822 2188 822 2111
372 2227 372 2313 477 2313 477 2227
457 2218 457 2301 543 2301 543 2218
521 2217 521 2305 606 2305 606 2217
587 2207 587 2295 622 2295 622 2207
677 2218 677 2290 747 2290 747 2218
788 2202 788 2283 878 2283 878 2202
379 2321 379 2414 468 2414 468 2321
449 2326 449 2411 512 2411 512 2326
504 2313 504 2409 574 2409 574 2313
567 2310 567 2402 630 2402 630 2310
631 2317 631 2405 699 2405 699 2317
685 2309 685 2400 752 2400 752 2309
742 2309 742 2392 808 2392 808 2309
847 2310 847 2379 923 2379 923 2310
542 2415 542 2505 637 2505 637 2415
617 2420 617 2500 690 2500 690 2420
679 2409 679 2504 767 2504 767 2409
380 2518 380 2626 495 2626 495 2518
467 2525 467 2615 568 2615 568 2525
713 2520 713 2599 800 2599 800 2520
804 2507 804 2593 876 2593 876 2507
861 2496 861 2588 894 2588 894 2496
885 2501 885 2594 963 2594 963 2501
964 2489 964 2598 1043 2598 1043 2489
416 2626 416 2716 506 2716 506 2626
489 2626 489 2720 539 2720 539 2626
615 2625 615 2706 703 2706 703 2625
685 2619 685 2700 753 2700 753 2619
743 2628 743 2698 800 2698 800 2628
790 2620 790 2699 858 2699 858 2620
849 2611 849 2698 933 2698 933 2611
401 2731 401 2882 510 2882 510 2731
495 2752 495 2851 543 2851 543 2752
526 2760 526 2849 602 2849 602 2760
590 2744 590 2843 653 2843 653 2744
649 2745 649 2837 732 2837 732 2745
742 2739 742 2835 799 2835 799 2739
797 2737 797 2829 866 2829 866 2737
861 2742 861 2826 928 2826 928 2742
919 2738 919 2832 1031 2832 1031 2738
407 2883 407 2981 521 2981 521 2883
512 2888 512 2978 555 2978 555 2888
542 2893 542 2972 611 2972 611 2893
612 2888 612 2978 688 2978 688 2888
681 2887 681 2974 748 2974 748 2887
740 2886 740 2972 819 2972 819 2886
801 2883 801 2965 863 2965 863 2883
850 2876 850 2958 942 2958 942 2876
1001 2879 1001 2971 1060 2971 1060 2879
1047 2871 1047 2959 1117 2959 1117 2871
425 3001 425 3085 529 3085 529 3001
519 2995 519 3071 606 3071 606 2995
621 2992 621 3070 692 3070 692 2992
685 2984 685 3074 729 3074 729 2984
450 3098 450 3184 534 3184 534 3098
524 3091 524 3172 606 3172 606 3091
607 3090 607 3182 692 3182 692 3090
696 3090 696 3181 777 3181 777 3090
769 3094 769 3193 853 3193 853 3094
448 3183 448 3272 527 3272 527 3183
531 3181 531 3268 583 3268 583 3181
574 3189 574 3294 636 3294 636 3189
626 3193 626 3283 686 3283 686 3193
838 3186 838 3265 907 3265 907 3186
904 3183 904 3271 986 3271 986 3183
1339 403 1339 544 1467 544 1467 403
1371 551 1371 662 1509 662 1509 551
1484 527 1484 662 1585 662 1585 527
1385 689 1385 811 1494 811 1494 689
1478 668 1478 800 1590 800 1590 668
1574 667 1574 785 1666 785 1666 667
1656 658 1656 791 1762 791 1762 658
1743 667 1743 769 1841 769 1841 667
1379 815 1379 936 1495 936 1495 815
1478 809 1478 921 1579 921 1579 809
1574 775 1574 941 1680 941 1680 775
1678 792 1678 925 1740 925 1740 792
1722 804 1722 929 1839 929 1839 804
1948 778 1948 918 2064 918 2064 778
2044 770 2044 908 2165 908 2165 770
2140 772 2140 904 2288 904 2288 772
1387 935 1387 1059 1518 1059 1518 935
1501 932 1501 1060 1590 1060 1590 932
1582 944 1582 1060 1700 1060 1700 944
1701 946 1701 1053 1791 1053 1791 946
1777 932 1777 1056 1886 1056 1886 932
1883 922 1883 1048 1979 1048 1979 922
1923 924 1923 1054 2058 1054 2058 924
2018 908 2018 1049 2150 1049 2150 908
2123 922 2123 1040 2233 1040 2233 922
2210 901 2210 1032 2357 1032 2357 901
1396 1080 1396 1198 1497 1198 1497 1080
1481 1067 1481 1192 1546 1192 1546 1067
1525 1079 1525 1191 1624 1191 1624 1079
1608 1085 1608 1192 1711 1192 1711 1085
1705 1074 1705 1189 1796 1189 1796 1074
1773 1073 1773 1180 1929 1180 1929 1073
1390 1215 1390 1333 1536 1333 1536 1215
1514 1218 1514 1336 1636 1336 1636 1218
1616 1212 1616 1321 1750 1321 1750 1212
1725 1194 1725 1346 1802 1346 1802 1194
1928 1203 1928 1305 2012 1305 2012 1203
1988 1180 1988 1313 2159 1313 2159 1180
1405 1357 1405 1479 1523 1479 1523 1357
1515 1343 1515 1473 1598 1473 1598 1343
1596 1339 1596 1468 1708 1468 1708 1339
1708 1347 1708 1448 1815 1448 1815 1347
1898 1344 1898 1442 1987 1442 1987 1344
1976 1312 1976 1471 2122 1471 2122 1312
1115 1495 1115 1597 1213 1597 1213 1495
1264 1507 1264 1604 1359 1604 1359 1507
1363 1512 1363 1598 1432 1598 1432 1512
1481 1517 1481 1589 1538 1589 1538 1517
1539 1501 1539 1594 1626 1594 1626 1501
1117 1613 1117 1696 1210 1696 1210 1613
1320 1601 1320 1684 1390 1684 1390 1601
1393 1598 1393 1678 1439 1678 1439 1598
1437 1598 1437 1684 1525 1684 1525 1598
1517 1597 1517 1681 1566 1681 1566 1597
1571 1598 1571 1677 1643 1677 1643 1598
1635 1579 1635 1674 1736 1674 1736 1579
1719 1578 1719 1674 1807 1674 1807 1578
1118 1697 1118 1790 1197 1790 1197 1697
1190 1700 1190 1774 1252 1774 1252 1700
1241 1692 1241 1777 1312 1777 1312 1692
1506 1690 1506 1762 1572 1762 1572 1690
1573 1679 1573 1770 1619 1770 1619 1679
1617 1692 1617 1772 1678 1772 1678 1692
1684 1685 1684 1761 1765 1761 1765 1685
1123 1775 1123 1868 1200 1868 1200 1775
1192 1786 1192 1862 1263 1862 1263 1786
1259 1776 1259 1862 1334 1862 1334 1776
1329 1778 1329 1855 1417 1855 1417 1778
1696 1759 1696 1850 1762 1850 1762 1759
1742 1760 1742 1850 1839 1850 1839 1760
1133 1870 1133 1955 1214 1955 1214 1870
1203 1864 1203 1947 1272 1947 1272 1864
1267 1864 1267 1948 1353 1948 1353 1864
1350 1857 1350 1939 1423 1939 1423 1857
1417 1858 1417 1934 1483 1934 1483 1858
1472 1858 1472 1926 1540 1926 1540 1858
1547 1844 1547 1929 1633 1929 1633 1844
1127 1975 1127 2060 1216 2060 1216 1975
1204 1964 1204 2049 1270 2049 1270 1964
1270 1965 1270 2052 1337 2052 1337 1965
1145 2062 1145 2156 1240 2156 1240 2062
1232 2064 1232 2140 1294 2140 1294 2064
1343 2046 1343 2141 1399 2141 1399 2046
1154 2162 1154 2257 1238 2257 1238 2162
1242 2161 1242 2241 1302 2241 1302 2161
1291 2168 1291 2241 1376 2241 1376 2168
1360 2146 1360 2235 1442 2235 1442 2146
1426 2144 1426 2231 1501 2231 1501 2144
1489 2143 1489 2224 1549 2224 1549 2143
1544 2134 1544 2213 1645 2213 1645 2134
1163 2256 1163 2347 1251 2347 1251 2256
1238 2254 1238 2329 1306 2329 1306 2254
1312 2250 1312 2320 1379 2320 1379 2250
1363 2239 1363 2320 1430 2320 1430 2239
1422 2239 1422 2323 1515 2323 1515 2239
1520 2234 1520 2302 1601 2302 1601 2234
1595 2226 1595 2310 1687 2310 1687 2226
1185 2347 1185 2436 1242 2436 1242 2347
1233 2348 1233 2429 1307 2429 1307 2348
1293 2339 1293 2417 1354 2417 1354 2339
1335 2342 1335 2412 1433 2412 1433 2342
1422 2335 1422 2422 1518 2422 1518 2335
1184 2446 1184 2525 1267 2525 1267 2446
1266 2434 1266 2522 1332 2522 1332 2434
1329 2437 1329 2516 1378 2516 1378 2437
1373 2439 1373 2511 1448 2511 1448 2439
1432 2422 1432 2505 1472 2505 1472 2422
1472 2420 1472 2495 1549 2495 1549 2420
1530 2410 1530 2503 1621 2503 1621 2410
1192 2534 1192 2648 1285 2648 1285 2534
1267 2540 1267 2627 1316 2627 1316 2540
1315 2535 1315 2613 1383 2613 1383 2535
1376 2520 1376 2617 1412 2617 1412 2520
1398 2526 1398 2615 1485 2615 1485 2526
1472 2528 1472 2618 1558 2618 1558 2528
1640 2531 1640 2611 1756 2611 1756 2531
1202 2653 1202 2744 1284 2744 1284 2653
1269 2654 1269 2728 1325 2728 1325 2654
1322 2643 1322 2737 1392 2737 1392 2643
1383 2623 1383 2711 1453 2711 1453 2623
1522 2639 1522 2728 1617 2728 1617 2639
1624 2626 1624 2726 1700 2726 1700 2626
1683 2619 1683 2703 1796 2703 1796 2619
1186 2744 1186 2846 1307 2846 1307 2744
1272 2739 1272 2826 1378 2826 1378 2739
1465 2737 1465 2822 1549 2822 1549 2737
1547 2724 1547 2826 1622 2826 1622 2724
1591 2734 1591 2826 1668 2826 1668 2734
1665 2724 1665 2818 1746 2818 1746 2724
1746 2721 1746 2806 1821 2806 1821 2721
1810 2719 1810 2808 1898 2808 1898 2719
1220 2832 1220 2939 1322 2939 1322 2832
1316 2820 1316 2933 1367 2933 1367 2820
1362 2813 1362 2923 1427 2923 1427 2813
1431 2818 1431 2918 1469 2918 1469 2818
1468 2822 1468 2919 1530 2919 1530 2822
1512 2815 1512 2908 1635 2908 1635 2815
1189 2946 1189 3045 1326 3045 1326 2946
1330 2936 1330 3050 1377 3050 1377 2936
1364 2932 1364 3042 1463 3042 1463 2932
1447 2919 1447 3025 1526 3025 1526 2919
1521 2927 1521 3014 1594 3014 1594 2927
1584 2924 1584 3031 1704 3031 1704 2924
1212 3047 1212 3158 1318 3158 1318 3047
1303 3044 1303 3130 1405 3130 1405 3044
1385 3042 1385 3135 1429 3135 1429 3042
1406 3032 1406 3140 1496 3140 1496 3032
1477 3049 1477 3138 1559 3138 1559 3049
1559 3031 1559 3117 1640 3117 1640 3031
1622 3026 1622 3125 1709 3125 1709 3026
1204 3158 1204 3266 1293 3266 1293 3158
1303 3151 1303 3251 1396 3251 1396 3151
1376 3143 1376 3260 1433 3260 1433 3143
1428 3150 1428 3248 1512 3248 1512 3150
1496 3133 1496 3237 1569 3237 1569 3133
1551 3123 1551 3240 1648 3240 1648 3123
1648 3126 1648 3236 1728 3236 1728 3126
1726 3100 1726 3223 1815 3223 1815 3100
1806 3108 1806 3243 1904 3243 1904 3108
1890 3125 1890 3245 2001 3245 2001 3125
1979 3101 1979 3229 2089 3229 2089 3101
2055 1471 2055 1571 2158 1571 2158 1471
2140 1453 2140 1574 2211 1574 2211 1453
2206 1455 2206 1569 2298 1569 2298 1455
2289 1456 2289 1570 2370 1570 2370 1456
2357 1457 2357 1561 2460 1561 2460 1457
2247 1554 2247 1652 2283 1652 2283 1554
2282 1556 2282 1663 2378 1663 2378 1556
2365 1562 2365 1659 2449 1659 2449 1562
2108 1691 2108 1791 2233 1791 2233 1691
2249 1663 2249 1769 2338 1769 2338 1663
2306 1654 2306 1772 2438 1772 2438 1654
2278 1798 2278 1904 2354 1904 2354 1798
2336 1795 2336 1898 2437 1898 2437 1795
2261 1892 2261 1981 2343 1981 2343 1892
2321 1891 2321 1975 2438 1975 2438 1891
2070 2015 2070 2114 2141 2114 2141 2015
2143 2009 2143 2119 2224 2119 2224 2009
2317 1996 2317 2106 2384 2106 2384 1996
2051 2132 2051 2223 2138 2223 2138 2132
2129 2129 2129 2221 2220 2221 2220 2129
2071 2235 2071 2325 2168 2325 2168 2235
2264 2205 2264 2316 2356 2316 2356 2205
2090 2338 2090 2434 2186 2434 2186 2338
2067 2435 2067 2528 2161 2528 2161 2435
2219 2432 2219 2529 2291 2529 2291 2432
2272 2440 2272 2533 2356 2533 2356 2440
2140 2557 2140 2638 2213 2638 2213 2557
2203 2551 2203 2642 2278 2642 2278 2551
2214 2646 2214 2740 2327 2740 2327 2646
2156 2772 2156 2859 2276 2859 2276 2772
2087 2874 2087 2975 2200 2975 2200 2874
2082 2991 2082 3090 2200 3090 2200 2991
2197 2981 2197 3088 2247 3088 2247 2981
2238 2987 2238 3098 2334 3098 2334 2987
2107 3108 2107 3224 2213 3224 2213 3108
2200 3114 2200 3226 2299 3226 2299 3114
2284 3108 2284 3216 2357 3216 2357 3108
# Transcript
A*AQO*
MARKOS
MARKOS
TMOKRATHS
DHMHT*OS
EPAGAQOS
MHDIOS
QEWN
BOHQOS
ATTAL*S
IANOYARI*S
DIOGNHTOS
FILH**N
ZWSOS
BAKC**
APOLLWNI**
*W*IMO*
ANTI*C*S
CRYSOGO*O*
**NOS
AP*WNIDH*
EI**DOTOS
FILOXENOS
DIONYSOD*RO*
ZWSI***
BENYS***
QEOG**HS
E*
DH*
QALLO*
SOFIS**KOS
DHMOKRATHS
KITTOS
SWSI**OS
QREP*OS
E*PO*OS
E**ARPIDHS
ALE***DROS
AQHN***OS
EYPOROS
EYO*
EL*Y******
ERASTOS
QALAMOS
IERWN
GORGIAS
EISIDO*S
EYKA*POS
DH*OSQNHS
NIKIAS
DISKOS
HDISTOS
EPITYNCANWN
EYTYC
**IKT
PEM
LH
*OD
EKK
AQ*
H**K
E*
A*KL
*GA
*H
*W
H
NIK
EPI

# Lines: x1 y1 x2 y2 x3 y3 x4 y4
382 240 1144 235
167 365 1064 359
96 517 1113 491
140 656 1229 613
176 771 1254 755
366 903 1241 880
238 1050 1179 1045
245 1196 945 1171
208 1311 1083 1299
222 1439 1193 1400
181 1579 1023 1553
284 1682 1028 1631
261 1783 973 1737
259 1886 955 1847
261 1980 824 1941
314 2074 1005 2042
302 2147 1030 2140
286 2268 1032 2248
286 2355 1023 2357
369 2454 952 2440
277 2587 1126 2559
323 2669 1046 2644
318 2788 1060 2775
371 2930 1158 2912
392 3047 1003 3006
371 3145 1062 3127
380 3244 1060 3237
1296 489 2329 439
1326 626 2315 571
1356 755 2274 697
1377 880 2308 832
1356 1016 2359 949
1354 1156 2015 1103
1342 1291 2233 1218
1388 1433 2182 1371
1126 1567 1894 1522
1118 1664 1917 1615
1121 1749 1928 1688
1099 1848 1933 1787
1092 1915 1903 1884
1110 2028 1873 1976
1129 2127 1899 2061
1095 2227 1753 2161
1139 2304 1747 2254
1159 2410 1649 2359
1170 2501 1652 2447
1177 2613 1775 2561
1170 2710 1850 2644
1166 2824 1912 2762
1214 2907 1756 2862
1236 3019 1749 2984
1203 3112 1870 3057
1190 3235 2077 3171
2025 1529 2524 1495
2028 1638 2581 1595
1991 1769 2542 1703
2031 1901 2537 1833
2043 1998 2610 1914
2058 2091 2541 2032
2054 2201 2586 2117
2049 2287 2572 2235
2035 2411 2528 2331
2038 2512 2504 2457
2025 2629 2500 2563
2035 2724 2629 2629
2028 2855 2458 2803
2021 2944 2465 2880
2024 3065 2443 3012
2106 3196 2471 3159