# Baseline angle
0.011676048601556577
# Boxes: x1 y1 x2 y2 x3 y3 x4 y4
4119 393 4119 459 4188 459 4188 393
4198 394 4198 455 4256 455 4256 394
4275 390 4275 460 4351 460 4351 390
4360 397 4360 457 4430 457 4430 397
4430 398 4430 458 4472 458 4472 398
2219 456 2219 536 2287 536 2287 456
2286 455 2286 536 2352 536 2352 455
2367 464 2367 531 2442 531 2442 464
2456 452 2456 521 2539 521 2539 452
2537 458 2537 517 2633 517 2633 458
2648 442 2648 532 2706 532 2706 442
2717 458 2717 519 2788 519 2788 458
2810 446 2810 524 2854 524 2854 446
2878 454 2878 531 2955 531 2955 454
2965 466 2965 540 3036 540 3036 466
3052 470 3052 535 3111 535 3111 470
3120 469 3120 535 3196 535 3196 469
3208 472 3208 546 3277 546 3277 472
3288 471 3288 536 3360 536 3360 471
3375 466 3375 542 3445 542 3445 466
3456 470 3456 546 3519 546 3519 470
3528 468 3528 544 3594 544 3594 468
3602 470 3602 544 3666 544 3666 470
3676 479 3676 542 3742 542 3742 479
3750 478 3750 548 3844 548 3844 478
3847 477 3847 536 3934 536 3934 477
3938 475 3938 546 4002 546 4002 475
4015 479 4015 542 4081 542 4081 479
4096 474 4096 543 4175 543 4175 474
2012 528 2012 606 2062 606 2062 528
2081 525 2081 605 2139 605 2139 525
2145 532 2145 592 2200 592 2200 532
2222 534 2222 608 2289 608 2289 534
2298 540 2298 597 2368 597 2368 540
2391 535 2391 598 2432 598 2432 535
2443 546 2443 599 2506 599 2506 546
2518 533 2518 610 2558 610 2558 533
2571 547 2571 606 2637 606 2637 547
2648 544 2648 607 2708 607 2708 544
2722 541 2722 604 2796 604 2796 541
2831 548 2831 618 2868 618 2868 548
2885 558 2885 612 2953 612 2953 558
2966 539 2966 614 3028 614 3028 539
3034 549 3034 610 3073 610 3073 549
3089 558 3089 615 3152 615 3152 558
3169 553 3169 616 3260 616 3260 553
3260 551 3260 611 3323 611 3323 551
3337 543 3337 633 3395 633 3395 543
3420 555 3420 620 3483 620 3483 555
3506 559 3506 618 3576 618 3576 559
3597 563 3597 628 3643 628 3643 563
3648 552 3648 626 3711 626 3711 552
3728 558 3728 624 3801 624 3801 558
3811 557 3811 627 3900 627 3900 557
3902 558 3902 617 3974 617 3974 558
3979 557 3979 619 4020 619 4020 557
4035 552 4035 615 4126 615 4126 552
4125 555 4125 626 4210 626 4210 555
4210 566 4210 623 4310 623 4310 566
4317 559 4317 617 4392 617 4392 559
4408 570 4408 624 4467 624 4467 570
4478 559 4478 630 4543 630 4543 559
2017 609 2017 681 2107 681 2107 609
2120 599 2120 681 2162 681 2162 599
2160 606 2160 674 2238 674 2238 606
2245 605 2245 680 2317 680 2317 605
2336 616 2336 678 2409 678 2409 616
2408 613 2408 689 2488 689 2488 613
2501 620 2501 676 2555 676 2555 620
2576 619 2576 682 2607 682 2607 619
2619 620 2619 685 2697 685 2697 620
2710 621 2710 693 2769 693 2769 621
2791 621 2791 693 2851 693 2851 621
2873 626 2873 696 2933 696 2933 626
2947 620 2947 699 3013 699 3013 620
3020 635 3020 692 3086 692 3086 635
3102 623 3102 693 3163 693 3163 623
3165 634 3165 691 3268 691 3268 634
3267 631 3267 709 3350 709 3350 631
3349 630 3349 697 3408 697 3408 630
3415 623 3415 697 3448 697 3448 623
3472 631 3472 695 3550 695 3550 631
3563 624 3563 705 3635 705 3635 624
3640 630 3640 701 3712 701 3712 630
3716 634 3716 700 3788 700 3788 634
3796 624 3796 714 3857 714 3857 624
3868 638 3868 710 3926 710 3926 638
3942 635 3942 697 4008 697 4008 635
4012 635 4012 704 4085 704 4085 635
4101 637 4101 708 4147 708 4147 637
2077 691 2077 762 2142 762 2142 691
2150 698 2150 756 2217 756 2217 698
2231 682 2231 772 2293 772 2293 682
2307 687 2307 765 2380 765 2380 687
2382 694 2382 757 2451 757 2451 694
2460 690 2460 758 2501 758 2501 690
2515 688 2515 772 2590 772 2590 688
2603 703 2603 770 2669 770 2669 703
2672 710 2672 773 2744 773 2744 710
2748 709 2748 778 2818 778 2818 709
2820 716 2820 776 2907 776 2907 716
2910 714 2910 777 2999 777 2999 714
3009 710 3009 775 3079 775 3079 710
3083 710 3083 777 3147 777 3147 710
3157 716 3157 785 3240 785 3240 716
3302 718 3302 779 3358 779 3358 718
3375 723 3375 778 3432 778 3432 723
3449 717 3449 786 3483 786 3483 717
3555 714 3555 788 3615 788 3615 714
3622 726 3622 788 3685 788 3685 726
3683 721 3683 794 3763 794 3763 721
3764 730 3764 797 3818 797 3818 730
3827 724 3827 789 3890 789 3890 724
3887 719 3887 779 3950 779 3950 719
3951 724 3951 783 4034 783 4034 724
4039 724 4039 790 4077 790 4077 724
4083 716 4083 805 4143 805 4143 716
4151 723 4151 796 4214 796 4214 723
4215 740 4215 792 4283 792 4283 740
4285 710 4285 804 4347 804 4347 710
4348 721 4348 789 4411 789 4411 721
4408 712 4408 776 4485 776 4485 712
4495 703 4495 783 4555 783 4555 703
2093 775 2093 848 2171 848 2171 775
2178 789 2178 846 2243 846 2243 789
2255 780 2255 848 2289 848 2289 780
2305 783 2305 857 2381 857 2381 783
2381 797 2381 851 2443 851 2443 797
2443 792 2443 854 2508 854 2508 792
2511 800 2511 859 2574 859 2574 800
2569 800 2569 860 2634 860 2634 800
2630 793 2630 854 2700 854 2700 793
2700 794 2700 858 2783 858 2783 794
2782 802 2782 865 2873 865 2873 802
2868 799 2868 870 2938 870 2938 799
2935 788 2935 878 3009 878 3009 788
3016 809 3016 874 3065 874 3065 809
3074 798 3074 869 3117 869 3117 798
3119 807 3119 866 3176 866 3176 807
231 772 231 839 297 839 297 772
312 772 312 853 373 853 373 772
3175 798 3175 868 3252 868 3252 798
3271 792 3271 873 3339 873 3339 792
3343 808 3343 878 3416 878 3416 808
3428 806 3428 878 3468 878 3468 806
3478 806 3478 882 3532 882 3532 806
3537 813 3537 874 3603 874 3603 813
3609 815 3609 872 3677 872 3677 815
3677 815 3677 879 3744 879 3744 815
3749 814 3749 875 3815 875 3815 814
3826 808 3826 865 3906 865 3906 808
3908 812 3908 875 3984 875 3984 812
3985 812 3985 876 4049 876 4049 812
4062 808 4062 882 4135 882 4135 808
4139 813 4139 875 4207 875 4207 813
4205 805 4205 871 4263 871 4263 805
4270 822 4270 884 4335 884 4335 822
4340 815 4340 884 4377 884 4377 815
4383 817 4383 888 4449 888 4449 817
4450 815 4450 882 4508 882 4508 815
4502 825 4502 882 4555 882 4555 825
225 862 225 936 284 936 284 862
288 861 288 933 360 933 360 861
365 868 365 931 436 931 436 868
444 860 444 939 514 939 514 860
513 865 513 931 569 931 569 865
2070 859 2070 935 2133 935 2133 859
2147 871 2147 939 2206 939 2206 871
2213 862 2213 941 2284 941 2284 862
2290 868 2290 940 2322 940 2322 868
2322 866 2322 940 2394 940 2394 866
2398 867 2398 932 2464 932 2464 867
2459 884 2459 940 2516 940 2516 884
2521 869 2521 937 2557 937 2557 869
2559 871 2559 934 2620 934 2620 871
2639 864 2639 940 2718 940 2718 864
2737 877 2737 945 2824 945 2824 877
2835 881 2835 944 2901 944 2901 881
2911 886 2911 945 2981 945 2981 886
3011 879 3011 939 3047 939 3047 879
3063 877 3063 959 3133 959 3133 877
3152 872 3152 943 3215 943 3215 872
3231 877 3231 949 3307 949 3307 877
3317 884 3317 954 3387 954 3387 884
3386 878 3386 950 3489 950 3489 878
3490 887 3490 953 3568 953 3568 887
3583 882 3583 956 3662 956 3662 882
3661 882 3661 956 3735 956 3735 882
3744 888 3744 952 3816 952 3816 888
3817 883 3817 944 3918 944 3918 883
3920 881 3920 942 3992 942 3992 881
4015 879 4015 945 4087 945 4087 879
4097 892 4097 946 4165 946 4165 892
4168 892 4168 948 4207 948 4207 892
4226 883 4226 947 4287 947 4287 883
4305 881 4305 954 4380 954 4380 881
4385 883 4385 957 4463 957 4463 883
161 947 161 1012 226 1012 226 947
242 945 242 1008 305 1008 305 945
318 941 318 1004 379 1004 379 941
384 951 384 1008 486 1008 486 951
495 921 495 1013 569 1013 569 921
574 939 574 1002 619 1002 619 939
634 929 634 1010 719 1010 719 929
2102 955 2102 1015 2170 1015 2170 955
2182 947 2182 1011 2250 1011 2250 947
2257 947 2257 1013 2335 1013 2335 947
2354 945 2354 1014 2421 1014 2421 945
2433 953 2433 1018 2475 1018 2475 953
2513 944 2513 1021 2573 1021 2573 944
2580 964 2580 1026 2647 1026 2647 964
2654 964 2654 1027 2742 1027 2742 964
2745 962 2745 1019 2798 1019 2798 962
2891 956 2891 1016 2955 1016 2955 956
2968 953 2968 1021 3033 1021 3033 953
3043 958 3043 1026 3109 1026 3109 958
3107 956 3107 1027 3175 1027 3175 956
3173 959 3173 1020 3266 1020 3266 959
3275 946 3275 1037 3344 1037 3344 946
3345 955 3345 1038 3416 1038 3416 955
3431 960 3431 1036 3476 1036 3476 960
3487 962 3487 1039 3553 1039 3553 962
3560 961 3560 1033 3639 1033 3639 961
3645 961 3645 1037 3718 1037 3718 961
3727 960 3727 1036 3792 1036 3792 960
3809 963 3809 1037 3874 1037 3874 963
3875 968 3875 1041 3957 1041 3957 968
3966 951 3966 1041 4035 1041 4035 951
4037 966 4037 1033 4104 1033 4104 966
4219 961 4219 1040 4284 1040 4284 961
4292 971 4292 1038 4375 1038 4375 971
4381 974 4381 1033 4448 1033 4448 974
4462 955 4462 1046 4530 1046 4530 955
2800 956 2800 1024 2876 1024 2876 956
4113 979 4113 1030 4208 1030 4208 979
228 1025 227.3200367960074 1083.2330827058584 293 1084 293.67996320399254 1025.7669172941414
306 1021 305.2927334275854 1081.5713846935691 342 1082 342.7072665724146 1021.4286153064309
370 1027 369.35492543438914 1082.2451666650381 434 1083 434.64507456561086 1027.7548333349619
438 1021 437.28037682057413 1082.6296233068156 469 1083 469.71962317942587 1021.3703766931842
496 1031 495.3895414249393 1083.2806005990828 557 1084 557.6104585750606 1031.7193994009172
568 1022 567.3436594187039 1078.210005378825 635 1079 635.6563405812961 1022.7899946211751
657 1016 656.2681565374786 1078.67618693263 684 1079 684.7318434625214 1016.3238130673701
714 1027 713.3937674663279 1078.9186759886757 806 1080 806.6062325336721 1028.0813240113243
817 1029 816.3542438148103 1084.3035416022005 876 1085 876.6457561851897 1029.6964583977992
891 1013 890.1351455319082 1087.0674516991514 970 1088 970.8648544680918 1013.9325483008486
2136 1021 2135.168943578964 1092.172935557791 2206 1093 2206.831056421036 1021.8270644422089
2215 1026 2214.2641156893287 1089.0222513124947 2298 1090 2298.7358843106713 1026.9777486875053
2311 1021 2310.257163169625 1084.6176756715518 2343 1085 2343.742836830375 1021.3823243284482
2355 1034 2354.318946204681 1092.3264826053185 2412 1093 2412.681053795319 1034.6735173946815
2441 1034 2440.2339495186757 1099.605728036288 2474 1100 2474.7660504813243 1034.394271963712
2480 1035 2479.3239901895645 1092.894508070316 2574 1094 2574.6760098104355 1036.105491929684
2584 1039 2583.274427437603 1101.1391375107355 2657 1102 2657.725572562397 1039.8608624892645
2678 1037 2677.1987882324624 1105.616994051973 2710 1106 2710.8012117675376 1037.383005948027
2734 1035 2733.1696251985427 1106.1145606206287 2809 1107 2809.8303748014573 1035.8854393793713
2823 1041 2822.296959468974 1101.2094600831617 2890 1102 2890.703040531026 1041.7905399168383
2916 1040 2915.222547179075 1106.582241737507 2951 1107 2951.777452820925 1040.417758262493
2969 1047 2968.2962778493948 1107.2678350203244 3031 1108 3031.7037221506052 1047.7321649796756
3054 1051 3053.320854739502 1109.1630327812634 3125 1110 3125.679145260498 1051.8369672187366
3132 1040 3131.1673076919747 1111.3130354069808 3190 1112 3190.8326923080253 1040.6869645930192
3214 1046 3213.167444015891 1117.3013604195485 3273 1118 3273.832555984109 1046.6986395804515
3276 1046 3275.192020905997 1115.1965581804875 3344 1116 3344.807979094003 1046.8034418195125
3351 1056 3350.31962782426 1114.2681076681558 3413 1115 3413.68037217574 1056.7318923318442
3435 1053 3434.2921881319226 1113.618084643299 3467 1114 3467.7078118680774 1053.381915356701
3477 1059 3476.4274291894676 1108.0358348347477 3559 1109 3559.5725708105324 1059.9641651652523
3570 1057 3569.2396751231377 1122.1153785641231 3645 1123 3645.7603248768623 1057.8846214358769
3657 1057 3656.3045447389336 1116.5598460300523 3694 1117 3694.6954552610664 1057.4401539699477
3708 1047 3707.2159161765253 1114.1501308785892 3780 1115 3780.7840838234747 1047.8498691214108
3792 1056 3791.3554707300523 1111.1984667153083 3860 1112 3860.6445292699477 1056.8015332846917
3865 1058 3864.293415047164 1118.5130097564067 3906 1119 3906.706584952836 1058.4869902435933
3916 1044 3915.155769028458 1116.3012240956327 3975 1117 3975.844230971542 1044.6987759043673
3987 1048 3986.144366688857 1121.277737796852 4048 1122 4048.855633311143 1048.722262203148
4065 1055 4064.3502904212532 1110.6421162377428 4095 1111 4095.6497095787463 1055.3578837622572
4115 1052 4114.260707591434 1115.314125998307 4173 1116 4173.739292408566 1052.685874001693
4183 1066 4182.306589597671 1125.384721218565 4235 1126 4235.693410402329 1066.615278781435
4249 1050 4248.121153037908 1125.2657901615878 4311 1126 4311.878846962092 1050.7342098384122
4321 1063 4320.411255512815 1113.4209730961043 4370 1114 4370.588744487185 1063.5790269038957
4387 1049 4386.142049182289 1122.4762125832044 4431 1123 4431.857950817711 1049.5237874167956
4435 1056 4434.281331087985 1117.5478983947885 4473 1118 4473.718668912015 1056.4521016052115
4475 1060 4474.33457458567 1116.9880442936917 4561 1118 4561.66542541433 1061.0119557063083
137 1104 136.32289959823837 1161.987907969776 223 1163 223.67710040176163 1105.012092030224
254 1101 253.18711324503 1170.616857728057 286 1171 286.81288675497 1101.383142271943
297 1084 295.98091686480217 1171.2758292620313 358 1172 359.01908313519783 1084.7241707379687
361 1096 360.21577985260956 1163.1618058660217 432 1164 432.78422014739044 1096.8381941339783
440 1110 439.3815471832323 1162.9652396144897 528 1164 528.6184528167677 1111.0347603855103
530 1098 529.2027416260195 1166.2784194164308 591 1167 591.7972583739805 1098.7215805835692
602 1101 601.2030142738511 1169.2550694415656 665 1170 665.7969857261489 1101.7449305584344
676 1088 675.0868096951891 1166.2070062526782 743 1167 743.9131903048109 1088.7929937473218
758 1100 757.2391298274746 1165.1620785138532 829 1166 829.7608701725254 1100.8379214861468
845 1101 844.2032869216825 1169.2317194667007 910 1170 910.7967130783175 1101.7682805332993
916 1096 915.110841289633 1172.1489039633473 988 1173 988.889158710367 1096.8510960366527
2126 1103 2125.122107305318 1178.1840652495605 2195 1179 2195.877892694682 1103.8159347504395
2215 1103 2214.1335096449193 1177.2075515483414 2282 1178 2282.8664903550807 1103.7924484516586
2303 1114 2302.262752450171 1177.1390011868198 2376 1178 2376.737247549829 1114.8609988131802
2379 1116 2378.285557129373 1177.185973784381 2448 1178 2448.714442870627 1116.814026215619
2466 1119 2465.320445767755 1177.1980577435609 2534 1178 2534.679554232245 1119.8019422564391
2559 1110 2558.1405496192156 1183.6046374449616 2592 1184 2592.8594503807844 1110.3953625550384
2612 1115 2611.180891214228 1185.149721906842 2684 1186 2684.819108785772 1115.850278093158
2690 1116 2689.0523300285545 1197.159897331201 2761 1198 2761.9476699714455 1116.840102668799
2774 1114 2773.0035852200886 1199.3344768470254 2830 1200 2830.9964147799114 1114.6655231529746
2856 1110 2855.0472860436716 1191.591871866203 2890 1192 2890.9527139563284 1110.408128133797
2932 1131 2931.44764371427 1178.3046321935267 2991 1179 2991.55235628573 1131.6953678064733
3028 1125 3027.3084981324905 1184.2212713945103 3094 1185 3094.6915018675095 1125.7787286054897
3151 1120 3150.048240311082 1201.5101469541758 3192 1202 3192.951759688918 1120.4898530458242
3209 1122 3208.0398370976277 1204.2298109318804 3274 1205 3274.9601629023723 1122.7701890681196
3301 1129 3300.2043775130082 1197.1383195672408 3374 1198 3374.7956224869918 1129.8616804327592
3391 1131 3390.2039685412615 1199.1733445295383 3461 1200 3461.7960314587385 1131.8266554704617
3477 1120 3475.9123665032807 1213.1465864567795 3549 1214 3550.0876334967193 1120.8534135432205
3558 1133 3557.0771795664928 1212.0317451172752 3640 1213 3640.9228204335072 1133.9682548827248
3653 1142 3652.1800732707334 1212.219771831437 3719 1213 3719.8199267292666 1142.780228168563
3740 1139 3739.121562009655 1214.2307651992903 3805 1215 3805.878437990345 1139.7692348007097
3808 1139 3807.2353127578335 1204.488978161963 3851 1205 3851.7646872421665 1139.511021838037
3869 1127 3868.1770741445866 1197.4766215549514 3913 1198 3913.8229258554134 1127.5233784450486
3922 1143 3921.3539711669787 1198.3268915770655 3979 1199 3979.6460288330213 1143.6731084229345
4005 1139 4004.3799112962433 1192.1053394636797 4081 1193 4081.6200887037567 1139.8946605363203
4099 1132 4098.085719103863 1210.3004061521383 4158 1211 4158.914280896137 1132.6995938478617
4170 1138 4169.199333528126 1206.570294102243 4206 1207 4206.800666471874 1138.429705897757
4231 1150 4230.344068390451 1206.1749804165274 4301 1207 4301.655931609549 1150.8250195834726
4312 1138 4311.0262535753745 1221.3931244320192 4363 1222 4363.9737464246255 1138.6068755679808
140 1188 139.14859273024555 1260.9158131864447 232 1262 232.85140726975445 1189.0841868135553
252 1179 251.10947805047533 1255.265653837672 314 1256 314.89052194952467 1179.734346162328
322 1191 321.16430856582804 1262.5698851304958 358 1263 358.83569143417196 1191.4301148695042
392 1201 391.1803459185648 1271.1964218565718 460 1272 460.8196540814352 1201.8035781434282
476 1181 475.2002877955358 1249.4885691902157 519 1250 519.7997122044642 1181.5114308097843
530 1188 529.2733368462774 1250.2325374101954 595 1251 595.7266631537226 1188.7674625898046
597 1185 596.110841289633 1261.1489039633473 669 1262 669.889158710367 1185.8510960366527
685 1175 683.8184213081576 1276.1921958151834 753 1277 754.1815786918424 1175.8078041848166
762 1182 761.0270715188691 1265.3230745074243 819 1266 819.9729284811309 1182.6769254925757
832 1178 831.0171687423415 1262.1711633468863 902 1263 902.9828312576585 1178.8288366531137
911 1192 910.1817091577224 1262.079671982247 989 1263 989.8182908422776 1192.920328017753
1002 1196 1001.1337822927507 1270.1842015734762 1071 1271 1071.8662177072495 1196.8157984265238
2271 1191 2270.281331087984 1252.5478983947885 2309 1253 2309.718668912016 1191.4521016052115
2321 1193 2320.263025098003 1256.1156512119549 2396 1257 2396.736974901997 1193.8843487880451
2412 1211 2411.3785480570855 1264.2220893380047 2478 1265 2478.6214519429145 1211.7779106619953
2495 1193 2494.133373321003 1267.2192265357737 2561 1268 2561.866626678997 1193.7807734642263
2569 1202 2568.237221292654 1267.325528337908 2626 1268 2626.762778707346 1202.674471662092
2634 1201 2633.0993026261162 1278.137092651999 2707 1279 2707.9006973738838 1201.862907348001
2720 1194 2719.0267988710375 1277.3464244822892 2775 1278 2775.9732011289625 1194.6535755177108
2790 1209 2789.3428414752093 1265.2800553034199 2851 1266 2851.6571585247907 1209.7199446965801
2867 1211 2866.2737458180245 1273.197512447898 2935 1274 2935.7262541819755 1211.802487552102
2940 1210 2939.262207154508 1273.1857011365498 3009 1274 3009.737792845492 1210.8142988634502
3018 1206 3017.2125080786313 1273.4420055644014 3065 1274 3065.7874919213687 1206.5579944355986
3071 1199 3070.051103113313 1280.2649722180934 3133 1281 3133.948896886687 1199.7350277819066
3142 1204 3141.029389025437 1287.1245997210722 3216 1288 3216.970610974563 1204.8754002789278
3227 1208 3225.935443830314 1299.1702090794759 3297 1300 3298.064556169686 1208.8297909205241
# Transcript
********TONAI*
*ERAMWSAI KATA TA GEGRAMMENA
ISTYLIA :DDP: ARIQMOS EPITONAIWN WN DE
AI EG DYOIN TETRAGWNOIN EKASTON :
TAS KAI KALYMMATA *DDI* TAYTA O MISQWSAME
*OSKAI KOLLAN WMOBOION KAI TALLA WN AN DEHI PRO
* THN ERGEUIN KAI THN ALIFHN TWN XYLWN KAI THN
DORWSIN LHN KERAMOY APODWSEI EXERGASAMENOS
*PI DIOTIMOYYNICIWNI KAI QARGHLIWNI KAI SKIROFORIW
MISQWTHS AGAYS ALAIEYS :CC: EGGYHTAI : CARIAS
PEIQIOY FREAR**IKLEOYS ALAIEYS
# Lines: x1 y1 x2 y2 x3 y3 x4 y4
