# Baseline angle
0.03477057039881559
# Boxes: x1 y1 x2 y2 x3 y3 x4 y4
512 120 507.0701910089771 261.72393704067986 630 266 634.9298089910229 124.27606295932013
696 138 690.6605314143134 291.50097966199723 820 296 825.3394685856866 142.49902033800277
852 162 847.9807484004594 277.5469028680858 976 282 980.0192515995406 166.45309713191418
514 310 509.28589735511946 445.5227327596182 638 450 642.7141026448805 314.4772672403818
678 332 673.2834803442727 467.5922178641522 800 472 804.7165196557273 336.4077821358478
852 334 847.40794848826 466.0139625130497 962 470 966.59205151174 337.9860374869503
1012 348 1007.8224421046173 468.0979496826643 1120 472 1124.1775578953827 351.9020503173357
1177 352 1173.0381484507598 465.89674540160263 1291 470 1294.9618515492402 356.10325459839737
1328 374 1324.1544611617944 484.55294539520276 1452 489 1455.8455388382056 378.44705460479724
1514 369 1509.4629315277134 499.43329015110044 1612 503 1616.5370684722866 372.56670984889956
508 501 503.7529570000833 623.0955326718176 616 627 620.2470429999167 504.9044673281825
677 496 672.8834676711875 614.3435645593802 778 618 782.1165323288125 499.65643544061993
814 517 810.1713802377218 627.0665496634647 952 632 955.8286197622782 521.9334503365353
1009 529 1004.8115655558069 649.4106326530673 1108 653 1112.1884344441933 532.5893673469327
1162 522 1157.4538716943487 652.6937455269036 1310 658 1314.5461283056513 527.3062544730964
1346 541 1342.0453994833001 654.6882900880006 1466 659 1469.9546005166999 545.3117099119994
1509 560 1504.72667398578 682.8511263005252 1624 687 1628.27332601422 564.1488736994748
1678 553 1673.1744186657781 691.72756255695 1796 696 1800.8255813342219 557.27243744305
1839 577 1834.8991782416915 694.8919113799091 1953 699 1957.1008217583085 581.1080886200909
498 654 493.6142908960264 780.0819561289576 635 785 639.3857091039736 658.9180438710424
665 658 660.6309058669426 783.604302918386 787 788 791.3690941330574 662.395697081614
809 668 804.3360463728793 802.0810306067369 917 806 921.6639536271207 671.9189693932631
957 690 953.0396610611941 803.8532603281692 1101 809 1104.960338938806 695.1467396718308
1160 685 1155.537554758952 813.2879944317128 1291 818 1295.462445241048 689.7120055682872
1342 702 1337.7686675705872 823.6438794923465 1463 828 1467.2313324294128 706.3561205076535
1499 714 1494.8194247983695 834.1846922971324 1662 840 1666.1805752016305 719.8153077028676
1693 723 1688.1822699937195 861.5018497334138 1760 864 1764.8177300062805 725.4981502665862
1824 740 1819.9028037579617 857.7876837231081 1941 862 1945.0971962420383 744.2123162768919
1994 726 1988.7502570060337 876.9215158054715 2106 881 2111.2497429939663 730.0784841945285
2144 754 2139.575922827489 881.1849752803352 2278 886 2282.424077172511 758.8150247196648
482 869 477.46293152771347 999.4332901511006 580 1003 584.5370684722866 872.5667098488994
661 885 656.9783313896127 1000.6163879726198 783 1005 787.0216686103873 889.3836120273802
823 883 817.9445143595664 1028.3369349440493 952 1033 957.0554856404336 887.6630650559507
995 885 990.2378612431952 1021.9036923291319 1108 1026 1112.7621387568047 889.0963076708681
1139 893 1134.2571973299691 1029.3478114928596 1268 1034 1272.7428026700309 897.6521885071402
1316 902 1310.874725150021 1049.3432604543689 1416 1053 1421.125274849979 905.656739545631
1487 924 1482.3886124014857 1056.5698433493217 1581 1060 1585.6113875985143 927.4301566506782
1648 917 1642.5118931618583 1074.7740860584397 1764 1079 1769.4881068381417 921.2259139415603
1808 940 1803.6704824409032 1064.4665412147413 1934 1069 1938.3295175590968 944.5334587852586
1991 945 1986.1275910592772 1085.0737795741966 2099 1089 2103.872408940723 948.9262204258033
2159 971 2153.880159467116 1118.1870327353668 2206 1120 2211.119840532884 972.8129672646332
465 1062 460.9293908772762 1179.0233475732339 604 1184 608.0706091227238 1066.9766524267661
637 1062 632.2886184709772 1197.4445051339178 792 1203 796.7113815290228 1067.5554948660822
818 1064 813.1312165755475 1203.9695519173956 929 1208 933.8687834244525 1068.0304480826044
971 1074 966.4538716943485 1204.6937455269037 1119 1210 1123.5461283056513 1079.3062544730963
1156 1089 1151.6559803758225 1213.8834518419453 1270 1218 1274.3440196241775 1093.1165481580547
1310 1100 1305.666856924633 1224.5707688715422 1433 1229 1437.333143075367 1104.4292311284578
1475 1129 1470.8429866968147 1248.5073262941255 1600 1253 1604.1570133031853 1133.4926737058745
1629 1132 1624.7783356139744 1253.3659390742105 1758 1258 1762.2216643860256 1136.6340609257895
1820 1136 1816.0357314399128 1249.9662305061368 1932 1254 1935.9642685600872 1140.0337694938632
1963 1144 1959.3366334610932 1249.3157900564506 2094 1254 2097.6633665389068 1148.6842099435494
2144 1156 2140.572276189411 1254.5414474291829 2240 1258 2243.427723810589 1159.4585525708171
467 1201 462.3626334921937 1334.316694456863 597 1339 601.6373665078063 1205.683305543137
670 1227 665.6626231983406 1351.6924815706761 732 1354 736.3373768016594 1229.3075184293239
802 1230 797.4632356327245 1360.424547629934 929 1365 933.5367643672755 1234.575452370066
979 1237 974.3577994705001 1370.455664665931 1105 1375 1109.6422005294999 1241.544335334069
1139 1253 1134.653563364976 1377.9529369464794 1251 1382 1255.346436635024 1257.0470630535206
1304 1253 1299.0593144601667 1395.0366200110827 1413 1399 1417.9406855398333 1256.9633799889173
1464 1260 1459.1638462219787 1399.0315030061865 1602 1404 1606.8361537780213 1264.9684969938135
# Transcript
HSA*
HSSTHLH
DRACMASEK*
MENWNTWIDHM
BLEPYROSPEI
AMENALLAKAQ
EIASTHS*