# Baseline angle
-0.022822489018974768
# Boxes: x1 y1 x2 y2 x3 y3 x4 y4
856 454 856.108716076107 624.086858956982 992 624 991.891283923893 453.91314104301796
990 461 990.1023263239643 621.0900589399357 1131 621 1130.8976736760358 460.9099410600642
1157 452 1157.1010585873005 610.1066784237657 1324 610 1323.8989414126995 451.8933215762342
1329 456 1329.0972128880476 608.0900622083406 1470 608 1469.9027871119524 455.9099377916595
1478 449 1478.0972128880476 601.0900622083406 1619 601 1618.9027871119524 448.9099377916595
1623 437 1623.1061609923513 603.0894173091427 1763 603 1762.8938390076487 436.91058269085727
1760 444 1760.09785411029 597.0932576972377 1906 597 1905.90214588971 443.90674230276227
1905 451 1905.0825101255853 580.0875148870457 2042 580 2041.9174898744145 450.9124851129543
2071 446 2071.0869925530237 582.100295616983 2228 582 2227.9130074469763 445.89970438301697
2244 420 2244.104250807793 583.1009237656068 2402 583 2401.895749192207 419.89907623439325
2431 418 2431.098496966735 572.0990099040934 2586 572 2585.901503033265 417.9009900959067
2570 413 2570.0895419170715 553.0887887519684 2709 553 2708.9104580829285 412.91121124803163
2725 393 2725.0946786403715 541.1252187144693 2921 541 2920.9053213596285 392.87478128553073
2922 380 2922.0991173528973 535.0696072390224 3031 535 3030.9008826471027 379.9303927609776
3047 384 3047.094018624802 531.0926209690517 3192 531 3191.905981375198 383.90737903094833
3187 367 3187.101041836726 525.0804720646934 3313 525 3312.898958163274 366.91952793530663
3311 367 3311.1119136077573 542.0894136321874 3451 542 3450.8880863922427 366.9105863678126
3445 362 3445.096568397401 513.0817532835266 3573 513 3572.903431602599 361.91824671647333
3582 360 3582.092094140973 504.08175614338074 3710 504 3709.907905859027 359.91824385661926
3698 342 3698.1048850846755 506.09325320318123 3844 506 3843.8951149153245 341.90674679681865
3823 340 3823.108076488067 509.0862201860431 3958 509 3957.891923511933 339.9137798139569
3950 329 3950.112564635214 505.10794942883444 4119 505 4118.887435364786 328.89205057116556
4143 333 4143.099131652168 488.0919785211574 4287 488 4286.900868347832 332.9080214788426
4260 328 4260.102327549616 488.0919764784045 4404 488 4403.897672450384 327.9080235215955
4400 337 4400.089535788813 477.0792010596248 4524 477 4523.910464211187 336.9207989403752
1003 665 1003.1016785649124 824.0766365792053 1123 824 1122.8983214350876 664.9233634207947
1148 673 1148.0997610264437 829.076637804857 1268 829 1267.9002389735563 672.923362195143
1259 649 1259.1170135615046 832.0683174406269 1366 832 1365.8829864384954 648.9316825593731
1379 648 1379.1074111613398 816.045313107261 1450 816 1449.8925888386602 647.954686892739
1456 649 1456.1004279873732 806.1201016015975 1644 806 1643.8995720126268 648.8798983984025
1652 653 1652.0940321069716 800.1137138922077 1830 800 1829.9059678930284 652.8862861077923
1838 654 1838.094011679442 801.081754917729 1966 801 1965.905988320558 653.918245082271
1964 641 1964.09720757689 793.081752874976 2092 793 2091.90279242311 640.918247125024
2115 649 2115.0946181748845 797.0306201500125 2163 797 2162.9053818251155 648.9693798499875
2167 630 2167.0959402487765 780.0990115382957 2322 780 2321.9040597512235 629.9009884617043
2288 630 2288.0921080316934 774.1034882460261 2450 774 2449.9078919683066 629.8965117539739
2451 624 2451.101018549343 782.0440388337878 2520 782 2519.898981450657 623.9559611662122
2544 628 2544.0869839734614 764.0868728477019 2680 764 2679.9130160265386 627.9131271522981
2678 605 2678.1068034402456 772.0945303365087 2826 772 2825.8931965597544 604.9054696634913
2859 594 2859.1067956777842 761.0823859262068 2988 761 2987.8932043222158 593.9176140737932
2991 597 2991.0978659582574 750.1117939024352 3166 750 3165.9021340417426 596.8882060975648
3179 590 3179.1042242520048 753.0593770987846 3272 753 3271.8957757479952 589.9406229012154
3268 593 3268.0972010400806 745.0715260031428 3380 745 3379.9027989599194 592.9284739968572
3376 592 3376.095934937619 742.0907022049313 3518 742 3517.904065062381 591.9092977950687
3522 592 3522.090180688011 733.0881491639282 3660 733 3659.909819311989 591.9118508360718
3652 573 3652.101694906936 732.1022037587883 3812 732 3811.898305093064 572.8977962412117
3827 569 3827.106789958076 736.0734374133527 3942 736 3941.893210041924 568.9265625866473
3935 553 3935.109967062197 725.0440331140795 4004 725 4003.890032937803 552.9559668859205
4000 566 4000.094012496543 713.0830332767082 4130 713 4129.905987503457 565.9169667232918
4123 557 4123.1048789564165 721.0836655108377 4254 721 4253.8951210435835 556.9163344891623
4258 565 4258.0888957922225 704.0779231091963 4380 704 4379.9111042077775 564.9220768908037
4388 558 4388.101014872387 716.0382862183816 4448 716 4447.898985127613 557.9617137816184
1652 878 1652.101681833317 1037.0817500151218 1780 1037 1779.898318166683 877.9182499848781
1776 874 1776.1036005974374 1036.083666327939 1907 1036 1906.8963994025626 873.9163336720611
1880 877 1880.0965696230523 1028.0836708219952 2011 1028 2010.9034303769477 876.9163291780046
2001 868 2001.1029659120045 1029.0906977108746 2143 1029 2142.8970340879955 867.9093022891252
2120 864 2120.0978410366715 1017.0728039535713 2234 1017 2233.9021589633285 863.9271960464287
2233 855 2233.1036042743926 1017.089418943345 2373 1017 2372.8963957256074 854.910581056655
2378 850 2378.10485362628 1014.0440363824841 2447 1014 2446.89514637372 849.9559636175157
2445 856 2445.1061626265537 1022.0919740271011 2589 1022 2588.8938373734463 855.908025972899
2587 860 2587.0920986350297 1004.0887871177661 2726 1004 2725.9079013649703 859.9112128822339
2704 843 2704.0978496162334 996.0862267228524 2839 996 2838.9021503837666 842.9137732771476
2851 816 2851.11064341979 989.10219803908 3011 989 3010.88935658021 815.89780196092
3003 827 3003.095922272551 977.0708876407544 3114 977 3113.904077727449 826.9291123592456
3115 816 3115.09785411029 969.0932576972377 3261 969 3260.90214588971 815.9067423027623
3261 813 3261.102971631713 974.0996462237288 3417 974 3416.897028368287 812.9003537762712
3412 814 3412.1036022316403 976.0862230458971 3547 976 3546.8963977683597 813.9137769541029
3539 814 3539.0965639033443 965.0747223091413 3656 965 3655.9034360966557 813.9252776908587
3658 810 3658.0997340621047 966.0344519585453 3712 966 3711.9002659378953 809.9655480414547
3718 812 3718.094672512113 960.1156310221256 3899 960 3898.905327487887 811.8843689778744
3897 803 3897.1036026401907 965.0868622253868 4033 965 4032.8963973598093 802.9131377746132
4034 799 4034.092736588868 944.0868691707467 4170 944 4169.907263411133 798.9131308292533
4170 794 4170.098483076014 948.0772778014478 4291 948 4290.901516923986 793.9227221985522
4289 788 4289.090827629961 930.1002931656794 4446 930 4445.909172370039 787.8997068343206
215 1167 215.10423487432007 1330.0759957655134 334 1330 333.89576512567993 1166.9240042344866
325 1169 325.10039693752856 1326.0715239603899 437 1326 436.89960306247144 1168.9284760396101
445 1169 445.0933626947385 1315.0664150185298 549 1315 548.9066373052614 1168.9335849814702
554 1166 554.0914471990227 1309.0696121416295 663 1309 662.9085528009773 1165.9303878583705
667 1171 667.0869807050569 1307.0817594117852 795 1307 794.9130192949431 1170.9182405882148
794 1159 794.0869790708546 1295.0792026938273 918 1295 917.9130209291454 1158.9207973061727
886 1150 886.0933782196608 1296.0907038391335 1028 1296 1027.906621780339 1149.9092961608665
1020 1155 1020.0805856417567 1281.0766500613747 1140 1281 1139.9194143582433 1154.9233499386253
1148 1138 1148.0908153734435 1280.0811177809924 1275 1280 1274.9091846265565 1137.9188822190076
1273 1133 1273.098485118768 1287.0804736988957 1399 1287 1398.901514881232 1132.9195263011043
1402 1121 1402.1004034743378 1278.0817508322232 1530 1278 1529.8995965256622 1120.9182491677768
1529 1126 1529.0857007118755 1260.0792035109282 1653 1260 1652.9142992881245 1125.9207964890718
1653 1116 1653.0952642997343 1265.041485792785 1718 1265 1717.9047357002657 1115.958514207215
1717 1112 1717.0901774196059 1253.0830357280117 1847 1253 1846.9098225803941 1111.9169642719883
1837 1110 1837.0933716828515 1256.0804769673002 1963 1256 1962.9066283171485 1109.9195230326998
1975 1096 1975.0984847102175 1250.0798345194062 2100 1250 2099.9015152897828 1095.9201654805938
2098 1093 2098.0920896469174 1237.0747251689954 2215 1237 2214.9079103530826 1092.9252748310046
2202 1083 2202.097218199205 1235.0983715417049 2356 1235 2355.902781800795 1082.9016284582951
2357 1094 2357.0952614398807 1243.0370115363578 2415 1243 2414.9047385601193 1093.9629884636422
2418 1082 2418.09337740256 1228.0894254801544 2558 1228 2557.90662259744 1081.9105745198456
2551 1077 2551.0965422501627 1228.040845796194 2615 1228 2614.9034577498373 1076.959154203806
2611 1079 2611.0888994691772 1218.0836757246022 2742 1218 2741.9111005308228 1078.9163242753978
2739 1082 2739.0857076572356 1216.090069562251 2880 1216 2879.9142923427644 1081.909930437749
2885 1062 2885.096568397401 1213.0817532835267 3013 1213 3012.903431602599 1061.9182467164733
2996 1058 2996.0895382401163 1198.0830361365622 3126 1198 3125.9104617598837 1057.9169638634378
3328 1025 3328.105519361558 1190.0855826407558 3462 1190 3461.894480638442 1024.9144173592442
3459 1038 3459.0908194589497 1180.0875095758881 3596 1180 3595.9091805410503 1037.9124904241119
3614 1037 3614.094649224729 1185.0791977912202 3738 1185 3737.905350775271 1036.9208022087798
3716 1024 3716.102958149543 1185.0785533005728 3839 1185 3838.897041850457 1023.9214466994272
3828 1022 3828.1016683511475 1181.060657091966 3923 1181 3922.8983316488525 1021.939342908034
3915 1025 3915.095296575231 1174.091980972461 4059 1174 4058.904703424769 1024.908019027539
4036 1002 4036.159865143094 1252.1098367345598 4208 1252 4207.840134856906 1001.8901632654404
4202 1001 4202.1016924556325 1160.0983686818508 4356 1160 4355.8983075443675 1000.9016313181492
4368 994 4368.106168346262 1160.1009225399548 4526 1160 4525.893831653738 993.899077460045
423 1400 423.0882557956313 1538.0766451587676 543 1538 542.9117442043687 1399.9233548412324
526 1417 526.0665392179083 1521.1009478700914 684 1521 683.9334607820917 1416.8990521299086
670 1396 670.0844362436162 1528.100936430675 828 1528 827.9155637563838 1395.899063569325
1248 1376 1248.084416633188 1508.0702558151754 1358 1508 1357.915583366812 1375.9297441848246
1364 1370 1364.0933704571996 1516.0785594288318 1487 1516 1486.9066295428004 1369.9214405711682
1483 1358 1483.1048728281578 1522.0740778184943 1599 1522 1598.8951271718422 1357.9259221815057
1576 1350 1576.0946414622683 1498.0670533809184 1681 1498 1680.9053585377317 1349.9329466190816
1820 1343 1820.0889006948291 1482.0855932630711 1954 1482 1953.9110993051709 1342.9144067369289
1958 1329 1958.1029483443292 1490.063212992823 2057 1490 2056.897051655671 1328.936787007177
2056 1337 2056.0946504503813 1485.0811153296888 2183 1485 2182.9053495496187 1336.9188846703112
2177 1328 2177.092092506771 1472.0791994254223 2301 1472 2300.907907493229 1327.9208005745777
2296 1315 2296.0959206383486 1465.0683309227963 2403 1465 2402.9040793616514 1314.9316690772037
2401 1322 2401.086977436652 1458.0766459758688 2521 1458 2520.913022563348 1321.9233540241312
2541 1315 2541.0888974264244 1454.0804798271547 2667 1454 2666.9111025735756 1314.9195201728453
2676 1305 2676.094649224729 1453.0791977912202 2800 1453 2799.905350775271 1304.9208022087798
2798 1296 2798.0863402999157 1431.0798422818673 2923 1431 2922.9136597000843 1295.9201577181327
2923 1289 2923.0946292057506 1437.0478779962311 2998 1437 2997.9053707942494 1288.9521220037689
3001 1295 3001.0793023801702 1419.068980724601 3109 1419 3108.9206976198298 1294.931019275399
3106 1265 3106.1055140504004 1430.0772733073914 3227 1430 3226.8944859495996 1264.9227266926086
3228 1265 3228.0978487991324 1418.0849483638733 3361 1418 3360.9021512008676 1264.9150516361267
3361 1285 3361.078664017782 1408.0702594921308 3471 1408 3470.921335982218 1284.9297405078692
3466 1266 3466.0908341667705 1408.1105200375127 3639 1408 3638.9091658332295 1265.8894799624873
3638 1264 3638.088254161429 1402.0740884408094 3754 1402 3753.911745838571 1263.9259115591906
3744 1253 3744.089539465768 1393.084953675031 3877 1393 3876.910460534232 1252.915046324969
3879 1245 3879.0920880127146 1389.0721684510372 3992 1389 3991.9079119872854 1244.9278315489628
3983 1239 3983.097196137474 1391.063855849268 4083 1391 4082.9028038625256 1238.936144150732
4074 1237 4074.0978516589867 1390.0894226203004 4214 1390 4213.902148341013 1236.9105773796996
325 1615 325.07995504182924 1740.0900732392063 466 1740 465.92004495817076 1614.9099267607937
2900 1472 2900.097221876161 1624.1041241571108 3063 1624 3062.902778123839 1471.8958758428892
3054 1468 3054.098481850363 1622.0753602629793 3172 1622 3171.901518149637 1467.9246397370207
3174 1480 3174.090828038512 1622.100932345169 3332 1622 3331.909171961488 1479.899067654831
3335 1465 3335.088896609323 1604.0792014681754 3459 1604 3458.911103390677 1464.9207985318246
3459 1470 3459.0837893016655 1601.0887924289236 3598 1601 3597.9162106983345 1469.9112075710764
3592 1457 3592.0901733341 1598.076643933116 3712 1598 3711.9098266659 1456.923356066884
3711 1456 3711.089505147519 1596.031262597907 3760 1596 3759.910494852481 1455.968737402093
3764 1446 3764.0863398913652 1581.0792031023777 3888 1581 3887.9136601086348 1445.9207968976223
1312 1713 1312.0895349717116 1853.0779227006458 1434 1853 1433.9104650282884 1712.9220772993542
1451 1704 1451.1003724244931 1861.0331731910155 1503 1861 1502.8996275755069 1703.9668268089845
1502 1706 1502.0946447306728 1854.0721668168349 1615 1854 1614.9053552693272 1705.9278331831651
1639 1726 1639.0844170417386 1858.070894994665 1750 1858 1749.9155829582614 1725.929105005335
1754 1724 1754.0824933750112 1853.061308527973 1850 1853 1849.9175066249888 1723.938691472027
1850 1725 1850.0844178588397 1857.0721733536443 1963 1857 1962.9155821411603 1724.9278266463557
1958 1690 1958.135556712062 1902.0791716439826 2082 1902 2081.864443287938 1689.9208283560174
2082 1706 2082.0869594604264 1842.0485220783278 2158 1842 2157.9130405395736 1705.9514779216722
2474 1684 2474.086970082742 1820.0651407450566 2576 1820 2575.913029917258 1683.9348592549434
2578 1684 2578.0850598981833 1817.0766472015207 2698 1817 2697.9149401018167 1683.9233527984793
2699 1676 2699.0831386827595 1806.0708958117664 2810 1806 2809.9168613172405 1675.9291041882336
2795 1674 2795.0856929494144 1808.0670591006265 2900 1808 2899.9143070505856 1673.9329408993735
2903 1666 2906.1377723468295 1803.4621119978347 3014 1801 3010.8622276531705 1663.5378880021653
3018 1665 3020.96911764737 1795.0735481941047 3068 1794 3065.03088235263 1663.9264518058953
3071 1665 3074.0922427776236 1800.4675151789374 3226 1797 3222.9077572223764 1661.5324848210626
3244 1665 3246.6544007193584 1781.2861701360382 3303 1780 3300.3455992806416 1663.7138298639618
3323 1664 3325.654500279896 1780.2905317659859 3426 1778 3423.345499720104 1661.7094682340141
3427 1657 3429.7344010372176 1776.7908898664384 3552 1774 3549.2655989627824 1654.2091101335616
3540 1650 3542.770234991527 1771.3607332126621 3690 1768 3687.229765008473 1646.6392667873379
3660 1644 3662.8470110953836 1768.7242039238824 3826 1765 3823.1529889046164 1640.2757960761176
3798 1645 3800.7121072479235 1763.814225206888 3924 1761 3921.2878927520765 1642.185774793112
3928 1641 3930.9696384229474 1771.0963627589767 3979 1770 3976.0303615770526 1639.9036372410233
3968 1637 3970.992751669434 1768.1089268732424 4151 1764 4148.007248330567 1632.8910731267576
4146 1614 4149.491447882615 1766.9562207913573 4279 1764 4275.508552117385 1611.0437792086427
4271 1628 4274.008175815682 1759.7846405595085 4396 1757 4392.991824184318 1625.2153594404915
4387 1606 4390.679172157366 1767.1802002354577 4530 1764 4526.320827842634 1602.8197997645423
964 1957 967.5604123528091 2112.9774730294967 1098 2110 1094.4395876471908 1954.0225269705033
1094 1964 1096.8023239562565 2086.766512974834 1218 2084 1215.1976760437435 1961.2334870251661
1214 1936 1217.6765682794794 2097.066127411097 1352 2094 1348.3234317205206 1932.9338725889024
2454 1894 2456.89878997152 2020.9925755212444 2588 2018 2585.10121002848 1891.0074244787556
2582 1880 2585.3570648107325 2027.0690566392345 2676 2025 2672.6429351892675 1877.9309433607652
2671 1868 2674.410605134677 2017.4145951911084 2824 2014 2820.589394865323 1864.5854048088916
2808 1861 2811.4551927132666 2012.3679245102091 2959 2009 2955.5448072867334 1857.6320754897909
2966 1866 2969.3663392105896 2013.4753571769838 3034 2012 3030.6336607894104 1864.5246428230162
3023 1857 3026.2814298185694 2000.7555766877063 3147 1998 3143.7185701814306 1854.2444233122937
3159 1846 3162.4240457391543 1996.003412247834 3294 1993 3290.5759542608457 1842.996587752166
3284 1841 3287.4261288414646 1991.094670507322 3423 1988 3419.5738711585354 1837.905329492678
3411 1836 3414.4348824657436 1986.478156480199 3523 1984 3519.5651175342564 1833.521843519801
3519 1844 3521.930978496787 1972.4027169133637 3671 1969 3668.069021503213 1840.5972830866363
3663 1837 3665.9594220324734 1966.6487947214312 3782 1964 3779.0405779675266 1834.3512052785688
3778 1832 3781.2688316441713 1975.2036655008294 3834 1974 3830.7311683558287 1830.7963344991706
3831 1838 3833.8495154127327 1962.833915118295 3958 1960 3955.1504845872673 1835.166084881705
3956 1821 3959.342682215639 1967.4389720827128 4110 1964 4106.657317784361 1817.5610279172872
4110 1840 4112.518133666242 1950.316470984323 4214 1948 4211.481866333758 1837.683529015677
4207 1817 4210.2441330980655 1959.1216512768142 4347 1956 4343.7558669019345 1813.8783487231858
2482 2080 2484.9190006585045 2207.877981921307 2611 2205 2608.0809993414955 2077.122018078693
2614 2088 2616.8137810189614 2211.268433402019 2760 2208 2757.1862189810386 2084.731566597981
2759 2073 2761.9968183135156 2204.287081762271 2906 2201 2903.0031816864844 2069.712918237729
2908 2066 2910.862534802171 2191.4042792400965 3060 2188 3057.137465197829 2062.5957207599035
3072 2069 3074.8188892141984 2192.492217420792 3184 2190 3181.1811107858016 2066.507782579208
3180 2054 3182.9267127316284 2182.2158387644395 3280 2180 3277.0732872683716 2051.7841612355605
3280 2058 3282.7556532753574 2178.721925396245 3402 2176 3399.2443467246426 2055.278074603755
3391 2040 3394.5360354612044 2194.9095501104584 3522 2192 3518.4639645387956 2037.0904498895416
3522 2052 3525.306848261329 2196.869128736489 3651 2194 3647.693151738671 2049.130871263511
3646 2033 3649.3228927436935 2178.5720186175745 3762 2176 3758.6771072563065 2030.4279813824255
3756 2032 3759.2390249028285 2173.8978672580415 3930 2170 3926.7609750971715 2028.1021327419585
3931 2022 3934.62989759858 2181.021539832508 4067 2178 4063.37010240142 2018.9784601674917
4050 2021 4053.3488319620305 2167.70838523123 4172 2165 4168.65116803797 2018.2916147687704
4166 2021 4169.402173164899 2170.0452005232078 4259 2168 4255.597826835101 2018.9547994767922
4254 2025 4257.613653995139 2183.309926691527 4315 2182 4311.386346004861 2023.6900733084728
4311 2013 4314.783350245754 2178.7441196250015 4435 2176 4431.216649754246 2010.255880374999
2482 2266 2485.0802649393413 2400.94278018688 2614 2398 2610.9197350606587 2263.05721981312
2606 2264 2609.2260055133906 2405.32750313624 2755 2402 2751.7739944866094 2260.67249686376
2754 2265 2757.0927635532007 2400.4903297438095 2910 2397 2906.9072364467993 2261.5096702561905
2927 2256 2930.1243317423528 2392.8732949411087 3056 2390 3052.8756682576472 2253.1267050588913
3051 2260 3054.090580890353 2395.3947098543736 3159 2393 3155.909419109647 2257.6052901456264
3164 2241 3167.2595572443142 2383.7973649630803 3246 2382 3242.7404427556858 2239.2026350369197
3252 2245 3255.206116480908 2385.4561880411547 3319 2384 3315.793883519092 2243.5438119588453
3322 2256 3324.8220138676634 2379.6291048100243 3440 2377 3437.1779861323366 2253.3708951899757
3419 2236 3422.0330734828644 2368.875378043419 3548 2366 3544.9669265171356 2233.124621956581
3554 2237 3556.682001824966 2354.4953420742568 3666 2352 3663.317998175034 2234.5046579257432
3664 2254 3666.244458448315 2352.3270819212007 3812 2349 3809.755541551685 2250.6729180787993
3800 2238 3802.9123301365344 2365.5857542079175 3960 2362 3957.0876698634656 2234.4142457920825
3948 2216 3951.0927635532007 2351.4903297438095 4104 2348 4100.907236446799 2212.5096702561905
4102 2205 4105.2528867223455 2347.505137249691 4215 2345 4211.7471132776545 2202.494862750309
4204 2218 4206.836496023296 2342.263550996494 4306 2340 4303.163503976704 2215.736449003506
4304 2210 4307.315601885608 2355.2526147093663 4406 2353 4402.684398114392 2207.7473852906337
2504 2458 2507.3882117848448 2606.4335689016098 2614 2604 2610.6117882151552 2455.5664310983902
2827 2450 2830.296333189241 2594.4084758091003 2892 2593 2888.703666810759 2448.5915241908997
2894 2452 2897.108287259988 2588.1704050600233 3036 2585 3032.891712740012 2448.8295949399767
3034 2441 3037.1435008781823 2578.7130722114275 3156 2576 3152.8564991218177 2438.2869277885725
3152 2432 3155.410926789179 2581.428686496085 3218 2580 3214.589073210821 2430.571313503915
3224 2449 3226.612516579195 2563.4512752712453 3334 2561 3331.387483420805 2446.5487247287547
3328 2430 3331.3519566154955 2576.845272620462 3456 2574 3452.6480433845045 2427.154727379538
3434 2420 3437.306327485752 2564.846314171617 3562 2562 3558.693672514248 2417.153685828383
3559 2428 3562.130060273705 2565.1242551547016 3699 2562 3695.869939726295 2424.8757448452984
3698 2409 3701.517708755454 2563.106678709989 3750 2562 3746.482291244546 2407.893321290011
3751 2410 3753.8432661058027 2534.5601403398305 3866 2532 3863.1567338941973 2407.4398596601695
3862 2414 3865.0625585697057 2548.1670849812303 3960 2546 3956.9374414302943 2411.8329150187697
3966 2405 3968.9578597057407 2534.5803510268147 4082 2532 4079.0421402942593 2402.4196489731853
4070 2394 4073.319247314651 2539.4123166634704 4179 2537 4175.680752685349 2391.5876833365296
4176 2393 4179.068807876636 2527.4408597596953 4286 2525 4282.931192123364 2390.5591402403047
4278 2385 4281.549476065681 2540.4983671671835 4391 2538 4387.450523934319 2382.5016328328165
332 2746 335.6729228504368 2906.906425456993 463 2904 459.3270771495632 2743.093574543007
459 2741 462.546872187794 2896.3842943428235 567 2894 563.4531278122059 2738.6157056571765
560 2734 563.7781424899795 2899.5159739762807 674 2897 670.2218575100205 2731.4840260237193
662 2732 665.275701287217 2875.504616474114 775 2873 771.724298712783 2729.495383525886
779 2730 782.2958124136634 2874.3856612442282 843 2873 839.7041875863366 2728.6143387557718
844 2729 847.3270589483136 2874.7545351365516 968 2872 964.6729410516864 2726.2454648634484
968 2718 970.9900482310079 2848.990492418934 1102 2846 1099.009951768992 2715.009507581066
1107 2718 1109.9500480720783 2847.238132553734 1208 2845 1205.0499519279217 2715.761867446266
1392 2685 1395.3270589483136 2830.7545351365516 1516 2828 1512.6729410516864 2682.2454648634484
1512 2681 1515.25809447812 2823.7332828984117 1635 2821 1631.74190552188 2678.2667171015883
1731 2645 1734.8107522302862 2811.9445683033246 1820 2810 1816.1892477697138 2643.0554316966754
1806 2648 1809.6572995831116 2808.2219885108316 1907 2806 1903.3427004168884 2645.7780114891684
1879 2652 1882.753765598375 2816.448051057242 1990 2814 1986.246234401625 2649.551948942758
1958 2678 1960.9568181545856 2807.534721897071 2072 2805 2069.043181845414 2675.465278102929
2035 2630 2038.865755320425 2799.354188919866 2142 2797 2138.1342446795747 2627.645811080134
2120 2614 2124.1659900928043 2796.5071207914634 2234 2794 2229.8340099071957 2611.4928792085366
2495 2652 2498.310493690372 2797.0288306905936 2631 2794 2627.689506309628 2648.9711693094064
2607 2646 2610.391857213887 2794.5932708557148 2724 2792 2720.608142786113 2643.4067291442852
2706 2656 2709.0455720967248 2789.4229276003484 2859 2786 2855.9544279032752 2652.5770723996516
2863 2617 2866.7895995526846 2783.0178944034656 2999 2780 2995.2104004473154 2613.9821055965344
2994 2634 2996.835975247718 2758.240736431622 3095 2756 3092.164024752282 2631.759263568378
3083 2614 3086.1449636443767 2751.7771542760956 3164 2750 3160.8550363556233 2612.2228457239044
3163 2636 3165.665536127562 2752.7739992582465 3331 2749 3328.334463872438 2632.2260007417535
3324 2628 3326.8967068692095 2754.9013172617565 3454 2752 3451.1032931307905 2625.0986827382435
3459 2618 3462.326538172736 2763.7317205716795 3582 2761 3578.673461827264 2615.2682794283205
2514 2840 2516.8982691959422 2966.9697609563723 2647 2964 2644.1017308040578 2837.0302390436277
2638 2838 2641.2378837911356 2979.8478764983493 2766 2977 2762.7621162088644 2835.1521235016507
2766 2805 2770.7124980985786 3011.448993047859 2878 3009 2873.2875019014214 2802.551006952141
2899 2826 2902.3222724075777 2971.544842422755 2970 2970 2966.6777275924223 2824.455157577245
2972 2828 2974.9091059225316 2955.444505188738 3082 2953 3079.0908940774684 2825.555494811262
3094 2812 3097.071932530101 2946.5777471489273 3210 2944 3206.928067469899 2809.4222528510727
3198 2822 3200.8977484203647 2948.9469463915 3330 2946 3327.1022515796353 2819.0530536085
3322 2820 3324.887332908814 2946.4906550940595 3434 2944 3431.112667091186 2817.5093449059405
3418 2802 3421.242570771333 2944.053207582198 3555 2941 3551.757429228667 2798.946792417802
2618 3012 2621.224244065582 3153.2503361817285 2676 3152 2672.775755934418 3010.7496638182715
2690 3028 2692.842224554648 3152.5145112100863 2803 3150 2800.157775445352 3025.4854887899137
2824 3012 2827.091622441508 3147.4403389841177 2934 3145 2930.908377558492 3009.5596610158823
2930 3017 2933.0496387408066 3150.601082489377 3047 3148 3043.9503612591934 3014.398917510623
3051 3005 3054.167356994209 3143.7581805655936 3175 3141 3171.832643005791 3002.2418194344064
3174 3013 3177.0496387408066 3146.601082489377 3291 3144 3287.9503612591934 3010.398917510623
3287 3004 3290.092663992663 3139.4859681138614 3399 3137 3395.907336007337 3001.5140318861386
3408 2997 3410.971721525257 3127.1876210184646 3463 3126 3460.028278474743 2995.8123789815354
3474 3008 3476.819409989776 3131.515031985664 3587 3129 3584.180590010224 3005.484968014336
3798 3000 3800.7349218127956 3119.8137044313107 3924 3117 3921.2650781872044 2997.1862955686893
3926 3002 3928.587519351475 3115.356176157387 3988 3114 3985.412480648525 3000.643823842613
3987 2997 3989.4968814281024 3106.3854354545165 4094 3104 4091.5031185718976 2994.6145645454835
4088 2976 4091.4898855558827 3128.887777096741 4218 3126 4214.510114444117 2973.112222903259
2644 3192 2647.2513243956123 3334.436693555075 2754 3332 2750.7486756043877 3189.563306444925
2754 3201 2757.163290350127 3339.580025676565 2914 3336 2910.836709649873 3197.419974323435
2923 3194 2926.4080012567897 3343.300522366748 3071 3340 3067.5919987432103 3190.699477633252
3074 3169 3077.6443797542124 3328.655986018978 3194 3326 3190.3556202457876 3166.344013981022
3219 3160 3223.76073110621 3368.562024321064 3336 3366 3331.23926889379 3157.437975678936
2960 3398 2963.3922784289266 3546.6117237906387 3034 3545 3030.6077215710734 3396.3882762093613
3047 3406 3049.960463583628 3535.694423851175 3168 3533 3165.039536416372 3403.305576148825
2884 3616 2887.274039399946 3759.43181114955 2950 3758 2946.725960600054 3614.56818885045
2947 3621 2949.9599428080505 3750.671609286303 3067 3748 3064.0400571919495 3618.328390713697
3060 3618 3063.026303400357 3750.5787887000824 3176 3748 3172.973696599643 3615.4212112999176
3175 3620 3177.8272216234386 3743.8572504587446 3303 3741 3300.1727783765614 3617.1427495412554
3299 3606 3302.163190789589 3744.5756640466175 3415 3742 3411.836809210411 3603.4243359533825
3003 3814 3006.1597444816225 3952.4246853524087 3200 3948 3196.8402555183775 3809.5753146475913
3204 3821 3207.123910527313 3957.8548420061848 3376 3954 3372.876089472687 3817.1451579938152
3352 3812 3355.330283162317 3957.8957841557312 3526 3954 3522.669716837683 3808.1042158442688
3518 3805 3521.430815821662 3955.3000015911703 3666 3952 3662.569184178338 3801.6999984088297
1040 910 1043.5116585696 1063.8416271914193 1168 1061 1164.4883414304 907.1583728085806
1176 908 1179.462805225853 1059.7014197233943 1254 1058 1250.537194774147 906.2985802766055
1247 908 1250.2751805116393 1051.4818019092418 1359 1049 1355.7248194883607 905.5181980907583
1370 902 1373.2358006888255 1043.7566182388612 1494 1041 1490.7641993111745 899.2433817611387
1500 894 1503.4468603040264 1045.0028914722561 1635 1042 1631.5531396959736 890.9971085277436
1668 1352 1671.3935191011578 1500.6660761802784 1832 1497 1828.6064808988422 1348.3339238197216
# Transcript
****CONTOSAQHNODWROYTOYASMENO
******AGRIPPOYITAIOYGPRYTANEIASOI
******EISTHSATTALIDOSFYLHSTIMHSAN
TESEAYTOYSKAITOYSAISITOYSANEGRAUAN
EPW***OSEYPOROSAQHNAIOYAQMONEYS
S******* AQMONEIS
**********AILQEOFI ELEYSINIOSSWTIWNOS
LOS LEWNIDHSSWTIWNOS
************** AMWMHTOSDHMHTRIO
************ DHMHTRIOSAMWMHTO*
******* EINAIOSEPIKTHTOY
*YTYCIDHS**LO*RATOYS SYMFERWNE********
******************* KLFILHTOS
*********** *IOKLHSDIO**SIOY
****************** *GNOS)
***************** ***IG**
*************** ***IOCOS
***************** ****MMWN***
