# Baseline angle
0.42360728858620167
# Boxes: x1 y1 x2 y2 x3 y3 x4 y4
1614 258 1527.5173193692845 449.79748624681025 1732 542 1818.4826806307155 350.20251375318975
1812 334 1725.9452497119064 524.8484411500923 1866 588 1952.0547502880936 397.1515588499077
1036 364 954.8369790900085 543.9997788366993 1150 632 1231.1630209099917 452.00022116330075
1216 442 1138.9521028647005 612.8734382812925 1310 690 1387.0478971352995 519.1265617187075
1354 486 1270.5450771995172 671.0826580688727 1450 752 1533.4549228004828 566.9173419311273
1518 584 1445.7430802063823 744.248219403957 1596 812 1668.2569197936177 651.751780596043
1666 640 1588.8049316767522 811.1998280704453 1768 892 1845.1950683232478 720.8001719295547
1854 716 1780.184199511703 879.7054364608028 1976 968 2049.815800488297 804.2945635391972
764 538 679.5612980354075 725.2644402398475 832 794 916.4387019645925 606.7355597601525
896 602 809.4001493677118 794.0573407240452 1000 880 1086.599850632288 687.9426592759548
1074 632 977.3795158644327 846.280661075738 1132 916 1228.6204841355673 701.719338924262
1210 684 1113.0851734885362 898.9334406540435 1284 976 1380.9148265114638 761.0665593459565
1350 772 1264.0760029347018 962.5584624021167 1458 1050 1543.9239970652982 859.4415375978833
1532 856 1452.7909541970046 1031.6663387654903 1662 1126 1741.2090458029954 950.3336612345099
1718 914 1630.09486138526 1108.952151014807 1730 1154 1817.90513861474 959.047848985193
1798 944 1708.6967350997513 1142.0528540117593 1886 1222 1975.3032649002487 1023.9471459882408
1156 1012 1068.0620254549547 1207.0249730971616 1292 1308 1379.9379745450453 1112.9750269028384
1396 1090 1291.487195098544 1321.7839030255873 1496 1414 1600.512804901456 1182.2160969744127
1570 1172 1466.5038101929588 1401.529298772258 1574 1450 1677.4961898070412 1220.470701227742
1676 1208 1574.4849517424009 1433.1356101595675 1776 1524 1877.5150482575991 1298.8643898404325
1850 1282 1756.8459525145804 1488.5929503007783 1964 1582 2057.1540474854196 1375.4070496992217
280 1014 206.8736362999159 1176.1764338681335 446 1284 519.1263637000841 1121.8235661318665
492 1088 406.2967597166245 1278.0688777183873 588 1360 673.7032402833755 1169.9311222816127
672 1164 589.4445222923594 1347.0879082927781 658 1378 740.5554777076406 1194.9120917072219
736 1192 656.4530274135097 1368.4157779264544 864 1462 943.5469725864903 1285.5842220735456
932 1282 854.0119081081893 1454.9585608696086 1016 1528 1093.9880918918107 1355.0414391303912
1074 1294 980.5516101386838 1501.245729879084 1204 1602 1297.448389861316 1394.7542701209159
1286 1396 1199.8416629315566 1587.0781713565866 1366 1662 1452.1583370684434 1470.9218286434134
1448 1468 1369.289635389671 1642.5603855446325 1612 1752 1690.710364610329 1577.4396144553675
1678 1556 1594.5479119434467 1741.076371298436 1672 1776 1755.4520880565533 1590.923628701564
1760 1510 1638.2800955827418 1779.945051693283 1838 1870 1959.7199044172582 1600.054948306717
428 1322 331.6574402751766 1535.6642925386095 532 1626 628.3425597248233 1412.3357074613905
600 1398 509.92012949634136 1597.7751757697454 608 1642 698.0798705036586 1442.2248242302546
684 1484 605.3360545411992 1658.4574391915373 764 1730 842.6639454588008 1555.5425608084627
844 1530 757.4437337753104 1721.9606811413867 966 1816 1052.5562662246896 1624.0393188586133
1020 1628 948.8004449644661 1785.9032423384058 1122 1864 1193.1995550355339 1706.0967576615942
1162 1674 1070.60917202603 1876.6825596013805 1282 1972 1373.39082797397 1769.3174403986195
1358 1704 1250.6094432001892 1942.1660546439355 1370 1996 1477.3905567998108 1757.8339453560645
1436 1742 1329.9147311826414 1977.2712443531736 1540 2072 1646.0852688173586 1836.7287556468264
1584 1862 1497.738076151207 2053.307901563081 1690 2140 1776.261923848793 1948.692098436919
1776 1916 1689.8988305603782 2106.9513875031876 1914 2208 2000.1011694396218 2017.0486124968124
512 1662 410.79287733952043 1886.452706310521 636 1988 737.2071226604796 1763.547293689479
700 1738 595.9151254411657 1968.8348579288695 736 2032 840.0848745588343 1801.1651420711305
830 1794 721.5520784421057 2034.5110317094866 818 2078 926.4479215578945 1837.4889682905132
898 1858 814.2507348236206 2043.7354376471783 1010 2132 1093.7492651763794 1946.2645623528217
1070 1914 974.1561214678429 2126.5583393177517 1208 2232 1303.843878532157 2019.4416606822483
1284 2006 1183.4687309065105 2228.953827988593 1412 2332 1512.5312690934895 2109.0461720114076
1510 2120 1424.5611009061454 2309.4826334519994 1612 2394 1697.4388990938546 2204.5173665480006
1726 2112 1575.8914110252267 2444.904227984717 1738 2518 1888.1085889747733 2185.095772015283
986 2224 900.5746841273683 2413.452509181259 1128 2516 1213.4253158726317 2326.547490818741
1194 2268 1086.7837808305835 2505.779416313301 1278 2592 1385.2162191694165 2354.220583686699
1360 2378 1273.108641735745 2570.7038335319144 1378 2618 1464.891358264255 2425.2961664680856
1456 2374 1343.1261943263646 2624.3265628843765 1542 2714 1654.8738056736354 2463.6734371156235
1602 2514 1513.0346618832464 2711.303414850795 1692 2792 1780.9653381167536 2594.696585149205
1770 2550 1676.5080257310851 2757.3423894617426 1882 2850 1975.4919742689149 2642.6576105382574
744 2430 649.2463221562318 2640.1405401698457 782 2700 876.7536778437682 2489.8594598301543
870 2496 781.2690018863918 2692.783705896325 988 2786 1076.7309981136082 2589.216294103675
1050 2558 954.3768782497654 2770.0687546340223 1176 2870 1271.6231217502345 2657.9312453659777
1276 2630 1171.825121882039 2861.034463864623 1378 2954 1482.174878117961 2722.965536135377
1474 2750 1382.97993473983 2951.8602983580618 1472 2992 1563.02006526017 2790.1397016419382
1562 2784 1479.411686362054 2967.1607303751325 1672 3054 1754.588313637946 2870.8392696248675
# Transcript
*CR***************
MACOS T*****************
ASKLHPIA******************  
PAIDE****
*WSIMOS ZWIL**********
*LIPPOS)AQM******************  
ARIOS SOF****************
PAIDOT***
*IOS EIS*******
# Lines: x1 y1 x2 y2 x3 y3 x4 y4
