# Baseline angle
-0.03675813546687068
# Boxes: x1 y1 x2 y2 x3 y3 x4 y4
1256 250 1256 368 1358 368 1358 250
1312 254 1312 376 1436 376 1436 254
1422 246 1422 354 1536 354 1536 246
1522 236 1522 362 1644 362 1644 236
1610 234 1610 346 1726 346 1726 234
1708 226 1708 342 1850 342 1850 226
1838 220 1838 376 1960 376 1960 220
1152 422 1157.5455299971607 572.7974239719058 1288 568 1282.4544700028393 417.20257602809426
1276 436 1279.8918130580048 541.8285473215008 1384 538 1380.1081869419952 432.17145267849924
1372 412 1376.2644656028783 527.9619419352329 1484 524 1479.7355343971217 408.03805806476714
1472 420 1476.7132693192318 548.1660855120941 1590 544 1585.2867306807682 415.8339144879059
1570 398 1574.6668302936814 524.9032872893151 1708 520 1703.3331697063186 393.09671271068487
1694 396 1698.7240737359334 524.4598857813123 1820 520 1815.2759262640666 391.5401142186876
1818 390 1822.953047504942 524.6862797493012 1896 522 1891.046952495058 387.3137202506988
1150 592 1156.4814731428924 768.2481591464934 1272 764 1265.5185268571076 587.7518408535065
1256 588 1261.6897290275945 742.7185716962504 1390 738 1384.3102709724055 583.2814283037496
1410 602 1414.2698678112292 718.108842069842 1526 714 1521.7301321887708 597.891157930158
1498 578 1503.5455299971607 728.7974239719058 1634 724 1628.4544700028393 573.2025760280942
1608 584 1612.441077883417 704.7644904672323 1742 700 1737.558922116583 579.2355095327678
1720 578 1724.8029260115889 708.6040848117461 1850 704 1845.1970739884111 573.3959151882539
1842 566 1846.759188090214 695.4147366562718 1994 690 1989.240811909786 560.5852633437282
1158 778 1163.5293233721084 928.3567235680783 1282 924 1276.4706766278916 773.6432764319217
1286 774 1291.3721390753662 920.0824725858123 1348 918 1342.6278609246338 771.9175274141877
1336 782 1341.0421839427304 919.1101319703519 1480 914 1474.9578160572696 776.8898680296481
1450 766 1455.8150203288005 924.1255689494631 1568 920 1562.1849796711995 761.8744310505369
1556 750 1561.3148956331142 894.5258740938151 1630 892 1624.6851043668858 747.4741259061849
1614 756 1618.9255162086195 889.9376319976542 1726 886 1721.0744837913805 752.0623680023458
1710 740 1715.5892679185358 891.98677212738 1824 888 1818.4107320814642 736.01322787262
1832 752 1835.5980127887865 849.8393517382024 1940 846 1936.4019872112135 748.1606482617976
1938 730 1943.4531722006284 878.2859746049492 2060 874 2054.5468277993714 725.7140253950508
632 972 637.5590355180377 1123.1646743084284 778 1118 772.4409644819623 966.8353256915715
1186 942 1191.2733385613458 1085.395828927044 1338 1080 1332.7266614386542 936.6041710729561
1620 928 1624.0387131926136 1037.82314511315 1728 1034 1723.9612868073864 924.17685488685
1700 914 1705.0913240724565 1052.4463802604355 1826 1048 1820.9086759275435 909.5536197395646
1820 908 1823.9544587086077 1015.5320459481072 1920 1012 1916.0455412913923 904.4679540518929
1918 896 1922.6263137310505 1021.8015362797469 2026 1018 2021.3736862689495 892.1984637202532
2026 880 2031.1539697230594 1020.1498788870417 2144 1016 2138.846030276941 875.8501211129584
2128 870 2133.319777586896 1014.6586271498227 2260 1010 2254.680222413104 865.3413728501772
612 1164 616.2040008018821 1278.31774629733 788 1272 783.7959991981179 1157.68225370267
762 1154 766.5987824347277 1279.0528885280996 904 1274 899.4012175652723 1148.9471114719004
1218 1122 1222.041414296789 1231.8965951804546 1328 1228 1323.958585703211 1118.1034048195454
1440 1108 1444.9147117919176 1241.643831728436 1544 1238 1539.0852882080824 1104.356168271564
1542 1100 1547.2360433574586 1242.3816750633814 1612 1240 1606.7639566425414 1097.6183249366186
1598 1090 1602.6830369187337 1217.3439876931425 1748 1212 1743.3169630812663 1084.6560123068575
1738 1082 1742.3400965197895 1200.0185438197607 1906 1194 1901.6599034802105 1075.9814561802393
1888 1064 1892.9687338754259 1199.1128330745273 2032 1194 2027.0312661245741 1058.8871669254727
2028 1060 2032.405963529137 1179.8096395922728 2136 1176 2131.594036470863 1056.190360407727
2114 1042 2119.4450688881025 1190.0656244030356 2230 1186 2224.5549311118975 1037.9343755969644
2222 1042 2226.716490677976 1170.253682658 2288 1168 2283.283509322024 1039.7463173419999
546 1344 550.3211887905618 1461.5043933486288 700 1456 695.6788112094382 1338.4956066513712
714 1326 719.374319924973 1472.1417755745153 832 1468 826.625680075027 1321.8582244254847
818 1342 821.6768650644418 1441.983550768636 930 1438 926.3231349355582 1338.016449231364
1342 1280 1346.1175654682693 1391.9673441435837 1454 1388 1449.8824345317307 1276.0326558564163
1428 1264 1433.0805196557546 1402.152579991217 1546 1398 1540.9194803442454 1259.847420008783
1542 1278 1545.8021563656478 1381.3905480218489 1638 1378 1634.1978436343522 1274.6094519781511
1632 1254 1636.784018282361 1384.0899343406143 1748 1380 1743.215981717639 1249.9100656593857
1818 1234 1823.2873643367916 1377.777226342168 1926 1374 1920.7126356632084 1230.222773657832
1924 1238 1928.4572845084692 1359.2051908710596 2070 1354 2065.5427154915305 1232.7948091289404
2070 1226 2074.3384359247516 1343.9733879096589 2128 1342 2123.6615640752484 1224.0266120903411
2122 1214 2127.1350619938316 1353.6357284159096 2226 1350 2220.8649380061684 1210.3642715840904
2214 1220 2218.4929191173183 1342.1741888246202 2332 1338 2327.5070808826817 1215.8258111753798
514 1498 519.5071942841364 1647.7549759510405 676 1642 670.4928057158636 1492.2450240489595
650 1480 655.6027734394129 1632.3540224639028 774 1628 768.3972265605871 1475.6459775360972
774 1478 779.8182416875444 1636.213166095369 840 1634 834.1817583124556 1475.786833904631
818 1496 822.1391743016724 1608.5549446820203 946 1604 941.8608256983276 1491.4450553179797
934 1484 938.922815104444 1617.8641819303498 1044 1614 1039.077184895556 1480.1358180696502
1342 1444 1347.225238940757 1586.0878747941629 1404 1584 1398.774761059243 1441.9121252058371
1398 1454 1402.6128082101734 1579.4342859432238 1496 1576 1491.3871917898266 1450.5657140567762
1482 1470 1486.033310984263 1579.6762449785408 1586 1576 1581.966689015737 1466.3237550214592
1556 1440 1560.8547672454902 1572.0137831691343 1670 1568 1665.1452327545098 1435.9862168308657
1652 1426 1657.368917716622 1571.9948754399063 1766 1568 1760.631082283378 1422.0051245600937
1750 1422 1754.8547672454902 1554.0137831691343 1864 1550 1859.1452327545098 1417.9862168308657
1858 1426 1862.1910155355736 1539.9646430394082 1970 1536 1965.8089844644264 1422.0353569605918
1946 1404 1950.7456825693369 1533.0474863197487 2088 1528 2083.254317430663 1398.9525136802513
2050 1392 2054.9579294587243 1526.819032805309 2186 1522 2181.0420705412757 1387.180967194691
2180 1386 2184.7629297035264 1515.516480880779 2226 1514 2221.2370702964736 1384.483519119221
2214 1402 2217.886410849654 1507.6816471868917 2318 1504 2314.113589150346 1398.3183528131083
2300 1390 2304.865571662192 1522.3075834383524 2422 1518 2417.134428337808 1385.6924165616476
2414 1386 2418.324410149306 1503.5919904945347 2516 1500 2511.675589850694 1382.4080095054653
570 1676 574.3676278161123 1794.7671915714077 704 1790 699.6323721838877 1671.2328084285923
680 1666 685.1129329058597 1805.0339807988719 822 1800 816.8870670941403 1660.9660192011281
802 1664 806.6014835389032 1789.1263385954044 946 1784 941.3985164610968 1658.8736614045956
918 1678 921.8318685115772 1782.198498762199 1036 1778 1032.168131488423 1673.801501237801
1014 1648 1018.922815104444 1781.8641819303498 1124 1778 1119.077184895556 1644.1358180696502
1140 1644 1144.890401854339 1776.982781122695 1226 1774 1221.109598145661 1641.017218877305
1204 1642 1208.6203912681308 1767.6404890665362 1362 1762 1357.3796087318692 1636.3595109334638
1318 1614 1322.8520661413147 1745.9403331018295 1430 1742 1425.1479338586853 1610.0596668981705
1406 1640 1409.8864108496539 1745.6816471868917 1510 1742 1506.1135891503461 1636.3183528131083
1492 1624 1496.3541222952351 1742.3999412348849 1616 1738 1611.6458777047649 1619.6000587651151
1598 1602 1603.4477699922777 1750.1390744703401 1716 1746 1710.5522300077223 1597.8609255296599
1688 1606 1692.3924580082594 1725.44238925575 1786 1722 1781.6075419917406 1602.55761074425
1784 1606 1788.0630231301925 1716.484195718891 1910 1712 1905.9369768698075 1601.515804281109
1890 1576 1895.0913240724565 1714.4463802604353 2016 1710 2010.9086759275435 1571.5536197395647
1988 1580 1992.3892366495156 1699.354792109844 2138 1694 2133.6107633504844 1574.645207890156
2114 1566 2119.025977317678 1702.6694315665245 2246 1698 2240.974022682322 1561.3305684334755
2236 1566 2240.6884391270846 1693.4908878277517 2390 1688 2385.3115608729154 1560.5091121722483
2380 1566 2383.4538137583527 1659.9182040138578 2490 1656 2486.5461862416473 1562.0817959861422
2472 1548 2476.623612626875 1673.7280862124421 2578 1670 2573.376387373125 1544.2719137875579
640 1854 645.7010536988647 2009.02651904407 728 2006 722.2989463011353 1850.97348095593
720 1860 723.7287062983431 1961.393249126024 816 1958 812.2712937016569 1856.606750873976
802 1862 806.3487200868846 1980.2530411002758 922 1976 917.6512799131154 1857.7469588997242
912 1834 917.1485675147085 1974.0029787524325 1026 1970 1020.8514324852915 1829.9970212475675
1020 1834 1024.8547672454902 1966.0137831691343 1134 1962 1129.1452327545098 1829.9862168308657
1142 1826 1146.601483538903 1951.1263385954044 1286 1946 1281.398516461097 1820.8736614045956
1274 1808 1279.222017582013 1950.000277648257 1388 1946 1382.777982417987 1803.999722351743
1374 1820 1377.8183629907 1923.8312484256762 1482 1920 1478.1816370093 1816.1687515743238
1454 1790 1459.360814404096 1935.7745252379927 1562 1932 1556.639185595904 1786.2254747620073
1534 1778 1539.3851243416746 1924.4355758437337 1660 1920 1654.6148756583254 1773.5644241562663
1628 1796 1632.1910155355736 1909.9646430394082 1740 1906 1735.8089844644264 1792.0353569605918
1716 1776 1721.151268618884 1916.0764288197372 1832 1912 1826.848731381116 1771.9235711802628
1826 1778 1830.332513461832 1895.8123406964482 1934 1892 1929.667486538168 1774.1876593035518
1918 1762 1923.0367817343795 1898.9632318357428 2058 1894 2052.96321826562 1757.0367681642572
2046 1758 2050.4929191173183 1880.1741888246202 2164 1876 2159.5070808826817 1753.8258111753798
2158 1738 2162.928217312795 1872.0110820649588 2272 1868 2267.071782687205 1733.9889179350412
2276 1754 2279.981469750362 1862.2665466211527 2396 1858 2392.018530249638 1749.7334533788473
2410 1726 2415.388345700419 1872.5231729896398 2484 1870 2478.611654299581 1723.4768270103602
2492 1732 2496.1607831350757 1845.1425452204567 2636 1840 2631.8392168649243 1726.8574547795433
2636 1726 2640.0495176093154 1836.1169453823682 2752 1832 2747.9504823906846 1721.8830546176318
2732 1718 2736.21044351937 1832.4929405891417 2804 1830 2799.78955648063 1715.5070594108583
572 2038 576.5064246381952 2160.541439161143 700 2156 695.4935753618048 2033.458560838857
686 2028 690.9336195211456 2162.157982199568 804 2158 799.0663804788544 2023.8420178004321
798 2016 802.7921215948874 2146.310284542528 920 2142 915.2078784051126 2011.6897154574722
922 2020 926.6376384023205 2146.1094836275665 984 2144 979.3623615976795 2017.8905163724335
966 2008 971.0481064056498 2145.2711791835623 1060 2142 1054.9518935943502 2004.7288208164377
1048 2022 1052.0927352761219 2133.292146459241 1196 2128 1191.9072647238781 2016.707853540759
1180 1996 1184.9201140002688 2129.790731863045 1288 2126 1283.0798859997312 1992.209268136955
1270 1994 1275.0043684842747 2130.081831028088 1386 2126 1380.9956315157253 1989.918168971912
1384 1984 1389.3527110915697 2129.554175036079 1486 2126 1480.6472889084303 1980.445824963921
1452 1982 1456.7402803609862 2110.90058618514 1590 2106 1585.2597196390138 1977.09941381486
1564 1966 1569.46397661733 2114.5797748741675 1694 2110 1688.53602338267 1961.4202251258325
1688 1982 1691.8945141621803 2087.9019973888053 1798 2084 1794.1054858378197 1978.0980026111947
1770 1956 1775.5946701268865 2108.133672261989 1888 2104 1882.4053298731135 1951.8663277380108
1880 1974 1883.976067542011 2082.1196464865434 1996 2078 1992.023932457989 1969.8803535134564
1972 1940 1977.499611226179 2089.5487728277285 2074 2086 2068.500388773821 1936.4512271722717
2060 1958 2064.710047960488 2086.078488366188 2230 2080 2225.289952039512 1951.9215116338119
2328 1938 2333.1382833525754 2077.7233255618157 2380 2076 2374.8617166474246 1936.2766744381845
2384 1922 2388.993564067573 2057.7880307588694 2492 2054 2487.006435932427 1918.2119692411304
2504 1936 2508.414066841663 2056.029989794187 2618 2052 2613.585933158337 1931.9700102058132
2616 1912 2621.137763098007 2051.7091784832146 2722 2048 2716.862236901993 1908.2908215167856
2722 1922 2726.539358142869 2045.4369870473993 2820 2042 2815.460641857131 1918.5630129526007
2820 1902 2824.97195523417 2037.2004302204332 2912 2034 2907.02804476583 1898.7995697795668
2910 1920 2914.041934551358 2029.910742259056 2966 2028 2961.958065448642 1918.089257740944
504 2234 507.97066533366 2341.9727463519343 616 2338 612.02933466634 2230.0272536480657
610 2218 614.398380471179 2337.6034364689604 658 2336 653.601619528821 2216.3965635310396
670 2208 674.4853360593606 2329.967985701308 728 2328 723.5146639406394 2206.032014298692
720 2222 724.1391743016724 2334.55494468202 848 2330 843.8608256983276 2217.44505531798
842 2200 846.9579294587243 2334.8190328053092 978 2330 973.0420705412757 2195.1809671946908
970 2196 975.3413864202995 2341.2462276882593 1118 2336 1112.6586135797004 2190.7537723117407
1126 2194 1130.7710330160526 2323.736831082693 1178 2322 1173.2289669839474 2192.263168917307
1186 2172 1191.38782544585 2318.5090259110384 1314 2314 1308.61217455415 2167.4909740889616
1314 2166 1319.6740426571107 2320.2920183710244 1382 2318 1376.3259573428893 2163.7079816289756
1372 2176 1376.753785881863 2305.2678365216625 1520 2300 1515.246214118137 2170.7321634783375
1536 2156 1540.4875169089673 2278.027288690011 1650 2274 1645.5124830910327 2151.972711309989
1638 2144 1642.517229054897 2266.8352394303615 1774 2262 1769.4827709451033 2139.164760569639
1804 2146 1809.0178740051517 2282.4490813646107 1930 2278 1924.9821259948483 2141.5509186353893
1924 2150 1928.6830369187337 2277.343987693143 2074 2272 2069.3169630812663 2144.6560123068575
2074 2154 2077.7476140275708 2255.9073995971557 2184 2252 2180.2523859724292 2150.092600402844
2184 2130 2188.724073735934 2258.4598857813126 2310 2254 2305.275926264066 2125.5401142186874
2320 2142 2323.9544587086075 2249.532045948107 2420 2246 2416.0455412913925 2138.467954051893
2404 2126 2409.0859218641053 2264.2994801258264 2526 2260 2520.9140781358947 2121.7005198741736
2540 2124 2544.634937298145 2250.036033560262 2600 2248 2595.365062701855 2121.963966439738
2588 2106 2593.142645051789 2245.841931539222 2752 2240 2746.857354948211 2100.158068460778
2754 2112 2757.962562021134 2219.7523961500206 2860 2216 2856.037437978866 2108.247603849979
2862 2102 2866.77861607401 2231.943034206005 2974 2228 2969.22138392599 2098.056965793995
2982 2104 2986.2860744362815 2220.5495424736696 3110 2216 3105.7139255637185 2099.4504575263304
3128 2080 3133.132360889656 2219.562278348605 3230 2216 3224.867639110344 2076.437721651395
430 2396 435.646511360788 2549.543370619377 532 2546 526.3534886392121 2392.456629380623
528 2410 532.640339506496 2536.182933694871 592 2534 587.359660493504 2407.817066305129
588 2410 592.3541222952354 2528.399941234885 712 2524 707.6458777047646 2405.600058765115
1038 2384 1042.435675675066 2504.617590332623 1168 2500 1163.564324324934 2379.382409667377
1168 2364 1172.8574683496656 2496.0872332364384 1284 2492 1279.1425316503344 2359.9127667635616
1296 2356 1300.8660919167605 2488.3217305169537 1364 2486 1359.1339080832395 2353.6782694830463
1348 2346 1352.8110293241152 2476.82443501366 1484 2472 1479.1889706758848 2341.17556498634
1496 2328 1501.5077145387052 2477.7691230296423 1604 2474 1598.4922854612948 2324.2308769703577
1620 2318 1625.317076482721 2462.585177082518 1750 2458 1744.682923517279 2313.414822917482
1764 2326 1768.193716639749 2440.038093106713 1878 2436 1873.806283360251 2321.961906893287
1866 2308 1871.1728774522871 2448.6640293581736 1998 2444 1992.8271225477129 2303.3359706418264
1998 2316 2001.9733664378355 2424.046196419239 2112 2420 2108.0266335621645 2311.953803580761
2106 2294 2111.279261024265 2437.556876140254 2208 2434 2202.720738975735 2290.443123859746
2216 2292 2220.8817782872443 2424.7482838421797 2350 2420 2345.1182217127557 2287.2517161578203
2316 2292 2320.4383767792415 2412.6910403999277 2448 2408 2443.5616232207585 2287.3089596000723
2446 2286 2450.51504820529 2408.7759364416584 2526 2406 2521.48495179471 2283.2240635583416
2508 2278 2512.928217312795 2412.011082064959 2622 2408 2617.071782687205 2273.988917935041
2656 2274 2660.816431532466 2404.9713351482687 2796 2400 2791.183568467534 2269.0286648517313
2928 2270 2931.8102596781737 2373.6108982237624 3030 2370 3026.1897403218263 2266.3891017762376
3026 2256 3030.909309583567 2389.496931593827 3126 2386 3121.090690416433 2252.503068406173
3176 2266 3179.6061161013126 2364.059701940116 3290 2360 3286.3938838986874 2261.940298059884
3296 2246 3300.792641849456 2376.324431621129 3364 2374 3359.207358150544 2243.675568378871
554 2566 558.949826146198 2700.598682603395 684 2696 679.050173853802 2561.401317396605
778 2552 783.1242575771298 2691.3419281466913 874 2688 868.8757424228702 2548.6580718533087
864 2560 867.7584184442726 2662.2011998663743 982 2658 978.2415815557274 2555.7988001336257
976 2544 980.3595245035862 2662.546841369494 1104 2658 1099.640475496414 2539.453158630506
1090 2546 1093.8183629907 2649.831248425676 1198 2646 1194.1816370093 2542.168751574324
1162 2524 1166.6695313978569 2650.9767373566197 1302 2646 1297.3304686021431 2519.0232626433803
1282 2518 1285.9053185788819 2624.1957976580234 1400 2620 1396.0946814211181 2513.8042023419766
1386 2518 1390.6425203561028 2644.242236683574 1506 2640 1501.3574796438972 2513.757763316426
1476 2504 1480.6533247728044 2630.5360369527925 1604 2626 1599.3466752271956 2499.4639630472075
1604 2492 1608.5906791222014 2616.8325383261863 1740 2612 1735.4093208777986 2487.1674616738137
1746 2476 1750.8985051668653 2609.2031313246084 1838 2606 1833.1014948331347 2472.7968686753916
1836 2466 1841.2079918065674 2607.618880233133 1994 2602 1988.7920081934326 2460.381119766867
1986 2470 1990.6344170435766 2596.0218864816607 2100 2592 2095.3655829564236 2465.9781135183393
2100 2460 2104.0192852088176 2569.2948475634166 2248 2564 2243.9807147911824 2454.7051524365834
2228 2442 2233.183681868989 2582.957829627392 2368 2578 2362.816318131011 2437.042170372608
2358 2442 2363.0729365977973 2579.9463768679047 2416 2578 2410.9270634022027 2440.0536231320953
2414 2442 2418.710568215057 2570.0926354447893 2530 2566 2525.289431784943 2437.9073645552107
2530 2444 2533.804857469823 2547.4639980891534 2628 2544 2624.195142530177 2440.5360019108466
2612 2434 2616.501542684413 2556.4086861051355 2682 2554 2677.498457315587 2431.5913138948645
2678 2430 2682.136473197497 2542.4814946147158 2804 2538 2799.863526802503 2425.5185053852842
2796 2414 2800.947125042023 2548.5252325360907 2924 2544 2919.052874957977 2409.4747674639093
2924 2402 2928.8660919167605 2534.3217305169537 2992 2532 2987.1339080832395 2399.6782694830463
3002 2420 3006.3541222952354 2538.399941234885 3126 2534 3121.6458777047646 2415.600058765115
556 2714 560.8250550995608 2845.205832428784 648 2842 643.1749449004392 2710.794167571216
624 2710 628.7137895738005 2838.1802325906956 688 2836 683.2862104261995 2707.8197674093044
680 2730 684.2806722279307 2846.40264233906 804 2842 799.7193277720693 2725.59735766094
784 2704 789.075117447404 2842.005679856608 898 2838 892.924882552596 2699.994320143392
894 2706 898.4491811959431 2826.984840669146 1034 2822 1029.550818804057 2701.015159330854
1018 2698 1021.5791050595585 2795.3252012670705 1112 2792 1108.4208949404415 2694.6747987329295
1200 2690 1203.8729053287768 2795.314396850369 1294 2792 1290.1270946712232 2686.685603149631
1276 2664 1281.0367817343795 2800.9632318357426 1416 2796 1410.9632182656205 2659.0367681642574
1410 2662 1415.0913240724565 2800.4463802604355 1536 2796 1530.9086759275435 2657.5536197395645
1538 2660 1542.6344170435766 2786.0218864816607 1652 2782 1647.3655829564234 2655.9781135183393
1650 2656 1654.4659080755641 2777.4396881515745 1748 2774 1743.5340919244359 2652.5603118484255
1766 2640 1770.8002249074136 2770.5306347444416 1894 2766 1889.1997750925864 2635.4693652555584
1902 2632 1906.846663932964 2763.7934329672207 2010 2760 2005.153336067036 2628.2065670327793
2004 2634 2007.97066533366 2741.9727463519343 2116 2738 2112.0293346663398 2630.0272536480657
2124 2630 2127.6606584393894 2729.5428503648086 2224 2726 2220.3393415606106 2626.4571496351914
2206 2622 2210.330332612225 2739.753037707745 2258 2738 2253.669667387775 2620.246962292255
2254 2612 2257.972846183267 2720.0320493406375 2422 2714 2418.027153816733 2605.9679506593625
2414 2606 2418.4383767792415 2726.6910403999277 2546 2722 2541.5616232207585 2601.3089596000723
2548 2596 2551.957159812783 2703.605496015412 2650 2700 2646.042840187217 2592.394503984588
2650 2584 2654.922815104444 2717.8641819303493 2760 2714 2755.077184895556 2580.1358180696507
2752 2558 2757.4121353834284 2705.1700765167793 2898 2700 2892.5878646165716 2552.8299234832207
596 2904 600.7294759442843 3032.606785915921 726 3028 721.2705240557157 2899.393214084079
720 2896 724.3406167743582 3014.032690898362 834 3010 829.6593832256418 2891.967309101638
936 2878 940.9886821137909 3013.655277702862 986 3012 981.0113178862091 2876.344722297138
986 2888 990.2752700195799 3004.255742204451 1106 3000 1101.72472998042 2883.744257795549
1108 2866 1112.7597083447824 2995.428883734873 1206 2992 1201.2402916552176 2862.571116265127
1226 2848 1231.164774139761 2988.44367915626 1352 2984 1346.835225860239 2843.55632084374
1344 2830 1349.088622968281 2968.3729301931307 1468 2964 1462.911377031719 2825.6270698068693
1462 2836 1467.1598921859788 2976.310926100252 1530 2974 1524.8401078140212 2833.689073899748
1532 2822 1537.3008698576684 2966.144476678691 1650 2962 1644.6991301423316 2817.855523321309
1638 2828 1642.4875169089673 2950.027288690011 1752 2946 1747.5124830910327 2823.972711309989
1732 2812 1736.8628705580163 2944.234133371048 1852 2940 1847.1371294419837 2807.765866628952
1848 2826 1852.2374545611244 2941.2274412621873 1940 2938 1935.7625454388756 2822.7725587378127
1934 2806 1938.8709738705427 2938.4544835729616 2060 2934 2055.1290261294575 2801.5455164270384
2054 2796 2059.0340806302042 2932.889781768438 2192 2928 2186.9659193697958 2791.110218231562
2178 2782 2183.382423237499 2928.362125776429 2302 2924 2296.617576762501 2777.637874223571
2294 2788 2299.0864421186743 2926.3136272044276 2362 2924 2356.9135578813257 2785.6863727955724
2350 2770 2355.605474543588 2922.4274725312075 2476 2918 2470.394525456412 2765.5725274687925
2478 2776 2482.0111818962914 2885.074497361503 2620 2880 2615.9888181037086 2770.925502638497
2614 2760 2619.023276213503 2896.5959814992198 2744 2892 2738.976723786497 2755.4040185007802
2750 2750 2754.2644656028783 2865.961941935233 2862 2862 2857.7355343971217 2746.038058064767
2858 2752 2861.796754157297 2855.2436478872396 2950 2852 2946.203245842703 2748.7563521127604
2940 2728 2945.38782544585 2874.5090259110384 3068 2870 3062.61217455415 2723.4909740889616
3076 2714 3081.382423237499 2860.362125776429 3200 2856 3194.617576762501 2709.637874223571
3180 2696 3185.901975916982 2856.4901181818104 3308 2852 3302.098024083018 2691.5098818181896
3302 2700 3307.4288622630497 2847.624923999208 3406 2844 3400.5711377369503 2696.375076000792
3404 2698 3409.406733175078 2845.0231763821703 3546 2840 3540.593266824922 2692.9768236178297
348 3088 352.9336195211456 3222.157982199568 466 3218 461.0663804788544 3083.842017800432
460 3080 464.949826146198 3214.598682603395 590 3210 585.050173853802 3075.401317396605
592 3068 597.3008698576684 3212.144476678691 710 3208 704.6991301423316 3063.855523321309
700 3062 705.1571910818033 3202.2374760329476 766 3200 760.8428089181967 3059.7625239670524
776 3058 780.9827596508716 3193.4942304896517 876 3190 871.0172403491284 3054.5057695103483
864 3052 868.936320625321 3186.2314322668726 984 3182 979.063679374679 3047.7685677331274
946 3042 951.5865668143605 3193.9133220600756 1058 3190 1052.4134331856396 3038.0866779399244
1074 3046 1079.4563935593724 3194.3735717508553 1144 3192 1138.5436064406276 3043.6264282491447
1128 3022 1133.4342644714004 3169.7718241338175 1236 3166 1230.5657355285996 3018.2281758661825
1236 3032 1239.8075585739984 3135.537448156458 1336 3132 1332.1924414260016 3028.462551843542
1316 3014 1320.887180495595 3146.8951839767888 1454 3142 1449.112819504405 3009.1048160232112
1442 3004 1446.0900341719466 3115.2186963919366 1588 3110 1583.9099658280534 2998.7813036080634
1572 2994 1577.2603532950372 3137.0427256691223 1660 3134 1654.7396467049628 2990.9572743308777
1690 3000 1694.5474614553948 3123.657337249313 1794 3120 1789.4525385446052 2996.342662750687
1778 2982 1783.094025176632 3120.5198303277402 1906 3116 1900.905974823368 2977.4801696722598
1898 2994 1901.7913519489462 3097.0967477526306 1986 3094 1982.2086480510538 2990.9032522473694
1980 2976 1985.1809807648133 3116.8843795600874 2118 3112 2112.8190192351867 2971.1156204399126
2098 2962 2102.922815104444 3095.8641819303493 2208 3092 2203.077184895556 2958.1358180696507
2192 2964 2197.251729727943 3106.8082283886074 2328 3102 2322.748270272057 2959.1917716113926
2292 2962 2296.6533247728044 3088.5360369527925 2420 3084 2415.3466752271956 2957.4639630472075
2400 2950 2405.1517888734525 3090.0905758983386 2462 3088 2456.8482111265475 2947.9094241016614
2450 2938 2455.290065440967 3081.8506764094727 2560 3078 2554.709934559033 2934.1493235905273
2558 2938 2562.332513461832 3055.8123406964487 2666 3052 2661.667486538168 2934.1876593035513
2666 2932 2670.101358843217 3043.5266437397563 2766 3040 2761.898641156783 2928.4733562602437
2760 2910 2765.5185189554063 3060.06292329886 2876 3056 2870.4814810445937 2905.93707670114
2910 2916 2914.936320625321 3050.2314322668726 3030 3046 3025.063679374679 2911.7685677331274
3040 2906 3044.2590633945274 3021.815041800624 3148 3018 3143.7409366054726 2902.184958199376
3164 2886 3168.5825758096753 3010.612188124272 3294 3006 3289.4174241903247 2881.387811875728
3282 2866 3286.988161859222 3001.6411306242603 3386 2998 3381.011838140778 2862.3588693757397
524 3282 527.6957727936697 3382.497701239768 650 3378 646.3042272063303 3277.502298760232
634 3266 638.7813171781858 3396.0164842733097 748 3392 743.2186828218142 3261.9835157266903
736 3252 740.936320625321 3386.2314322668726 856 3382 851.063679374679 3247.7685677331274
838 3248 843.2279400449324 3390.1613248614676 902 3388 896.7720599550676 3245.8386751385324
1008 3244 1012.7764352244035 3373.883731217302 1064 3372 1059.2235647755965 3242.116268782698
1072 3242 1076.7186715275827 3370.3129856467035 1194 3366 1189.2813284724173 3237.6870143532965
1172 3244 1176.4059635291367 3363.809639592273 1280 3360 1275.5940364708633 3240.190360407727
1254 3232 1258.9908629633978 3367.714580691565 1360 3364 1355.0091370366022 3228.285419308435
1348 3224 1352.8304573079115 3355.352732563393 1444 3352 1439.1695426920885 3220.647267436607
1428 3220 1432.5064246381953 3342.5414391611434 1556 3338 1551.4935753618047 3215.4585608388566
1512 3202 1516.7159704234073 3330.2395355793988 1632 3326 1627.2840295765927 3197.7604644206012
1622 3214 1625.3506515451186 3305.1129543776833 1710 3302 1706.6493484548814 3210.8870456223167
1686 3188 1691.431563367225 3335.6983740665128 1792 3332 1786.568436632775 3184.3016259334872
1790 3196 1794.6317159394011 3321.948436414356 1902 3318 1897.3682840605989 3192.051563585644
1900 3212 1904.4497014505118 3332.9989877477474 1986 3330 1981.5502985494882 3209.0010122522526
1976 3182 1981.0913240724565 3320.4463802604355 2102 3316 2096.9086759275438 3177.5536197395645
2374 3176 2378.9962651717483 3311.861480826174 2484 3308 2479.0037348282517 3172.138519173826
2506 3160 2510.9255162086197 3293.937631997654 2618 3290 2613.0744837913803 3156.062368002346
2602 3158 2606.5064246381953 3280.5414391611434 2730 3276 2725.4935753618047 3153.4585608388566
2716 3152 2720.169406702171 3265.3770425009716 2812 3262 2807.830593297829 3148.6229574990284
2796 3122 2801.9619204634096 3284.1201667411124 2914 3280 2908.0380795365904 3117.8798332588876
2942 3132 2947.028678421854 3268.7428816338293 3076 3264 3070.971321578146 3127.2571183661707
3052 3136 3055.7854294860267 3238.93570053942 3190 3234 3186.2145705139733 3131.06429946058
3180 3108 3184.8471841875325 3239.807580045822 3234 3238 3229.1528158124675 3106.192419954178
3232 3112 3236.6560258769796 3238.609487020097 3362 3234 3357.3439741230204 3107.390512979903
400 3456 404.4929191173182 3578.17418882462 518 3574 513.5070808826817 3451.82581117538
500 3428 505.33328310777324 3573.025877486346 642 3568 636.6667168922268 3422.974122513654
944 3412 949.1977076444343 3553.339227042516 1040 3550 1034.8022923555657 3408.660772957484
1046 3424 1049.957159812783 3531.605496015412 1148 3528 1144.042840187217 3420.394503984588
1136 3408 1141.1755785564626 3548.7374794254783 1270 3544 1264.8244214435374 3403.2625205745217
1254 3402 1258.9444239378472 3536.451782468786 1380 3532 1375.0555760621528 3397.548217531214
1362 3388 1365.8945141621803 3493.9019973888053 1472 3490 1468.1054858378197 3384.0980026111947
1560 3368 1565.38782544585 3514.5090259110384 1688 3510 1682.61217455415 3363.4909740889616
1688 3382 1691.9544587086077 3489.532045948107 1788 3486 1784.0455412913923 3378.467954051893
1798 3368 1802.2018199522752 3482.2584433086267 1918 3478 1913.7981800477248 3363.7415566913733
2170 3348 2175.360814404096 3493.7745252379927 2278 3490 2272.639185595904 3344.2254747620073
2292 3346 2296.9044276297845 3479.364178537819 2334 3478 2329.0955723702155 3344.635821462181
2338 3344 2342.77861607401 3473.943034206005 2450 3470 2445.22138392599 3340.056965793995
2444 3336 2449.1021284891576 3474.7401805296536 2578 3470 2572.8978715108424 3331.2598194703464
2670 3320 2674.479413596441 3441.806938488098 2778 3438 2773.520586403559 3316.193061511902
2770 3306 2775.077818551579 3444.079129923912 2886 3440 2880.922181448421 3301.920870076088
2926 3306 2930.941722833672 3440.3783324014817 3050 3436 3045.058277166328 3301.6216675985183
3040 3292 3044.7375792568105 3420.8271361178354 3176 3416 3171.2624207431895 3287.1728638821646
3164 3280 3169.287364336791 3423.7772263421684 3272 3420 3266.712635663209 3276.2227736578316
3270 3262 3275.227419790364 3404.147177782866 3388 3400 3382.772580209636 3257.852822217134
432 3614 436.4902180131428 3736.100738757316 548 3732 543.5097819868572 3609.899261242684
548 3612 552.5771736013244 3736.465287989663 674 3732 669.4228263986756 3607.534712010337
670 3600 674.770512761484 3729.722684004091 776 3726 771.229487238516 3596.277315995909
772 3580 777.0810399103234 3718.1667270698185 836 3716 830.9189600896766 3577.8332729301815
962 3572 967.9970348176898 3735.0750176160714 1106 3730 1100.0029651823102 3566.9249823839286
1092 3586 1096.0878533223397 3697.1593934032335 1182 3694 1177.9121466776603 3582.8406065967665
1174 3578 1178.6560258769798 3704.609487020097 1304 3700 1299.3439741230202 3573.390512979903
1306 3580 1309.5845072679094 3677.4721014016795 1404 3674 1400.4154927320906 3576.5278985983205
1384 3554 1388.9120106877422 3687.5703816611317 1486 3684 1481.0879893122578 3550.4296183388683
1484 3554 1489.1490877692772 3694.0171258310343 1544 3692 1538.8509122307228 3551.9828741689657
1552 3546 1556.7073468563124 3674.005038298884 1720 3668 1715.2926531436876 3539.994961701116
1716 3540 1720.9552283545488 3674.7455827380045 1850 3670 1845.0447716454512 3535.2544172619955
1830 3540 1834.5744724971491 3664.3918379223583 1954 3660 1949.4255275028509 3535.6081620776417
1940 3530 1944.2509600820013 3645.59469159871 2042 3642 2037.7490399179987 3526.40530840129
2016 3526 2020.6565461315483 3652.623634098698 2092 3650 2087.343453868452 3523.376365901302
2082 3530 2086.629014835226 3655.874986347051 2192 3652 2187.370985164774 3526.125013652949
2198 3524 2202.852066141315 3655.9403331018298 2310 3652 2305.147933858685 3520.0596668981702
2294 3540 2297.8210640948755 3643.9046984929805 2404 3640 2400.1789359051245 3536.0953015070195
2392 3518 2396.498321325669 3640.3210889592297 2514 3636 2509.501678674331 3513.6789110407703
2514 3506 2518.7678116573084 3635.6492339367865 2618 3632 2613.2321883426916 3502.3507660632135
2604 3500 2608.9827596508712 3635.4942304896517 2704 3632 2699.0172403491288 3496.5057695103483
2700 3492 2705.7366883077134 3647.9955169976306 2760 3646 2754.2633116922866 3490.0044830023694
2758 3496 2762.0414142967893 3605.8965951804544 2868 3602 2863.9585857032107 3492.1034048195456
498 3788 502.04681650514 3898.043495315064 612 3894 607.95318349486 3783.956504684936
602 3758 607.6054745435883 3910.4274725312075 728 3906 722.3945254564117 3753.5725274687925
736 3748 740.9012062710408 3881.276581391913 830 3878 825.0987937289592 3744.723418608087
826 3750 831.1409844567509 3889.79677562912 880 3888 874.8590155432491 3748.20322437088
868 3738 873.3332831077732 3883.025877486346 1010 3878 1004.6667168922268 3732.974122513654
994 3742 999.1377630980069 3881.7091784832146 1100 3878 1094.8622369019931 3738.2908215167854
1096 3736 1101.377541283717 3882.2293727204215 1162 3880 1156.622458716283 3733.7706272795785
1174 3730 1178.7240737359334 3858.4598857813126 1300 3854 1295.2759262640666 3725.5401142186874
1282 3744 1285.652555126863 3843.3225001628953 1376 3840 1372.347444873137 3740.6774998371047
1368 3736 1372.6263137310505 3861.801536279747 1476 3858 1471.3736862689495 3732.198463720253
1488 3720 1492.8520661413147 3851.9403331018298 1600 3848 1595.1479338586853 3716.0596668981702
1570 3722 1574.5798747054998 3846.5387380569678 1698 3842 1693.4201252945002 3717.4612619430322
1664 3712 1668.941722833672 3846.3783324014817 1788 3842 1783.058277166328 3707.6216675985183
1764 3716 1767.524562721482 3811.842052842378 1872 3808 1868.475437278518 3712.157947157622
1874 3698 1879.08322075993 3836.2260300585217 1994 3832 1988.91677924007 3693.7739699414783
1988 3700 1992.5447603512196 3823.5838871820088 2090 3820 2085.4552396487807 3696.4161128179912
2082 3692 2086.7975238032377 3822.457184677137 2208 3818 2203.2024761967623 3687.542815322863
2190 3694 2194.177510014697 3807.597392702886 2292 3804 2287.822489985303 3690.402607297114
2270 3690 2274.422170154189 3810.2503399961 2390 3806 2385.577829845811 3685.7496600039
2392 3668 2397.7907103912216 3825.464518343722 2492 3822 2486.2092896087784 3664.535481656278
2478 3676 2482.958449713293 3810.8331798839104 2560 3808 2555.041550286707 3673.1668201160896
2560 3650 2565.3446077790436 3795.333824834165 2656 3792 2650.6553922209564 3646.666175165835
2644 3650 2648.637118147752 3776.095336548965 2760 3772 2755.362881852248 3645.904663451035
2752 3646 2756.019805463386 3755.308994642018 2846 3752 2841.980194536614 3642.691005357982
2830 3648 2834.2671667070535 3764.0353920025377 2944 3760 2939.7328332929465 3643.9646079974623
2948 3634 2952.5479817099636 3757.671484327914 2998 3756 2993.4520182900364 3632.328515672086
3004 3630 3008.618210418524 3755.581186077833 3106 3752 3101.381789581476 3626.418813922167
3112 3630 3115.8129607823494 3733.6843482910667 3216 3730 3212.1870392176506 3626.3156517089333
3226 3616 3230.3514211910597 3734.3264911675806 3348 3730 3343.6485788089403 3611.6735088324194
3330 3602 3334.8029260115886 3732.604084811746 3460 3728 3455.1970739884114 3597.395915188254
3428 3592 3433.382423237499 3738.362125776429 3552 3734 3546.617576762501 3587.637874223571
776 3910 780.4740113880904 4031.6600383534883 880 4028 875.5259886119096 3906.3399616465117
870 3912 874.2806722279307 4028.40264233906 994 4024 989.7193277720693 3907.59735766094
962 3896 967.1782796606379 4036.810929492783 1098 4032 1092.8217203393622 3891.189070507217
1072 3890 1076.6668302936814 4016.903287289315 1210 4012 1205.3331697063186 3885.096712710685
1200 3888 1204.890401854339 4020.982781122695 1286 4018 1281.109598145661 3885.017218877305
1276 3896 1279.5164594089556 3991.6217026404643 1378 3988 1374.4835405910444 3892.3782973595357
1358 3878 1363.6027734394129 4030.3540224639028 1482 4026 1476.3972265605871 3873.6459775360972
1474 3896 1477.5737028512078 3993.178301132461 1564 3990 1560.4262971487922 3892.821698867539
1562 3882 1566.6263137310505 4007.801536279747 1670 4004 1665.3736862689495 3878.198463720253
1674 3872 1679.145866410533 4011.929528685128 1786 4008 1780.854133589467 3868.070471314872
1774 3864 1779.2382242070653 4006.4409780520846 1900 4002 1894.7617757929347 3859.5590219479154
1894 3864 1898.9967854263173 3999.8756279047757 1950 3998 1945.0032145736827 3862.1243720952243
1938 3864 1943.0751174474037 4002.005679856608 2052 3998 2046.9248825525963 3859.994320143392
2030 3862 2034.1121632599184 3973.820444008975 2138 3970 2133.8878367400816 3858.179555991025
2118 3854 2122.721372631758 3982.386435714008 2242 3978 2237.278627368242 3849.613564285992
2234 3862 2237.643931559768 3961.08800288238 2376 3956 2372.356068440232 3856.91199711762
2362 3858 2366.751605032256 3987.2085335329593 2454 3984 2449.248394967744 3854.7914664670407
2460 3860 2463.3749614826975 3951.7740049834238 2566 3948 2562.6250385173025 3856.2259950165762
2580 3848 2584.5771736013244 3972.465287989663 2706 3968 2701.4228263986756 3843.534712010337
2692 3832 2697.0913240724562 3970.4463802604355 2818 3966 2812.9086759275438 3827.5536197395645
2806 3826 2811.0891432228495 3964.3870772717323 2876 3962 2870.9108567771505 3823.6129227282677
2868 3838 2872.5690702887982 3962.2449377877497 2988 3958 2983.4309297112018 3833.7550622122503
2966 3806 2971.4040320709023 3952.9497263148655 3106 3948 3100.5959679290977 3801.0502736851345
1098 4070 1102.9795382921275 4205.406633343746 1250 4200 1245.0204617078725 4064.593366656254
1240 4046 1245.7442713656712 4202.201720120944 1360 4198 1354.2557286343288 4041.7982798790567
1342 4062 1346.3109046284287 4179.224740158012 1434 4176 1429.6890953715713 4058.7752598419884
1424 4050 1429.4369655755759 4197.845274201121 1534 4194 1528.5630344244241 4046.154725798878
1528 4050 1533.0859218641053 4188.299480125826 1650 4184 1644.9140781358947 4045.7005198741736
1658 4050 1661.8183629907 4153.831248425677 1766 4150 1762.1816370093 4046.1687515743233
1750 4024 1755.9970348176898 4187.075017616071 1894 4182 1888.0029651823102 4018.9249823839286
1876 4044 1880.3028013159026 4161.004389956099 1962 4158 1957.6971986840974 4040.9956100439017
1966 4028 1971.1323608896562 4167.562278348605 2068 4164 2062.8676391103436 4024.437721651395
2024 4028 2029.0151729009763 4164.3756312973055 2148 4160 2142.9848270990233 4023.624368702694
2150 4026 2154.936320625321 4160.231432266873 2270 4156 2265.063679374679 4021.7685677331274
2268 4012 2273.232821998715 4154.294077917475 2390 4150 2384.767178001285 4007.7059220825245
2384 4016 2388.691660485829 4143.578484973657 2486 4140 2481.308339514171 4012.421515026342
2488 4016 2491.8837097454784 4121.608197119587 2590 4118 2586.1162902545216 4012.391802880413
2586 4006 2590.740280360986 4134.90058618514 2724 4130 2719.259719639014 4001.0994138148603
2708 4000 2712.095956634866 4111.379743605146 2804 4108 2799.904043365134 3996.620256394853
2846 3996 2851.409434279253 4143.096626449475 2990 4138 2984.590565720747 3990.9033735505254
2984 3988 2988.645221460278 4114.315686750879 3106 4110 3101.354778539722 3983.6843132491213
3090 3978 3094.5312548303423 4101.2166368454855 3182 4098 3177.4687451696577 3974.7833631545145
3176 3978 3180.4194690500135 4098.176889928796 3294 4094 3289.5805309499865 3973.823110071204
3290 3966 3293.7476140275708 4067.9073995971557 3400 4064 3396.2523859724292 3962.0926004028443
1248 4238 1252.8520661413147 4369.94033310183 1360 4366 1355.1479338586853 4234.05966689817
1328 4238 1333.1998884940413 4379.39853003122 1480 4374 1474.8001115059587 4232.60146996878
1452 4240 1456.4572845084695 4361.20519087106 1598 4356 1593.5427154915305 4234.79480912894
1576 4220 1581.2819621284407 4363.630326207559 1680 4360 1674.7180378715593 4216.369673792441
1680 4226 1684.7272950946774 4354.547482927219 1754 4352 1749.2727049053226 4223.452517072781
1758 4226 1761.9895730628878 4334.486896823067 1884 4330 1880.0104269371122 4221.513103176934
1868 4224 1871.6196216221897 4322.426952276639 1992 4318 1988.3803783778103 4219.573047723361
1974 4218 1977.9350307248112 4325.003748398374 2114 4320 2110.064969275189 4212.996251601626
2112 4206 2115.9652631253093 4313.825846217325 2220 4310 2216.0347368746907 4202.174153782675
2208 4198 2212.3319932072636 4315.798193617847 2370 4310 2365.6680067927364 4192.201806382152
2360 4194 2364.2671667070535 4310.035392002537 2474 4306 2469.7328332929465 4189.964607997463
2470 4178 2474.8844793914195 4310.8217339094845 2606 4306 2601.1155206085805 4173.1782660905155
1468 4426 1471.3015114153927 4515.776706087599 1574 4512 1570.6984885846073 4422.223293912401
1550 4402 1555.0367817343795 4538.963231835743 1690 4534 1684.9632182656205 4397.036768164257
1688 4404 1692.5695905433668 4528.25908486635 1754 4526 1749.4304094566332 4401.74091513365
1750 4396 1754.6209115226995 4521.654636145137 1854 4518 1849.3790884773005 4392.345363854863
1846 4398 1849.788130590202 4501.009150606725 1986 4496 1982.211869409798 4392.990849393275
1964 4390 1968.721372631758 4518.386435714008 2088 4514 2083.278627368242 4385.613564285992
2074 4398 2077.967964229485 4505.89929628463 2184 4502 2180.032035770515 4394.10070371537
2176 4374 2181.5811646060097 4525.766421925467 2284 4522 2278.4188353939903 4370.233578074533
2298 4378 2302.42757236254 4498.39724013071 2422 4494 2417.57242763746 4373.60275986929
2402 4364 2407.191785181515 4505.178179829306 2548 4500 2542.808214818485 4358.821820170694
2530 4348 2535.8150203288 4506.125568949463 2648 4502 2642.1849796712 4343.874431050537
2646 4352 2651.070235493622 4489.872926800601 2702 4488 2696.929764506378 4350.127073199399
1708 4602 1711.6498540226876 4701.24905009559 1800 4698 1796.3501459773124 4598.75094990441
1804 4570 1808.650623668629 4696.462586885487 1930 4692 1925.349376331371 4565.537413114513
1942 4568 1946.9309184169704 4702.084532132263 2058 4698 2053.0690815830294 4563.915467867737
2016 4564 2020.846663932964 4695.793432967221 2124 4692 2119.153336067036 4560.206567032779
2112 4564 2116.711088469625 4692.106782523391 2174 4690 2169.288911530375 4561.893217476609
2162 4560 2167.4207589505236 4707.404573797295 2260 4704 2254.5792410494764 4556.595426202705
2248 4556 2253.31167427437 4700.438276947909 2374 4696 2368.68832572563 4551.561723052091
2352 4552 2357.1269586813055 4691.415378213996 2450 4688 2444.8730413186945 4548.584621786004
2464 4556 2468.346018982709 4674.179591032971 2582 4670 2577.653981017291 4551.820408967029
2576 4540 2580.1883144313983 4653.891192972103 2686 4650 2681.8116855686017 4536.108807027897
2694 4534 2698.50372353402 4656.467989093839 2820 4652 2815.49627646598 4529.532010906161
2810 4522 2815.025977317678 4658.6694315665245 2942 4654 2936.974022682322 4517.3305684334755
2930 4528 2934.4464800917676 4648.911390601841 3068 4644 3063.5535199082324 4523.088609398159
3038 4514 3043.03678173438 4650.963231835743 3178 4646 3172.96321826562 4509.036768164257
3152 4500 3157.2571319362933 4642.955128523216 3292 4638 3286.7428680637067 4495.044871476784
1816 4738 1820.9962651717485 4873.861480826174 1926 4870 1921.0037348282515 4734.138519173826
1920 4740 1924.8471841875325 4871.807580045822 1974 4870 1969.1528158124675 4738.192419954178
1948 4742 1952.5307345757737 4865.202489766884 2094 4860 2089.469265424226 4736.797510233116
2094 4734 2097.9733664378355 4842.046196419239 2208 4838 2204.0266335621645 4729.953803580761
2216 4722 2220.6614280853305 4848.756387154705 2350 4844 2345.3385719146695 4717.243612845295
2334 4720 2338.1067610515674 4831.673543874365 2438 4828 2433.8932389484326 4716.326456125635
2402 4718 2406.7618891943894 4847.488186723576 2556 4842 2551.2381108056106 4712.511813276424
2538 4722 2542.0468165051398 4832.043495315063 2652 4828 2647.9531834948602 4717.956504684937
1916 4902 1919.8702042246014 5007.240946783064 2008 5004 2004.1297957753986 4898.759053216936
1996 4882 2000.8790771830688 5014.674833774875 2128 5010 2123.1209228169314 4877.325166225125
2110 4868 2115.031379526029 5004.816331701134 2246 5000 2240.968620473971 4863.183668298866
2206 4880 2210.2860744362815 4996.549542473669 2334 4992 2329.7139255637185 4875.450457526331
2330 4866 2334.909309583567 4999.496931593826 2430 4996 2425.090690416433 4862.503068406174
2420 4878 2423.7206029858166 4979.172898924111 2510 4976 2506.2793970141834 4874.827101075889
2490 4864 2494.784018282361 4994.089934340614 2606 4990 2601.215981717639 4859.910065659386
2606 4854 2611.0454053014746 4991.1977291162575 2698 4988 2692.9545946985254 4850.8022708837425
2676 4858 2680.7948226990625 4988.383734609833 2800 4984 2795.2051773009375 4853.616265390167
2746 4850 2751.249028623767 4992.734778321303 2880 4988 2874.750971376233 4845.265221678697
2876 4856 2879.6687617519156 4955.763200566723 2982 4952 2978.3312382480844 4852.236799433277
2950 4842 2955.2193164778378 4983.926827580952 3062 4980 3056.7806835221622 4838.073172419048
3082 4842 3086.865571662192 4974.307583438353 3204 4970 3199.134428337808 4837.692416561647
3196 4832 3201.2085120611364 4973.633027311735 3300 4970 3294.7914879388636 4828.366972688265
3284 4832 3288.865571662192 4964.307583438353 3406 4960 3401.134428337808 4827.692416561647
3396 4838 3400.277971123755 4954.329192271755 3518 4950 3513.722028876245 4833.670807728245
2190 5062 2193.6714628560912 5161.836650634027 2298 5158 2294.3285371439088 5058.163349365973
2282 5038 2286.629014835226 5163.874986347051 2392 5160 2387.370985164774 5034.125013652949
2370 5032 2374.8763760788934 5164.601383707571 2500 5160 2495.1236239211066 5027.398616292429
2486 5032 2491.409954533822 5179.110773528077 2576 5176 2570.590045466178 5028.889226471923
2558 5024 2562.1748089105213 5137.52394263558 2658 5134 2653.8251910894787 5020.47605736442
2658 5020 2662.9827596508712 5155.494230489651 2758 5152 2753.0172403491288 5016.505769510349
2786 5012 2791.6546146733144 5165.763720821291 2894 5162 2888.3453853266856 5008.236279178709
2896 5004 2901.2301208945396 5146.220627850171 3016 5142 3010.7698791054604 4999.779372149829
2982 5000 2987.017874005152 5136.449081364611 3108 5132 3102.982125994848 4995.550918635389
3088 5004 3092.4302734667153 5124.470690198014 3214 5120 3209.5697265332847 4999.529309801986
3192 4998 3196.3163068367794 5115.371640292621 3288 5112 3283.6836931632206 4994.628359707379
3274 4984 3279.2301208945396 5126.220627850171 3394 5122 3388.7698791054604 4979.779372149829
2368 5190 2373.222017582013 5332.000277648257 2482 5328 2476.777982417987 5185.999722351743
2762 5396 2766.447000346336 5516.925537680443 2846 5514 2841.552999653664 5393.074462319557
2842 5382 2847.2765599200898 5525.483426072949 2942 5522 2936.7234400799102 5378.516573927051
2950 5374 2955.025977317678 5510.6694315665245 3082 5506 3076.974022682322 5369.3305684334755
3062 5376 3066.694361590004 5503.651935040962 3166 5500 3161.305638409996 5372.348064959038
3154 5368 3158.5636680804473 5492.09803765314 3270 5488 3265.4363319195527 5363.90196234686
3232 5358 3237.2247186861887 5500.073727715561 3348 5496 3342.7752813138113 5353.926272284439
3344 5358 3349.3148956331142 5502.525874093815 3418 5500 3412.6851043668858 5355.474125906185
# Transcript
OTOYCAR
GOYANTI*
STOYDHM
TIARISTOF*
NT***OTOYEY
WNO***SIMWNOS:
PYQO***TOY*EMIST*
NTIL ***EIQOYS TOYDIOGE*
*DHMOKRATOYSTOYDHMOK**
**BOLHKLEOSTOBOLARCIDO:
**ANTISWSTPATOTOSW*IKLEOS:*
OI:ANTITIMODHMOTOTIMOKLE**
R:A***DHIXENOTOKYDIKL*OS*OI
**A*YDAOTOYALKMEWNIDO:AFID
**RIDHLO*OMNHSARCO:WAQEN
***AN*ILEPTINOTOANTIFWNTOSSFHT
ANTIKHFISODWROTOPANAISCOSACAR
*ANTI*ILOKRATOSTOF***KYDOSPAIA
AN***EONTO*TOA**SIKL*OSELEY
*THSIP*OTOSIMYLO:KYQHRRIO
**ANTIFEIDOKRATOYSTOARISTODIKOAMF
**SANDROTOKHFISODWROAFIDN
*LEOSTOYQRASYBOLOMARAQ
ODWRIDOAQMON
*ONIKWNOSAMFI*
*OYTEISARCOPALLH
*KINOAQMO
*OANDROKRATOSKEFA
*OKLEOSKYDAQH
S
*OSPALTI*
# Lines: x1 y1 x2 y2 x3 y3 x4 y4
