# Baseline angle
-0.004007257398986219
# Boxes: x1 y1 x2 y2 x3 y3 x4 y4
690.4116692495688 726.4297679723968 690.7683142035694 815.4290533873755 766.7677039961352 815.1245026401389 766.4110590421346 726.1252172251602
790.430902578421 731.0290031597547 790.775525792399 817.0283126618683 889.7747309169256 816.631595241126 889.4301077029475 730.6322857390123
992.3170778044166 702.2197641448383 992.7618821852489 813.2188729208228 1076.7612077454532 812.8822642001933 1076.316403364621 701.8831554242088
1075.3925490804752 720.8870101190246 1075.75320128115 810.8862875049576 1140.752679393213 810.6258164711371 1140.392027192538 720.6265390852041
1138.380021510606 717.6345776656876 1138.7767389313483 816.6337827902139 1220.776080549643 816.3051885629325 1220.3793631289006 717.3059834384062
1207.3794675064883 717.3580776451704 1207.8202646406462 827.3571944501996 1295.8195580846698 827.0045567428733 1295.3787609505116 717.0054399378441
1287.4148904029407 726.0374256498308 1287.8076005770088 824.0366388034026 1366.8069662824391 823.7200663161434 1366.4142561083709 725.7208531625715
1352.3662815549137 713.777050964552 1352.7990641957233 821.776183827672 1445.798317494521 821.4035098869749 1445.3655348537113 713.404377023855
245.52525753246528 1005.214775943557 245.7857285662859 1070.2142540556197 326.78507821362575 1069.8896670750123 326.5246071798051 1004.8901889629497
881.5321727997491 1005.6661429716532 881.872788767053 1090.6654605028125 952.8722187048447 1090.3809459889467 952.5316027375409 1005.3816284577874
946.4555132250028 986.4058244896914 946.8121581790034 1075.4051099046696 1037.8114275358914 1075.0404504573207 1037.4547825818909 986.0411650423425
843.0173627800853 1126.821454077478 843.4220946941757 1227.820643143914 938.421331934883 1227.4399547098687 938.0166000207925 1126.4407656434328
951.9684006540699 1114.3847605385367 952.4091977882279 1224.3838773435664 999.4088204231041 1224.1955367498804 998.9680232889461 1114.1964199448507
997.0401697871714 1132.2042899153862 997.3888002478236 1219.2035913884547 1081.388125808028 1218.8669826678247 1081.0394953473758 1131.8676811947562
1084.9833617777567 1117.851764614692 1085.4441951452854 1232.8508412744955 1163.443568879761 1232.5382760339107 1162.9827355122322 1117.5391993741073
1160.0709190261994 1139.5510444751358 1160.4115349935032 1224.550362006295 1247.410836466572 1224.2017315456428 1247.070220499268 1139.2024140144836
1228.0262933377107 1128.2786400207897 1228.3829382917113 1217.2779254357679 1306.3823120261868 1216.9653601951832 1306.0256670721863 1127.966074780205
1311.9895536778477 1118.942103561567 1312.3542131251966 1209.9413729184548 1383.3536430629883 1209.656858404589 1382.9889836156394 1118.657589047701
182.52758305989823 1255.4692324694065 182.87621352055044 1342.4685339424757 272.8754909064836 1342.1078817418008 272.5268604458314 1255.108580268732
264.50288119814786 1249.1406864163964 264.85551890547424 1337.1399798604202 368.8546838847748 1336.7232262063071 368.5020461774484 1248.7239327622833
357.32180839660816 1203.7683737827329 357.9469388777777 1359.7671212516836 409.946521367428 1359.558744424627 409.3213908862584 1203.5599969556765
140.07692110320158 1392.640444097205 140.44158055055038 1483.6397134540932 265.4405769199021 1483.138807619823 265.07591747255333 1392.1395382629348
265.0799247192275 1393.1395302338897 265.48465663331797 1494.1387193003259 369.4838216126185 1493.7219656462128 369.07908969852804 1392.7227765797766
365.9749253721353 1366.735007074974 366.61608484000146 1526.733722427744 433.61554689397394 1526.465236900575 432.9743874261078 1366.466521547805
182.5374172508325 1507.471216396694 182.95817815161968 1612.4703733469494 233.9577686703152 1612.266003766567 233.53700776952803 1507.2668468163117
230.60916229679856 1525.2787240335208 231.0179014575633 1627.2779050709116 322.01717081445133 1626.9132456235627 321.6084316536866 1524.914064586172
309.6285642355997 1529.9621114010358 309.96517295622937 1613.96143696124 410.96436202266545 1613.5567050471495 410.6277533020358 1529.5573794869454
403.6077732719813 1524.5854703588905 403.94438199261106 1608.5847959190946 464.94389222085465 1608.3403538719706 464.60728350022487 1524.3410283117664
465.639333444573 1532.3369568327307 465.9759421652028 1616.3362823929351 560.97517940591 1615.9555939588895 560.6385706852802 1531.956268398685
552.594555204226 1520.9884146915756 552.9872653782941 1618.9876278451472 596.9869121003057 1618.811308991484 596.5942019262377 1520.8120958379125
591.6142783048344 1525.8320919260573 591.9909594922059 1619.8313371958097 689.9901726457776 1619.4386270217417 689.6134914584062 1525.4393817519892
679.6255934888806 1528.4794301315953 679.9461732228136 1608.4787878079803 765.9454827249276 1608.1341645940022 765.6249029909945 1528.1348069176172
763.6249190490848 1528.1428214109656 763.9655350163888 1613.1421389421246 841.9649087508642 1612.8295737015399 841.6242927835603 1527.8302561703808
838.6563748440892 1535.8422136780416 838.9969908113931 1620.8415312092009 915.9963725749137 1620.5329732152904 915.6557566076099 1535.5336556841312
911.567629296959 1513.5498613098218 911.960339471027 1611.5490744633935 988.9597212345475 1611.240516469483 988.5670110604797 1513.2413033159114
226.11812276964315 1652.2977405781528 226.49881120368877 1747.2969778188601 311.4981287348479 1746.9563618515563 311.1174403008024 1651.957124610849
304.1415399841637 1657.985127163297 304.5102066781867 1749.9843884911397 400.50943588984876 1749.59969281042 400.1407691958258 1657.6004314825773
494.15203620560067 1660.2237262080703 494.4846376795563 1743.2230597973198 577.4839712688058 1742.890458323364 577.1513697948502 1659.8911247341146
586.091188833331 1644.855179949725 586.4678700207024 1738.8544252194774 687.4670590871385 1738.449693305387 687.0903778997672 1644.4504480356345
685.2025968647342 1672.4582377157176 685.5191693519931 1751.457603421148 769.5184949121974 1751.1209947005182 769.2019224249385 1672.1216289950878
760.1579149729293 1661.1577825346524 760.538603406975 1756.1570197753597 856.537832618637 1755.77232409464 856.1571441845915 1660.7730868539327
856.1491296912432 1658.773102912023 856.5779050853787 1765.772243804188 921.5773831974416 1765.5117727703675 921.148607803306 1658.5126318782025
922.1485997742609 1658.5086246315282 922.5733679217221 1764.5077735527384 1014.5726292495651 1764.1391068587154 1014.1478611021037 1658.1399579375052
981.1881102078394 1657.228037073885 981.5527696551883 1748.2273064307728 1080.5519747797148 1747.8305890100307 1080.1873153323659 1656.8313196531428
197.65131941961738 1785.4128828686937 198.10013104712368 1897.4119836156328 281.0994646363732 1897.0793821416771 280.6506530088669 1785.080281394738
283.59052022161893 1770.0683800903935 284.08741880921525 1894.0673844887904 362.08679254369065 1893.7548192482056 361.58989395609433 1769.7558148498088
347.5980208560753 1771.8119002451565 348.01076726351414 1874.8110732535024 453.0099242137695 1874.3903123527152 452.5971778063307 1771.3911393443693
442.6012653434568 1772.4312037820657 443.0500769709631 1884.4303045290048 539.0493061826252 1884.0456088482852 538.6004945551189 1772.046508101346
533.6125564403673 1775.0665202475816 534.0493463278511 1884.0656450816562 635.0485353942872 1883.6609131675655 634.6117455068033 1774.661788333491
626.6118097391649 1774.6938463068843 627.0365778866262 1880.6929952280946 714.035879359695 1880.3443647674424 713.6111112122337 1774.3452158462321
707.6071521398306 1773.369267355322 708.0279130406178 1878.3684243055775 788.0272707170029 1878.0478445716444 787.6065098162157 1773.048687621389
791.6185556433737 1777.060685274276 792.0513382841834 1885.059818137396 876.0506638443877 1884.7232094167662 875.617881203578 1776.7240765536462
865.6339182193199 1769.7280516841397 866.002584913343 1861.7273130119825 971.0017418635985 1861.3065521111953 970.6330751695752 1769.3072907833525
176.21251059299448 1925.499918229199 176.62926424710747 2029.4990832084998 258.62860586540216 2029.1704889812186 258.21185221128917 1925.1713240019178
257.2118602403343 1925.1753312485919 257.57251244100905 2015.1746086345252 365.5716453041289 2014.7418259937156 365.21099310345414 1924.7425486077823
353.1870459719513 1918.7906837421433 353.59578513271606 2020.7898647795344 446.5950384315138 2020.417190838837 446.18629927074903 1918.418009801446
436.17035057450425 1914.4581143843686 436.58710422861725 2018.4572793636692 512.5864940211831 2018.1527286164326 512.1697403670701 1914.153563637132
517.1576784818216 1911.133551490897 517.5944683693054 2020.1326763249715 616.5936734938321 2019.7359589042294 616.1568836063482 1910.7368340701548
612.1849664492481 1917.7528068535348 612.6177490900577 2025.7519397166548 730.6168016627257 2025.2790846091036 730.1840190219161 1917.2799517459837
726.2121018648158 1924.295924529364 726.6488917522997 2033.2950493634387 824.6481049058715 2032.9023391893707 824.2113150183877 1923.9032143552959
816.18332852403 1916.9353285320055 816.6161111648397 2024.9344613951255 895.61547687027 2024.6178889078665 895.1826942294603 1916.6187560447465
889.1426699369897 1906.6428798152435 889.6275467845635 2027.641908300776 1004.6266234443669 2027.1810749332474 1004.1417465967934 1906.1820464477148
139.74176422865582 2057.647126522179 140.18656860948806 2168.646235298163 240.1857657049694 2168.2455106307466 239.74096132413717 2057.2464018547626
233.757038485105 2061.2704132186263 234.16978489254382 2164.269586226972 343.1689097266185 2163.8327963394886 342.7561633191797 2060.833623331143
326.6961830837903 2045.8978597136074 327.1129367379033 2149.8970246929075 417.11221412383645 2149.5363724922327 416.69546046972346 2045.5372075129326
416.71148945642005 2049.5371753967515 417.1522865905781 2159.536292201781 527.1514033956075 2159.0954950676232 526.7106062614495 2049.0963782625936
533.7386007848523 2056.068271332558 534.0912384921788 2144.067564776582 619.090556023338 2143.726948809278 618.7379183160115 2055.7276553652546
616.7219053874053 2051.7357019747833 617.158695274889 2160.734826808858 695.1580690093645 2160.422261568273 694.7212791218807 2051.4231367341986
686.7213433542422 2051.455194707592 687.1461115017036 2157.4543436288022 765.145485236179 2157.1417783882175 764.7207170887177 2051.1426294670073
756.7488320477983 2058.174631237084 757.1255132351696 2152.1738765068367 796.1252001024073 2152.017593886544 795.748518915036 2058.0183486167916
788.8086838184647 2073.046278907833 789.133270799072 2154.0456285551727 867.1326445335475 2153.7330633145884 866.8080575529402 2072.7337136672486
860.7600829994828 2057.789911469229 861.1447786802025 2153.7891406808913 936.1441765018136 2153.4885971803287 935.7594808210938 2057.4893679686666
191.3105604140767 2197.5297762442115 191.69525609479638 2293.5290054558736 290.694461219323 2293.1322880351313 290.3097655386033 2197.1330588234696
276.29772774049036 2188.1250684172564 276.6944451612326 2287.1242735417827 340.6939313023406 2286.8678097546363 340.2972138815984 2187.86860463011
325.285320606299 2184.9327446640323 325.72611774045697 2294.931861469062 396.72554767824863 2294.647346955196 396.2847505440907 2184.6482301501665
395.3408760846645 2198.660139483556 395.6895065453167 2285.659440956625 487.6887678731596 2285.290774262602 487.3401374125074 2198.291472789533
491.33211489011387 2204.28748160095 491.70078158413696 2296.2867429287926 578.7000830572057 2295.9381124681404 578.3314163631826 2203.9388511402976
574.3314163631826 2196.9388511402976 574.7601917573181 2303.9379920324623 664.7594691432514 2303.577339831788 664.3306937491159 2196.578198939623
655.3667669982285 2209.58213392489 655.7354336922515 2301.581395252733 743.7347271362751 2301.2287575454066 743.3660604422521 2209.229496217564
740.2979613359269 2195.2416544513544 740.7467729634332 2307.2407551982933 842.7459540008241 2306.832016037529 842.2971423733178 2194.83291529059
833.3653378281853 2211.868844016889 833.7700697422758 2312.868033083325 923.769347128209 2312.5073808826505 923.3646152141184 2211.508191816214
910.2565239315035 2184.5605028071986 910.7534225190998 2308.5595072055953 1013.7525955274455 2308.1467607981567 1013.2556969398493 2184.1477563997596
110.90410663551904 2347.7650154992994 111.29681680958697 2445.764228652871 217.2959657307971 2445.33946050541 216.90325555672916 2347.340247351838
216.79925984028546 2315.436630027193 217.2761221945109 2434.4356745708155 298.27547184185073 2434.1110875902086 297.7986094876253 2315.1120430465853
297.84260088154394 2322.067875013673 298.30744149574696 2438.0669436444314 391.3066947945447 2437.694269703734 390.84185418034167 2321.6952010729756
382.8257850484191 2327.6751969557854 383.362756102757 2461.6741210637306 482.3619612272835 2461.2774036429882 481.8249901729456 2327.2784795350435
187.4124167557036 2474.4594450633244 187.80512692977163 2572.458658216896 288.8043159962077 2572.0539263028054 288.4116058221397 2474.054713149234
310.4356733893202 2474.0666867149853 310.82437631671405 2571.0659078976023 387.8237580802347 2570.7573499036916 387.43505515284085 2473.7581287210746
380.46703283578233 2477.7179920219714 380.79963430973794 2560.717325611221 456.79902410230375 2560.4127748639844 456.46642262834814 2477.413441274735
464.4463623078418 2471.4014596799384 464.78697827514566 2556.4007772110976 551.7862797482144 2556.0521467504454 551.4456637809105 2471.052829219286
575.3574320926723 2458.016940638213 575.8503234335944 2581.0159530656547 666.8495927904823 2580.651293618306 666.3567014495602 2457.652281190864
657.3767617700667 2457.6642627856604 657.8416023842697 2573.6633314164187 761.8407673635702 2573.2465777623056 761.3759267493672 2457.2475091315473
735.4201670436868 2459.327565745534 735.816884464429 2558.3267708700605 844.8160092985036 2557.889980982576 844.4192918777615 2458.89077585805
823.3552160762007 2458.910940556144 823.7920059636846 2567.9100653902183 961.7908979554488 2567.357065349184 961.354108067965 2458.357940515109
175.9295844189811 2587.574619470046 176.35835981311664 2694.573760362211 295.3574043567394 2694.0968980079856 294.92862896260385 2587.0977571158205
269.9527366750103 2609.1297669149426 270.3734975757975 2714.128923865198 353.37283116504693 2713.7963223912425 352.95207026425976 2608.797165440987
345.92006849418283 2600.8252804000676 346.3728873683633 2713.824373117962 452.37203628957354 2713.3996049705 451.91921741539306 2600.4005122526064
446.98337350740553 2616.4204200212544 447.38409817482193 2716.4196171167355 519.3835200835686 2716.131095356196 518.9827954161522 2616.1318982607145
511.97483712612006 2614.159965045524 512.4356704936489 2729.1590417053276 562.4352690413896 2728.9586793716194 561.9744356738609 2613.959602711816
575.9823377605765 2615.903485200287 576.3469972079254 2706.9027545571753 638.3464994071238 2706.654305263377 637.9818399597749 2615.655035906489
637.9978689464715 2619.6550037903085 638.4146226005846 2723.654168769609 726.4139160446082 2723.3015310622823 725.9971623904952 2619.302366082982
713.8930703255091 2593.3506617982466 714.3378747063414 2704.349770574231 813.3370798308679 2703.953053153489 812.8922754500356 2592.9539443775043
236.51015344402356 2751.3330204580443 236.9188926047882 2853.332201495435 339.918065613134 2852.9194550879965 339.50932645236935 2750.9202740506053
323.4412594622248 2732.9484612710926 323.8459913763154 2833.947650337529 420.8452125589323 2833.558947410135 420.4404806448417 2732.559758343699
419.55278792930585 2753.6116277371975 419.8453169365198 2826.611041616899 506.8446184095885 2826.262411156247 506.5520894023746 2753.2629972765453
479.5161606760753 2748.331192731413 479.85677664337913 2833.330510262572 544.856254755442 2833.0700392287513 544.5156387881382 2748.0707216975925
549.4956426999931 2733.090798076189 549.8923601207354 2832.0900032007157 647.8915732743071 2831.6972930266475 647.494855853565 2732.6980879021207
618.4390113295726 2718.826432202327 618.8477504903374 2820.8256132397178 706.847043934361 2820.4729755323915 706.4383047735962 2718.473794495
701.4824005451023 2735.4817206688517 701.8871324591929 2836.4809097352877 791.8864098451261 2836.1202575346133 791.4816779310356 2735.121068468177
789.4817020181712 2736.1330902081995 789.8864339322618 2837.1322792746355 885.8856631439237 2836.747583593916 885.4809312298332 2735.74839452748
865.400834470621 2711.7725985884285 865.8736895781724 2829.7716511610965 975.8728063832018 2829.330854026938 975.3999512756504 2711.33180145427
197.04351067490154 2874.5283076820683 197.46026432901454 2978.527472661369 304.4594052211795 2978.0986972672335 304.0426515670665 2874.0995322879326
293.9866063169445 2869.1276954212844 294.45144693114753 2985.1267640520427 377.45078052039696 2984.7941625780873 376.98593990619395 2868.795093947329
352.0181905766718 2870.8912036351476 352.41490799741405 2969.890408759674 441.41419341239236 2969.5337638056735 441.01747599165014 2870.534558681147
433.03751222502103 2863.534518535921 433.43422964576314 2962.5337236604473 518.4335471769223 2962.1931076931437 518.0368297561802 2863.193902568617
508.9287545316555 2846.2542280529497 509.42164587257764 2969.2532404803915 588.4210115780079 2968.9366679931327 587.9281202370857 2845.937655565691
586.0483617244463 2864.9494364343573 586.4651153785593 2968.9486014136583 683.4643365611762 2968.559898486264 683.0475829070632 2864.5607335069635
682.09171079475 2871.5846886675117 682.4764064754697 2967.5839178791734 780.4756196290415 2967.1912077051056 780.0909239483218 2871.1919784934435
747.9347537346621 2844.2483930796443 748.4436740622808 2971.2473733909055 863.4427507220844 2970.786540023377 862.9338303944655 2843.787559712115
164.54065816289847 2994.651536727364 164.97344080370817 3102.650669590484 232.9728948286355 3102.378176816641 232.5401121878258 2994.379043953521
227.49605656154563 2990.3911540130407 227.95688992907435 3105.390230672844 267.95656876726696 3105.2299408058775 267.49573539973824 2990.230864146074
266.53177653267005 2999.218770144645 266.9886026535247 3113.2178548334937 358.98786398136747 3112.8491881394707 358.5310378605128 2998.8501034506216
344.5511383262452 2988.8821212787893 344.9678919803582 3092.88128625809 432.9671854243818 3092.5286485507636 432.5504317702688 2988.529483571463
436.526396319269 2993.533538992408 437.0112731668428 3114.5325674779406 530.0105264656405 3114.1598935372435 529.5256496180667 2993.160865051711
529.5697293314824 3009.160776732214 529.9664467522247 3108.1599818567406 642.9655394701185 3107.70716298256 642.5688220493764 3008.7079578580333
638.5969209503667 3005.731945134762 638.9776093844121 3100.7311823754694 723.9769269155713 3100.3905664081653 723.5962384815257 3005.391329167458
729.5682118419422 2995.403407110797 729.9448930293136 3089.4026523805496 807.944266763789 3089.0900871399645 807.5675855764176 2995.090841870212
785.5596353154308 3006.1229159016957 785.9844034628921 3112.122064822906 878.9836567616898 3111.749390882209 878.5588886142284 3005.7502419609987
876.5148089008126 3006.7503302804957 876.9636205283189 3118.749431027435 960.9629460885233 3118.412822306805 960.514134461017 3006.413721559866
962.60235812021 3009.445602894265 962.9750320609072 3102.444856193063 1049.974333533976 3102.0962257324104 1049.6016595932788 3009.096972433613
1036.5255861388312 2986.129182958865 1036.9503542862926 3092.128331880075 1121.9496718174516 3091.787715912771 1121.5249036699904 2985.788566991561
1118.5649279624608 3001.764443221064 1118.985688863248 3106.7636001713195 1215.984910045865 3106.3748972439257 1215.5641491450779 3001.3757402936703
214.04517782062908 3130.454169980637 214.5741343816186 3262.453110146672 326.5732351285576 3262.004298519166 326.0442785675681 3130.0053583531303
320.0643067718937 3134.00131096123 320.54116912611914 3253.000355504853 431.5402779021034 3252.555551124021 431.063415547878 3133.556506580398
426.0754774331265 3131.5765187266334 426.5242890606328 3243.5756194735723 527.523478127069 3243.170887559482 527.0746664995627 3131.171786812543
534.0546061790562 3130.1598052177465 534.4954033132143 3240.1589220227756 563.4951704709038 3240.042711869225 563.0543733367458 3130.0435950641954
562.1104346449581 3130.023446424192 562.5031448190261 3228.022659577764 663.5023338854623 3227.6179276636735 663.1096237113943 3129.6187145101017
649.0935866956524 3142.614739379608 649.5383910764847 3253.6138481555927 742.5376443752823 3253.241174214895 742.0928399944501 3142.242065438911
758.0968552701695 3143.24606465654 758.5456668976758 3255.245165403479 862.5448318769763 3254.828411749366 862.09602024947 3142.829311002427
820.0481340155097 3130.9295885178235 820.5770905764994 3262.9285286838585 969.5758942487664 3262.3314489294085 969.046937687777 3130.332508763373
171.65859969453834 3281.6092241570154 172.03928812858385 3376.6084613977227 337.0379633361281 3375.947265696486 336.6572749020826 3280.9480284557785
312.669513426325 3280.0562000288455 313.09428157378636 3386.0553489500558 400.0935830468551 3385.7067184894036 399.66881489939374 3279.7075695681933
396.5886940530461 3263.7197518891194 397.06154916059734 3381.7188044617874 493.0607783722595 3381.3341087810677 492.58792326470825 3263.3350562083997
485.5638637265729 3257.3270898893225 486.08079854754 3386.3260541424934 565.0801642529702 3386.0094816552346 564.563229432003 3257.0105174020637
561.5432574309937 3250.042615520683 562.0722139919833 3382.0415556867183 606.0718607139952 3381.865236833055 605.5429041530056 3249.8662966670195
603.6871570042304 3276.8620003747187 604.07185268495 3372.861229586381 688.0711782451542 3372.524620865751 687.6864825644345 3276.525391654089
692.5663053094356 3256.5456687588153 693.0672111437061 3381.5446651281673 797.0663761230066 3381.127911474054 796.5654702887362 3256.128915104702
224.15118593174338 3396.455961210839 224.58396857255298 3504.455094073959 324.5831656680343 3504.0543694065427 324.15038302722473 3396.0552365434232
314.0982968495057 3388.0593481676847 314.60320993045036 3514.058336507991 405.6024792873384 3513.693677060642 405.0975662063937 3387.6946887203358
395.0495274205749 3375.718828548923 395.5824912282386 3508.717760685913 477.5818328465333 3508.3891664586317 477.0488690388696 3375.3902343216414
484.0849342589371 3395.3901620602346 484.50970240639833 3501.389310981445 557.5091162860997 3501.096781974231 557.0843481386385 3395.0976330530207
562.0842357320058 3385.0415315995824 562.5691125795796 3506.040560085115 648.5684220816936 3505.695936871137 648.0835452341198 3384.6969083856047
641.1557158194807 3398.716800096162 641.5764767202679 3503.7159570464173 683.57613950037 3503.5476526861025 683.1553785995828 3398.548495735847
674.1314154099897 3396.58861637686 674.6002632708669 3513.587676978573 788.5993479597156 3513.1308508577185 788.1305000988384 3396.1317902560054
784.1545355498383 3393.12773483506 784.5993399306703 3504.126843611044 876.5986012585132 3503.758176917021 876.1537968776811 3392.759068141037
825.0218628411508 3373.9116084731463 825.6069208555787 3519.910436232549 937.6060216025178 3519.4616246050427 937.0209635880899 3373.46279684564
250.6237439646227 3518.306745656563 251.0885845788257 3634.3058142873215 336.08790210998484 3633.965198320018 335.6230614957818 3517.9661296892596
327.6431619615141 3521.998147517427 328.1160170690655 3639.997200090095 434.1151659902757 3639.5724319426336 433.64231088272436 3521.5733793699656
417.67046598703087 3533.6254173734133 418.087219641144 3637.624582352714 502.0865452013484 3637.2879736320842 501.66979154723526 3533.2888086527837
499.75397584357347 3539.3046690295314 500.17473674436064 3644.303825979787 607.1738776365257 3643.875050585651 606.7531167357386 3538.8758936353956
594.7091735160909 3522.9441051483536 595.1700068836196 3637.943181808157 691.1692360952818 3637.5584861274374 690.7084027277529 3522.559409467634
673.6645157114217 3521.655671707311 674.1053128455796 3631.6547885123405 778.1044778248802 3631.2380348582274 777.6636806907222 3521.2389180531977
191.3294529477156 3684.5217238650152 191.7782645752219 3796.5208246119546 293.77744561261284 3796.1120854511896 293.32863398510653 3684.1129847042507
293.2565517192427 3668.137172707109 293.76547204686153 3795.1361530183704 418.76446841621316 3794.6352471840996 418.2555480885943 3667.6362668728384
403.2436628423401 3672.7044141534348 403.74456867661047 3797.7034105227867 481.743942411086 3797.3908452822016 481.2430365768156 3672.39184891285
490.26695962118276 3668.3316920384664 490.71577124868907 3780.3307927854057 543.7153457092941 3780.118408711675 543.2665340817878 3668.119307964736
548.29854388091 3676.0952002523295 548.7193047816971 3781.094357202585 658.7184215867267 3780.653560068427 658.2976606859395 3675.6544031181716
672.2896060473652 3686.634382942891 672.7143741948265 3792.6335318641013 754.7137158131213 3792.30493763682 754.28894766566 3686.3057887156097
746.2889717527955 3675.317810455632 746.7377833803018 3787.316911202571 833.7370848533706 3786.968280741919 833.2882732258643 3674.9691799949796
125.81490788654276 3822.8092741110877 126.0914079070601 3891.8087201069698 275.0902115793274 3891.211640352519 274.81371155881004 3822.212194356637
262.8098648930395 3817.2923473191654 263.0823576668827 3885.291801344093 347.08168322708707 3884.955192623463 346.8091904532439 3816.955738598536
341.8211640189953 3800.931671031355 342.21788143973754 3899.930876155882 443.2170705061736 3899.5261442417914 442.8203530854314 3800.5269391172646
435.84441262356677 3815.534905436342 436.18502859087073 3900.534222967501 484.1846431967018 3900.341875127141 483.84402722939785 3815.3425575959823
491.8199837493529 3809.342605770253 492.2046794300726 3905.3418349819153 587.2039166707798 3904.9611465478697 586.8192209900601 3808.9619173362075
582.8433367315117 3811.997934382004 583.167923712119 3892.997284029344 685.1671047495099 3892.5885448685794 684.8425177689028 3811.5891952212396
684.810483882645 3802.6012811936234 685.1711360833197 3892.6005585795565 761.1705258758855 3892.2960078323204 760.8098736752108 3802.296730446387
752.8298617343105 3803.272646821116 753.234593648401 3904.2718358875522 849.2338228600631 3903.8871402068326 848.8290909459727 3802.887951140396
852.7970570597148 3807.9000371127804 853.1897672337828 3905.8992502663523 901.1893818396139 3905.706902425992 900.7966716655459 3807.7076892724203
902.7806426788493 3797.7077213886014 903.2134253196589 3905.706854251721 979.2128151122247 3905.4023035044847 978.7800324714151 3797.403170641365
964.7400804403512 3775.463359631929 965.224957287925 3896.4623881174616 1070.2241142381804 3896.0416272166744 1069.7392373906066 3775.042598731142
154.34381627326127 3943.784170797078 154.68443224056512 4028.783488328237 260.68358116177535 4028.358720180776 260.3429651944715 3943.3594026496166
245.2788492476849 3930.3595311143395 245.71563913516866 4039.3586559484143 333.71493257919224 4039.006018241088 333.27814269170847 3930.006893407013
332.2541232987991 3929.0189633213067 332.8151378331819 4069.0178392549806 410.8145115676574 4068.705274014396 410.2534970332746 3928.706398080722
577.2761996627733 3931.0371397118656 577.7891272370662 4059.0361119940817 695.7881798097342 4058.5632568865303 695.2752522354413 3930.5642846043143
684.3033993107026 3931.612315361088 684.7802616649282 4050.6113599047108 789.7794186151835 4050.1905990039236 789.302556260958 3931.1915544603007
776.3266318571839 3940.207535272726 776.747392757971 4045.2066922229815 889.7464854758649 4044.7538733488013 889.3257245750777 3939.7547163985455
1143.2796857746364 3927.777036529547 1143.7445263888394 4043.776105160305 1238.7437636295467 4043.39541672626 1238.2789230153437 3927.3963480955013
1225.2589028400632 3917.4044027340756 1225.6876782341988 4024.4035436262407 1303.6870519686743 4024.090978385656 1303.2582765745387 3917.091837493491
1304.2222354416067 3902.1039314949203 1304.7311557692256 4029.1029118061815 1350.730786433147 4028.91857845917 1350.221866105528 3901.919598147909
1337.2299930055092 3905.9756835432563 1337.718877099757 4027.9747039997437 1435.7180902533287 4027.5819938256755 1435.2292061590808 3905.5829733691885
1429.2613123067454 3907.6069526168717 1429.6900877008807 4014.606093509037 1551.689108157368 4014.1172094147887 1551.2603327632326 3907.1180685226236
1537.2363374574586 3921.14216017694 1537.7011780716616 4037.1412288076986 1638.7003671380978 4036.736496893608 1638.2355265238948 3920.7374282628493
1604.1795856513604 3890.8176856029654 1604.6684697456083 4012.816706059453 1720.6675383763666 4012.3518654452496 1720.1786542821187 3890.3528449887626
194.84429656813677 4073.570783092699 195.31715167568814 4191.569835665367 307.31625242262726 4191.1210240378605 306.8433973150759 4073.1219714651925
309.84744470697603 4083.141999669518 310.2722128544374 4189.141148590728 403.271466153235 4188.768474650031 402.84669800577365 4082.769325728821
389.886802588696 4078.785274425066 390.3195852295057 4186.784407288185 484.3188304992582 4186.407726100814 483.8860478584485 4078.4085932376947
796.9077147411183 4079.222400047871 797.3044321618604 4178.221605172397 878.3037818092004 4177.89701819179 877.9070643884581 4078.897813067264
863.8188567873555 4060.873946226213 864.3237698683 4186.872934566519 971.3229107604651 4186.4441591723835 970.8179976795204 4060.445170832077
302.4405172147523 4222.14081137083 302.8171984021236 4316.140056640583 394.81645972996637 4315.77138994656 394.43977854259504 4221.772144676807
369.4078490339248 4203.836324855955 369.8526534147569 4314.83543363194 479.8517702197863 4314.394636497782 479.4069658389542 4203.395527721797
489.3508162112448 4195.371596648385 489.8397003054928 4317.3706171048725 534.8393389984594 4317.1902910045355 534.3504549042115 4195.191270548048
526.3424885851342 4195.215330086183 526.8834668861463 4330.214246165083 613.8827683592151 4329.865615704431 613.3417900582031 4194.866699625531
630.3737837992348 4193.834577419776 630.8386244134377 4309.833646050534 656.8384156582629 4309.729457637006 656.3735750440599 4193.730389006248
874.4839794448147 4214.83254093797 874.9007330989277 4318.8317059172705 967.8999863977253 4318.459031976574 967.4832327436123 4214.459866997273
943.427259754897 4207.524095350692 943.8359989156618 4309.523276388083 1028.8353164468208 4309.182660420779 1028.4265772860563 4207.183479383389
213.91418325586733 4340.544595857589 214.29086444323877 4434.543841127342 304.29014182917194 4434.183188926667 303.9134606418005 4340.183943656914
287.9254904108683 4334.187926816453 288.34625131165546 4439.187083766708 382.34549658140793 4438.810402579336 381.92473568062076 4333.811245629082
375.9248480872534 4343.86734708252 376.31755826132144 4441.866560236092 468.3168195891642 4441.497893542069 467.92410941509615 4343.498680388497
460.9161591541093 4335.53075441998 461.3329128082223 4439.529919399281 509.3325274140534 4439.337571558921 508.9157737599404 4335.338406579621
507.967932199066 4350.370360175427 508.34060613976317 4443.369613474224 586.3399798742387 4443.05704823364 585.9673059335414 4350.057794934842
581.9472054678092 4344.0257771066745 582.3960170953155 4456.024877853613 652.3954550621525 4455.7443705864225 651.9466434346461 4343.745269839483
634.0108396718846 4347.785213841502 634.3714918725593 4437.784491227435 718.3708174327637 4437.447882506805 718.0101652320889 4347.448605120871
703.0022230001473 4345.48468639903 703.3508534607995 4432.483987872099 797.350098730552 4432.1073066847275 797.0014682698998 4345.108005211659
798.0456363028126 4354.151996605577 798.398274010139 4442.151290049601 879.3976236574788 4441.826703068993 879.0449859501524 4353.82740962497
869.9129073908088 4334.907819516944 870.3537045249668 4444.906936321973 951.3530541723067 4444.582349341366 950.9122570381487 4334.583232536337
921.9443551567679 4315.603204537347 922.3691233042292 4421.6023534585565 1032.3682401092587 4421.161556324399 1031.9434719617975 4315.162407403188
191.5153906926697 4487.603500200923 191.92412985343435 4589.602681238314 276.9234473845935 4589.26206527101 276.51470822382885 4487.26288423362
271.52666573148997 4495.2308021730905 271.96345561897374 4604.229927007165 372.9626446854098 4603.825195093075 372.52585479792606 4494.8260702590005
368.5139213774006 4484.870174059552 368.94269677153613 4591.869314951717 462.9419420412886 4591.492633764346 462.51316664715307 4484.4934928721805
476.51315058906266 4484.485478378832 476.9178825031531 4585.484667445268 560.9172080633575 4585.148058724639 560.5124761492671 4484.148869658202
540.556692356451 4485.216904532166 540.9053228171032 4572.216206005234 625.9046403482623 4571.875590037931 625.5560098876101 4484.876288564862
623.4999485793978 4479.896437204865 623.9848254269716 4600.895465690398 706.9841590162212 4600.562864216442 706.4992821686474 4479.56383573091
689.535403592031 4477.591814196222 689.9601717394924 4583.590963117433 761.959593648239 4583.302441356893 761.5348255007775 4477.303292435683
758.5309226316908 4484.355394671492 758.9717197658488 4594.354511476521 848.9709971517821 4593.993859275846 848.5302000176241 4483.994742470817
843.5662652376916 4479.99467020941 843.9269174383662 4569.993947595343 932.9262028533446 4569.637302641343 932.5655506526699 4479.63802525541
894.4455259495295 4459.734440046946 894.8702940969908 4565.733588968155 1014.8693306115683 4565.252719367256 1014.4445624641071 4459.253570446046
170.06060908266636 4610.718618404329 170.5214424501952 4725.717695064132 240.52088041703212 4725.437187796941 240.06004704950328 4610.438111137138
238.12814615582852 4635.425952903347 238.4647548764583 4719.425278463551 328.4640322623916 4719.064626262876 328.1274235417618 4635.065300702672
324.1435408479555 4633.109348299908 324.5041930486301 4723.10862568584 409.50351057978924 4722.768009718537 409.1428583791146 4632.768732332604
399.10276985428266 4618.760798129707 399.5235307550698 4723.759955079962 504.5226877053252 4723.339194179175 504.10192680453804 4618.34003722892
581.1132981919004 4611.015426161177 581.4899793792717 4705.014671430929 642.4894896075155 4704.770229383806 642.112808420144 4610.770984114053
646.0567711990672 4602.803154494079 646.5336335532927 4721.802199037702 739.5328868520903 4721.429525097004 739.0560244978649 4602.430480553381
726.0040426977333 4606.486686384407 726.4849122986329 4726.485722898985 810.4842378588373 4726.149114178355 810.0033682579376 4606.150077663778
797.0595259146922 4604.178015983864 797.5403955155919 4724.177052498441 901.5395604948925 4723.760298844329 901.0586908939929 4603.761262329751
1059.085545292979 4613.164126371985 1059.5503859071823 4729.163195002742 1159.5495830026634 4728.762470335327 1159.0847423884604 4612.7634017045675
1111.000758818252 4590.847722494675 1111.5056718991966 4716.8467108349805 1243.504612065232 4716.317754273991 1242.9996989842873 4590.3187659336845
237.63303514963752 4750.412919503631 238.00971633700897 4844.412164773383 319.0090659843489 4844.087577792776 318.6323847969775 4750.088332523023
317.616403984552 4771.112408119249 317.9930851719233 4865.111653389002 385.99253919685054 4864.839160615158 385.6158580094792 4770.839915345407
383.6118266756695 4747.827901634429 383.992515109715 4842.827138875136 448.9919932217779 4842.566667841315 448.61130478773237 4747.5674306006085
430.61543247008433 4737.627531271675 430.99211365745566 4831.626776541428 515.9914311886148 4831.286160574124 515.6147500012435 4737.286915304371
663.573609671492 4744.75403178716 663.9262473788185 4832.753325231183 783.925283893396 4832.272455630284 783.5726461860696 4744.27316218626
769.6127828851728 4752.305139869201 769.9934713192183 4847.304377109909 850.9928209665582 4846.979790129301 850.6121325325126 4751.980552888594
819.5400663247392 4717.012755384801 820.073030132403 4850.011687521791 950.0719863565287 4849.49074545415 949.539022548865 4716.4918133171595
192.63540082229645 5017.6874122628515 193.06818346310604 5125.686545125971 268.067581284717 5125.386001625409 267.6347986439074 5017.386868762289
239.51469365031505 4982.443211087083 240.21195457161957 5156.441814033221 316.2113443641854 5156.137263285984 315.51408344288086 4982.138660339847
232.24808402404858 5167.473799745207 232.5606492646333 5245.473173479682 274.5603120447354 5245.304869119368 274.24774680415067 5167.305495384892
267.2798529518151 5161.3294746325755 267.65252689251224 5254.328727931374 357.6518042784455 5253.968075730699 357.27913033774837 5160.968822431902
357.2550386834322 5159.944827126127 357.6838140775677 5266.943968018292 399.6834768576698 5266.775663657977 399.2547014635343 5159.776522765813
396.298733002679 5153.7523909662705 396.7275083968145 5260.751531858436 469.7269222765159 5260.459002851221 469.29814688238037 5153.459861959056
468.21810632648453 5156.512116746724 468.570744033811 5244.5114101907475 581.5698367517048 5244.058591316567 581.2171990443785 5156.0592978725435
191.7414330205462 5288.701225233077 192.2062736347492 5404.700293863834 291.2054787592757 5404.303576443093 290.7406381450727 5288.304507812334
304.81611745017653 5295.975761033194 305.18077689752545 5386.975030390082 404.17998202205206 5386.57831296934 403.81532257470315 5295.579043612453
382.79935782036796 5294.611133702027 383.1880607477618 5391.610354884643 439.1876111212314 5391.38594907089 438.7989081938375 5294.3867278882735
748.760996293377 5285.465133414622 749.1537064674451 5383.464346568194 814.153184579508 5383.203875534373 813.7604744054399 5285.204662380802
793.7924842045621 5297.180554668395 794.2252668453718 5405.179687531515 879.224584376531 5404.839071564211 878.7918017357213 5296.839938701091
875.7598561689606 5281.896104386891 876.2086677964669 5393.89520513383 971.2079050371742 5393.5145166997845 970.7590934096679 5281.515415952846
207.3382959907766 5420.591833245142 207.7710786315863 5528.5909661082615 308.7702676980224 5528.1862341941705 308.3374850572127 5420.187101331051
307.3014439242809 5425.19919533248 307.7141903317197 5528.198368340825 389.7135319500144 5527.869774113544 389.30078554257557 5424.870601105198
387.34889658980114 5438.882526496679 387.70954879047576 5528.881803882612 473.70885829258964 5528.537180668634 473.348206091915 5438.5379032827
477.283985767541 5425.4859375406595 477.72879014837315 5536.485046316644 555.7281638828485 5536.172481076059 555.2833595020164 5425.173372300074
566.3555782616484 5440.217307490677 566.7683246690873 5543.216480499023 658.76758599693 5542.8478138049995 658.3548395894912 5439.848640796654
642.3028096150886 5425.880803147635 642.7115487758533 5527.879984185026 690.7111633816844 5527.687636344666 690.3024242209196 5425.688455307276
770.3378069721463 5437.347767078565 770.7545606262593 5541.346932057865 859.7538460412377 5540.990287103865 859.3370923871246 5436.991122124564
847.2971323270156 5417.047303868454 847.7419367078478 5528.0464126444385 949.7411177452387 5527.637673483674 949.2963133644066 5416.6385647076895
195.86738904553442 5559.658896604638 196.3202079197149 5672.657989322532 275.31957362514515 5672.341416835272 274.8667547509647 5559.342324117379
264.8708182009551 5555.370366815053 265.3076080884389 5664.369491649128 376.30671686442315 5663.924687268294 375.8699269769394 5554.92556243422
353.83407051204676 5555.029823109155 354.28288213955307 5667.0289238560945 435.282231786893 5666.704336875488 434.8334201593867 5554.705236128548
415.8454981027254 5567.733262768132 416.250230016816 5668.732451834568 491.24962783842693 5668.431908334005 490.84489592433636 5567.432719267569
488.86905181101406 5562.488772546737 489.2978272051495 5669.487913438901 584.2970644458568 5669.107225004856 583.8682890517214 5562.108084112691
578.8763035450696 5564.1080680546 579.2850427058344 5666.107249091992 682.28421571418 5665.694502684553 681.8754765534154 5563.695321647161
663.8877311357483 5572.811507713577 664.3165065298838 5679.810648605742 759.3157437705911 5679.429960171697 758.8869683764556 5572.4308192795315
745.8349303730078 5564.458974383838 746.283742000514 5676.458075130777 844.2829551540858 5676.065364956709 843.8341435265795 5564.06626420977
828.9223671857726 5575.098145544169 829.2709976464248 5662.097447017239 915.2703071485387 5661.75282380326 914.9216766878865 5574.753522330191
883.8657920186682 5547.861830397027 884.3065891528263 5657.860947202056 979.3058263935335 5657.48025876801 978.8650292593755 5547.4811419629805
321.363227799166 5706.128944442045 321.7679597132566 5807.1281335084805 379.7674940286357 5806.895713201379 379.36276211454515 5705.896524134943
377.3948120588933 5704.892452655908 377.7674859995906 5797.891705954706 458.7668356469304 5797.567118974098 458.39416170623315 5704.567865675301
445.37823709712393 5685.6199919982455 445.8831501780685 5811.618980338551 549.8823151573691 5811.202226684439 549.3774020764246 5685.203238344133
543.3093672024609 5677.247454551316 543.874388983518 5818.246322455945 632.8736743984963 5817.889677501944 632.3086526174393 5676.890809597316
612.4388728185475 5961.976704833405 612.8756627060313 6070.975829667479 718.8748116272416 6070.551061520018 718.4380217397577 5961.551936685943
704.4061805505844 5956.660196578507 704.8750284114615 6073.65925718022 777.874442291163 6073.366728173007 777.4055944302858 5956.367667571293
762.4697184061176 5975.371546353244 762.8544140868373 6071.370775564907 839.8537958503579 6071.062217570996 839.4691001696382 5975.062988359334
820.5011661720766 5963.066931373647 820.8738401127739 6056.066184672444 914.8730853825264 6055.689503485073 914.5004114418291 5962.690250186275
973.4835715215686 5987.285550388366 973.8963179290076 6090.284723396711 1061.895611373031 6089.932085689385 1061.4828649655922 5986.932912681039
674.0796067470187 6108.763036112444 674.4402589476935 6198.762313498377 762.439552391717 6198.409675791051 762.0789001910423 6108.410398405118
746.0388999857073 6095.446543915637 746.4516463931462 6198.445716923983 822.451036185712 6198.141166176747 822.0382897782731 6095.1419931684
# Transcript
*****KO*TRATOY
O*****OY
******XITELOY*
*OS)
WN)
IOSISIDOTOY
*AQ*NAGOROY
SBAKCYLOY
OSZHNWNOS
SDHMHTRIOY
CRYSOGONOY
OYS)
*AQOPODOS
MOSTITOY
*OSGLAYKOY
SGLAYKOY
RIOSSWKRATOYS
FWKIWNOS
WTHRIDA
OSYGEINOY
*YLADOY
ZWSIMOY
WNDIONYSIOY
OS)SWT***ARIANOY
SPA***OY
*OSISI***OY
HSDIOGENOYS
OSSTAFYLOY
YNOS*LEYS***OY
*STRA*NOS
R)
*IKIOY
A*TI***ROY
EOSHQI*OY
OSARCELAOY
*IOS)
**********
***FROD**O*
******OY

# Lines: x1 y1 x2 y2 x3 y3 x4 y4
