# Baseline angle
-0.004069426334481374
# Boxes: x1 y1 x2 y2 x3 y3 x4 y4
396 668 396.82549267357103 870.8512249474486 606 870 605.174507326429 667.1487750525514
602 642 602.9454875382481 874.3379860859206 686 874 685.0545124617519 641.6620139140794
696 630 697.0613511938154 890.8095706452951 896 890 894.9386488061846 629.1904293547049
884 590 885.2722966214363 902.6459342617512 1044 902 1042.7277033785638 589.3540657382488
1040 618 1041.0369680256488 872.817808768946 1242 872 1240.9630319743512 617.182191231054
1248 638 1248.954752390534 872.6146709013547 1400 872 1399.045247609466 637.3853290986453
1378 624 1379.0703842041517 887.0292841210237 1632 886 1630.9296157958483 622.9707158789763
1594 622 1595.0858337228178 888.8257488100896 1798 888 1796.9141662771822 621.1742511899104
1768 618 1769.1033366987544 889.1268167936903 2046 888 2044.8966633012456 616.8731832063097
2032 636 2033.013710946953 885.1027648283093 2304 884 2302.986289053047 634.8972351716907
2304 644 2304.93146219156 872.8914881979028 2524 872 2523.06853780844 643.1085118020972
2518 634 2518.9318596349026 862.9891533516837 2762 862 2761.0681403650974 633.0108466483163
2782 614 2783.0456367129204 870.9479958537086 3016 870 3014.9543632870796 613.0520041462914
3018 644 3018.948335882204 877.037919688017 3274 876 3273.051664117796 642.962080311983
3312 648 3313.012982300825 896.9237120463775 3540 896 3538.987017699175 647.0762879536225
3564 630 3565.094932973711 899.0617398114482 3826 898 3824.905067026289 628.9382601885518
3804 630 3805.094138087026 898.8664095038865 4018 898 4016.905861912974 629.1335904961135
3976 632 3976.989890823522 875.2493619198162 4284 874 4283.010109176478 630.7506380801838
366 868 367.10204500789075 1138.8094050439024 566 1138 564.8979549921091 867.1905949560976
544 868 545.1677512754254 1154.9556378123455 780 1154 778.8322487245746 867.0443621876548
762 874 763.1362560730789 1153.216210703542 1062 1152 1060.863743926921 872.783789296458
1074 864 1075.1007864373057 1134.5001320569295 1198 1134 1196.8992135626943 863.4998679430705
1186 876 1187.0628416063503 1137.1758149719738 1476 1136 1474.9371583936497 874.8241850280265
1468 878 1469.030087833419 1131.1271148761973 1746 1130 1744.969912166581 876.8728851238027
1702 880 1703.0465972009988 1137.1840199753456 1994 1136 1992.9534027990012 878.8159800246542
2008 878 2009.1683474404394 1165.1021355430166 2280 1164 2278.8316525595606 876.8978644569834
2272 868 2273.1341363752513 1146.695329883377 2444 1146 2442.8658636247487 867.3046701166229
2460 892 2460.9807253320714 1132.9970933928275 2706 1132 2705.0192746679286 891.0029066071725
2696 870 2697.157227852554 1154.3696800099383 2788 1154 2786.842772147446 869.6303199900615
2786 876 2787.1034691798686 1147.1593718449506 3072 1146 3070.8965308201314 874.8406281550494
3084 892 3085.0542391596355 1151.061905412841 3346 1150 3344.9457608403645 890.938094587159
3338 886 3339.07018548248 1148.9804515441333 3580 1148 3578.92981451752 885.0195484558668
3544 894 3545.062046719665 1154.9804846644117 3786 1154 3784.937953280335 893.0195153355882
3762 878 3763.037663551498 1132.9887227880624 4006 1132 4004.962336448502 877.0112772119375
3984 886 3984.9232571881876 1112.8752437925514 4200 1112 4199.076742811812 885.1247562074489
4160 900 4160.973083373435 1139.119207955332 4436 1138 4435.026916626565 898.8807920446678
286 1162 287.0542391596356 1421.061905412841 548 1420 546.9457608403644 1160.938094587159
526 1168 526.9953137234952 1412.5819502487016 670 1412 669.0046862765048 1167.4180497512984
648 1160 648.9882679298726 1402.8505625418775 858 1402 857.0117320701274 1159.1494374581225
846 1174 846.9559778408407 1408.9158051255124 1072 1408 1071.0440221591593 1173.0841948744876
1066 1150 1067.0453386304137 1406.8747469883729 1282 1406 1280.9546613695863 1149.1252530116271
1286 1142 1287.0698542796947 1404.8990639159824 1508 1404 1506.9301457203053 1141.1009360840176
1526 1156 1526.9804272495644 1396.9238445274918 1754 1396 1753.0195727504356 1155.0761554725082
1742 1142 1743.1103824923773 1414.8582045005144 1954 1414 1952.8896175076227 1141.1417954994856
1950 1154 1951.0286967817194 1406.7852868379643 2144 1406 2142.971303218281 1153.2147131620357
2124 1156 2125.0132141427744 1404.9806833860832 2366 1404 2364.9867858572256 1155.0193166139168
2374 1140 2375.1248715229653 1416.418645067943 2478 1416 2476.8751284770347 1139.581354932057
2476 1140 2477.1276867466427 1417.1104399072244 2750 1416 2748.8723132533573 1138.8895600927756
2704 1152 2705.0371005067627 1406.8503638202062 2914 1406 2912.9628994932373 1151.1496361797938
2918 1148 2919.160043076232 1433.0614748492198 3180 1432 3178.839956923768 1146.9385251507802
3154 1150 3155.0872910150742 1417.183854373953 3446 1416 3444.9127089849258 1148.816145626047
3436 1134 3437.067602100753 1396.3456280445573 3522 1396 3520.932397899247 1133.6543719554427
3864 1144 3865.0541397988 1403.037489124396 4120 1402 4118.9458602012 1142.962510875604
4122 1140 4123.085767482261 1406.8094712844595 4322 1406 4320.914232517739 1139.1905287155405
300 1416 300.88289457689774 1632.9567970220949 536 1632 535.1171054231022 1415.0432029779051
534 1428 534.8911989411056 1646.9974577158914 780 1646 779.1088010588944 1427.0025422841086
786 1394 786.9882679298726 1636.8505625418775 996 1636 995.0117320701274 1393.1494374581225
990 1392 991.0115250085682 1640.5656064825143 1130 1640 1128.9884749914315 1391.4343935174857
1110 1396 1111.0189682455336 1646.3946593431192 1208 1646 1206.9810317544664 1395.6053406568808
1196 1402 1197.0686619496666 1664.6060684546396 1346 1664 1344.9313380503334 1401.3939315453604
1348 1424 1348.8581470856668 1634.8755087547797 1564 1634 1563.1418529143332 1423.1244912452203
1546 1410 1546.9228928651235 1636.7857174015855 1740 1636 1739.0771071348765 1409.2142825984145
1736 1416 1736.8986090577926 1636.8183718136813 1938 1636 1937.1013909422074 1415.1816281863187
1926 1436 1926.8415052369726 1642.786048604371 2120 1642 2119.158494763027 1435.213951395629
2088 1446 2088.8021362340396 1643.1117647183667 2362 1642 2361.1978637659604 1444.8882352816333
2372 1408 2372.9477065969113 1640.8832831945306 2590 1640 2589.0522934030887 1407.1167168054694
2624 1418 2624.8583458073385 1628.9243413316701 2852 1628 2851.1416541926615 1417.0756586683299
2852 1414 2852.947143552176 1646.7449242266744 3036 1646 3035.052856447824 1413.2550757733256
3026 1406 3026.9305017034812 1634.6554640762656 3188 1634 3187.0694982965188 1405.3445359237344
3190 1410 3190.9067478206075 1632.818338693403 3392 1632 3391.0932521793925 1409.181661306597
3380 1408 3380.9546199094198 1642.5821158500942 3524 1642 3523.0453800905802 1407.4178841499058
3530 1404 3530.946878589947 1636.6798141241536 3698 1636 3697.053121410053 1403.3201858758464
3700 1396 3700.955646638055 1630.8344174973615 3906 1630 3905.044353361945 1395.1655825026385
284 1654 284.9886653732152 1896.9482276956585 518 1896 517.0113346267848 1653.0517723043415
508 1650 509.0448087059568 1906.7445267833316 692 1906 690.9551912940432 1649.2554732166684
706 1658 706.8829276971762 1874.96493578491 944 1874 943.1170723028238 1657.03506421509
984 1634 985.0875890975813 1901.2571032392884 1294 1900 1292.9124109024187 1632.7428967607116
1298 1636 1299.071543413901 1899.3141408195513 1622 1898 1620.928456586099 1634.6858591804487
1622 1640 1622.971659201457 1878.769241154284 1812 1878 1811.028340798543 1639.230758845716
1800 1640 1800.9810896551355 1881.0866197837934 2068 1880 2067.0189103448643 1638.9133802162066
2018 1638 2019.0701854824802 1900.9804515441333 2260 1900 2258.92981451752 1637.0195484558667
2262 1640 2263.078456726409 1905.012973475115 2512 1904 2510.921543273591 1638.987026524885
2482 1646 2482.9815533390356 1887.2005624632043 2778 1886 2777.0184466609644 1644.7994375367957
2746 1638 2747.1112436196195 1911.0698123337063 3010 1910 3008.8887563803805 1636.9301876662937
3000 1642 3001.0188357644197 1892.3621042918587 3090 1892 3088.9811642355803 1641.6378957081413
3090 1638 3091.068496348274 1900.5653746405644 3230 1900 3228.931503651726 1637.4346253594356
3228 1644 3229.1186537363064 1918.890726431496 3448 1918 3446.8813462636936 1643.109273568504
3458 1642 3459.159314430103 1926.8824220672882 3676 1926 3674.840685569897 1641.1175779327118
3686 1652 3686.9803941292857 1892.9157057646767 3912 1892 3911.0196058707143 1651.0842942353233
3896 1648 3896.994353235417 1892.3459261270643 3982 1892 3981.005646764583 1647.6540738729357
3986 1650 3986.9560109611193 1884.9239438883274 4214 1884 4213.043989038881 1649.0760561116726
264 1914 265.0142077511313 2163.224846270535 566 2162 564.9857922488686 1912.7751537294646
554 1916 554.9804272495645 2156.923844527492 782 2156 781.0195727504355 1915.0761554725082
768 1928 768.8924906319693 2147.3148694656797 1092 2146 1091.1075093680306 1926.6851305343205
1112 1924 1113.045636712921 2180.9479958537086 1346 2180 1344.954363287079 1923.0520041462914
1342 1916 1343.1106474546057 2188.923314603035 1570 2188 1568.8893525453943 1915.076685396965
1550 1934 1551.0297897509117 2187.0538660108614 1810 2186 1808.9702102490883 1932.9461339891384
1802 1926 1802.9972015793728 2171.045859729161 2060 2170 2059.002798420627 1924.9541402708392
2032 1926 2033.0216178678181 2177.045760368325 2290 2176 2288.978382132182 1924.954239631675
2264 1928 2264.9807915726287 2169.0133709184574 2514 2168 2513.0192084273713 1926.9866290815423
2488 1916 2489.019233207762 2166.4597694456397 2602 2166 2600.980766792238 1915.5402305543603
2584 1942 2584.9243170371014 2169.1356842026335 2864 2168 2863.0756829628986 1940.8643157973665
2862 1942 2862.9646134078343 2179.03785344746 3118 2178 3117.0353865921657 1940.96214655254
3068 1932 3069.0289948642267 2184.8585357033 3280 2184 3278.9710051357733 1931.1414642967002
3270 1926 3271.125268966308 2202.516310221724 3398 2202 3396.874731033692 1925.4836897782761
3392 1932 3393.100521475077 2202.435021954409 3500 2202 3498.899478524923 1931.564978045591
3472 1904 3473.223662766217 2204.694965560313 3644 2204 3642.776337233783 1903.305034439687
3618 1936 3618.9471766724546 2168.7530629894895 3804 2168 3803.0528233275454 1935.2469370105105
3784 1918 3785.1351631038865 2196.9476315306447 4018 2196 4016.8648368961135 1917.0523684693555
4030 1932 4030.947772837468 2164.8995607201605 4252 2164 4251.052227162531 1931.1004392798393
4256 1946 4256.980592850957 2186.9645383415673 4494 2186 4493.019407149043 1945.0354616584327
264 2174 265.0295247886834 2426.9887559083413 508 2426 506.9704752113166 2173.0112440916587
508 2150 509.1023762106764 2420.890792672053 728 2420 726.8976237893236 2149.109207327947
718 2168 719.0298891117475 2421.078282299307 984 2420 982.9701108882525 2166.921717700693
988 2172 988.9724209678635 2410.9564326990308 1224 2410 1223.0275790321364 2171.0435673009692
1216 2140 1217.103071736526 2411.0617066911695 1478 2410 1476.896928263474 2138.9382933088305
1458 2184 1458.9319921160168 2413.021708402944 1710 2412 1709.0680078839832 2182.978291597056
1692 2160 1693.052947468772 2418.744493663053 1876 2418 1874.947052531228 2159.255506336947
1874 2148 1875.1188855782564 2422.9476977712015 2108 2422 2106.8811144217434 2147.0523022287985
2110 2174 2110.964679648391 2411.05413097309 2370 2410 2369.035320351609 2172.94586902691
2328 2180 2329.0710466097225 2443.1920593773248 2622 2442 2620.9289533902775 2178.8079406226752
2600 2184 2600.906549098936 2406.7695061165127 2790 2406 2789.093450901064 2183.2304938834873
2790 2200 2790.8914639033337 2419.062567818412 3052 2418 3051.1085360966663 2198.937432181588
3010 2194 3010.9966054143592 2438.8993619984894 3232 2438 3231.0033945856408 2193.1006380015106
3200 2206 3200.916211394565 2431.1438560857273 3482 2430 3481.083788605435 2204.8561439142727
3460 2198 3460.9801954076147 2438.866873187786 3674 2438 3673.0198045923853 2197.133126812214
3656 2182 3657.068794430781 2444.6386235059 3814 2444 3812.931205569219 2181.3613764941
3824 2194 3824.90760894785 2417.029946526595 4078 2416 4077.09239105215 2192.970053473405
4092 2160 4093.1593806706605 2444.898699592918 4314 2444 4312.8406193293395 2159.101300407082
4296 2180 4297.00484353801 2426.9237451666563 4524 2426 4522.99515646199 2179.0762548333437
492 2426 492.96358667919884 2662.7855518001925 686 2662 685.0364133208011 2425.2144481998075
660 2424 660.963951002263 2660.8750781911585 876 2660 875.036048997737 2423.1249218088415
872 2422 873.0298891117475 2675.078282299307 1138 2674 1136.9701108882525 2420.921717700693
1120 2428 1120.9810896551355 2669.086619783793 1388 2668 1387.0189103448645 2426.913380216207
1374 2410 1375.110680574884 2682.93145336585 1604 2682 1602.889319425116 2409.06854663415
1592 2424 1593.0779599222312 2688.890892032889 1812 2688 1810.9220400777688 2423.109107967111
1804 2432 1805.0538085960145 2690.956101496245 2040 2690 2038.9461914039855 2431.043898503755
2538 2432 2539.013181022496 2680.972544623268 2778 2680 2776.986818977504 2431.027455376732
284 2664 285.03759731094135 2918.9724452624323 524 2918 522.9624026890586 2663.0275547375677
502 2672 503.0776949600027 2936.8257819303685 706 2936 704.9223050399974 2671.1742180696315
656 2684 657.0053734624667 2931.0539653716974 916 2930 914.9946265375333 2682.9460346283026
904 2698 904.9319258754596 2927.0054308773138 1152 2926 1151.0680741245405 2696.9945691226862
1144 2668 1145.1275542655285 2945.0778848559644 1410 2944 1408.8724457344715 2666.9221151440356
1536 2692 1536.9627917925136 2928.590221492631 1682 2928 1681.0372082074864 2691.409778507369
1680 2688 1681.0129823008247 2936.9237120463777 1908 2936 1906.9870176991753 2687.0762879536223
1878 2688 1879.0620798399436 2948.9886234272267 2122 2948 2120.937920160056 2687.0113765727733
2128 2682 2129.078522966967 2947.0292510007453 2382 2946 2380.921477033033 2680.9707489992547
2384 2702 2384.899105861971 2922.940453255908 2616 2922 2615.100894138029 2701.059546744092
2596 2698 2596.956077201676 2932.9402214139577 2828 2932 2827.043922798324 2697.0597785860423
2928 2698 2929.004744177174 2944.8993288782112 3150 2944 3148.995255822826 2697.1006711217888
3142 2704 3142.9475409955185 2936.8425893804556 3350 2936 3349.0524590044815 2703.1574106195444
3338 2712 3338.9064497381005 2934.745089828067 3522 2934 3521.0935502618995 2711.254910171933
3516 2698 3516.9799635656645 2938.8099018480807 3716 2938 3715.0200364343355 2697.1900981519193
3712 2674 3713.0614836749296 2934.8421256965557 3920 2934 3918.9385163250704 2673.1578743034443
3932 2680 3932.947375394126 2912.80189556638 4130 2912 4129.052624605874 2679.19810443362
4118 2666 4119.134268856365 2944.7278849346376 4298 2944 4296.865731143635 2665.2721150653624
4282 2686 4283.037497950106 2940.948028973987 4516 2940 4514.962502049894 2685.051971026013
264 2930 265.0447755856783 3186.7363880205166 446 3186 444.9552244143217 2929.2636119794834
426 2928 426.9793342803721 3168.6552653545946 588 3168 587.0206657196279 2927.3447346454054
562 2948 562.8330683916506 3152.712832859314 738 3152 737.1669316083494 2947.287167140686
710 2934 711.0042804932742 3180.7853861987996 904 3180 902.9957195067258 2933.2146138012004
878 2940 878.848882233381 3148.5988239393455 1026 3148 1025.151117766619 2939.4011760606545
1014 2938 1014.8559942675608 3148.3464891718 1100 3148 1099.1440057324394 2937.6535108282
1090 2928 1090.9713279986713 3166.687853526133 1260 3166 1259.0286720013287 2927.312146473867
1246 2948 1246.8568885150817 3158.566235767807 1386 3158 1385.1431114849183 2947.433764232193
1376 2986 1376.7679914094085 3174.7212365843575 1554 3174 1553.2320085905915 2985.2787634156425
1534 2952 1534.8988077794638 3172.8672043905717 1748 3172 1747.1011922205362 2951.1327956094283
1776 2946 1776.7931694642607 3140.9083287682683 2000 3140 1999.2068305357393 2945.0916712317317
1998 2946 1998.8150354912568 3146.281544670672 2068 3146 2067.1849645087427 2945.718455329328
2072 2952 2072.7923083370183 3146.6967209350764 2244 3146 2243.2076916629817 2951.3032790649236
2560 2952 2560.8412733950227 3158.729077264665 2740 3158 2739.1587266049773 2951.270922735335
2718 2950 2718.8556961850536 3160.2732403064642 2786 3160 2785.1443038149464 2949.7267596935358
2780 2952 2780.816592144349 3152.6640665229806 2944 3152 2943.183407855651 2951.3359334770194
3182 2954 3182.873927807119 3168.7533610719966 3368 3168 3367.126072192881 2953.2466389280034
3362 2968 3362.7597201654794 3154.6887146533754 3532 3154 3531.2402798345206 2967.3112853466246
3500 2952 3500.865590322632 3164.7045616153846 3674 3164 3673.134409677368 2951.2954383846154
3656 2942 3656.792076495068 3136.639749595371 3814 3136 3813.207923504932 2941.360250404629
3820 2938 3820.9207069267386 3164.2485590557903 3882 3164 3881.0792930732614 2937.7514409442097
3904 2932 3904.8163934226777 3132.61523394609 4056 3132 4055.1836065773223 2931.38476605391
4042 2934 4042.8327371888654 3138.631445231163 4198 3138 4197.167262811135 2933.368554768837
4206 2928 4206.972122885357 3166.883183833695 4424 3166 4423.027877114643 2927.116816166305
312 3166 313.00348560658887 3412.590055891238 458 3412 456.99651439341113 3165.409944108762
444 3172 444.8817684874269 3388.680079086382 612 3388 611.1182315125732 3171.319920913618
602 3188 602.7762957736165 3378.7618972781543 790 3378 789.2237042263835 3187.2381027218457
802 3184 802.8247640274428 3386.672172165517 968 3386 967.1752359725572 3183.327827834483
942 3160 942.9722222461924 3398.90760012214 1166 3398 1165.0277777538079 3159.09239987786
1788 3182 1788.7355025987056 3362.737646591102 1970 3362 1969.2644974012944 3181.262353408898
1976 3182 1976.8090164262694 3380.8024586111155 2174 3380 2173.1909835737306 3181.1975413888845
1952 3366 1952.825492673571 3568.851224947449 2162 3568 2161.174507326429 3365.148775052551
392 3932 392.8258238763566 4134.932612575599 622 4134 621.1741761236434 3931.0673874244003
624 3960 624.792540178968 4154.753692274781 810 4154 809.207459821032 3959.246307725218
834 3946 834.8251614707855 4148.769837319298 1024 4148 1023.1748385292145 3945.230162680702
1042 3934 1042.8577165220456 4144.769704838184 1232 4144 1231.1422834779544 3933.2302951618162
1236 3958 1236.7765276155665 4148.81886861786 1438 4148 1437.2234723844335 3957.1811313821404
2866 3410 2866.7522769285138 3594.8596617927706 3078 3594 3077.2477230714862 3409.1403382072294
1434 3958 1434.8395511405379 4164.305861598282 1510 4164 1509.1604488594621 3957.6941384017186
1512 3968 1512.907079023393 4190.899726321553 1734 4190 1733.0929209766068 3967.1002736784462
414 4104 414.93897166908226 4334.736818584138 596 4334 595.0610283309178 4103.263181415862
600 4116 600.9210712498028 4342.338085446756 684 4342 683.0789287501972 4115.661914553244
680 4130 680.8494452781165 4338.737182907202 862 4338 861.1505547218835 4129.262817092798
856 4140 856.85784900316 4350.802259889444 1054 4350 1053.14215099684 4139.197740110556
1062 4146 1062.8423332439365 4352.989517674748 1306 4352 1305.1576667560635 4145.010482325252
1304 4148 1304.8020037529254 4345.079209667106 1570 4344 1569.1979962470746 4146.920790332894
1574 4162 1574.8823977727195 4378.834715579868 1780 4378 1779.1176022272805 4161.165284420132
1834 4156 1834.9546530296984 4390.590254612909 1980 4390 1979.0453469703016 4155.409745387091
412 4300 412.7763951344521 4490.786313566599 606 4490 605.2236048655479 4299.213686433401
594 4308 594.8013413473543 4504.916434410805 820 4504 819.1986586526457 4307.083565589195
814 4324 814.8811723224128 4540.53358135571 946 4540 945.1188276775872 4323.46641864429
954 4330 954.8156647765496 4530.436181164158 1062 4530 1061.1843352234505 4329.563818835842
1062 4326 1062.8403460272234 4532.501191905843 1186 4532 1185.1596539727766 4325.498808094157
1182 4328 1182.8418033194798 4534.859297469707 1394 4534 1393.1581966805202 4327.140702530293
1402 4336 1402.8823315321624 4552.818438054239 1604 4552 1603.1176684678376 4335.181561945761
1698 4364 1698.7679914094085 4552.721236584357 1876 4552 1875.2320085905915 4363.278763415643
1864 4370 1864.7579316704373 4556.249221461361 1926 4556 1925.2420683295627 4369.750778538639
1930 4372 1930.768123890523 4560.753791635618 2116 4560 2115.231876109477 4371.246208364382
320 4524 320.7926726600823 4718.786247326042 514 4718 513.2073273399177 4523.213752673958
688 4530 688.865921525418 4742.785949243535 882 4742 881.134078474582 4529.214050756465
850 4536 850.8573521989816 4746.680178447218 1018 4746 1017.1426478010184 4535.319821552782
982 4568 982.6866369015364 4736.729706549958 1162 4736 1161.3133630984637 4567.270293450042
1148 4560 1148.8327371888652 4764.6314452311635 1304 4764 1303.1672628111348 4559.3685547688365
1282 4536 1282.9788374761938 4776.533183912368 1414 4776 1413.0211625238062 4535.466816087632
1408 4578 1408.8487828725454 4786.574407650901 1550 4786 1549.1512171274546 4577.425592349099
1538 4560 1538.9632554764135 4796.704164172042 1712 4796 1711.0367445235865 4559.295835827958
1702 4580 1702.939269751589 4810.8100674494735 1902 4810 1901.060730248411 4579.1899325505265
1922 4592 1922.922495421781 4818.688052247804 2092 4818 2091.0775045782193 4591.311947752196
302 4742 302.86645144987483 4954.9161694485765 528 4954 527.1335485501252 4741.0838305514235
494 4764 494.8738615665617 4978.737083546366 676 4978 675.1261384334384 4763.262916453634
672 4766 672.8991389822494 4986.948592018723 906 4986 905.1008610177506 4765.051407981277
916 4766 916.8820003293768 4982.737050426088 1098 4982 1097.1179996706232 4765.262949573912
1088 4772 1088.9319589957381 5001.0135696401285 1338 5000 1337.0680410042619 4770.9864303598715
1340 4788 1340.9474747549616 5020.826311854825 1544 5020 1543.0525252450384 4787.173688145175
1540 4806 1541.0125517372035 5054.817908129781 1742 5054 1740.9874482627965 4805.182091870219
1742 4814 1743.0463984793275 5071.135187398455 2022 5070 2020.9536015206725 4812.864812601545
316 4984 316.97208976507807 5222.87504507088 532 5222 531.027910234922 4983.12495492912
528 5002 528.8495115186736 5210.753460432832 714 5210 713.1504884813264 5001.246539567168
694 5016 694.8001490173262 5212.623438949462 848 5212 847.1998509826738 5015.376561050538
840 5024 840.8407434705659 5230.598857059624 988 5230 987.1592565294341 5023.401142940376
974 5040 974.7675939660659 5228.623571430577 1128 5228 1127.2324060339342 5039.376428569423
1080 5030 1080.866517690432 5242.932446974207 1310 5242 1309.133482309568 5029.067553025793
1346 5044 1346.9224623015023 5270.67991348499 1514 5270 1513.0775376984977 5043.32008651501
1512 5066 1512.8910995802698 5284.973041427446 1752 5284 1751.1089004197302 5065.026958572554
1828 5070 1828.8881518754783 5288.248691536905 1890 5288 1889.1118481245217 5069.751308463095
1910 5082 1910.8575178003744 5292.720872261293 2088 5292 2087.1424821996256 5081.279127738707
324 5214 324.8331346322078 5418.729110384944 504 5418 503.1668653677922 5213.270889615056
504 5212 504.86502727789696 5424.566202647528 644 5424 643.1349727221032 5211.433797352472
642 5214 642.8808742399059 5430.460332490376 756 5430 755.1191257600941 5213.539667509624
748 5250 748.8247309071643 5452.664033402702 912 5452 911.1752690928357 5249.335966597298
888 5254 888.8580808451098 5464.859231229149 1100 5464 1099.14191915489 5253.140768770851
1100 5262 1100.7745735191315 5452.338681611771 1184 5452 1183.2254264808685 5261.661318388229
1190 5276 1190.857550920653 5486.729011024108 1370 5486 1369.142449079347 5275.270988975892
1358 5264 1358.8558617864467 5474.31393412054 1436 5474 1435.1441382135533 5263.68606587946
1448 5308 1448.7845338972672 5500.786280446321 1642 5500 1641.2154661027328 5307.213719553679
1650 5304 1650.833333353879 5508.777942961835 1842 5508 1841.166666646121 5303.222057038165
1840 5288 1841.0687613105022 5550.630484743085 1996 5550 1994.9312386894978 5287.369515256915
456 5462 456.9311641090528 5690.818239332567 658 5690 657.0688358909472 5461.181760667433
632 5488 632.8173539107559 5688.851258067727 842 5688 841.1826460892441 5487.148741932273
840 5476 840.8902715733061 5694.769572357069 1030 5694 1029.1097284266941 5475.230427642931
1012 5464 1012.9782744314583 5704.394824944512 1110 5704 1109.0217255685418 5463.605175055488
1100 5476 1101.0210217028043 5726.899262637654 1322 5726 1320.9789782971957 5475.100737362346
1308 5496 1308.930104260139 5724.557798922485 1446 5724 1445.069895739861 5495.442201077515
1450 5494 1450.971791682571 5732.801796205545 1648 5732 1647.028208317429 5493.198203794455
1864 5526 1864.9306010643172 5754.679880364711 2032 5754 2031.0693989356828 5525.320119635289
800 5722 800.9390379096394 5952.753096109768 986 5952 985.0609620903606 5721.246903890232
976 5716 977.0206242594616 5966.801597483874 1174 5966 1172.9793757405384 5715.198402516126
1168 5746 1168.906118535315 5968.663702199916 1332 5968 1331.093881464685 5745.336297800084
1322 5756 1322.85761716121 5966.745288549738 1506 5966 1505.14238283879 5755.254711450262
1502 5750 1502.898708418628 5970.842788102126 1710 5970 1709.101291581372 5749.157211897874
572 5972 572.8334989552718 6176.81863677591 774 6176 773.1665010447282 5971.18136322409
778 5964 778.8822321713267 6180.794021765793 974 6180 973.1177678286733 5963.205978234207
970 5988 970.8169233471347 6188.7454541511315 1154 6188 1153.1830766528653 5987.2545458488685
1150 5996 1150.824896508557 6198.704727216777 1324 6198 1323.175103491443 5995.295272783223
1330 6014 1330.8476567830744 6222.2976897151875 1404 6222 1403.1523432169256 6013.7023102848125
1434 6010 1434.882364652441 6226.826576817054 1638 6226 1637.117635347559 6009.173423182946
1620 6004 1621.0047772974526 6250.907467641026 1844 6250 1842.9952227025474 6003.092532358974
874 6200 874.9225947826164 6426.71246853625 1050 6426 1049.0774052173836 6199.28753146375
1056 6224 1056.849345917281 6432.712766618756 1232 6432 1231.150654082719 6223.287233381244
1244 6212 1244.880874239906 6428.460332490376 1358 6428 1357.119125760094 6211.539667509624
# Transcript
OIEFHBEYSANTESENTW**
BASILEWSROIMHTALKA**
ARCONTOSENIAYTWI**MH*
DOTRIBOYNTWNQHBAGEN**
QEODWROYTWNIRHNAIO*
MHWNYPOPAIDOTRIBYNTO*
DHMOSQENOSTOYMYRWNO*
*YDAQHNA***S
AYLOSBASSOYPALLHNEY*
LEONTISKOSDIO**SIO*SOYNIEYS
BASOS**AL******
********A****O*
AQHNAIS******
FILHMWN)***********
CABREASTIM****************
A**STOTELHST*********
EYMHDHSD********
NAYKYDHSIS******
AFRODISIOSF******
ALLIXENS
**THTOS**
ONYSIOS
HTR*
# Lines: x1 y1 x2 y2 x3 y3 x4 y4
