# Baseline angle
-0.06756989010020442
# Boxes: x1 y1 x2 y2 x3 y3 x4 y4
538 695 548.0155535013232 842.999444830848 681 834 670.9844464986768 686.000555169152
703 678 712.8828582382117 824.0386120851015 876 813 866.1171417617883 666.9613879148985
894 653 904.9004083103712 814.0749099539402 1039 805 1028.0995916896288 643.9250900460598
1051 654 1061.193344586283 804.6266567833829 1233 793 1222.806655413717 642.3733432166171
1258 632 1268.693756337485 790.0212217822053 1402 781 1391.306243662515 622.9787782177947
1423 611 1433.5154736166915 766.3867449460653 1587 756 1576.4845263833085 600.6132550539347
1605 595 1616.611539144394 766.5832626499314 1773 756 1761.388460855606 584.4167373500686
1795 593 1805.7702382380608 752.1513918545159 1941 743 1930.2297617619392 583.8486081454841
1990 578 2000.5650946784917 734.1199934477448 2091 728 2080.4349053215087 571.8800065522552
2137 558 2149.1347446244367 737.3146496939506 2272 729 2259.8652553755633 549.6853503060494
2287 556 2297.246015980534 707.404979929138 2451 697 2440.753984019466 545.595020070862
2484 558 2492.939756511661 690.1024345258563 2657 679 2648.060243488339 546.8975654741437
2669 524 2679.155857842654 674.0727166297095 2828 664 2817.844142157346 513.9272833702905
532 889 541.8235945432252 1034.1628747675898 692 1024 682.1764054567748 878.8371252324102
704 881 713.644295044948 1023.5133730500912 869 1013 859.355704955052 870.4866269499088
900 851 910.8522956618883 1011.3639512172243 1064 1001 1053.1477043381117 840.6360487827757
1102 842 1111.8099183059207 986.9607815404718 1259 977 1249.1900816940793 832.0392184595282
1265 812 1275.7884732211335 971.4208494906733 1415 962 1404.2115267788665 802.5791505093267
1446 808 1455.7415371193974 951.9503154048814 1588 943 1578.2584628806026 799.0496845951186
1638 789 1648.306788088838 941.3030070116133 1771 933 1760.693211911162 780.6969929883867
1781 779 1789.961533463018 911.4242316896945 1944 901 1935.038466536982 768.5757683103055
1956 767 1965.0207971580046 900.2999690072061 2132 889 2122.979202841995 755.7000309927939
2139 751 2147.598375720696 878.0578638456578 2311 867 2302.401624279304 739.9421361543422
2320 735 2329.0744853297397 869.0933170343199 2493 858 2483.9255146702603 723.9066829656801
2503 712 2513.1204046539915 861.5488262387532 2669 851 2658.8795953460085 701.4511737612468
2694 682 2704.7200920346104 840.410383355083 2829 832 2818.2799079653896 673.589616644917
570 1054 580.7246507803786 1212.4777477641223 706 1204 695.2753492196214 1045.5222522358777
751 1047 760.2851709067438 1184.2066096173405 852 1178 842.7148290932562 1040.7933903826595
917 1027 927.4298742245793 1181.121846055676 1077 1171 1066.5701257754206 1016.878153944324
1115 1013 1125.0965941476672 1162.196979312198 1261 1153 1250.9034058523328 1003.8030206878021
1282 1003 1292.3159055803744 1155.4377358296922 1417 1147 1406.6840944196256 994.5622641703079
1452 985 1462.1421816053492 1134.8706234025915 1608 1125 1597.8578183946508 975.1293765974085
1636 971 1646.0302465161114 1119.2165629393246 1797 1109 1786.9697534838886 960.7834370606754
1988 933 1998.1057116392035 1082.3317081302764 2136 1073 2125.8942883607965 923.6682918697234
2181 911 2191.5762457249953 1067.2847720285406 2314 1059 2303.4237542750047 902.7152279714594
2364 904 2374.168517302475 1054.2597849754688 2511 1045 2500.831482697525 894.740215024531
2536 898 2545.0324398403422 1031.472012471607 2685 1022 2675.9675601596578 888.5279875283928
2719 880 2729.6051066129216 1036.7112482477405 2814 1031 2803.3948933870784 874.2887517522595
572 1242 581.5759138584251 1383.502906914501 722 1374 712.4240861415749 1232.497093085499
756 1222 766.8365858696164 1382.131808227389 887 1374 876.1634141303836 1213.868191772611
933 1205 942.6523957590009 1347.6330769868114 1085 1338 1075.347604240999 1195.3669230131886
1132 1183 1142.0520234674689 1331.5383601031629 1283 1322 1272.9479765325311 1173.4616398968371
1302 1175 1311.7131678673047 1318.5311040692868 1423 1311 1413.2868321326953 1167.4688959307132
1464 1148 1474.1421816053492 1297.8706234025915 1620 1288 1609.8578183946508 1138.1293765974085
1633 1125 1642.4102905974526 1264.0554984241203 1791 1254 1781.5897094025474 1114.9445015758797
1824 1121 1835.5021292459571 1290.966516832987 1968 1282 1956.4978707540429 1112.033483167013
2001 1093 2011.4881211420825 1247.9825584918292 2159 1238 2148.511878857918 1083.0174415081708
2179 1089 2189.0120115330387 1236.9471053031673 2336 1227 2325.9879884669613 1079.0528946968327
2375 1084 2385.304262898037 1236.265692365291 2537 1226 2526.695737101963 1073.734307634709
2559 1064 2570.25241500619 1230.276499217181 2663 1224 2651.74758499381 1057.723500782819
2718 1042 2727.404715074201 1180.9731091337223 2860 1172 2850.595284925799 1033.0268908662777
594 1423 604.235881711514 1574.2552262297008 741 1565 730.764118288486 1413.7447737702992
760 1417 769.773448339775 1561.421866268157 909 1552 899.226551660225 1407.578133731843
966 1381 976.9814489567152 1543.2724444352898 1114 1534 1103.0185510432848 1371.7275555647102
1146 1362 1156.691231146684 1519.983907135883 1319 1509 1308.308768853316 1351.016092864117
1329 1359 1338.5166501634385 1499.6271695969892 1466 1491 1456.4833498365615 1350.3728304030108
1494 1341 1503.8099183059207 1485.9607815404718 1651 1476 1641.1900816940793 1331.0392184595282
1675 1328 1684.7086091215365 1471.4637396602473 1795 1464 1785.2913908784635 1320.5362603397527
1862 1319 1872.0976109251508 1468.2120041935564 2023 1458 2012.9023890748492 1308.7879958064436
2019 1303 2029.8568544076566 1463.4313156262638 2184 1453 2173.143145592344 1292.5686843737362
2192 1287 2202.8340606788156 1447.094493581067 2352 1437 2341.1659393211844 1276.905506418933
2389 1266 2399.4400084935996 1420.2715997551131 2566 1409 2555.5599915064004 1254.7284002448869
2559 1245 2569.390879067633 1398.545616137039 2740 1387 2729.609120932367 1233.454383862961
609 1613 618.952747838052 1760.0713679856556 753 1751 743.047252161948 1603.9286320143444
778 1596 788.1695340799583 1746.2748098568275 940 1736 929.8304659200417 1585.7251901431725
966 1574 976.6664038628757 1731.6170353279692 1104 1723 1093.3335961371242 1565.3829646720308
1167 1565 1176.8387791938471 1710.3872577596715 1286 1703 1276.1612208061529 1557.6127422403285
1336 1554 1346.0439227534162 1702.4186561664426 1500 1692 1489.9560772465838 1543.5813438335574
1510 1539 1520.4835623963143 1693.9151940827896 1667 1684 1656.5164376036857 1529.0848059172104
1689 1535 1698.0962622810969 1669.415114198158 1852 1659 1842.9037377189031 1524.584885801842
1856 1507 1867.561392940944 1677.8422541504985 2013 1668 2001.438607059056 1497.1577458495015
2034 1494 2044.9277607849806 1655.4790964081762 2185 1646 2174.0722392150196 1484.5209035918238
2196 1485 2205.8281532889937 1630.230239176629 2357 1620 2347.1718467110063 1474.769760823371
2403 1473 2412.7435706743645 1616.9803651675984 2575 1606 2565.2564293256355 1462.0196348324016
2587 1439 2597.5782792799628 1595.3148217912578 2750 1585 2739.4217207200372 1428.6851782087422
631 1794 640.9127359036219 1940.4801131856598 781 1931 771.0872640963781 1784.5198868143402
812 1772 822.6653870853921 1929.6020104466106 935 1922 924.3346129146079 1764.3979895533894
988 1765 997.8990596663173 1911.2780199585418 1135 1902 1125.1009403336827 1755.7219800414582
1168 1747 1178.8695138674775 1907.6183839720231 1321 1898 1310.1304861325225 1737.3816160279769
1347 1738 1357.2769104234278 1889.861505911055 1503 1880 1492.7230895765722 1728.138494088945
1514 1724 1523.8874169839798 1870.1059764941408 1688 1859 1678.1125830160202 1712.8940235058592
1729 1714 1737.827296280773 1844.4406140648362 1833 1838 1824.172703719227 1707.5593859351638
1892 1693 1901.3874968686116 1831.7186763789234 2045 1822 2035.6125031313884 1683.2813236210766
2067 1672 2077.6902143692005 1829.9688822545245 2225 1820 2214.3097856307995 1662.0311177454755
2235 1653 2244.7015251849675 1796.3590606048858 2383 1787 2373.2984748150325 1643.6409393951142
2433 1644 2442.513108195154 1784.5748300693085 2584 1775 2574.486891804846 1634.4251699306915
2589 1624 2598.3018974764996 1761.4537774885343 2738 1752 2728.6981025235004 1614.5462225114657
638 1988 647.4057318516844 2126.9881340150814 795 2117 785.5942681483156 1978.011865984919
846 1962 855.6255349202252 2104.2361554161803 933 2099 923.3744650797748 1956.7638445838195
984 1947 993.3429261884132 2085.0600571698888 1142 2075 1132.6570738115868 1936.9399428301115
1167 1935 1176.935529632463 2081.816935230857 1322 2072 1312.064470367537 1925.1830647691434
1361 1910 1370.9801003126613 2057.4755544398918 1511 2048 1501.0198996873387 1900.5244455601082
1542 1876 1553.3182710019119 2043.2496507064488 1690 2034 1678.6817289980881 1866.7503492935512
1719 1867 1730.2200121499789 2032.7976834703002 1875 2023 1863.7799878500211 1857.2023165296998
1889 1856 1898.44220181783 1995.5270492873958 2054 1985 2044.5577981821698 1845.4729507126042
2071 1855 2081.3944210359173 2008.5979556647196 2238 1998 2227.6055789640827 1844.4020443352804
2251 1828 2261.2495579488186 1979.4573194568188 2401 1970 2390.7504420511814 1818.5426805431812
2446 1817 2454.7629822041845 1946.49024745468 2595 1937 2586.2370177958155 1807.50975254532
662 2153 673.0771826178474 2316.6870970251166 831 2306 819.9228173821526 2142.3129029748834
838 2141 847.4138325657372 2280.1078379518012 982 2271 972.5861674342628 2131.8921620481988
1034 2124 1043.9790835351776 2271.4605295585334 1169 2263 1159.0209164648224 2115.5394704414666
1179 2103 1189.8340606788154 2263.094493581067 1339 2253 1328.1659393211846 2092.905506418933
1386 2080 1397.2818010357664 2246.710735434134 1526 2238 1514.7181989642336 2071.289264565866
1545 2074 1554.356602425718 2212.2621503970063 1706 2202 1696.643397574282 2063.7378496029937
1725 2056 1734.5323599557105 2196.8593125868247 1895 2186 1885.4676400442895 2045.1406874131753
1918 2044 1926.9934446833956 2176.8957825529696 2088 2166 2079.0065553166046 2033.10421744703
2098 2030 2106.2559781522473 2151.9982682841014 2254 2142 2245.7440218477527 2020.001731715899
2257 2003 2266.72989443706 2146.7782719404804 2426 2136 2416.27010556294 1992.2217280595196
2443 1979 2454.534040466335 2149.4380676962624 2594 2140 2582.465959533665 1969.5619323037376
675 2331 685.7130080980413 2489.3057042997216 838 2479 827.2869919019587 2320.6942957002784
852 2326 861.611367047087 2468.026797305457 995 2459 985.388632952913 2316.973202694543
1034 2308 1043.2127561161028 2444.136539070464 1193 2434 1183.7872438838972 2297.863460929536
1209 2284 1219.3569342922883 2437.0440155110464 1353 2428 1342.6430657077117 2274.9559844889536
1428 2274 1438.5924471531007 2430.524179901981 1535 2424 1524.4075528468993 2267.475820098019
1599 2254 1609.675521354412 2411.7517641460477 1739 2403 1728.324478645588 2245.2482358539523
1745 2233 1754.940088378231 2379.8842996398957 1901 2370 1891.059911621769 2223.1157003601043
1957 2201 1968.198726834455 2366.483151190067 2064 2360 2052.801273165545 2194.516848809933
2088 2186 2099.5613929409437 2356.842254150499 2245 2347 2233.4386070590563 2176.157745849501
2296 2182 2306.137622859581 2331.803258993552 2451 2322 2440.862377140419 2172.196741006448
1210 2458 1218.7994521703304 2588.029162726995 1367 2578 1358.2005478296696 2447.970837273005
1414 2447 1422.9240467193888 2578.870291536021 1554 2570 1545.0759532806112 2438.129708463979
1575 2434 1583.0376834970236 2552.772536647965 1757 2541 1748.9623165029764 2422.227463352035
1746 2412 1754.9134208145351 2543.713272952979 1928 2532 1919.0865791854649 2400.286727047021
2109 2383 2119.289569883249 2535.0485742568144 2253 2526 2242.710430116751 2373.9514257431856
2307 2355 2315.813128407635 2485.231255954113 2467 2475 2458.186871592365 2344.768744045887
1400 2605 1411.6171146676459 2776.6656519403296 1584 2765 1572.3828853323541 2593.3343480596704
1599 2579 1610.9508863803917 2755.5977835674125 1738 2747 1726.0491136196083 2570.4022164325875
1796 2579 1806.2373901248313 2730.2775159946646 1899 2724 1888.7626098751687 2572.7224840053354
1951 2558 1960.4639787691874 2697.8488464512343 2106 2688 2096.5360212308124 2548.1511535487657
2120 2551 2130.314397167057 2703.4154460647283 2299 2692 2288.685602832943 2539.5845539352717
2322 2510 2334.127660687868 2689.209970638589 2485 2679 2472.872339312132 2499.790029361411
1408 2793 1419.1582232641913 2957.884631506466 1580 2947 1568.8417767358087 2782.115368493534
1589 2781 1598.6751894878419 2923.9698990320085 1746 2914 1736.3248105121581 2771.0301009679915
1793 2763 1803.7347850493989 2921.6275014635594 1946 2912 1935.2652149506011 2753.3724985364406
1995 2730 2007.6964536255928 2917.615001773002 2135 2909 2122.3035463744072 2721.384998226998
2123 2740 2132.505007481101 2880.4551261325882 2287 2870 2277.494992518899 2729.5448738674118
2303 2723 2313.430891002063 2877.1368709370345 2478 2866 2467.569108997937 2711.8631290629655
1453 2994 1462.4558780551347 3133.729142514514 1621 3123 1611.5441219448653 2983.270857485486
1629 2978 1639.346800023268 3130.894261811609 1756 3123 1745.653199976732 2970.105738188391
1779 2961 1789.562077851857 3117.0754139178175 1968 3105 1957.437922148143 2948.9245860821825
1975 2939 1986.2301464189989 3104.9474371697374 2148 3094 2136.769853581001 2928.0525628302626
2140 2910 2149.9846590584293 3057.542918848931 2291 3048 2281.0153409415707 2900.457081151069
# Transcript
EDOXENTHIBOLH
ATHSEGRAMMATE
EIPEEPA*NESAI
SESTIPOENOTID
THNPOLINTHNA
EPEIDHAYTOHS
ERGETAITHSPO
LITHNEPOHSA
TOGGRAMMATE
POLHIKAIEN*
DHMW*KA
YRIONE
TOKRAT
LIDHS
# Lines: x1 y1 x2 y2 x3 y3 x4 y4
