# Baseline angle
0
# Boxes: x1 y1 x2 y2 x3 y3 x4 y4
288 54 288 121 358 121 358 54
379 57 379 123 442 123 442 57
460 55 460 124 528 124 528 55
552 49 552 124 586 124 586 49
609 50 609 126 677 126 677 50
702 47 702 128 753 128 753 47
773 59 773 120 836 120 836 59
850 59 850 126 920 126 920 59
923 64 923 125 992 125 992 64
997 62 997 125 1062 125 1062 62
1063 66 1063 121 1155 121 1155 66
1160 67 1160 143 1240 143 1240 67
1238 67 1238 135 1307 135 1307 67
1328 65 1328 137 1370 137 1370 65
1394 72 1394 131 1466 131 1466 72
1480 56 1480 124 1548 124 1548 56
1548 62 1548 124 1637 124 1637 62
1640 53 1640 133 1711 133 1711 53
1717 61 1717 134 1784 134 1784 61
1782 51 1782 119 1878 119 1878 51
1888 58 1888 136 1961 136 1961 58
1961 56 1961 133 2032 133 2032 56
2042 56 2042 121 2082 121 2082 56
2082 60 2082 134 2153 134 2153 60
2161 68 2161 132 2228 132 2228 68
2233 63 2233 124 2304 124 2304 63
2313 55 2313 122 2380 122 2380 55
2387 54 2387 136 2454 136 2454 54
2454 57 2454 125 2512 125 2512 57
2511 68 2511 132 2594 132 2594 68
2593 61 2593 129 2669 129 2669 61
2668 59 2668 118 2758 118 2758 59
2768 63 2768 134 2808 134 2808 63
2812 69 2812 129 2874 129 2874 69
206 140 206 207 272 207 272 140
282 140 282 206 349 206 349 140
364 140 364 214 434 214 434 140
453 152 453 214 527 214 527 152
534 149 534 218 605 218 605 149
615 146 615 218 693 218 693 146
701 138 701 213 766 213 766 138
784 132 784 210 820 210 820 132
845 141 845 209 918 209 918 141
935 135 935 213 978 213 978 135
990 138 990 212 1065 212 1065 138
1080 138 1080 222 1149 222 1149 138
1164 144 1164 217 1230 217 1230 144
1245 143 1245 217 1314 217 1314 143
1318 139 1318 209 1389 209 1389 139
1396 135 1396 213 1457 213 1457 135
1481 138 1481 210 1562 210 1562 138
1562 129 1562 202 1632 202 1632 129
1636 138 1636 210 1702 210 1702 138
1724 136 1724 205 1761 205 1761 136
1786 145 1786 207 1860 207 1860 145
1874 137 1874 220 1941 220 1941 137
1959 137 1959 220 2028 220 2028 137
2040 143 2040 211 2113 211 2113 143
2120 144 2120 214 2189 214 2189 144
2191 141 2191 220 2268 220 2268 141
2268 141 2268 212 2350 212 2350 141
2357 145 2357 215 2428 215 2428 145
2438 144 2438 219 2520 219 2520 144
2531 139 2531 217 2571 217 2571 139
2604 132 2604 215 2682 215 2682 132
2690 130 2690 213 2761 213 2761 130
2775 141 2775 221 2856 221 2856 141
200 227 200 303 281 303 281 227
292 230 292 304 361 304 361 230
372 232 372 299 447 299 447 232
449 232 449 299 521 299 521 232
548 232 548 300 611 300 611 232
624 226 624 309 691 309 691 226
700 230 700 306 767 306 767 230
774 227 774 306 844 306 844 227
846 238 846 305 919 305 919 238
918 225 918 306 989 306 989 225
989 220 989 306 1065 306 1065 220
1070 227 1070 315 1142 315 1142 227
1166 230 1166 302 1208 302 1208 230
1228 228 1228 307 1313 307 1313 228
1314 227 1314 299 1390 299 1390 227
1392 231 1392 307 1476 307 1476 231
1476 226 1476 305 1553 305 1553 226
1558 223 1558 298 1629 298 1629 223
1628 218 1628 298 1698 298 1698 218
1711 227 1711 300 1766 300 1766 227
1787 233 1787 284 1866 284 1866 233
1868 231 1868 292 1964 292 1964 231
1963 228 1963 297 2037 297 2037 228
2035 225 2035 284 2125 284 2125 225
2130 218 2130 289 2202 289 2202 218
2209 218 2209 292 2275 292 2275 218
2279 221 2279 288 2351 288 2351 221
2355 220 2355 290 2420 290 2420 220
2433 225 2433 289 2509 289 2509 225
2509 225 2509 292 2593 292 2593 225
200 315 200 384 286 384 286 315
297 305 297 377 348 377 348 305
360 316 360 376 445 376 445 316
452 307 452 377 524 377 524 307
545 306 545 368 603 368 603 306
626 308 626 370 694 370 694 308
698 306 698 372 768 372 768 306
784 307 784 380 833 380 833 307
860 310 860 376 924 376 924 310
921 311 921 380 982 380 982 311
998 305 998 378 1064 378 1064 305
1064 304 1064 373 1127 373 1127 304
1157 313 1157 382 1251 382 1251 313
1252 309 1252 374 1314 374 1314 309
1309 299 1309 384 1393 384 1393 299
1394 298 1394 374 1471 374 1471 298
1483 309 1483 371 1561 371 1561 309
1556 313 1556 383 1621 383 1621 313
1628 307 1628 369 1695 369 1695 307
1695 308 1695 374 1784 374 1784 308
1806 306 1806 374 1852 374 1852 306
1876 310 1876 366 1945 366 1945 310
1964 311 1964 360 2017 360 2017 311
2026 305 2026 377 2102 377 2102 305
2125 303 2125 367 2188 367 2188 303
2191 302 2191 373 2256 373 2256 302
2268 309 2268 371 2339 371 2339 309
2341 303 2341 373 2410 373 2410 303
190 384 190 461 270 461 270 384
284 396 284 460 354 460 354 396
385 384 385 461 421 461 421 384
456 394 456 452 522 452 522 394
542 384 542 460 610 460 610 384
615 395 615 471 690 471 690 395
704 389 704 462 767 462 767 389
778 387 778 460 845 460 845 387
849 386 849 448 908 448 908 386
912 385 912 462 977 462 977 385
973 385 973 454 1058 454 1058 385
1070 385 1070 449 1135 449 1135 385
1170 380 1170 450 1228 450 1228 380
1237 375 1237 452 1308 452 1308 375
1318 385 1318 452 1381 452 1381 385
1390 389 1390 463 1463 463 1463 389
1485 382 1485 466 1558 466 1558 382
1557 390 1557 458 1624 458 1624 390
1705 388 1705 466 1777 466 1777 388
1795 383 1795 461 1867 461 1867 383
1879 380 1879 454 1922 454 1922 380
1950 392 1950 458 2019 458 2019 392
2022 403 2022 470 2120 470 2120 403
2121 385 2121 464 2190 464 2190 385
2191 387 2191 462 2258 462 2258 387
2260 395 2260 453 2349 453 2349 395
205 468 205 551 281 551 281 468
284 470 284 542 358 542 358 470
370 476 370 546 458 546 458 476
459 472 459 543 531 543 531 472
540 476 540 552 610 552 610 476
621 479 621 542 681 542 681 479
697 474 697 556 762 556 762 474
771 471 771 544 848 544 848 471
856 470 856 542 927 542 927 470
934 468 934 538 976 538 976 468
990 482 990 543 1060 543 1060 482
1072 478 1072 549 1143 549 1143 478
1157 474 1157 543 1230 543 1230 474
1238 481 1238 548 1313 548 1313 481
1329 479 1329 538 1386 538 1386 479
1391 470 1391 545 1459 545 1459 470
1479 476 1479 538 1559 538 1559 476
1565 471 1565 550 1634 550 1634 471
1624 486 1624 544 1723 544 1723 486
1719 482 1719 544 1784 544 1784 482
1798 478 1798 547 1870 547 1870 478
1873 478 1873 554 1953 554 1953 478
1965 473 1965 547 2036 547 2036 473
2046 481 2046 547 2121 547 2121 481
2120 481 2120 547 2193 547 2193 481
197 552 197 627 272 627 272 552
279 555 279 622 347 622 347 555
361 545 361 629 449 629 449 545
455 553 455 622 527 622 527 553
547 557 547 623 616 623 616 557
632 561 632 629 705 629 705 561
709 556 709 614 783 614 783 556
777 555 777 621 844 621 844 555
827 561 827 623 927 623 927 561
923 550 923 619 991 619 991 550
988 550 988 619 1061 619 1061 550
1066 549 1066 614 1151 614 1151 549
1153 551 1153 618 1234 618 1234 551
1243 553 1243 626 1316 626 1316 553
1315 548 1315 628 1383 628 1383 548
1392 552 1392 624 1463 624 1463 552
1470 555 1470 633 1544 633 1544 555
1562 554 1562 633 1632 633 1632 554
1632 569 1632 638 1712 638 1712 569
1716 557 1716 631 1784 631 1784 557
1802 562 1802 631 1867 631 1867 562
1873 563 1873 630 1949 630 1949 563
1969 560 1969 625 2029 625 2029 560
2027 563 2027 623 2121 623 2121 563
206 633 206 712 271 712 271 633
296 636 296 706 373 706 373 636
373 635 373 716 444 716 444 635
446 628 446 702 556 702 556 628
554 635 554 707 628 707 628 635
636 637 636 709 713 709 713 637
716 628 716 701 786 701 786 628
790 643 790 710 869 710 869 643
867 633 867 704 933 704 933 633
930 627 930 705 989 705 989 627
998 641 998 700 1076 700 1076 641
1067 630 1067 708 1135 708 1135 630
1141 636 1141 705 1224 705 1224 636
1232 633 1232 710 1316 710 1316 633
1317 633 1317 701 1383 701 1383 633
1387 634 1387 708 1460 708 1460 634
1472 641 1472 710 1548 710 1548 641
1563 638 1563 708 1637 708 1637 638
1633 648 1633 707 1704 707 1704 648
1718 639 1718 717 1791 717 1791 639
1799 639 1799 711 1874 711 1874 639
1883 640 1883 712 1965 712 1965 640
1970 634 1970 721 2046 721 2046 634
200 725 200 796 273 796 273 725
287 712 287 796 358 796 358 712
371 718 371 802 442 802 442 718
451 715 451 800 524 800 524 715
531 727 531 795 621 795 621 727
640 732 640 807 681 807 681 732
694 732 694 792 775 792 775 732
795 725 795 793 871 793 871 725
875 720 875 796 945 796 945 720
946 713 946 793 1013 793 1013 713
1017 714 1017 792 1077 792 1077 714
1075 721 1075 791 1142 791 1142 721
1142 727 1142 802 1222 802 1222 727
1220 718 1220 792 1296 792 1296 718
1324 709 1324 793 1395 793 1395 709
1387 715 1387 800 1458 800 1458 715
1478 724 1478 800 1556 800 1556 724
1578 720 1578 803 1644 803 1644 720
1640 723 1640 815 1727 815 1727 723
1727 727 1727 804 1797 804 1797 727
1822 727 1822 803 1894 803 1894 727
1893 732 1893 792 1991 792 1991 732
202 811 202 889 272 889 272 811
283 817 283 896 366 896 366 817
374 818 374 888 456 888 456 818
455 826 455 888 516 888 516 826
549 814 549 891 598 891 598 814
632 826 632 893 716 893 716 826
714 813 714 896 799 896 799 813
802 810 802 889 878 889 878 810
868 830 868 897 940 897 940 830
943 825 943 901 1026 901 1026 825
1030 827 1030 895 1098 895 1098 827
1107 810 1107 891 1161 891 1161 810
1169 820 1169 894 1211 894 1211 820
1208 825 1208 888 1326 888 1326 825
1318 818 1318 897 1389 897 1389 818
1390 820 1390 897 1466 897 1466 820
1487 822 1487 894 1553 894 1553 822
1548 833 1548 899 1635 899 1635 833
1632 827 1632 907 1744 907 1744 827
1746 826 1746 901 1821 901 1821 826
1824 830 1824 901 1900 901 1900 830
187 923 187 992 270 992 270 923
288 907 288 988 361 988 361 907
367 921 367 986 431 986 431 921
455 910 455 994 531 994 531 910
544 912 544 990 625 990 625 912
635 914 635 973 732 973 732 914
736 913 736 982 811 982 811 913
807 910 807 985 877 985 877 910
874 912 874 984 955 984 955 912
955 909 955 979 1035 979 1035 909
1031 907 1031 980 1106 980 1106 907
1100 905 1100 974 1171 974 1171 905
1158 912 1158 971 1241 971 1241 912
1251 913 1251 986 1324 986 1324 913
1338 906 1338 976 1383 976 1383 906
1399 902 1399 975 1486 975 1486 902
1493 905 1493 974 1540 974 1540 905
1572 908 1572 983 1645 983 1645 908
1641 917 1641 985 1730 985 1730 917
1745 915 1745 988 1830 988 1830 915
197 1023 197 1090 271 1090 271 1023
285 1012 285 1082 359 1082 359 1012
378 1007 378 1089 421 1089 421 1007
445 1008 445 1094 518 1094 518 1008
534 1013 534 1083 623 1083 623 1013
638 1013 638 1079 729 1079 729 1013
730 1012 730 1077 804 1077 804 1012
815 1012 815 1078 895 1078 895 1012
900 1002 900 1072 945 1072 945 1002
956 999 956 1086 1028 1086 1028 999
1027 996 1027 1074 1094 1074 1094 996
1110 1001 1110 1056 1176 1056 1176 1001
1173 999 1173 1066 1254 1066 1254 999
1258 1000 1258 1065 1324 1065 1324 1000
1340 999 1340 1069 1414 1069 1414 999
1422 1009 1422 1077 1496 1077 1496 1009
1504 996 1504 1073 1587 1073 1587 996
1583 995 1583 1074 1647 1074 1647 995
1665 1003 1665 1078 1730 1078 1730 1003
205 1104 205 1180 249 1180 249 1104
274 1111 274 1182 351 1182 351 1111
378 1112 378 1197 440 1197 440 1112
442 1113 442 1178 539 1178 539 1113
545 1118 545 1187 611 1187 611 1118
627 1107 627 1190 698 1190 698 1107
725 1111 725 1199 807 1199 807 1111
801 1112 801 1194 886 1194 886 1112
903 1110 903 1183 982 1183 982 1110
989 1106 989 1189 1031 1189 1031 1106
1043 1110 1043 1193 1120 1193 1120 1110
1120 1116 1120 1179 1200 1179 1200 1116
1211 1113 1211 1184 1278 1184 1278 1113
1275 1115 1275 1177 1384 1177 1384 1115
1364 1110 1364 1190 1450 1190 1450 1110
197 1207 197 1298 247 1298 247 1207
272 1214 272 1288 343 1288 343 1214
348 1217 348 1283 459 1283 459 1217
467 1211 467 1286 531 1286 531 1211
537 1220 537 1282 639 1282 639 1220
639 1211 639 1294 724 1294 724 1211
723 1221 723 1285 810 1285 810 1221
815 1217 815 1286 918 1286 918 1217
914 1223 914 1288 1001 1288 1001 1223
1004 1206 1004 1290 1077 1290 1077 1206
1077 1208 1077 1284 1150 1284 1150 1208
1162 1207 1162 1275 1248 1275 1248 1207
1260 1206 1260 1284 1324 1284 1324 1206
1327 1194 1327 1280 1420 1280 1420 1194
199 1323 199 1396 278 1396 278 1323
272 1309 272 1402 345 1402 345 1309
370 1310 370 1374 440 1374 440 1310
453 1309 453 1391 533 1391 533 1309
555 1316 555 1389 625 1389 625 1316
642 1310 642 1385 739 1385 739 1310
753 1322 753 1389 822 1389 822 1322
839 1318 839 1387 933 1387 933 1318
947 1311 947 1386 1027 1386 1027 1311
1035 1309 1035 1393 1110 1393 1110 1309
1126 1315 1126 1392 1197 1392 1197 1315
1241 1322 1241 1386 1313 1386 1313 1322
183 1417 183 1482 278 1482 278 1417
295 1421 295 1488 362 1488 362 1421
368 1410 368 1490 437 1490 437 1410
455 1397 455 1484 535 1484 535 1397
542 1402 542 1489 621 1489 621 1402
648 1413 648 1483 733 1483 733 1413
759 1410 759 1480 823 1480 823 1410
850 1408 850 1476 956 1476 956 1408
956 1406 956 1485 1030 1485 1030 1406
1036 1409 1036 1486 1114 1486 1114 1409
1133 1411 1133 1481 1213 1481 1213 1411
1238 1410 1238 1488 1319 1488 1319 1410
286 1493 286 1558 351 1558 351 1493
373 1491 373 1561 402 1561 402 1491
441 1498 441 1570 514 1570 514 1498
546 1502 546 1565 618 1565 618 1502
637 1490 637 1566 737 1566 737 1490
764 1500 764 1583 823 1583 823 1500
858 1490 858 1568 950 1568 950 1490
965 1498 965 1570 1070 1570 1070 1498
200 1607 200 1679 255 1679 255 1607
264 1609 264 1667 369 1667 369 1609
369 1597 369 1675 443 1675 443 1597
481 1602 481 1680 550 1680 550 1602
546 1586 546 1680 627 1680 627 1586
656 1592 656 1674 728 1674 728 1592
749 1596 749 1678 820 1678 820 1596
853 1608 853 1669 942 1669 942 1608
966 1582 966 1677 1045 1677 1045 1582
186 1712 186 1785 274 1785 274 1712
302 1703 302 1789 337 1789 337 1703
366 1696 366 1787 442 1787 442 1696
470 1705 470 1771 541 1771 541 1705
550 1699 550 1779 632 1779 632 1699
647 1699 647 1784 732 1784 732 1699
749 1720 749 1790 842 1790 842 1720
870 1709 870 1801 959 1801 959 1709
197 1812 197 1893 270 1893 270 1812
280 1824 280 1894 353 1894 353 1824
371 1810 371 1897 451 1897 451 1810
475 1821 475 1896 552 1896 552 1821
568 1817 568 1895 604 1895 604 1817
633 1808 633 1892 710 1892 710 1808
727 1814 727 1897 814 1897 814 1814
192 1941 192 2022 267 2022 267 1941
292 1942 292 2016 362 2016 362 1942
397 1944 397 2019 467 2019 467 1944
486 1933 486 2016 561 2016 561 1933
582 1930 582 2009 667 2009 667 1930
675 1937 675 2015 763 2015 763 1937
200 2053 200 2125 280 2125 280 2053
289 2046 289 2121 371 2121 371 2046
374 2046 374 2117 462 2117 462 2046
479 2042 479 2120 554 2120 554 2042
592 2036 592 2107 688 2107 688 2036
206 2142 206 2219 255 2219 255 2142
279 2141 279 2203 369 2203 369 2141
383 2126 383 2206 463 2206 463 2126
494 2128 494 2206 531 2206 531 2128
# Transcript
*A EPIKRANA TWN KIONWN TWN EIS TO PROSTWIO
TO ELEYSINI TETTARAKAIDEKA AGAGEIN PE
TELHQEN ELEYSINADE TRIA WS AN PARAL
ARA TOY LIQOTOMOY KATA LIQON THN M
POIOYMENOS MEGEQOS TN LIQWN TW
KA MHKOS KAI PLATOS ANWQEN KAT
N EPTA PODWN PALASTHS DEONTW
KATWQEN DE KATA TON AYCENA S*
A THN DIAMETRON PENTE PODW
TYLOIN YUOS TRIWN PODWN D
DEONTWN TA DE GWNIAIA DY
TOIS ALLOIS TO DE PLATO
I ANWQEN KAI KATWQ**
IZW TWN DWDEKA KA*
ERON OPO AN KEL
DE SYNECWS EAN 
*OI KOMIZW
RWTOYS PAR
AI TOYS DE*
TOMOI EP*
OTTOS P
HS DHM
IANI
