# Baseline angle
0
# Boxes: x1 y1 x2 y2 x3 y3 x4 y4
631 1271 631 1417 743 1417 743 1271
783 1282 783 1413 908 1413 908 1282
1061 1287 1061 1421 1215 1421 1215 1287
1379 1284 1379 1427 1505 1427 1505 1284
1526 1299 1526 1421 1664 1421 1664 1299
1677 1287 1677 1408 1807 1408 1807 1287
1843 1273 1843 1428 1965 1428 1965 1273
2024 1274 2024 1428 2132 1428 2132 1274
2181 1279 2181 1430 2290 1430 2290 1279
2324 1307 2324 1419 2461 1419 2461 1307
2483 1280 2483 1415 2580 1415 2580 1280
2638 1273 2638 1420 2748 1420 2748 1273
2788 1280 2788 1425 2890 1425 2890 1280
2913 1270 2913 1429 3056 1429 3056 1270
3074 1288 3074 1431 3207 1431 3207 1288
3234 1287 3234 1432 3351 1432 3351 1287
3385 1292 3385 1435 3529 1435 3529 1292
3551 1288 3551 1432 3683 1432 3683 1288
3713 1288 3713 1418 3825 1418 3825 1288
3860 1294 3860 1428 3961 1428 3961 1294
4005 1268 4005 1415 4129 1415 4129 1268
780 1445 780 1569 909 1569 909 1445
1382 1445 1382 1584 1523 1584 1523 1445
1562 1454 1562 1590 1641 1590 1641 1454
1688 1453 1688 1590 1822 1590 1822 1453
1867 1477 1867 1572 1965 1572 1965 1477
2017 1467 2017 1603 2131 1603 2131 1467
2135 1464 2135 1582 2234 1582 2234 1464
2260 1454 2260 1579 2369 1579 2369 1454
2379 1449 2379 1573 2481 1573 2481 1449
2485 1440 2485 1575 2589 1575 2589 1440
2615 1457 2615 1583 2740 1583 2740 1457
2771 1464 2771 1577 2895 1577 2895 1464
2920 1460 2920 1586 3069 1586 3069 1460
3078 1453 3078 1585 3200 1585 3200 1453
3239 1453 3239 1586 3338 1586 3338 1453
3385 1460 3385 1607 3516 1607 3516 1460
3532 1450 3532 1594 3675 1594 3675 1450
3691 1450 3691 1586 3813 1586 3813 1450
3840 1457 3840 1597 3957 1597 3957 1457
3985 1432 3985 1614 4122 1614 4122 1432
765 1601 765 1716 898 1716 898 1601
927 1612 927 1740 1064 1740 1064 1612
1081 1605 1081 1717 1194 1717 1194 1605
1385 1602 1385 1725 1523 1725 1523 1602
1249 1575 1249 1708 1321 1708 1321 1575
1544 1603 1544 1731 1665 1731 1665 1603
1688 1614 1688 1735 1841 1735 1841 1614
1853 1600 1853 1730 1999 1730 1999 1600
2018 1607 2018 1733 2143 1733 2143 1607
2168 1619 2168 1731 2279 1731 2279 1619
2319 1617 2319 1740 2452 1740 2452 1617
2482 1614 2482 1734 2601 1734 2601 1614
2625 1617 2625 1742 2752 1742 2752 1617
2757 1599 2757 1729 2896 1729 2896 1599
2936 1612 2936 1739 3052 1739 3052 1612
3086 1620 3086 1745 3205 1745 3205 1620
3240 1603 3240 1732 3355 1732 3355 1603
3387 1621 3387 1728 3526 1728 3526 1621
3549 1615 3549 1743 3662 1743 3662 1615
3698 1608 3698 1742 3806 1742 3806 1608
3830 1606 3830 1724 3949 1724 3949 1606
3998 1633 3998 1726 4119 1726 4119 1633
598 1749 598 1885 756 1885 756 1749
770 1746 770 1880 861 1880 861 1746
919 1767 919 1882 1080 1882 1080 1767
1246 1761 1246 1901 1366 1901 1366 1761
1382 1759 1382 1903 1520 1903 1520 1759
1554 1760 1554 1908 1659 1908 1659 1760
1698 1761 1698 1915 1846 1915 1846 1761
1881 1753 1881 1897 1957 1897 1957 1753
1995 1754 1995 1905 2154 1905 2154 1754
2164 1747 2164 1890 2293 1890 2293 1747
2298 1763 2298 1890 2465 1890 2465 1763
2487 1756 2487 1901 2599 1901 2599 1756
2614 1761 2614 1898 2708 1898 2708 1761
2779 1759 2779 1901 2904 1901 2904 1759
2930 1778 2930 1889 3060 1889 3060 1778
3086 1773 3086 1895 3213 1895 3213 1773
3232 1766 3232 1898 3348 1898 3348 1766
3390 1754 3390 1897 3521 1897 3521 1754
3556 1757 3556 1897 3688 1897 3688 1757
3704 1754 3704 1897 3804 1897 3804 1754
3859 1770 3859 1901 3979 1901 3979 1770
765 1912 765 2029 900 2029 900 1912
936 1901 936 2034 1035 2034 1035 1901
1075 1911 1075 2045 1217 2045 1217 1911
1239 1900 1239 2036 1351 2036 1351 1900
1393 1908 1393 2047 1515 2047 1515 1908
1540 1914 1540 2045 1656 2045 1656 1914
1677 1926 1677 2051 1811 2051 1811 1926
1847 1923 1847 2046 1977 2046 1977 1923
2003 1914 2003 2043 2113 2043 2113 1914
2148 1911 2148 2034 2297 2034 2297 1911
2325 1912 2325 2064 2439 2064 2439 1912
2788 1926 2788 2052 2874 2052 2874 1926
2900 1926 2900 2042 3038 2042 3038 1926
3072 1920 3072 2045 3196 2045 3196 1920
3237 1923 3237 2038 3346 2038 3346 1923
3387 1922 3387 2056 3514 2056 3514 1922
3553 1912 3553 2050 3675 2050 3675 1912
3707 1923 3707 2045 3822 2045 3822 1923
3836 1931 3836 2049 3960 2049 3960 1931
3995 1909 3995 2070 4138 2070 4138 1909
776 2061 776 2203 889 2203 889 2061
910 2063 910 2198 1054 2198 1054 2063
1080 2050 1080 2205 1192 2205 1192 2050
1264 2071 1264 2201 1335 2201 1335 2071
1373 2061 1373 2200 1533 2200 1533 2061
1546 2065 1546 2208 1693 2208 1693 2065
1709 2055 1709 2182 1799 2182 1799 2055
1837 2071 1837 2188 1953 2188 1953 2071
2015 2061 2015 2184 2127 2184 2127 2061
2171 2057 2171 2193 2290 2193 2290 2057
2322 2060 2322 2196 2438 2196 2438 2060
2474 2064 2474 2210 2593 2210 2593 2064
2628 2067 2628 2187 2711 2187 2711 2067
2772 2070 2772 2203 2909 2203 2909 2070
2932 2065 2932 2190 3039 2190 3039 2065
3098 2054 3098 2205 3193 2205 3193 2054
3232 2073 3232 2211 3353 2211 3353 2073
3392 2069 3392 2193 3503 2193 3503 2069
3524 2063 3524 2201 3660 2201 3660 2063
3685 2072 3685 2200 3800 2200 3800 2072
3833 2074 3833 2218 3962 2218 3962 2074
3991 2079 3991 2215 4140 2215 4140 2079
1085 2208 1085 2336 1193 2336 1193 2208
908 2225 908 2344 1023 2344 1023 2225
1384 2202 1384 2348 1513 2348 1513 2202
1549 2207 1549 2355 1671 2355 1671 2207
1702 2204 1702 2372 1826 2372 1826 2204
1851 2206 1851 2348 1975 2348 1975 2206
2013 2231 2013 2358 2136 2358 2136 2231
2326 2225 2326 2378 2453 2378 2453 2225
2180 2248 2180 2360 2313 2360 2313 2248
2497 2229 2497 2355 2597 2355 2597 2229
2619 2237 2619 2366 2744 2366 2744 2237
2780 2219 2780 2366 2900 2366 2900 2219
2939 2216 2939 2360 3075 2360 3075 2216
3084 2234 3084 2373 3209 2373 3209 2234
3238 2233 3238 2377 3366 2377 3366 2233
3398 2234 3398 2350 3510 2350 3510 2234
3545 2231 3545 2367 3669 2367 3669 2231
3694 2229 3694 2380 3826 2380 3826 2229
3872 2251 3872 2367 3934 2367 3934 2251
3992 2239 3992 2382 4142 2382 4142 2239
755 2370 755 2506 913 2506 913 2370
1063 2379 1063 2505 1210 2505 1210 2379
1222 2380 1222 2520 1359 2520 1359 2380
1370 2384 1370 2512 1512 2512 1512 2384
1544 2375 1544 2508 1653 2508 1653 2375
1684 2387 1684 2504 1825 2504 1825 2387
1840 2368 1840 2505 1965 2505 1965 2368
2000 2384 2000 2509 2152 2509 2152 2384
2181 2386 2181 2526 2315 2526 2315 2386
2333 2394 2333 2516 2444 2516 2444 2394
2473 2390 2473 2512 2616 2512 2616 2390
2630 2379 2630 2527 2733 2527 2733 2379
2785 2375 2785 2519 2888 2519 2888 2375
3069 2376 3069 2526 3218 2526 3218 2376
3254 2396 3254 2508 3356 2508 3356 2396
3376 2378 3376 2525 3513 2525 3513 2378
3538 2379 3538 2504 3675 2504 3675 2379
3691 2397 3691 2503 3817 2503 3817 2397
3826 2379 3826 2530 3954 2530 3954 2379
4009 2395 4009 2523 4133 2523 4133 2395
769 2526 769 2700 896 2700 896 2526
917 2546 917 2686 1043 2686 1043 2546
1063 2525 1063 2697 1180 2697 1180 2525
1215 2532 1215 2684 1350 2684 1350 2532
1378 2538 1378 2690 1500 2690 1500 2538
1538 2535 1538 2679 1661 2679 1661 2535
1687 2522 1687 2689 1813 2689 1813 2522
1846 2534 1846 2682 1967 2682 1967 2534
2009 2540 2009 2683 2118 2683 2118 2540
2147 2554 2147 2673 2316 2673 2316 2554
2326 2543 2326 2669 2444 2669 2444 2543
2465 2539 2465 2686 2617 2686 2617 2539
2620 2544 2620 2680 2747 2680 2747 2544
2766 2543 2766 2672 2907 2672 2907 2543
2952 2539 2952 2673 3051 2673 3051 2539
3082 2540 3082 2672 3191 2672 3191 2540
3259 2546 3259 2679 3367 2679 3367 2546
3391 2551 3391 2672 3515 2672 3515 2551
3539 2553 3539 2686 3669 2686 3669 2553
3686 2551 3686 2676 3808 2676 3808 2551
3839 2550 3839 2679 3935 2679 3935 2550
3987 2535 3987 2670 4151 2670 4151 2535
3980 2714 3980 2833 4137 2833 4137 2714
3836 2699 3836 2839 3959 2839 3959 2699
772 2700 772 2809 882 2809 882 2700
933 2696 933 2797 1060 2797 1060 2696
1075 2717 1075 2820 1183 2820 1183 2717
1238 2712 1238 2850 1348 2850 1348 2712
1366 2701 1366 2855 1528 2855 1528 2701
1529 2699 1529 2835 1657 2835 1657 2699
1686 2702 1686 2850 1822 2850 1822 2702
1841 2699 1841 2836 1952 2836 1952 2699
2004 2706 2004 2822 2118 2822 2118 2706
2176 2701 2176 2831 2305 2831 2305 2701
2310 2704 2310 2825 2461 2825 2461 2704
2474 2699 2474 2812 2590 2812 2590 2699
2618 2690 2618 2808 2759 2808 2759 2690
2782 2688 2782 2806 2905 2806 2905 2688
2928 2695 2928 2816 3048 2816 3048 2695
3085 2707 3085 2825 3198 2825 3198 2707
3241 2696 3241 2841 3378 2841 3378 2696
3400 2698 3400 2821 3504 2821 3504 2698
3550 2701 3550 2831 3687 2831 3687 2701
3689 2714 3689 2841 3822 2841 3822 2714
936 2856 936 2974 1052 2974 1052 2856
1071 2859 1071 2971 1199 2971 1199 2859
1410 2855 1410 2974 1500 2974 1500 2855
1694 2860 1694 2995 1820 2995 1820 2860
2019 2845 2019 2978 2117 2978 2117 2845
2324 2862 2324 2979 2437 2979 2437 2862
2468 2859 2468 2988 2582 2988 2582 2859
2592 2857 2592 2979 2746 2979 2746 2857
2772 2866 2772 2990 2913 2990 2913 2866
2943 2860 2943 2985 3032 2985 3032 2860
3068 2860 3068 2989 3218 2989 3218 2860
3241 2828 3241 3003 3366 3003 3366 2828
3401 2843 3401 2983 3513 2983 3513 2843
3549 2849 3549 2978 3686 2978 3686 2849
3697 2856 3697 2989 3848 2989 3848 2856
2188 2854 2188 2986 2292 2986 2292 2854
3857 2865 3857 2976 3976 2976 3976 2865
602 3020 602 3150 746 3150 746 3020
771 3035 771 3148 906 3148 906 3035
4006 2856 4006 2993 4132 2993 4132 2856
952 3019 952 3122 1071 3122 1071 3019
1083 3013 1083 3125 1190 3125 1190 3013
1255 2995 1255 3137 1313 3137 1313 2995
1367 2996 1367 3156 1503 3156 1503 2996
1531 3010 1531 3136 1647 3136 1647 3010
1687 3012 1687 3130 1813 3130 1813 3012
1841 3013 1841 3144 1966 3144 1966 3013
2019 3010 2019 3149 2128 3149 2128 3010
2167 3010 2167 3158 2284 3158 2284 3010
2319 3019 2319 3140 2444 3140 2444 3019
2477 3013 2477 3146 2585 3146 2585 3013
2623 3007 2623 3156 2736 3156 2736 3007
2779 2988 2779 3144 2912 3144 2912 2988
2926 2992 2926 3140 3045 3140 3045 2992
3073 3014 3073 3140 3187 3140 3187 3014
3241 3021 3241 3137 3357 3137 3357 3021
3390 3017 3390 3136 3518 3136 3518 3017
3573 3002 3573 3145 3647 3145 3647 3002
3669 3004 3669 3113 3846 3113 3846 3004
727 3184 727 3303 942 3303 942 3184
946 3179 946 3302 1021 3302 1021 3179
1385 3174 1385 3304 1456 3304 1456 3174
1521 3166 1521 3300 1668 3300 1668 3166
1690 3162 1690 3302 1798 3302 1798 3162
1823 3181 1823 3295 1973 3295 1973 3181
2055 3166 2055 3296 2105 3296 2105 3166
2161 3160 2161 3284 2291 3284 2291 3160
2321 3162 2321 3309 2455 3309 2455 3162
2445 3158 2445 3278 2591 3278 2591 3158
2610 3169 2610 3274 2739 3274 2739 3169
2777 3167 2777 3293 2922 3293 2922 3167
2941 3166 2941 3289 3072 3289 3072 3166
3099 3162 3099 3282 3220 3282 3220 3162
762 3308 762 3461 875 3461 875 3308
896 3331 896 3447 1054 3447 1054 3331
1090 3315 1090 3451 1230 3451 1230 3315
1240 3307 1240 3443 1335 3443 1335 3307
1363 3317 1363 3436 1470 3436 1470 3317
1494 3314 1494 3434 1642 3434 1642 3314
1673 3319 1673 3439 1808 3439 1808 3319
1849 3320 1849 3426 1957 3426 1957 3320
2002 3312 2002 3431 2123 3431 2123 3312
2165 3315 2165 3419 2291 3419 2291 3315
2315 3317 2315 3450 2446 3450 2446 3317
2467 3308 2467 3438 2612 3438 2612 3308
2779 3307 2779 3441 2922 3441 2922 3307
622 3477 622 3611 702 3611 702 3477
1226 3476 1226 3599 1341 3599 1341 3476
1381 3473 1381 3606 1491 3606 1491 3473
1521 3470 1521 3611 1641 3611 1641 3470
1663 3474 1663 3610 1817 3610 1817 3474
1844 3466 1844 3610 1977 3610 1977 3466
2015 3450 2015 3597 2166 3597 2166 3450
2165 3448 2165 3575 2285 3575 2285 3448
586 3615 586 3749 718 3749 718 3615
1223 3640 1223 3761 1349 3761 1349 3640
1371 3637 1371 3799 1481 3799 1481 3637
1529 3623 1529 3768 1654 3768 1654 3623
1692 3620 1692 3764 1840 3764 1840 3620
741 3789 741 3926 883 3926 883 3789
922 3779 922 3932 1057 3932 1057 3779
1083 3800 1083 3909 1194 3909 1194 3800
1222 3812 1222 3935 1346 3935 1346 3812
592 3926 592 4070 734 4070 734 3926
756 3965 756 4104 885 4104 885 3965
907 3965 907 4100 1065 4100 1065 3965
# Transcript
****
EP*K*ROIBOYARCONTOSEPIT
*S***EIDOSDEKATHSPRYTANE
*ASEIPAMFILOSQEOGEITONO
SRA*NOYSIOSEGRAMMATEYE*
*OYNYCIW**SENEIKAINEAIE
*BOLIMWIENATEIKAIEIKOST
**TH*PRYTANEIASEKKLHSIA
*W*PROEDRWNEPEU*FIZENPY
*IPPOSPRQIWNOSMARAQWNIO
KAISYMPROEDROIEDOXENTW
**HM*IS*RATOKAHSEYQYDH
MOYDIOMEEYSEIPENEPEID*
OI**IOIOILYKISKO*
*BONTESPARATOS*
I***TIGONWI
K***YNAG
*OYDH*
NTE
