# Baseline angle
0.006691568285696725
# Boxes: x1 y1 x2 y2 x3 y3 x4 y4
514 258 513.295819446933 363.23243768673876 628 364 628.704180553067 258.76756231326124
646 242 645.215702130186 359.20513489558573 764 360 764.784297869814 242.7948651044142
792 254 791.2397810192575 367.60679611334893 850 368 850.7602189807425 254.3932038866511
898 260 897.3357885524711 359.25947181938506 1008 360 1008.6642114475289 260.74052818061494
1054 264 1053.3747725768176 357.4337160597983 1138 358 1138.6252274231824 264.5662839402017
1156 256 1155.3487235253629 353.3264750575693 1256 354 1256.6512764746371 256.6735249424307
1278 260 1277.2691435256293 369.21887584399786 1394 370 1394.7308564743707 260.78112415600214
1416 250 1415.215881235857 367.1783694214463 1538 368 1538.784118764143 250.82163057855368
1556 258 1555.308485761318 361.33958913613225 1654 362 1654.691514238682 258.66041086386775
1678 252 1677.2819889456855 359.29926181925185 1782 360 1782.7180110543145 252.70073818074815
1796 252 1795.229263972927 367.17845897428185 1918 368 1918.770736027073 252.8215410257181
646 372 645.3223162625658 473.27276500361916 754 474 754.6776837374342 372.72723499638084
772 370 771.2546861545324 481.3793791359991 864 482 864.7453138454676 370.6206208640009
894 364 893.3219580512234 465.3262959518981 994 466 994.6780419487766 364.6737040481019
1036 368 1035.322495368237 469.2459995294797 1148 470 1148.677504631763 368.7540004705203
1162 360 1161.3216893927165 461.3664441631073 1256 462 1256.6783106072835 360.6335558368927
1288 374 1287.3218684983879 475.33967868896787 1386 476 1386.6781315016121 374.66032131103213
1418 374 1417.4021649208062 463.3402160059814 1516 464 1516.5978350791938 374.6597839940186
1534 376 1533.375757658009 469.2865059520313 1640 470 1640.624242341991 376.7134940479687
1696 371 1695.3735188371193 464.6210743787746 1752 465 1752.6264811628807 371.3789256212254
678 504 677.268964419958 613.2456413181374 790 614 790.731035580042 504.75435868186264
794 500 793.3216893927166 601.3664441631073 888 602 888.6783106072834 500.6335558368927
902 480 901.2531637563272 591.6068856661846 960 592 960.7468362436728 480.3931143338155
1032 490 1031.2818098400141 597.3260272933913 1132 598 1132.7181901599859 490.67397270660865
1160 486 1159.242557157161 599.1919312641872 1280 600 1280.757442842839 486.80806873581275
1290 482 1289.201871628938 601.2719590280988 1398 602 1398.798128371062 482.7280409719012
1418 474 1417.1883097861974 595.2986349494028 1522 596 1522.8116902138026 474.7013650505973
1552 480 1551.2528950978206 591.6470338773937 1604 592 1604.7471049021794 480.3529661226063
1670 482 1669.2958194469331 587.2324376867388 1784 588 1784.7041805530669 482.76756231326124
1820 480 1819.2556712357239 591.232169028232 1934 592 1934.7443287642761 480.767830971768
900 606 899.2822576041921 713.2591136080426 1010 714 1010.7177423958079 606.7408863919574
1034 602 1033.2147170489943 719.3523450033529 1130 720 1130.7852829510057 602.6476549966471
1162 610 1161.2682479972734 719.3527032146952 1258 720 1258.7317520027266 610.6472967853048
1286 616 1285.2422884986543 729.2320794753964 1400 730 1400.7577115013457 616.7679205246036
1416 612 1415.2415720759693 725.3391413719543 1514 726 1514.7584279240307 612.6608586280457
1544 606 1543.2397810192576 719.6067961133489 1602 720 1602.7602189807424 606.3932038866511
1672 608 1671.294923918577 713.3662650574362 1766 714 1766.705076081423 608.6337349425638
1818 606 1817.2285475502422 721.2855208708397 1924 722 1924.7714524497578 606.7144791291603
1030 746 1029.4021649208062 835.3402160059815 1128 836 1128.5978350791938 746.6597839940185
1152 720 1151.1478033636458 847.3518972391748 1248 848 1248.8521966363542 720.6481027608252
1298 734 1297.2415720759693 847.3391413719543 1396 848 1396.7584279240307 734.6608586280457
1422 756 1421.4291990534523 841.3002469004434 1526 842 1526.5708009465477 756.6997530995566
1554 732 1553.2686062086157 841.2991722664162 1658 842 1658.7313937913843 732.7008277335838
1688 738 1687.307142468784 841.5403301921782 1756 842 1756.692857531216 738.4596698078218
1804 736 1803.242736262832 849.1651657900478 1928 850 1928.757263737168 736.8348342099522
1146 866 1145.1346892850827 995.31165947513 1248 996 1248.8653107149173 866.68834052487
1266 862 1265.2028567101297 981.1247489203317 1396 982 1396.7971432898703 862.8752510796683
1430 864 1429.2417511816407 977.3123758978148 1532 978 1532.7582488183593 864.6876241021852
1554 860 1553.1882202333616 981.3120176864724 1656 982 1656.8117797666384 860.6879823135276
1678 864 1677.2413929702982 977.3659068460938 1772 978 1772.7586070297018 864.6340931539062
1822 866 1821.14771381081 993.3652799762447 1916 994 1916.85228618919 866.6347200237553
1278 1008 1277.2823471570277 1115.245730870973 1390 1116 1390.7176528429723 1008.7542691290271
1414 1004 1413.2956403412618 1109.259203160878 1524 1110 1524.7043596587382 1004.7407968391217
1544 1010 1543.3355198939641 1109.2996200305943 1648 1110 1648.6644801060359 1010.7003799694057
1666 994 1665.2419302873118 1107.2856104236753 1772 1108 1772.7580697126882 994.7143895763246
1800 1004 1799.2564772112441 1115.1117243946044 1932 1116 1932.7435227887559 1004.8882756053955
1408 1122 1407.162350287578 1247.178011210104 1530 1248 1530.837649712422 1122.821988789896
1552 1128 1551.2948343657415 1233.3796477945057 1644 1234 1644.7051656342585 1128.6203522054943
1660 1126 1659.2958194469331 1231.2324376867389 1774 1232 1774.7041805530669 1126.7675623132611
1798 1130 1797.2432735798457 1243.0848693676294 1934 1244 1934.7567264201543 1130.9151306323706
1528 1258 1527.1496839731933 1385.0708597607106 1666 1386 1666.8503160268067 1258.9291402392894
1680 1256 1679.2145379433232 1373.3791104774923 1772 1374 1772.7854620566768 1256.6208895225077
1800 1258 1799.1356743662743 1387.164449367363 1924 1388 1924.8643256337257 1258.835550632637
1668 1400 1667.3096499481808 1503.1656135542257 1792 1504 1792.6903500518192 1400.8343864457743
1832 1396 1831.2404974419424 1509.499734216791 1906 1510 1906.7595025580576 1396.500265783209
1842 1520 1841.1213961008486 1651.2981871852246 1946 1652 1946.8786038991514 1520.7018128147754
# Transcript
*QHIDOSDEKAT
*SRAMNOYSI*
TEIMETEIKA
*ENCARIDH
OSALAIE
SFREAR
*ADHSX
KALL
HRG
OI
R