# Baseline angle
0
# Boxes: x1 y1 x2 y2 x3 y3 x4 y4
1625 1237 1625 1376 1754 1376 1754 1237
1770 1237 1770 1374 1894 1374 1894 1237
1907 1236 1907 1372 2030 1372 2030 1236
2046 1240 2046 1384 2169 1384 2169 1240
2183 1241 2183 1375 2297 1375 2297 1241
2325 1241 2325 1377 2453 1377 2453 1241
2466 1243 2466 1359 2577 1359 2577 1243
2599 1238 2599 1373 2715 1373 2715 1238
2738 1240 2738 1372 2848 1372 2848 1240
2866 1236 2866 1369 2963 1369 2963 1236
2985 1243 2985 1359 3119 1359 3119 1243
3137 1248 3137 1369 3250 1369 3250 1248
3266 1244 3266 1363 3382 1363 3382 1244
3421 1242 3421 1350 3485 1350 3485 1242
3517 1250 3517 1354 3636 1354 3636 1250
955 1399 955 1523 1078 1523 1078 1399
843 1411 843 1529 946 1529 946 1411
1122 1400 1122 1510 1225 1510 1225 1400
1243 1400 1243 1511 1345 1511 1345 1400
1357 1399 1357 1514 1490 1514 1490 1399
1508 1410 1508 1519 1631 1519 1631 1410
1653 1406 1653 1503 1758 1503 1758 1406
1777 1401 1777 1520 1896 1520 1896 1401
1910 1406 1910 1524 2026 1524 2026 1406
2039 1402 2039 1504 2156 1504 2156 1402
2183 1400 2183 1511 2295 1511 2295 1400
2313 1398 2313 1523 2434 1523 2434 1398
2455 1400 2455 1501 2576 1501 2576 1400
2584 1385 2584 1518 2704 1518 2704 1385
2727 1386 2727 1531 2859 1531 2859 1386
2867 1391 2867 1518 2969 1518 2969 1391
2984 1375 2984 1511 3105 1511 3105 1375
3115 1394 3115 1511 3245 1511 3245 1394
3265 1395 3265 1518 3379 1518 3379 1395
3407 1392 3407 1510 3480 1510 3480 1392
3518 1390 3518 1498 3644 1498 3644 1390
3674 1384 3674 1498 3774 1498 3774 1384
835 1546 835 1657 964 1657 964 1546
974 1542 974 1664 1089 1664 1089 1542
1106 1527 1106 1659 1212 1659 1212 1527
1235 1537 1235 1652 1351 1652 1351 1537
1367 1539 1367 1645 1526 1645 1526 1539
712 1522 712 1640 832 1640 832 1522
1540 1532 1540 1640 1653 1640 1653 1532
1672 1532 1672 1630 1775 1630 1775 1532
1780 1529 1780 1637 1895 1637 1895 1529
1912 1532 1912 1652 2040 1652 2040 1532
2049 1527 2049 1640 2172 1640 2172 1527
2179 1525 2179 1630 2308 1630 2308 1525
2315 1529 2315 1637 2443 1637 2443 1529
2447 1522 2447 1633 2558 1633 2558 1522
2577 1532 2577 1633 2704 1633 2704 1532
2723 1541 2723 1628 2848 1628 2848 1541
2855 1513 2855 1654 2983 1654 2983 1513
2987 1522 2987 1633 3110 1633 3110 1522
3129 1510 3129 1637 3252 1637 3252 1510
3266 1520 3266 1637 3391 1637 3391 1520
3403 1510 3403 1633 3508 1633 3508 1510
3520 1510 3520 1645 3655 1645 3655 1510
3667 1508 3667 1647 3799 1647 3799 1508
3820 1513 3820 1642 3892 1642 3892 1513
3931 1508 3931 1623 4087 1623 4087 1508
808 1671 808 1772 955 1772 955 1671
967 1659 967 1786 1094 1786 1094 1659
1113 1673 1113 1774 1226 1774 1226 1673
1240 1671 1240 1774 1355 1774 1355 1671
1367 1664 1367 1767 1478 1767 1478 1664
1504 1657 1504 1777 1641 1777 1641 1657
1658 1669 1658 1779 1775 1779 1775 1669
1787 1657 1787 1786 1905 1786 1905 1657
1915 1664 1915 1777 2027 1777 2027 1664
2042 1666 2042 1796 2135 1796 2135 1666
2172 1659 2172 1779 2301 1779 2301 1659
2318 1647 2318 1765 2435 1765 2435 1647
2452 1654 2452 1777 2572 1777 2572 1654
2596 1657 2596 1760 2707 1760 2707 1657
2726 1654 2726 1762 2812 1762 2812 1654
2855 1649 2855 1769 2951 1769 2951 1649
2975 1657 2975 1765 3098 1765 3098 1657
3119 1649 3119 1781 3242 1781 3242 1649
3266 1652 3266 1772 3362 1772 3362 1652
3383 1654 3383 1769 3527 1769 3527 1654
3547 1661 3547 1767 3655 1767 3655 1661
3664 1654 3664 1772 3784 1772 3784 1654
3799 1652 3799 1772 3919 1772 3919 1652
3952 1642 3952 1769 4029 1769 4029 1642
4058 1645 4058 1779 4185 1779 4185 1645
825 1789 825 1918 945 1918 945 1789
988 1803 988 1906 1043 1906 1043 1803
1238 1806 1238 1914 1334 1914 1334 1806
1084 1801 1084 1916 1214 1916 1214 1801
1375 1803 1375 1909 1492 1909 1492 1803
1511 1801 1511 1911 1624 1911 1624 1801
1636 1796 1636 1926 1768 1926 1768 1796
1785 1803 1785 1916 1886 1916 1886 1803
1907 1815 1907 1928 2040 1928 2040 1815
2056 1793 2056 1921 2133 1921 2133 1793
2160 1798 2160 1918 2318 1918 2318 1798
2337 1789 2337 1923 2400 1923 2400 1789
2440 1796 2440 1911 2584 1911 2584 1796
2615 1786 2615 1918 2690 1918 2690 1786
2714 1784 2714 1902 2827 1902 2827 1784
2863 1781 2863 1906 2968 1906 2968 1781
3019 1781 3019 1916 3098 1916 3098 1781
3146 1791 3146 1916 3230 1916 3230 1791
3261 1786 3261 1921 3369 1921 3369 1786
3410 1798 3410 1909 3503 1909 3503 1798
3525 1793 3525 1918 3652 1918 3652 1793
3669 1801 3669 1930 3789 1930 3789 1801
3801 1779 3801 1906 3919 1906 3919 1779
3940 1791 3940 1906 4058 1906 4058 1791
4075 1786 4075 1913 4195 1913 4195 1786
808 1940 808 2053 940 2053 940 1940
671 1940 671 2062 803 2062 803 1940
547 1940 547 2074 652 2074 652 1940
957 1942 957 2048 1065 2048 1065 1942
1091 1930 1091 2045 1185 2045 1185 1930
1223 1933 1223 2038 1360 2038 1360 1933
1355 1925 1355 2050 1478 2050 1478 1925
1504 1928 1504 2041 1629 2041 1629 1928
1646 1925 1646 2038 1775 2038 1775 1925
1807 1923 1807 2045 1931 2045 1931 1923
1939 1921 1939 2050 2003 2050 2003 1921
2023 1935 2023 2050 2157 2050 2157 1935
2176 1940 2176 2057 2280 2057 2280 1940
2304 1930 2304 2055 2431 2055 2431 1930
2459 1930 2459 2041 2565 2041 2565 1930
2589 1913 2589 2029 2709 2029 2709 1913
2719 1925 2719 2038 2839 2038 2839 1925
2863 1935 2863 2048 2971 2048 2971 1935
2987 1918 2987 2072 3100 2072 3100 1918
3146 1925 3146 2067 3230 2067 3230 1925
3264 1921 3264 2041 3396 2041 3396 1921
3400 1930 3400 2043 3501 2043 3501 1930
3528 1933 3528 2048 3645 2048 3645 1933
3664 1935 3664 2043 3777 2043 3777 1935
3789 1933 3789 2050 3921 2050 3921 1933
3940 1918 3940 2036 4046 2036 4046 1918
4087 1930 4087 2033 4202 2033 4202 1930
561 2089 561 2199 657 2199 657 2089
671 2077 671 2194 799 2194 799 2077
818 2062 818 2199 938 2199 938 2062
959 2058 959 2194 1077 2194 1077 2058
1082 2058 1082 2182 1211 2182 1211 2058
1231 2058 1231 2185 1331 2185 1331 2058
1351 2055 1351 2175 1473 2175 1473 2055
1492 2050 1492 2185 1619 2185 1619 2050
1639 2053 1639 2173 1747 2173 1747 2053
1795 2062 1795 2163 1881 2163 1881 2062
1903 2065 1903 2182 2037 2182 2037 2065
2044 2060 2044 2180 2160 2180 2160 2060
2172 2046 2172 2173 2299 2173 2299 2046
2316 2034 2316 2187 2440 2187 2440 2034
2438 2058 2438 2194 2589 2194 2589 2058
2589 2058 2589 2182 2704 2182 2704 2058
2711 2043 2711 2192 2853 2192 2853 2043
2872 2053 2872 2178 2983 2178 2983 2053
3004 2074 3004 2175 3124 2175 3124 2074
3117 2062 3117 2180 3249 2180 3249 2062
3254 2048 3254 2175 3376 2175 3376 2048
3379 2053 3379 2175 3489 2175 3489 2053
3516 2067 3516 2178 3636 2178 3636 2067
3667 2041 3667 2180 3744 2180 3744 2041
3791 2055 3791 2175 3921 2175 3921 2055
3940 2055 3940 2173 4051 2173 4051 2055
4065 2048 4065 2161 4178 2161 4178 2048
393 2204 393 2336 528 2336 528 2204
537 2211 537 2319 659 2319 659 2211
683 2218 683 2324 813 2324 813 2218
820 2211 820 2305 952 2305 952 2211
959 2206 959 2314 1068 2314 1068 2206
1087 2206 1087 2317 1204 2317 1204 2206
1209 2180 1209 2324 1329 2324 1329 2180
1351 2187 1351 2314 1485 2314 1485 2187
1492 2185 1492 2329 1593 2329 1593 2185
1639 2194 1639 2326 1761 2326 1761 2194
1771 2180 1771 2319 1903 2319 1903 2180
1924 2187 1924 2300 1987 2300 1987 2187
2006 2194 2006 2307 2150 2307 2150 2194
2188 2189 2188 2300 2306 2300 2306 2189
2311 2187 2311 2317 2443 2317 2443 2187
2452 2185 2452 2302 2563 2302 2563 2185
2594 2192 2594 2324 2692 2324 2692 2192
2723 2194 2723 2305 2836 2305 2836 2194
2867 2192 2867 2317 2975 2317 2975 2192
2987 2187 2987 2314 3115 2314 3115 2187
3129 2192 3129 2324 3232 2324 3232 2192
3266 2194 3266 2317 3376 2317 3376 2194
3393 2197 3393 2312 3496 2312 3496 2197
3513 2194 3513 2317 3650 2317 3650 2194
3664 2201 3664 2321 3777 2321 3777 2201
3784 2185 3784 2307 3914 2307 3914 2185
3935 2192 3935 2300 4041 2300 4041 2192
4072 2182 4072 2302 4200 2302 4200 2182
1226 2336 1226 2475 1353 2475 1353 2336
1367 2333 1367 2458 1451 2458 1451 2333
1485 2336 1485 2449 1612 2449 1612 2336
1634 2343 1634 2465 1747 2465 1747 2343
1761 2319 1761 2458 1881 2458 1881 2319
1905 2333 1905 2453 2013 2453 2013 2333
2032 2324 2032 2444 2143 2444 2143 2324
2150 2321 2150 2463 2265 2463 2265 2321
2284 2324 2284 2441 2407 2441 2407 2324
2436 2324 2436 2444 2565 2444 2565 2324
2587 2333 2587 2453 2707 2453 2707 2333
2716 2305 2716 2451 2827 2451 2827 2305
2834 2317 2834 2449 2963 2449 2963 2317
2983 2317 2983 2461 3112 2461 3112 2317
3129 2329 3129 2456 3249 2456 3249 2329
3259 2326 3259 2446 3367 2446 3367 2326
3381 2333 3381 2441 3499 2441 3499 2333
3527 2333 3527 2444 3638 2444 3638 2333
3647 2333 3647 2453 3796 2453 3796 2333
3803 2321 3803 2446 3904 2446 3904 2321
3923 2309 3923 2456 4055 2456 4055 2309
4070 2324 4070 2451 4173 2451 4173 2324
386 2499 386 2593 503 2593 503 2499
518 2485 518 2614 659 2614 659 2485
671 2480 671 2595 777 2595 777 2480
787 2477 787 2590 928 2590 928 2477
945 2470 945 2581 1063 2581 1063 2470
1077 2473 1077 2588 1180 2588 1180 2473
1209 2477 1209 2569 1331 2569 1331 2477
1353 2465 1353 2573 1447 2573 1447 2465
1480 2463 1480 2569 1591 2569 1591 2463
1615 2473 1615 2571 1727 2571 1727 2473
1749 2475 1749 2569 1881 2569 1881 2475
1893 2461 1893 2583 2023 2583 2023 2461
2047 2456 2047 2578 2167 2578 2167 2456
2179 2458 2179 2593 2301 2593 2301 2458
2328 2465 2328 2585 2392 2585 2392 2465
2431 2475 2431 2581 2570 2581 2570 2475
2587 2453 2587 2585 2714 2585 2714 2453
2731 2461 2731 2583 2848 2583 2848 2461
2863 2456 2863 2600 2983 2600 2983 2456
2992 2463 2992 2588 3098 2588 3098 2463
3115 2475 3115 2576 3242 2576 3242 2475
3273 2463 3273 2569 3331 2569 3331 2463
3357 2465 3357 2564 3468 2564 3468 2465
3506 2453 3506 2581 3645 2581 3645 2453
3669 2458 3669 2578 3777 2578 3777 2458
3787 2456 3787 2585 3875 2585 3875 2456
3904 2456 3904 2576 4046 2576 4046 2456
4065 2444 4065 2581 4154 2581 4154 2444
388 2595 388 2715 513 2715 513 2595
532 2621 532 2729 671 2729 671 2621
707 2607 707 2722 787 2722 787 2607
832 2605 832 2715 947 2715 947 2605
971 2595 971 2725 1068 2725 1068 2595
1080 2600 1080 2710 1192 2710 1192 2600
1219 2600 1219 2739 1358 2739 1358 2600
1365 2602 1365 2727 1485 2727 1485 2602
1509 2600 1509 2710 1579 2710 1579 2600
1600 2585 1600 2717 1732 2717 1732 2585
1754 2593 1754 2717 1893 2717 1893 2593
1900 2595 1900 2705 2011 2705 2011 2595
2039 2600 2039 2710 2143 2710 2143 2600
2169 2602 2169 2725 2291 2725 2291 2602
2303 2600 2303 2722 2431 2722 2431 2600
2438 2597 2438 2710 2570 2710 2570 2597
2591 2590 2591 2696 2719 2696 2719 2590
2733 2593 2733 2717 2841 2717 2841 2593
2853 2588 2853 2715 2954 2715 2954 2588
2987 2597 2987 2708 3093 2708 3093 2597
3110 2588 3110 2696 3235 2696 3235 2588
3254 2578 3254 2710 3381 2710 3381 2578
3422 2593 3422 2729 3496 2729 3496 2593
3506 2585 3506 2715 3614 2715 3614 2585
3638 2588 3638 2717 3772 2717 3772 2588
3784 2597 3784 2720 3892 2720 3892 2597
3935 2590 3935 2715 4046 2715 4046 2590
4060 2590 4060 2713 4192 2713 4192 2590
415 2737 415 2859 501 2859 501 2737
547 2739 547 2869 655 2869 655 2739
681 2744 681 2861 806 2861 806 2744
820 2732 820 2876 950 2876 950 2732
971 2746 971 2864 1072 2864 1072 2746
1089 2749 1089 2876 1171 2876 1171 2749
1216 2734 1216 2852 1341 2852 1341 2734
1358 2737 1358 2854 1451 2854 1451 2737
1461 2722 1461 2859 1619 2859 1619 2722
1646 2725 1646 2864 1727 2864 1727 2725
1747 2720 1747 2854 1886 2854 1886 2720
1934 2727 1934 2852 2020 2852 2020 2727
2025 2734 2025 2857 2150 2857 2150 2734
2152 2732 2152 2857 2277 2857 2277 2732
2304 2717 2304 2847 2438 2847 2438 2717
2447 2727 2447 2847 2560 2847 2560 2727
2579 2713 2579 2845 2716 2845 2716 2713
2728 2717 2728 2845 2800 2845 2800 2717
2839 2717 2839 2847 2966 2847 2966 2717
2995 2717 2995 2837 3107 2837 3107 2717
3124 2725 3124 2857 3254 2857 3254 2725
3259 2717 3259 2845 3383 2845 3383 2717
3386 2715 3386 2842 3494 2842 3494 2715
3506 2725 3506 2837 3631 2837 3631 2725
3640 2720 3640 2835 3767 2835 3767 2720
3772 2720 3772 2854 3878 2854 3878 2720
3892 2732 3892 2847 4005 2847 4005 2732
4022 2727 4022 2847 4185 2847 4185 2727
405 2869 405 2993 499 2993 499 2869
513 2866 513 2993 652 2993 652 2866
659 2876 659 2981 779 2981 779 2876
791 2885 791 3005 931 3005 931 2885
974 2871 974 2996 1041 2996 1041 2871
1067 2878 1067 2991 1183 2991 1183 2878
1197 2864 1197 3013 1322 3013 1322 2864
1329 2881 1329 3005 1447 3005 1447 2881
1461 2876 1461 2998 1586 2998 1586 2876
1615 2878 1615 2984 1739 2984 1739 2878
1756 2873 1756 3001 1881 3001 1881 2873
1900 2854 1900 2993 1994 2993 1994 2854
2023 2845 2023 2996 2147 2996 2147 2845
2183 2869 2183 2986 2315 2986 2315 2869
2337 2864 2337 2986 2428 2986 2428 2864
2447 2873 2447 2998 2577 2998 2577 2873
2591 2857 2591 2998 2690 2998 2690 2857
2716 2869 2716 2996 2834 2996 2834 2869
2843 2871 2843 2998 2985 2998 2985 2871
3002 2871 3002 2996 3086 2996 3086 2871
3105 2866 3105 3008 3240 3008 3240 2866
3242 2876 3242 2998 3362 2998 3362 2876
3391 2866 3391 2991 3456 2991 3456 2866
3501 2845 3501 3003 3638 3003 3638 2845
3652 2859 3652 3001 3760 3001 3760 2859
3772 2873 3772 2993 3885 2993 3885 2873
3902 2861 3902 2996 4020 2996 4020 2861
441 3005 441 3147 547 3147 547 3005
566 2998 566 3130 667 3130 667 2998
676 3001 676 3126 753 3126 753 3001
775 3003 775 3123 902 3123 902 3003
947 2984 947 3130 1060 3130 1060 2984
1079 3005 1079 3128 1192 3128 1192 3005
1204 2998 1204 3118 1319 3118 1319 2998
1343 3001 1343 3142 1461 3142 1461 3001
1490 3003 1490 3126 1612 3126 1612 3003
1627 2996 1627 3150 1759 3150 1759 2996
1775 3005 1775 3145 1883 3145 1883 3005
1898 3005 1898 3166 1972 3166 1972 3005
2003 3001 2003 3138 2152 3138 2152 3001
2164 3015 2164 3135 2287 3135 2287 3015
2291 2998 2291 3097 2397 3097 2397 2998
2407 2991 2407 3126 2539 3126 2539 2991
2555 3010 2555 3130 2702 3130 2702 3010
2716 2991 2716 3135 2810 3135 2810 2991
2827 3013 2827 3145 2983 3145 2983 3013
2992 3013 2992 3128 3108 3128 3108 3013
3103 2993 3103 3116 3235 3116 3235 2993
3261 3003 3261 3121 3388 3121 3388 3003
3400 2996 3400 3128 3479 3128 3479 2996
3501 3017 3501 3135 3626 3135 3626 3017
3676 2989 3676 3118 3734 3118 3734 2989
3755 3020 3755 3147 3909 3147 3909 3020
3921 3010 3921 3133 4024 3133 4024 3010
527 3157 527 3260 657 3260 657 3157
664 3164 664 3270 784 3270 784 3164
818 3154 818 3248 907 3248 907 3154
919 3150 919 3262 1041 3262 1041 3150
1077 3147 1077 3262 1202 3262 1202 3147
1204 3133 1204 3274 1319 3274 1319 3133
1331 3150 1331 3265 1449 3265 1449 3150
1461 3138 1461 3258 1586 3258 1586 3138
1591 3130 1591 3277 1744 3277 1744 3130
1754 3138 1754 3260 1869 3260 1869 3138
1891 3140 1891 3255 1996 3255 1996 3140
2011 3138 2011 3279 2133 3279 2133 3138
2164 3138 2164 3272 2287 3272 2287 3138
2308 3142 2308 3265 2404 3265 2404 3142
2407 3138 2407 3286 2517 3286 2517 3138
2555 3138 2555 3255 2663 3255 2663 3138
2702 3140 2702 3253 2810 3253 2810 3140
2839 3154 2839 3260 2978 3260 2978 3154
2990 3142 2990 3255 3062 3255 3062 3142
3117 3147 3117 3265 3232 3265 3232 3147
3252 3123 3252 3265 3360 3265 3360 3123
3376 3150 3376 3277 3475 3277 3475 3150
3489 3130 3489 3250 3621 3250 3621 3130
3628 3123 3628 3255 3746 3255 3746 3123
3763 3152 3763 3255 3902 3255 3902 3152
3919 3130 3919 3272 4008 3272 4008 3130
494 3277 494 3387 647 3387 647 3277
669 3267 669 3406 801 3406 801 3267
813 3246 813 3402 892 3402 892 3246
936 3260 936 3404 1020 3404 1020 3260
1053 3267 1053 3402 1188 3402 1188 3267
1209 3270 1209 3390 1322 3390 1322 3270
1339 3284 1339 3385 1442 3385 1442 3284
1475 3279 1475 3368 1586 3368 1586 3279
1607 3277 1607 3373 1735 3373 1735 3277
1768 3282 1768 3390 1893 3390 1893 3282
1898 3258 1898 3380 1994 3380 1994 3258
1999 3282 1999 3385 2121 3385 2121 3282
2135 3289 2135 3380 2267 3380 2267 3289
2289 3267 2289 3378 2407 3378 2407 3267
2419 3272 2419 3392 2548 3392 2548 3272
2563 3279 2563 3382 2697 3382 2697 3279
2707 3277 2707 3399 2819 3399 2819 3277
2822 3265 2822 3390 2947 3390 2947 3265
2971 3277 2971 3399 3103 3399 3103 3277
3108 3277 3108 3406 3208 3406 3208 3277
3240 3282 3240 3385 3326 3385 3326 3282
3359 3277 3359 3375 3499 3375 3499 3277
3501 3267 3501 3392 3611 3392 3611 3267
3621 3272 3621 3385 3746 3385 3746 3272
3779 3282 3779 3392 3902 3392 3902 3282
3911 3277 3911 3394 4046 3394 4046 3277
513 3418 513 3524 640 3524 640 3418
664 3421 664 3529 787 3529 787 3421
796 3416 796 3526 923 3526 923 3416
933 3409 933 3514 1063 3514 1063 3409
1077 3404 1077 3531 1159 3531 1159 3404
1178 3406 1178 3519 1319 3519 1319 3406
1331 3402 1331 3529 1473 3529 1473 3402
1487 3411 1487 3541 1595 3541 1595 3411
1615 3409 1615 3529 1742 3529 1742 3409
1754 3411 1754 3519 1862 3519 1862 3411
1888 3418 1888 3512 2001 3512 2001 3418
2011 3411 2011 3522 2119 3522 2119 3411
2143 3421 2143 3524 2219 3524 2219 3421
2296 3409 2296 3519 2407 3519 2407 3409
2414 3409 2414 3512 2555 3512 2555 3409
2577 3409 2577 3538 2659 3538 2659 3409
2683 3421 2683 3526 2817 3526 2817 3421
2827 3397 2827 3522 2935 3522 2935 3397
2949 3406 2949 3531 3110 3531 3110 3406
3115 3406 3115 3526 3244 3526 3244 3406
3256 3399 3256 3522 3328 3522 3328 3399
3367 3406 3367 3517 3491 3517 3491 3406
3501 3404 3501 3522 3626 3522 3626 3404
3647 3406 3647 3531 3751 3531 3751 3406
3789 3416 3789 3531 3866 3531 3866 3416
3897 3404 3897 3522 4015 3522 4015 3404
367 3553 367 3656 528 3656 528 3553
540 3538 540 3649 619 3649 619 3538
655 3555 655 3665 775 3665 775 3555
794 3553 794 3658 926 3658 926 3553
950 3543 950 3673 1060 3673 1060 3543
1080 3548 1080 3663 1183 3663 1183 3548
1204 3531 1204 3665 1319 3665 1319 3531
1331 3553 1331 3661 1451 3661 1451 3553
1480 3555 1480 3668 1581 3668 1581 3555
1605 3545 1605 3658 1744 3658 1744 3545
1759 3541 1759 3653 1867 3653 1867 3541
1888 3529 1888 3668 2011 3668 2011 3529
2015 3533 2015 3680 2133 3680 2133 3533
2164 3536 2164 3668 2280 3668 2280 3536
2287 3526 2287 3651 2383 3651 2383 3526
2426 3526 2426 3668 2548 3668 2548 3526
2579 3550 2579 3649 2687 3649 2687 3550
2714 3543 2714 3665 2822 3665 2822 3543
2836 3545 2836 3653 2949 3653 2949 3545
2959 3536 2959 3661 3062 3661 3062 3536
3110 3548 3110 3641 3203 3641 3203 3548
3237 3538 3237 3658 3362 3658 3362 3538
3371 3529 3371 3661 3484 3661 3484 3529
3494 3536 3494 3651 3621 3651 3621 3536
3635 3536 3635 3629 3748 3629 3748 3536
3782 3536 3782 3644 3878 3644 3878 3536
3928 3519 3928 3637 4055 3637 4055 3519
640 3682 640 3812 801 3812 801 3682
537 3675 537 3805 638 3805 638 3675
806 3673 806 3805 899 3805 899 3673
916 3658 916 3807 1043 3807 1043 3658
1065 3682 1065 3814 1185 3814 1185 3682
1200 3670 1200 3781 1305 3781 1305 3670
1322 3687 1322 3785 1449 3785 1449 3687
1456 3675 1456 3793 1581 3793 1581 3675
1603 3685 1603 3793 1725 3793 1725 3685
1732 3680 1732 3790 1881 3790 1881 3680
1893 3685 1893 3790 1979 3790 1979 3685
2011 3694 2011 3788 2128 3788 2128 3694
2143 3694 2143 3809 2263 3809 2263 3694
2284 3685 2284 3783 2390 3783 2390 3685
2404 3670 2404 3795 2531 3795 2531 3670
2546 3682 2546 3781 2683 3781 2683 3682
2685 3680 2685 3778 2798 3778 2798 3680
2827 3680 2827 3790 2923 3790 2923 3680
2963 3677 2963 3785 3074 3785 3074 3677
3095 3675 3095 3781 3230 3781 3230 3675
3251 3673 3251 3795 3338 3795 3338 3673
3364 3656 3364 3785 3491 3785 3491 3656
3501 3658 3501 3795 3619 3795 3619 3658
3636 3656 3636 3783 3779 3783 3779 3656
3787 3658 3787 3797 3899 3797 3899 3658
3914 3665 3914 3788 4010 3788 4010 3665
914 3814 914 3937 1043 3937 1043 3814
1063 3821 1063 3939 1137 3939 1137 3821
1149 3829 1149 3944 1281 3944 1281 3829
1319 3797 1319 3946 1449 3946 1449 3797
1466 3809 1466 3941 1547 3941 1547 3809
1579 3824 1579 3934 1694 3934 1694 3824
1749 3809 1749 3941 1871 3941 1871 3809
1883 3826 1883 3944 1999 3944 1999 3826
2030 3812 2030 3944 2102 3944 2102 3812
2121 3814 2121 3939 2248 3939 2248 3814
2279 3797 2279 3934 2395 3934 2395 3797
2404 3812 2404 3922 2524 3922 2524 3812
2543 3807 2543 3946 2675 3946 2675 3807
2699 3795 2699 3949 2793 3949 2793 3795
2807 3800 2807 3934 2937 3934 2937 3800
2949 3812 2949 3939 3074 3939 3074 3812
3086 3809 3086 3937 3230 3937 3230 3809
3242 3812 3242 3953 3357 3953 3357 3812
3379 3807 3379 3949 3458 3949 3458 3807
3475 3812 3475 3929 3597 3929 3597 3812
3623 3783 3623 3949 3731 3949 3731 3783
3751 3802 3751 3941 3873 3941 3873 3802
3902 3802 3902 3951 4053 3951 4053 3802
1185 3958 1185 4083 1310 4083 1310 3958
1358 3949 1358 4066 1439 4066 1439 3949
1473 3956 1473 4073 1576 4073 1576 3956
1593 3953 1593 4076 1730 4076 1730 3953
1744 3941 1744 4059 1855 4059 1855 3941
1879 3958 1879 4061 1991 4061 1991 3958
2020 3944 2020 4054 2131 4054 2131 3944
2160 3951 2160 4052 2258 4052 2258 3951
2280 3944 2280 4085 2400 4085 2400 3944
2409 3939 2409 4069 2527 4069 2527 3939
2555 3951 2555 4059 2656 4059 2656 3951
2671 3937 2671 4057 2798 4057 2798 3937
2817 3937 2817 4057 2930 4057 2930 3937
2951 3920 2951 4054 3074 4054 3074 3920
3096 3944 3096 4066 3211 4066 3211 3944
3230 3946 3230 4064 3355 4064 3355 3946
3369 3937 3369 4076 3477 4076 3477 3937
3496 3941 3496 4085 3604 4085 3604 3941
3638 3953 3638 4061 3736 4061 3736 3953
1475 4100 1475 4220 1593 4220 1593 4100
1603 4090 1603 4196 1713 4196 1713 4090
1739 4100 1739 4217 1843 4217 1843 4100
1886 4085 1886 4210 1984 4210 1984 4085
3765 3953 3765 4064 3873 4064 3873 3953
3899 3946 3899 4069 4024 4069 4024 3946
2016 4085 2016 4203 2097 4203 2097 4085
2119 4088 2119 4220 2268 4220 2268 4088
2299 4073 2299 4208 2366 4208 2366 4073
2392 4085 2392 4208 2524 4208 2524 4085
2539 4073 2539 4203 2666 4203 2666 4073
2690 4076 2690 4196 2776 4196 2776 4076
2805 4081 2805 4193 2942 4193 2942 4081
2963 4061 2963 4201 3081 4201 3081 4061
3098 4083 3098 4189 3216 4189 3216 4083
3228 4093 3228 4191 3347 4191 3347 4093
3357 4073 3357 4189 3455 4189 3455 4073
3494 4097 3494 4203 3616 4203 3616 4097
3633 4073 3633 4182 3734 4182 3734 4073
1593 4213 1593 4337 1725 4337 1725 4213
1735 4222 1735 4337 1848 4337 1848 4222
1876 4222 1876 4328 1982 4328 1982 4222
2006 4210 2006 4345 2131 4345 2131 4210
2128 4225 2128 4342 2227 4342 2227 4225
2284 4241 2284 4357 2404 4357 2404 4241
367 2358 367 2482 527 2482 527 2358
530 2353 530 2470 683 2470 683 2353
703 2334 703 2470 775 2470 775 2334
794 2346 794 2442 919 2442 919 2346
959 2329 959 2461 1079 2461 1079 2329
1082 2341 1082 2456 1207 2456 1207 2341
2416 4229 2416 4349 2527 4349 2527 4229
2678 4217 2678 4335 2795 4335 2795 4217
3124 4225 3124 4357 3184 4357 3184 4225
3220 4215 3220 4376 3323 4376 3323 4215
3359 4215 3359 4381 3482 4381 3482 4215
3489 4222 3489 4359 3621 4359 3621 4222
3626 4210 3626 4371 3755 4371 3755 4210
# Transcript
*******TOYARCONTOSEPIT*
DOSDWDEKATHSPRYTANEIAS
ANTOSDIONYSODWROYFHGOYSIO
MMATEYESKIROFORIWNOSENHIK
AIPROTERAIMIAIKAITRIAKOST
THSPRYTANEIASEKKLHSIATWNPRO
RWNEPEUHFIZENEPIKRATHSFILEO
LAMPTREYSKAISYMPROEDROIEDOXE
TWIDHMWISTRATOKLHSEYQYDHMOYD
OMEEYSEIPENEPEIDHALKAIOSHRAI
YAINIOSDIATRIBWNPARATWIBASIL
IDHMHTRIWIDIATELEIPRATTWNAGA
ONOTIDYNATAIKAILOGWIKAIERGW
ERITETOYSAFIKNOYMENOYSIDIAI
NAIWNPROSTONBASILEIAKAIKOI
PERITONDHMONTONAQHNAIWNAGA
TYCEIDEDOCQAITWIDHMWIEPAIN
AIAYTONARETHSENEKAKAIEYNOIA
SEISTONDHMONTONAQHNAIWNKAI
SILEISKAISTEFANWSAICRYS
WIKATATONNOMONALKAION
ONKAIEINAIAYTONAQ
NOYSAYT*Y*IGRAU***

# Lines: x1 y1 x2 y2 x3 y3 x4 y4
