# Baseline angle
0
# Boxes: x1 y1 x2 y2 x3 y3 x4 y4
572 298 572 410 686 410 686 298
676 292 676 406 718 406 718 292
720 296 720 412 824 412 824 296
814 286 814 412 932 412 932 286
414 450 414 554 524 554 524 450
474 442 474 554 578 554 578 442
564 430 564 542 670 542 670 430
640 422 640 546 738 546 738 422
730 432 730 558 852 558 852 432
482 708 482 820 608 820 608 708
598 702 598 812 726 812 726 702
714 716 714 810 818 810 818 716
804 694 804 812 848 812 848 694
846 702 846 822 950 822 950 702
924 692 924 800 1030 800 1030 692
340 838 340 952 480 952 480 838
482 830 482 954 588 954 588 830
580 832 580 938 688 938 688 832
670 838 670 948 724 948 724 838
716 836 716 938 814 938 814 836
798 820 798 940 906 940 906 820
892 826 892 926 988 926 988 826
972 814 972 940 1086 940 1086 814
292 956 292 1076 400 1076 400 956
392 954 392 1052 480 1052 480 954
480 948 480 1060 596 1060 596 948
528 1062 528 1174 646 1174 646 1062
640 1058 640 1186 750 1186 750 1058
734 1066 734 1184 822 1184 822 1066
808 1062 808 1178 938 1178 938 1062
502 1192 502 1306 602 1306 602 1192
596 1186 596 1302 680 1302 680 1186
664 1174 664 1302 774 1302 774 1174
810 1172 810 1306 906 1306 906 1172
896 1178 896 1300 970 1300 970 1178
956 1176 956 1296 1018 1296 1018 1176
1004 1174 1004 1302 1078 1302 1078 1174
1060 1166 1060 1296 1160 1296 1160 1166
1138 1170 1138 1290 1222 1290 1222 1170
1208 1172 1208 1282 1282 1282 1282 1172
1268 1170 1268 1288 1354 1288 1354 1170
1340 1170 1340 1292 1454 1292 1454 1170
558 1330 558 1450 664 1450 664 1330
656 1328 656 1448 750 1448 750 1328
726 1322 726 1452 844 1452 844 1322
578 1568 578 1692 670 1692 670 1568
658 1582 658 1690 752 1690 752 1582
736 1580 736 1684 836 1684 836 1580
820 1570 820 1684 910 1684 910 1570
890 1564 890 1694 992 1694 992 1564
958 1564 958 1684 1058 1684 1058 1564
1034 1564 1034 1684 1156 1684 1156 1564
318 1728 318 1828 432 1828 432 1728
430 1720 430 1824 528 1824 528 1720
522 1712 522 1816 610 1816 610 1712
592 1712 592 1826 678 1826 678 1712
666 1700 666 1822 770 1822 770 1700
766 1702 766 1808 812 1808 812 1702
804 1700 804 1808 894 1808 894 1700
884 1694 884 1822 1004 1822 1004 1694
352 1838 352 1944 466 1944 466 1838
454 1836 454 1934 556 1934 556 1836
522 1836 522 1940 620 1940 620 1836
596 1822 596 1942 706 1942 706 1822
692 1826 692 1940 750 1940 750 1826
734 1836 734 1936 826 1936 826 1836
814 1828 814 1950 922 1950 922 1828
362 1940 362 2054 462 2054 462 1940
492 1934 492 2042 598 2042 598 1934
584 1944 584 2044 660 2044 660 1944
650 1944 650 2056 720 2056 720 1944
708 1952 708 2058 820 2058 820 1952
364 2192 364 2300 478 2300 478 2192
470 2204 470 2294 538 2294 538 2204
538 2202 538 2306 646 2306 646 2202
642 2196 642 2300 728 2300 728 2196
702 2186 702 2304 788 2304 788 2186
778 2196 778 2314 878 2314 878 2196
854 2198 854 2304 916 2304 916 2198
902 2190 902 2306 990 2306 990 2190
978 2192 978 2314 1080 2314 1080 2192
478 2320 478 2442 612 2442 612 2320
602 2316 602 2432 702 2432 702 2316
694 2306 694 2438 780 2438 780 2306
770 2318 770 2440 876 2440 876 2318
866 2306 866 2430 984 2430 984 2306
468 2442 468 2544 530 2544 530 2442
530 2438 530 2558 618 2558 618 2438
610 2440 610 2562 714 2562 714 2440
452 2568 452 2700 506 2700 506 2568
514 2582 514 2720 616 2720 616 2582
582 2560 582 2714 722 2714 722 2560
1546 406 1546 520 1660 520 1660 406
1648 410 1648 526 1732 526 1732 410
1820 402 1820 520 1910 520 1910 402
1900 408 1900 530 1970 530 1970 408
2064 404 2064 512 2148 512 2148 404
2228 406 2228 508 2314 508 2314 406
2312 396 2312 512 2410 512 2410 396
2386 402 2386 500 2476 500 2476 402
1556 548 1556 656 1646 656 1646 548
1636 548 1636 656 1692 656 1692 548
1690 550 1690 652 1758 652 1758 550
1740 550 1740 656 1842 656 1842 550
1826 532 1826 672 1916 672 1916 532
1900 546 1900 654 2010 654 2010 546
1986 542 1986 640 2074 640 2074 542
2060 540 2060 650 2152 650 2152 540
2134 544 2134 640 2230 640 2230 544
2204 538 2204 656 2320 656 2320 538
2312 530 2312 654 2406 654 2406 530
2404 542 2404 654 2522 654 2522 542
2516 532 2516 642 2616 642 2616 532
2574 500 2574 646 2698 646 2698 500
2662 542 2662 646 2776 646 2776 542
2756 524 2756 638 2852 638 2852 524
1546 686 1546 810 1664 810 1664 686
1648 680 1648 798 1728 798 1728 680
1702 656 1702 796 1804 796 1804 656
1790 672 1790 794 1890 794 1890 672
1878 694 1878 792 1962 792 1962 694
1936 662 1936 788 2040 788 2040 662
2012 676 2012 798 2116 798 2116 676
2112 660 2112 798 2228 798 2228 660
2192 666 2192 780 2316 780 2316 666
2292 666 2292 784 2392 784 2392 666
2362 660 2362 780 2460 780 2460 660
2452 658 2452 784 2546 784 2546 658
2526 676 2526 776 2652 776 2652 676
2626 668 2626 776 2728 776 2728 668
2716 660 2716 780 2774 780 2774 660
2758 672 2758 776 2850 776 2850 672
2826 638 2826 782 2932 782 2932 638
1550 798 1550 926 1660 926 1660 798
1654 792 1654 922 1724 922 1724 792
1702 794 1702 910 1792 910 1792 794
1778 788 1778 900 1890 900 1890 788
1872 788 1872 904 1970 904 1970 788
1944 788 1944 904 2064 904 2064 788
2050 794 2050 904 2170 904 2170 794
2156 796 2156 894 2294 894 2294 796
2260 780 2260 890 2362 890 2362 780
2358 778 2358 890 2472 890 2472 778
2468 780 2468 892 2536 892 2536 780
2536 778 2536 900 2584 900 2584 778
2582 786 2582 888 2680 888 2680 786
2664 782 2664 892 2752 892 2752 782
2742 776 2742 900 2850 900 2850 776
1728 906 1728 1044 1838 1044 1838 906
1836 900 1836 1044 1950 1044 1950 900
1942 904 1942 1036 2058 1036 2058 904
2048 904 2048 1038 2172 1038 2172 904
2162 902 2162 1026 2274 1026 2274 902
2256 894 2256 1028 2336 1028 2336 894
2318 904 2318 1026 2428 1026 2428 904
2408 880 2408 1044 2534 1044 2534 880
2518 912 2518 1022 2622 1022 2622 912
1540 1034 1540 1160 1656 1160 1656 1034
1632 1030 1632 1152 1722 1152 1722 1030
1722 1030 1722 1166 1816 1166 1816 1030
1808 1040 1808 1154 1900 1154 1900 1040
1886 1042 1886 1156 2014 1156 2014 1042
1998 1032 1998 1162 2094 1162 2094 1032
2074 1038 2074 1160 2184 1160 2184 1038
2180 1034 2180 1154 2292 1154 2292 1034
2284 1032 2284 1146 2374 1146 2374 1032
2372 1026 2372 1148 2444 1148 2444 1026
2404 1038 2404 1156 2512 1156 2512 1038
2474 1044 2474 1148 2578 1148 2578 1044
2550 1034 2550 1144 2660 1144 2660 1034
2638 1026 2638 1150 2738 1150 2738 1026
2724 1036 2724 1148 2810 1148 2810 1036
2788 1036 2788 1142 2888 1142 2888 1036
2862 1024 2862 1140 2976 1140 2976 1024
2948 1020 2948 1136 3046 1136 3046 1020
3028 1022 3028 1144 3078 1144 3078 1022
3064 1026 3064 1146 3142 1146 3142 1026
3124 1038 3124 1142 3212 1142 3212 1038
3206 1022 3206 1138 3254 1138 3254 1022
1550 1168 1550 1284 1656 1284 1656 1168
1644 1168 1644 1288 1698 1288 1698 1168
1682 1182 1682 1280 1770 1280 1770 1182
1760 1170 1760 1272 1866 1272 1866 1170
1862 1158 1862 1270 1954 1270 1954 1158
1934 1156 1934 1278 2034 1278 2034 1156
2032 1160 2032 1276 2080 1276 2080 1160
2070 1160 2070 1268 2156 1268 2156 1160
2152 1160 2152 1280 2256 1280 2256 1160
2246 1144 2246 1304 2374 1304 2374 1144
2380 1144 2380 1284 2480 1284 2480 1144
2468 1162 2468 1274 2572 1274 2572 1162
2556 1150 2556 1272 2670 1272 2670 1150
2658 1154 2658 1274 2760 1274 2760 1154
2742 1160 2742 1274 2800 1274 2800 1160
2786 1162 2786 1258 2886 1258 2886 1162
2864 1136 2864 1264 2958 1264 2958 1136
2932 1150 2932 1270 3040 1270 3040 1150
1544 1302 1544 1416 1658 1416 1658 1302
1638 1314 1638 1412 1750 1412 1750 1314
1738 1306 1738 1418 1844 1418 1844 1306
1830 1290 1830 1412 1926 1412 1926 1290
1918 1290 1918 1416 1986 1416 1986 1290
1972 1304 1972 1408 2062 1408 2062 1304
2048 1296 2048 1422 2162 1422 2162 1296
2158 1292 2158 1418 2246 1418 2246 1292
2228 1290 2228 1418 2310 1418 2310 1290
2278 1294 2278 1420 2382 1420 2382 1294
2366 1300 2366 1412 2480 1412 2480 1300
2462 1288 2462 1420 2566 1420 2566 1288
2550 1288 2550 1418 2598 1418 2598 1288
2584 1288 2584 1414 2684 1414 2684 1288
2666 1304 2666 1410 2766 1410 2766 1304
2712 1268 2712 1402 2826 1402 2826 1268
2836 1282 2836 1386 2926 1386 2926 1282
2894 1270 2894 1406 2988 1406 2988 1270
2970 1278 2970 1400 3054 1400 3054 1278
3028 1282 3028 1412 3130 1412 3130 1282
3096 1280 3096 1394 3216 1394 3216 1280
3190 1282 3190 1406 3300 1406 3300 1282
1536 1424 1536 1550 1636 1550 1636 1424
1630 1434 1630 1550 1746 1550 1746 1434
1738 1410 1738 1572 1848 1572 1848 1410
1846 1420 1846 1562 1942 1562 1942 1420
1918 1420 1918 1544 1970 1544 1970 1420
1952 1428 1952 1540 2060 1540 2060 1428
2040 1422 2040 1546 2148 1546 2148 1422
2148 1420 2148 1548 2226 1548 2226 1420
2210 1430 2210 1538 2306 1538 2306 1430
2290 1424 2290 1540 2400 1540 2400 1424
2378 1418 2378 1532 2482 1532 2482 1418
2454 1404 2454 1546 2544 1546 2544 1404
2520 1420 2520 1544 2608 1544 2608 1420
2590 1412 2590 1540 2676 1540 2676 1412
2670 1422 2670 1542 2708 1542 2708 1422
2688 1426 2688 1544 2782 1544 2782 1426
2772 1424 2772 1544 2854 1544 2854 1424
2830 1414 2830 1526 2920 1526 2920 1414
2916 1412 2916 1524 3008 1524 3008 1412
2974 1422 2974 1536 3070 1536 3070 1422
3054 1422 3054 1518 3116 1518 3116 1422
3106 1414 3106 1520 3182 1520 3182 1414
3156 1416 3156 1520 3250 1520 3250 1416
3234 1408 3234 1514 3330 1514 3330 1408
1552 1560 1552 1680 1640 1680 1640 1560
1628 1562 1628 1668 1718 1668 1718 1562
1708 1554 1708 1680 1816 1680 1816 1554
1796 1562 1796 1676 1890 1676 1890 1562
1888 1568 1888 1670 1938 1670 1938 1568
1910 1564 1910 1678 2026 1678 2026 1564
2008 1562 2008 1670 2116 1670 2116 1562
2116 1558 2116 1676 2166 1676 2166 1558
2148 1544 2148 1672 2276 1672 2276 1544
2252 1546 2252 1666 2360 1666 2360 1546
2342 1550 2342 1658 2430 1658 2430 1550
2420 1550 2420 1664 2522 1664 2522 1550
2502 1552 2502 1662 2568 1662 2568 1552
2550 1556 2550 1660 2652 1660 2652 1556
2616 1540 2616 1658 2710 1658 2710 1540
2688 1548 2688 1660 2790 1660 2790 1548
2758 1546 2758 1652 2860 1652 2860 1546
2838 1550 2838 1654 2942 1654 2942 1550
2934 1546 2934 1656 3070 1656 3070 1546
3060 1540 3060 1644 3146 1644 3146 1540
3128 1532 3128 1648 3224 1648 3224 1532
3212 1540 3212 1644 3258 1644 3258 1540
3248 1536 3248 1644 3340 1644 3340 1536
1550 1682 1550 1804 1642 1804 1642 1682
1636 1674 1636 1798 1706 1798 1706 1674
1692 1674 1692 1790 1738 1790 1738 1674
1728 1688 1728 1792 1818 1792 1818 1688
1814 1682 1814 1780 1914 1780 1914 1682
1880 1684 1880 1792 1988 1792 1988 1684
1984 1676 1984 1786 2086 1786 2086 1676
2074 1666 2074 1792 2176 1792 2176 1666
2164 1684 2164 1794 2232 1794 2232 1684
2224 1684 2224 1796 2272 1796 2272 1684
2262 1690 2262 1794 2352 1794 2352 1690
2326 1684 2326 1788 2432 1788 2432 1684
2416 1680 2416 1786 2506 1786 2506 1680
2498 1678 2498 1780 2548 1780 2548 1678
2528 1682 2528 1790 2626 1790 2626 1682
2598 1678 2598 1784 2694 1784 2694 1678
2668 1662 2668 1776 2770 1776 2770 1662
2776 1650 2776 1818 2888 1818 2888 1650
2886 1672 2886 1774 2938 1774 2938 1672
2922 1672 2922 1788 3018 1788 3018 1672
2996 1664 2996 1786 3088 1786 3088 1664
3068 1656 3068 1778 3164 1778 3164 1656
3150 1670 3150 1784 3252 1784 3252 1670
3244 1668 3244 1786 3334 1786 3334 1668
1544 1812 1544 1920 1654 1920 1654 1812
1648 1804 1648 1920 1712 1920 1712 1804
1682 1790 1682 1912 1778 1912 1778 1790
1760 1802 1760 1918 1862 1918 1862 1802
1842 1794 1842 1908 1938 1908 1938 1794
1922 1800 1922 1902 2018 1902 2018 1800
2000 1808 2000 1906 2112 1906 2112 1808
2100 1798 2100 1910 2204 1910 2204 1798
2214 1796 2214 1910 2308 1910 2308 1796
2298 1798 2298 1908 2350 1908 2350 1798
2336 1816 2336 1904 2418 1904 2418 1816
2408 1810 2408 1916 2502 1916 2502 1810
2466 1782 2466 1904 2576 1904 2576 1782
2556 1804 2556 1904 2664 1904 2664 1804
2638 1798 2638 1916 2686 1916 2686 1798
2670 1798 2670 1900 2752 1900 2752 1798
2726 1778 2726 1902 2820 1902 2820 1778
2802 1800 2802 1898 2908 1898 2908 1800
2898 1776 2898 1908 2984 1908 2984 1776
2974 1792 2974 1902 3052 1902 3052 1792
3032 1790 3032 1908 3118 1908 3118 1790
3104 1800 3104 1908 3198 1908 3198 1800
3172 1802 3172 1906 3290 1906 3290 1802
1546 1920 1546 2042 1648 2042 1648 1920
1634 1924 1634 2038 1716 2038 1716 1924
1708 1934 1708 2032 1794 2032 1794 1934
1786 1912 1786 2042 1884 2042 1884 1912
1856 1920 1856 2028 1944 2028 1944 1920
1940 1922 1940 2042 1996 2042 1996 1922
1982 1912 1982 2034 2066 2034 2066 1912
2046 1924 2046 2036 2146 2036 2146 1924
2124 1920 2124 2038 2250 2038 2250 1920
2232 1910 2232 2042 2330 2042 2330 1910
2310 1922 2310 2040 2418 2040 2418 1922
2392 1926 2392 2044 2520 2044 2520 1926
2510 1922 2510 2042 2618 2042 2618 1922
2598 1922 2598 2022 2692 2022 2692 1922
2684 1926 2684 2026 2752 2026 2752 1926
2742 1912 2742 2038 2786 2038 2786 1912
2768 1918 2768 2020 2850 2020 2850 1918
2822 1902 2822 2028 2922 2028 2922 1902
2916 1900 2916 2036 2988 2036 2988 1900
2976 1908 2976 2036 3074 2036 3074 1908
3062 1916 3062 2028 3152 2028 3152 1916
3130 1910 3130 2030 3206 2030 3206 1910
3196 1912 3196 2032 3240 2032 3240 1912
3222 1908 3222 2014 3316 2014 3316 1908
1540 2054 1540 2174 1658 2174 1658 2054
1652 2048 1652 2158 1754 2158 1754 2048
1748 2050 1748 2152 1810 2152 1810 2050
1788 2050 1788 2164 1890 2164 1890 2050
1862 2046 1862 2164 1964 2164 1964 2046
1936 2060 1936 2152 2052 2152 2052 2060
2032 2052 2032 2172 2144 2172 2144 2052
2138 2046 2138 2162 2228 2162 2228 2046
2224 2036 2224 2158 2302 2158 2302 2036
2298 2036 2298 2132 2354 2132 2354 2036
2346 2050 2346 2162 2390 2162 2390 2050
2386 2030 2386 2152 2470 2152 2470 2030
2460 2048 2460 2164 2538 2164 2538 2048
2532 2054 2532 2156 2618 2156 2618 2054
2600 2060 2600 2156 2682 2156 2682 2060
2638 2038 2638 2158 2744 2158 2744 2038
2722 2054 2722 2152 2826 2152 2826 2054
2818 2048 2818 2152 2926 2152 2926 2048
2922 2050 2922 2158 3020 2158 3020 2050
3008 2048 3008 2154 3044 2154 3044 2048
3040 2046 3040 2168 3102 2168 3102 2046
3068 2046 3068 2156 3158 2156 3158 2046
3146 2040 3146 2136 3238 2136 3238 2040
1548 2194 1548 2304 1676 2304 1676 2194
1664 2180 1664 2288 1752 2288 1752 2180
1734 2170 1734 2292 1840 2292 1840 2170
1820 2178 1820 2274 1904 2274 1904 2178
1904 2174 1904 2284 1964 2284 1964 2174
1936 2176 1936 2278 2052 2278 2052 2176
2028 2178 2028 2280 2152 2280 2152 2178
2154 2180 2154 2294 2254 2294 2254 2180
2244 2180 2244 2288 2318 2288 2318 2180
2300 2168 2300 2290 2394 2290 2394 2168
2384 2174 2384 2282 2458 2282 2458 2174
2428 2164 2428 2294 2528 2294 2528 2164
2532 2170 2532 2288 2628 2288 2628 2170
2614 2176 2614 2294 2674 2294 2674 2176
2652 2166 2652 2290 2762 2290 2762 2166
2748 2184 2748 2280 2832 2280 2832 2184
2802 2166 2802 2282 2910 2282 2910 2166
2928 2172 2928 2300 3030 2300 3030 2172
2998 2186 2998 2312 3106 2312 3106 2186
3096 2174 3096 2314 3138 2314 3138 2174
3134 2178 3134 2314 3212 2314 3212 2178
3184 2172 3184 2310 3282 2310 3282 2172
3264 2166 3264 2302 3318 2302 3318 2166
3316 2170 3316 2292 3414 2292 3414 2170
1552 2312 1552 2434 1662 2434 1662 2312
1650 2300 1650 2426 1738 2426 1738 2300
1710 2304 1710 2420 1786 2420 1786 2304
1782 2308 1782 2432 1878 2432 1878 2308
1852 2282 1852 2426 1958 2426 1958 2282
1938 2312 1938 2428 2036 2428 2036 2312
2030 2322 2030 2422 2136 2422 2136 2322
2110 2310 2110 2424 2224 2424 2224 2310
2216 2312 2216 2414 2322 2414 2322 2312
2286 2316 2286 2420 2382 2420 2382 2316
2380 2308 2380 2406 2496 2406 2496 2308
2474 2306 2474 2422 2558 2422 2558 2306
2544 2298 2544 2406 2590 2406 2590 2298
2574 2294 2574 2418 2678 2418 2678 2294
2666 2304 2666 2416 2766 2416 2766 2304
2752 2310 2752 2422 2868 2422 2868 2310
2852 2308 2852 2420 2948 2420 2948 2308
2912 2292 2912 2416 3014 2416 3014 2292
2988 2302 2988 2416 3104 2416 3104 2302
1538 2434 1538 2558 1650 2558 1650 2434
1638 2436 1638 2564 1718 2564 1718 2436
1698 2440 1698 2560 1798 2560 1798 2440
1774 2442 1774 2546 1868 2546 1868 2442
1858 2438 1858 2554 1946 2554 1946 2438
1926 2438 1926 2558 2002 2558 2002 2438
1996 2458 1996 2554 2060 2554 2060 2458
2050 2442 2050 2562 2152 2562 2152 2442
2144 2444 2144 2548 2250 2548 2250 2444
2232 2458 2232 2558 2334 2558 2334 2458
2310 2444 2310 2556 2414 2556 2414 2444
2384 2434 2384 2552 2492 2552 2492 2434
2476 2442 2476 2550 2584 2550 2584 2442
2570 2442 2570 2554 2644 2554 2644 2442
2630 2434 2630 2554 2682 2554 2682 2434
2666 2440 2666 2552 2764 2552 2764 2440
2762 2438 2762 2540 2860 2540 2860 2438
2842 2440 2842 2554 2956 2554 2956 2440
2946 2442 2946 2548 3024 2548 3024 2442
3006 2430 3006 2548 3096 2548 3096 2430
3072 2438 3072 2556 3180 2556 3180 2438
1550 2558 1550 2660 1650 2660 1650 2558
1640 2566 1640 2660 1738 2660 1738 2566
1732 2564 1732 2660 1832 2660 1832 2564
1808 2538 1808 2668 1908 2668 1908 2538
1898 2558 1898 2656 2000 2656 2000 2558
2046 2550 2046 2680 2152 2680 2152 2550
2250 2550 2250 2650 2344 2650 2344 2550
2328 2550 2328 2640 2390 2640 2390 2550
2396 2546 2396 2656 2436 2656 2436 2546
2428 2554 2428 2656 2524 2656 2524 2554
2516 2556 2516 2648 2610 2648 2610 2556
2604 2558 2604 2662 2700 2662 2700 2558
2688 2548 2688 2660 2780 2660 2780 2548
2764 2556 2764 2652 2882 2652 2882 2556
2878 2546 2878 2652 2966 2652 2966 2546
2928 2536 2928 2644 3030 2644 3030 2536
3014 2542 3014 2654 3116 2654 3116 2542
1556 2673 1556 2764 1668 2764 1668 2673
1664 2671 1664 2751 1747 2751 1747 2671
1752 2660 1752 2764 1852 2764 1852 2660
1828 2668 1828 2760 1920 2760 1920 2668
1906 2660 1906 2768 1992 2768 1992 2660
1966 2668 1966 2758 2076 2758 2076 2668
2066 2664 2066 2766 2128 2766 2128 2664
2124 2668 2124 2762 2210 2762 2210 2668
2194 2664 2194 2766 2294 2766 2294 2664
2276 2642 2276 2786 2382 2786 2382 2642
2470 2654 2470 2766 2600 2766 2600 2654
2584 2644 2584 2768 2686 2768 2686 2644
2662 2646 2662 2762 2734 2762 2734 2646
2708 2648 2708 2780 2808 2780 2808 2648
2786 2656 2786 2756 2878 2756 2878 2656
2860 2658 2860 2758 2974 2758 2974 2658
2968 2652 2968 2760 3080 2760 3080 2652
3064 2650 3064 2762 3118 2762 3118 2650
3106 2660 3106 2756 3194 2756 3194 2660
3172 2656 3172 2774 3264 2774 3264 2656
1532 2772 1532 2894 1644 2894 1644 2772
1632 2778 1632 2882 1732 2882 1732 2778
1722 2770 1722 2882 1810 2882 1810 2770
1804 2770 1804 2884 1870 2884 1870 2770
1850 2782 1850 2884 1930 2884 1930 2782
1918 2774 1918 2884 2014 2884 2014 2774
1994 2760 1994 2898 2090 2898 2090 2760
2072 2760 2072 2886 2170 2886 2170 2760
2162 2770 2162 2884 2218 2884 2218 2770
2206 2764 2206 2890 2296 2890 2296 2764
2276 2772 2276 2890 2384 2890 2384 2772
2370 2772 2370 2892 2472 2892 2472 2772
2462 2768 2462 2882 2570 2882 2570 2768
2544 2778 2544 2884 2652 2884 2652 2778
2632 2778 2632 2886 2748 2886 2748 2778
2726 2766 2726 2890 2814 2890 2814 2766
2798 2764 2798 2878 2906 2878 2906 2764
2886 2764 2886 2880 2980 2880 2980 2764
2960 2784 2960 2884 3048 2884 3048 2784
3008 2768 3008 2884 3122 2884 3122 2768
2284 2906 2284 3020 2342 3020 2342 2906
2320 2908 2320 3012 2438 3012 2438 2908
2426 2906 2426 3030 2486 3030 2486 2906
2466 2912 2466 3022 2556 3022 2556 2912
2520 2884 2520 3014 2634 3014 2634 2884
2644 2902 2644 3022 2786 3022 2786 2902
2766 2900 2766 3016 2858 3016 2858 2900
2838 2896 2838 3016 2918 3016 2918 2896
2910 2900 2910 3004 2968 3004 2968 2900
2948 2902 2948 3016 3042 3016 3042 2902
3026 2910 3026 3012 3114 3012 3114 2910
# Transcript
**SIOS
*LYEYS
**EXOIOY
MELITEYS
NOS
****NEYS
NOSAGRYLHQEN
EYS
***KONOEYS
**MNOYSIOS
***NOYSIOS
**SSYBA
AGNOYSIOS
*PHLHX
****REY
*IOY
EY*AR*O*QEO****
DIONYSOGENHSEYNO***
HRAKOYSAPOLLWNIOY
PRAXASSWTHRICOY
EPENGRAFO*
EYNOMOSSTRATWNOSPAIANI
DIONYSIOS)AZHNIEYS
ZWPYROSERASEINOYGARGHT
AMFEIWNBAKCYLLIDOYGARGHT
AQHNIWNIPPOKRATOYSMELIT
ARISTWNARISTEIDOYFILADHS
HRAKLEWNDIONYSIOYMARAQW
EYTYCIDHSDHMHTRIOYBHSAIE
STRATWNCARIKLEOYSPEIRAI
MOSCIWNHRAKLEIDOYPAIANIE*
STACYSSWTATRINEMEYS
KRATEROSSWTATRINEMEYS
SWTAS)TRINENEMEYS
MHNODWROS)MARAQWNIOS
ANDROKLEIDHSSWZONTOS****
******RMIOYMELITE**
# Lines: x1 y1 x2 y2 x3 y3 x4 y4
558 358 924 354
388 502 860 500
462 756 1028 760
310 888 1074 882
272 1022 592 1016
500 1122 960 1132
504 1240 1442 1232
536 1386 844 1390
562 1618 1138 1622
304 1778 996 1768
332 1872 900 1878
330 1992 804 1998
328 2242 1076 2248
442 2392 974 2374
448 2500 692 2506
420 2648 712 2646
1514 466 2466 460
1542 592 2808 594
1528 756 2914 718
1522 872 2858 838
1712 956 2656 966
1506 1106 3250 1092
1528 1234 3012 1204
1514 1350 3300 1338
1508 1488 3342 1460
1538 1618 3342 1600
1500 1722 3340 1714
1518 1856 3304 1832
1526 1970 3318 1960
1520 2126 3212 2112
1508 2240 3436 2228
1512 2342 3108 2362
1488 2500 3190 2494
1524 2610 3116 2606
1507 2724 3315 2690
1476 2830 3337 2818
2156 2961 3276 2938