# Baseline angle
0.06182177304598868
# Boxes: x1 y1 x2 y2 x3 y3 x4 y4
1244 303 1232.1322157328566 494.72308626506106 1382 504 1393.8677842671434 312.27691373493894
519 474 508.23835740607154 647.853457810297 656 657 666.7616425939284 483.14654218970304
667 487 656.9204825889491 649.8337811514915 805 659 815.0795174110509 496.16621884850855
793 494 780.8333019918919 690.5520133549709 885 697 897.1666980081081 500.4479866450292
889 484 878.1614247715263 659.0962982426397 1022 668 1032.8385752284737 492.90370175736035
975 509 965.767924236065 658.1434305049565 1125 668 1134.232075763935 518.8565694950435
1110 516 1100.9308753660682 662.5109682987572 1335 677 1344.0691246339318 530.4890317012428
1286 509 1275.1728759666742 683.9113051195956 1422 693 1432.8271240333258 518.0886948804044
490 667 475.75988471805175 897.047900195153 685 910 699.2401152819483 679.952099804847
687 678 673.5715210489099 894.935981510568 820 904 833.4284789510901 687.064018489432
774 701 760.4341067071343 920.1558989870964 871 927 884.5658932928657 707.8441010129036
870 699 856.9133361088388 910.4139871141178 931 915 944.0866638911612 703.5860128858822
937 703 924.2427863701982 909.091745029424 1052 917 1064.7572136298018 710.908254970576
1063 717 1050.3076764760367 922.0434506655079 1195 931 1207.6923235239633 725.9565493344921
1171 718 1159.5835430120983 902.4319309032837 1298 911 1309.4164569879017 726.5680690967163
1299 741 1289.1639143548505 899.9011608406541 1420 908 1429.8360856451495 749.0988391593459
501 963 490.46211251316765 1133.2387123165822 632 1142 642.5378874868322 971.7612876834178
616 961 606.1251523707984 1120.5273575295168 743 1129 752.8748476292016 969.4726424704832
723 917 708.5575802704377 1150.3161120355974 865 1160 879.4424197295623 926.6838879644024
866 970 854.573274484068 1154.5978181355626 958 1161 969.426725515932 976.4021818644372
950 962 939.7310810672967 1127.893547276074 1103 1138 1113.2689189327032 972.1064527239259
1093 984 1083.1022499805026 1143.897343775605 1214 1152 1223.8977500194974 992.1026562243951
1197 974 1186.219863414384 1148.1522267366543 1313 1156 1323.780136585616 981.8477732633456
479 1145 469.65663801607576 1295.9412503064314 616 1305 625.3433619839243 1154.0587496935686
591 1144 581.032360142497 1305.026408404634 726 1314 735.967639857503 1152.973591595366
719 1150 709.0247260123984 1311.14973715333 852 1320 861.9752739876016 1158.85026284667
852 1168 843.0010874739363 1313.3766974263983 950 1320 958.9989125260637 1174.6233025736017
936 1165 925.7989278409295 1329.7974881852451 1026 1336 1036.2010721590705 1171.2025118147549
1005 1158 994.6571051005458 1325.088622981504 1074 1330 1084.3428948994542 1162.911377018496
1071 1183 1062.2521533699367 1324.320748366865 1154 1330 1162.7478466300633 1188.679251633135
1133 1172 1123.0634879964505 1332.5235404644677 1260 1341 1269.9365120035495 1180.4764595355323
1238 1201 1229.4245126307148 1339.536298575822 1350 1347 1358.5754873692852 1208.463701424178
# Transcript
**H
STRATWN
CARIKLHS
EYFROSY*
EYCARISTO
**
# Lines: x1 y1 x2 y2 x3 y3 x4 y4
