# Baseline angle
0.06848214698319977
# Boxes: x1 y1 x2 y2 x3 y3 x4 y4
984 250 977.0972472233046 350.6387628224236 1099 359 1105.9027527766955 258.3612371775764
1155 243 1146.7407677754927 363.41557040022246 1199 367 1207.2592322245073 246.58442959977754
844 380 836.1161106055331 494.9432553294799 939 502 946.8838893944669 387.0567446705201
979 363 971.2807419428381 475.543010869892 1080 483 1087.719258057162 370.45698913010807
1116 379 1107.7205486235616 499.71035575637154 1214 507 1222.2794513764384 386.28964424362846
807 498 798.9273222594135 615.6956971745527 920 624 928.0726777405864 506.30430282544734
963 507 954.7673733997249 627.0276733983371 1071 635 1079.2326266002751 514.9723266016629
1112 510 1102.5493993519617 647.7851399167008 1164 652 1173.4506006480383 514.2148600832992
684 616 674.3598663851092 756.5484379682412 783 764 792.6401336148908 623.4515620317588
814 644 805.5297913490003 767.4915036161121 915 775 923.4702086509997 651.5084963838879
958 646 950.0451288205551 761.9781350729991 1067 770 1074.9548711794448 654.0218649270009
1104 662 1096.4079134592123 772.6889122967315 1203 780 1210.5920865407877 669.3110877032685
1231 668 1223.3322491966178 779.7920602760541 1343 788 1350.6677508033822 676.2079397239459
1362 666 1354.2077912294183 779.606596628079 1462 787 1469.7922087705817 673.393403371921
1526 687 1518.8015065127422 791.9505178845078 1607 798 1614.1984934872578 693.0494821154922
1670 679 1661.3846345428935 804.6078189260188 1740 810 1748.6153654571065 684.3921810739812
1771 690 1762.9647820803443 807.1495512881252 1892 816 1900.0352179196557 698.8504487118748
1912 712 1904.53040249797 820.9030819593745 2008 828 2015.46959750203 719.0969180406255
2060 702 2051.162324232727 830.8489946281832 2170 839 2178.837675767273 710.1510053718168
406 759 398.9801852828961 861.3454687175094 496 868 503.0198147171039 765.6545312824906
532 758 523.9179573041808 875.8322336461595 643 884 651.0820426958192 766.1677663538405
672 766 663.1435943222614 895.122067571397 778 903 786.8564056777386 773.877932428603
799 782 790.0063132299215 913.1235588226319 934 923 942.9936867700785 791.8764411773681
975 788 967.6235723633212 895.5447108450384 1018 899 1025.3764276366787 791.4552891549616
1080 790 1071.339034074439 916.2726514758529 1184 924 1192.660965925561 797.7273485241471
1218 794 1209.268052289461 921.3075312193721 1336 930 1344.731947710539 802.6924687806279
1358 811 1349.529791349 934.4915036161121 1459 942 1467.470208651 818.5084963838879
1488 820 1480.7512235666711 925.6836186701453 1602 934 1609.2487764333289 828.3163813298547
1644 828 1636.0793954053354 943.4785450094398 1702 948 1709.9206045946646 832.5214549905602
1751 819 1742.4989829341275 942.9406752520683 1860 951 1868.5010170658725 827.0593247479317
1920 836 1912.066572280195 951.6654999086498 2019 959 2026.933427719805 843.3345000913502
2076 852 2067.3452057935215 978.1826708271141 2123 982 2131.6547942064785 855.8173291728859
399 907 390.33238266838094 1033.369625726324 487 1040 495.66761733161906 913.6303742736758
527 910 519.680986402426 1016.7076422071968 626 1024 633.319013597574 917.2923577928032
656 922 649.109325727712 1022.4626641296812 759 1030 765.890674272288 929.5373358703188
798 926 790.1488879488475 1040.465377678856 900 1048 907.8511120511525 933.5346223211442
930 934 921.9394007638208 1051.5195984818101 1031 1059 1039.060599236179 941.4804015181898
1070 944 1062.6763039248096 1050.7759104430004 1168 1058 1175.3236960751904 951.2240895569997
1219 956 1211.6622564919605 1062.9807151504106 1314 1070 1321.3377435080395 963.0192848495894
1359 958 1352.0952782948627 1058.6674688370915 1459 1066 1465.9047217051373 965.3325311629085
1492 967 1484.4808641726322 1076.6253265385444 1592 1084 1599.5191358273678 974.3746734614556
1644 976 1635.68851590098 1097.177377200528 1706 1102 1714.31148409902 980.8226227994721
1756 978 1749.017645103827 1079.799322831082 1854 1087 1860.9823548961733 985.200677168918
1899 978 1890.4073023102424 1103.277333953469 2003 1111 2011.5926976897576 985.7226660465308
390 1090 381.53521844734956 1213.4123791738411 463 1219 471.46478155265044 1095.5876208261589
499 1095 490.2567184057865 1222.472773705647 600 1230 608.7432815942135 1102.527226294353
607 1099 598.4989829341276 1222.9406752520683 716 1231 724.5010170658724 1107.0593247479317
732 1126 724.2654702022803 1238.7656653855024 786 1243 793.7345297977197 1130.2343346144976
795 1126 787.2713769876054 1238.6795473414988 894 1246 901.7286230123946 1133.3204526585012
936 1143 928.0591762534041 1258.773330365589 1048 1267 1055.940823746596 1151.226669634411
1078 1148 1069.174402737134 1276.672895935441 1176 1284 1184.825597262866 1155.327104064559
1214 1166 1205.5285670412916 1289.5093534243124 1271 1294 1279.4714329587084 1170.4906465756876
1331 1174 1322.5137749877094 1297.7250143381905 1414 1304 1422.4862250122906 1180.2749856618095
1440 1183 1432.160221832522 1297.3001351925811 1559 1306 1566.839778167478 1191.6998648074189
1598 1199 1590.6703971394845 1305.862028487004 1651 1310 1658.3296028605155 1203.137971512996
1688 1198 1681.045739969525 1299.3897134162612 1792 1307 1798.954260030475 1205.6102865837388
1834 1203 1825.3363205252645 1329.3122136969885 1952 1338 1960.6636794747355 1211.6877863030115
2008 1216 1999.4676948322792 1340.396840489757 2052 1344 2060.532305167721 1219.603159510243
236 1255 227.43539717594047 1379.8677245386484 346 1388 354.56460282405953 1263.1322754613516
366 1283 358.5385431454941 1391.784395295968 420 1396 427.4614568545059 1287.215604704032
444 1287 436.01900288329864 1403.359038473152 562 1412 569.9809971167012 1295.640961526848
598 1292 590.0010175935662 1408.621255209898 683 1415 690.9989824064338 1298.378744790102
708 1294 698.7421255549647 1428.9752860422923 772 1434 781.2578744450353 1299.0247139577077
811 1323 802.4381107251152 1447.828162317513 907 1455 915.5618892748848 1330.171837682487
922 1336 914.1676178593129 1450.192304735642 1028 1458 1035.8323821406873 1343.807695264358
1052 1326 1043.6823441818979 1447.2673578492668 1171 1456 1179.3176558181021 1334.7326421507332
1191 1348 1182.216545035681 1476.05848181321 1298 1484 1306.783454964319 1355.94151818679
1332 1348 1323.2774172446937 1475.170994747765 1452 1484 1460.7225827553063 1356.829005252235
1476 1354 1465.3104615315342 1509.8482479976813 1555 1516 1565.6895384684658 1360.1517520023187
1564 1372 1553.7521036689361 1521.4093214192228 1679 1530 1689.2478963310639 1380.5906785807772
1851 1392 1842.8938002953662 1510.1844310316444 1986 1520 1994.1061997046338 1401.8155689683556
727 1512 718.7587530652252 1632.1533536634763 804 1638 812.2412469347748 1517.8466463365237
812 1519 803.3698424893117 1644.823479839897 908 1652 916.6301575106883 1526.176520160103
915 1538 907.3564062054324 1649.4398628905692 1003 1656 1010.6435937945676 1544.5601371094308
1050 1551 1040.724619952208 1686.2305091773057 1154 1694 1163.275380047792 1558.7694908226943
1171 1544 1161.6984940149516 1679.6114125774584 1284 1688 1293.3015059850484 1552.3885874225416
1306 1567 1297.8972584652738 1685.1340126040411 1398 1692 1406.1027415347262 1573.8659873959589
1406 1566 1395.7099613703892 1716.0237355414538 1512 1724 1522.2900386296108 1573.9762644585462
1536 1586 1527.7299135787941 1706.5738192847646 1636 1714 1644.2700864212059 1593.4261807152354
1671 1582 1661.5646710925193 1719.5624854010903 1770 1727 1779.4353289074807 1589.4375145989097
1790 1594 1781.5130303669766 1717.7358705446582 1902 1726 1910.4869696330234 1602.2641294553418
1923 1600 1914.0238188326782 1730.8683356876184 2018 1738 2026.9761811673218 1607.1316643123816
2027 1614 2018.915988375739 1731.8609396608274 2123 1739 2131.0840116242607 1621.1390603391726
1475 1724 1467.9540593456397 1826.7263721176623 1574 1834 1581.0459406543603 1731.2736278823377
1608 1728 1601.4647143395782 1823.2812718103526 1714 1831 1720.5352856604218 1735.7187281896474
1758 1734 1750.5584973636683 1842.493472544554 1860 1850 1867.4415026363317 1741.506527455446
2048 1755 2041.1140082053284 1855.3943958938778 2152 1863 2158.8859917946716 1762.6056041061222
# Transcript
AI*
DOK
THI
NAPODOKIMAS
OYNAIENTWIENI
*RCONTOSKAIPA
RESIOPEIRAIAEI
DIOTIEGGEGRAM*
***RATHTOSLEYKO
*CON*O
# Lines: x1 y1 x2 y2 x3 y3 x4 y4
