# Baseline angle
6.339692819404728
# Boxes: x1 y1 x2 y2 x3 y3 x4 y4
2076 17 2066.841471391614 178.90375656398817 2263 190 2272.158528608386 28.096243436011804
2278 11 2268.764918549433 174.25705175525508 2441 184 2450.235081450567 20.742948244744866
2454 23 2445.493736410945 173.3730662729472 2598 182 2606.506263589055 31.6269337270528
2613 20 2604.002199223007 179.06242245894856 2762 188 2770.997800776993 28.93757754105144
1312 138 1301.1296868599852 330.164550404286 1475 340 1485.8703131400148 147.835449595714
1475 157 1464.5499155714986 341.7357799194999 1646 352 1656.4500844285014 167.26422008050008
1658 169 1647.3573984282873 357.13908300688786 1804 366 1814.6426015717127 177.86091699311214
1819 167 1807.9703094778652 361.9820113720791 1879 366 1890.0296905221348 171.0179886279209
1867 186 1857.812871781554 348.4093382467004 1992 356 2001.187128218446 193.59066175329963
2256 193 2245.963872585254 370.41788001997315 2380 378 2390.036127414746 200.58211998002685
2635 212 2625.2979793493137 383.5115666253624 2740 390 2749.7020206506863 218.48843337463762
2860 181 2847.125261687145 408.59862274392503 3031 419 3043.874738312855 191.401377256075
3040 217 3029.745837827983 398.27228150445 3131 404 3141.254162172017 222.72771849554994
3139 222 3128.159636919319 413.63509558432736 3223 419 3233.840363080681 227.36490441567264
3227 224 3216.2904146913784 413.3232162992464 3352 421 3362.7095853086216 231.67678370075362
3362 232 3351.495798347378 417.69245999930104 3463 424 3473.504201652622 238.30754000069896
3458 246 3448.233050276405 418.6593777273054 3578 426 3587.766949723595 253.3406222726946
3578 256 3568.194773855314 429.3360253229389 3686 436 3695.805226144686 262.6639746770611
3705 248 3695.047939868709 423.9317451202134 3820 431 3829.952060131291 255.06825487978665
3818 251 3807.258517673803 440.8870892956076 3933 448 3943.741482326197 258.1129107043924
3947 248 3935.665937361624 448.3626779747571 4053 455 4064.334062638376 254.6373220252429
1331 361 1319.013672342293 572.8933682657981 1480 582 1491.986327657707 370.1066317342019
1468 380 1455.9211709913238 593.5285999552457 1588 601 1600.0788290086762 387.4714000447544
1591 361 1577.0103822072108 608.3073754962164 1713 616 1726.9896177927892 368.69262450378346
1703 388 1691.6318779742905 588.9647771755467 1816 596 1827.3681220257095 395.0352228244533
1824 388 1811.5508424701738 608.0752387550745 1987 618 1999.4491575298262 397.92476124492555
2006 395 1994.10628139902 605.2562325623377 2131 613 2142.89371860098 402.7437674376623
2356 426 2344.751031977078 624.8583819797896 2471 632 2482.248968022922 433.14161802021044
2491 419 2478.8307243043546 634.1275094542776 2618 642 2630.1692756956454 426.8724905457223
2625 412 2612.8147757955667 627.4094459524582 2747 635 2759.1852242044333 419.59055404754173
2755 416 2742.728546142355 632.9338070566464 2903 642 2915.271453857645 425.06619294335354
2915 436 2903.472285180655 639.7860461713657 3031 647 3042.527714819345 443.2139538286343
3055 436 3042.433958542902 658.1415037323903 3146 664 3158.566041457098 441.8584962676098
3160 426 3147.7317358441123 642.8774197570103 3309 652 3321.2682641558877 435.12258024298967
3316 443 3304.1285016055654 652.8634254788979 3501 664 3512.8714983944346 454.1365745211022
1286 606 1274.658422920351 806.49551768325 1425 815 1436.341577079649 614.50448231675
1439 613 1427.5615968298664 815.2072017815543 1583 824 1594.4384031701336 621.7927982184457
1586 618 1575.2904146913786 807.3232162992463 1711 815 1721.7095853086214 625.6767837007537
1696 620 1685.274466182591 809.605152797427 1816 817 1826.725533817409 627.394847202573
1814 623 1802.5233204087758 825.8838493771877 1946 834 1957.4766795912242 631.1161506228123
1953 618 1941.2616571588983 825.5095119613626 2056 832 2067.7383428411017 624.4904880386374
2061 613 2048.526459893871 833.5062720429427 2181 841 2193.473540106129 620.4937279570573
2176 632 2165.685125788831 814.3455442115493 2301 822 2311.314874211169 639.6544557884507
2308 637 2297.2382444255 827.245478202645 2452 836 2462.7617555745 645.754521797355
2462 640 2450.2254354018073 848.1498373665805 2589 856 2600.7745645981927 647.8501626334195
2608 649 2595.9797206607177 861.4935634525748 2711 868 2723.0202793392823 655.5064365474252
2721 642 2707.856191701753 874.3552210225798 2843 882 2856.143808298247 649.6447789774202
2831 640 2818.4296338033864 862.2179561412471 2956 870 2968.5703661966136 647.7820438587529
2939 642 2925.126454213999 887.2554635860826 3009 892 3022.873545786001 646.7445364139174
3026 668 3014.0339455905964 879.5349793587608 3146 887 3157.9660544094036 675.4650206412392
3146 673 3135.12330745647 865.2773250035583 3307 875 3317.87669254353 682.7226749964417
3292 673 3279.98928976599 885.3244015536665 3398 892 3410.01071023401 679.6755984463335
3400 668 3386.924310476419 899.1510226210006 3508 906 3521.075689523581 674.8489773789994
3511 680 3498.212626378115 906.0541965305162 3621 913 3633.787373621885 686.9458034694838
3616 640 3601.4359127735775 897.4628014727571 3717 904 3731.5640872264225 646.5371985272429
3722 700 3710.988312650653 894.6637526834832 3823 901 3834.011687349347 706.3362473165168
3837 707 3825.1872666864747 915.8245809482011 3899 920 3910.8127333135253 711.1754190517989
3919 714 3907.7170802955025 913.4585771665662 3988 918 3999.2829197044975 718.5414228334338
3986 724 3974.9766888813806 918.8692367728069 4048 923 4059.0233111186194 728.1307632271931
4051 719 4041.0639960832546 894.6479046080199 4118 899 4127.936003916746 723.3520953919801
4132 712 4121.1234151622275 904.2754209895454 4240 911 4250.8765848377725 718.7245790104546
1295 827 1283.1668857324137 1036.1848738692513 1439 1045 1450.8331142675863 835.8151261307487
1456 832 1444.9117598084715 1028.01704787475 1533 1033 1544.0882401915285 836.98295212525
1552 834 1539.9052224825361 1047.8105364534263 1667 1055 1679.0947775174639 841.1894635465737
1667 851 1656.365020575318 1039.004339284382 1727 1043 1737.634979424682 854.995660715618
1739 858 1728.4575219262872 1044.3691075949346 1828 1050 1838.5424780737128 863.6308924050655
1845 853 1833.271226264171 1060.3403500624543 1951 1067 1962.728773735829 859.6596499375457
1984 858 1971.2764204132661 1082.926450537794 2114 1091 2126.723579586734 866.0735494622063
2116 872 2104.2712262641708 1079.3403500624543 2222 1086 2233.7287737358292 878.6596499375457
2210 868 2197.6031204418105 1087.151072837663 2301 1093 2313.3968795581895 873.8489271623371
2304 887 2292.93841246029 1082.5458843684403 2354 1086 2365.06158753971 890.4541156315597
2356 882 2344.2616571588983 1089.5095119613627 2459 1096 2470.7383428411017 888.4904880386374
2455 875 2442.6573453716887 1093.1924887438488 2563 1100 2575.3426546283113 881.8075112561511
2543 901 2531.9159768422287 1096.9424994799062 2639 1103 2650.0840231577713 907.0575005200939
2630 892 2618.0137800480506 1103.8914642517852 2726 1110 2737.9862199519494 898.1085357482148
2716 901 2704.158343959141 1110.335874672952 2875 1120 2886.841656040859 910.664125327048
2870 906 2858.4371984613217 1110.406306467363 2975 1117 2986.5628015386783 912.593693532637
2987 911 2975.190348682474 1119.7700976625779 3103 1127 3114.809651317526 918.2299023374221
3122 913 3110.1329340508382 1122.785069056028 3220 1129 3231.8670659491618 919.2149309439719
3211 899 3198.0169195331464 1128.5138869175403 3295 1134 3307.9830804668536 904.4861130824597
3307 916 3294.7881231437486 1131.8806094587678 3456 1141 3468.2118768562514 925.1193905412321
1267 1048 1254.284962186539 1272.7754497340932 1382 1280 1394.715037813461 1055.2245502659068
1399 1065 1387.0584358726567 1276.1020420568796 1509 1283 1520.9415641273433 1071.8979579431204
1504 1062 1491.1998675710847 1288.2797457290606 1610 1295 1622.8001324289153 1068.7202542709394
1612 1074 1599.632962795386 1292.6235220317174 1677 1297 1689.367037204614 1078.3764779682826
1682 1081 1669.8307243043546 1296.1275094542775 1809 1304 1821.1692756956454 1088.8724905457225
1819 1077 1807.6159294655029 1278.2467136737273 1927 1285 1938.3840705344971 1083.7532863262727
1934 1081 1922.3605379133826 1286.761505672643 2068 1295 2079.639462086617 1089.238494327357
2056 1115 2045.253165602288 1304.9817027996721 2187 1313 2197.746834397712 1123.0182972003279
2194 1119 2182.978851251138 1313.8310105683786 2239 1317 2250.021148748862 1122.1689894316214
2253 1115 2242.380861378348 1302.7243068002144 2371 1310 2381.619138621652 1122.2756931997856
2373 1129 2362.9086203233765 1307.394625208995 2462 1313 2472.0913796766235 1134.605374791005
2447 1133 2436.1692060245914 1324.4659336854188 2534 1330 2544.8307939754086 1138.5340663145812
2549 1136 2537.9510635615616 1331.3222391839088 2656 1338 2667.0489364384384 1142.6777608160912
2651 1153 2640.3713999788333 1340.8915646851096 2713 1345 2723.6286000211667 1157.1084353148904
2715 1155 2704.6681499480437 1337.6456418049377 2817 1344 2827.3318500519563 1161.3543581950623
2794 1147 2783.7203202139226 1328.723379901539 2877 1334 2887.2796797860774 1152.276620098461
2877 1147 2866.674529351559 1329.5328672056655 2981 1336 2991.325470648441 1153.4671327943345
2982 1141 2970.72129732926 1340.3840287717223 3070 1346 3081.27870267074 1146.6159712282777
3077 1143 3064.876515166718 1357.3180221501514 3183 1364 3195.123484833282 1149.6819778498486
3188 1161 3176.4605537056245 1364.9934342747024 3318 1373 3329.5394462943755 1169.0065657252976
3320 1174 3308.853210139078 1371.052084377421 3414 1377 3425.146789860922 1179.947915622579
3421 1171 3409.8276925250175 1368.50318277451 3507 1374 3518.1723074749825 1176.49681722549
3473 1172 3462.302146166409 1361.1158281959094 3584 1368 3594.697853833591 1178.8841718040906
3568 1177 3557.7064263691345 1358.9689942093041 3682 1366 3692.2935736308655 1184.0310057906959
3683 1176 3673.070267781012 1351.5370340227605 3805 1359 3814.929732218988 1183.4629659772395
3800 1193 3789.1957509706517 1383.9966741931223 3913 1391 3923.8042490293483 1200.0033258068777
3923 1200 3912.6778267590744 1382.4745758920164 3975 1386 3985.3221732409256 1203.5254241079836
3980 1200 3969.521315961438 1385.241361602212 4089 1392 4099.478684038561 1206.758638397788
1226 1300 1214.7178922159867 1499.4442240993844 1419 1511 1430.2821077840133 1311.5557759006156
1430 1309 1419.5926244378625 1492.9807759009966 1526 1499 1536.4073755621375 1315.0192240990034
1537 1304 1525.8042295749567 1501.9179589811831 1651 1509 1662.1957704250433 1311.0820410188169
1671 1309 1659.973391473865 1503.927528086456 1785 1511 1796.026608526135 1316.072471913544
1768 1320 1757.0265890717435 1513.9871050878496 1881 1521 1891.9734109282565 1327.0128949121504
1891 1313 1879.623443906776 1514.1138739652345 1966 1519 1977.376556093224 1317.8861260347655
1946 1325 1934.7105931862297 1524.5732557798515 2066 1532 2077.2894068137707 1332.4267442201485
2043 1341 2033.1788253465265 1514.6179618211195 2146 1521 2155.821174653474 1347.3820381788805
2151 1342 2140.554240311014 1526.6593275106432 2288 1535 2298.445759688986 1350.3406724893568
2295 1352 2283.450984600352 1556.1625961736108 2422 1564 2433.549015399648 1359.8374038263892
2404 1352 2394.3298763668895 1522.9476936290012 2519 1530 2528.6701236331105 1359.0523063709988
2516 1367 2505.379834046348 1554.742467895422 2616 1561 2626.620165953652 1373.257532104578
2608 1376 2597.86499183077 1555.1658863086927 2701 1561 2711.13500816923 1381.8341136913073
2699 1363 2687.9989090879253 1557.476429689367 2821 1565 2832.0010909120747 1370.523570310633
2823 1372 2811.914949510229 1567.960660575114 2901 1573 2912.085050489771 1377.039339424886
2913 1337 2899.489160588118 1575.8435685087595 3026 1583 3039.510839411882 1344.1564314912405
3037 1384 3027.1277901184058 1558.5201586152975 3124 1564 3133.8722098815942 1389.4798413847025
3122 1385 3111.2000757101673 1575.9202217842656 3201 1581 3211.7999242898327 1390.0797782157344
3199 1377 3187.6553409243515 1577.550000968873 3284 1583 3295.3446590756485 1382.449999031127
3275 1384 3263.922356245744 1579.8297248806339 3373 1586 3384.077643754256 1390.1702751193661
3361 1379 3350.1915339368948 1570.071222587966 3455 1576 3465.8084660631052 1384.928777412034
3469 1394 3458.3629659113185 1582.0406614747974 3493 1584 3503.6370340886815 1395.9593385252026
3506 1394 3494.8904592281683 1590.393597876995 3594 1596 3605.1095407718317 1399.606402123005
3612 1404 3600.9340877207746 1599.622336777297 3696 1605 3707.0659122792254 1409.377663222703
3708 1399 3696.488233689443 1602.5041096731852 3829 1610 3840.511766310557 1406.4958903268148
3822 1412 3810.85104776932 1609.0903105818493 3933 1616 3944.14895223068 1418.9096894181507
3949 1420 3938.3637778318025 1608.0263084076155 4097 1617 4107.6362221681975 1428.9736915923845
1209 1498 1196.8083963920517 1713.5222205517305 1329 1721 1341.1916036079483 1505.4777794482695
1346 1516 1334.572300972897 1718.0179747734253 1458 1725 1469.427699027103 1522.9820252265747
1461 1518 1449.643609449321 1718.75738907221 1560 1725 1571.356390550679 1524.24261092779
1569 1515 1557.34994147611 1720.948828666759 1682 1728 1693.65005852389 1522.051171333241
1652 1527 1640.0658426081718 1737.9711063623995 1782 1746 1793.9341573918282 1535.0288936376005
1796 1539 1784.114930878051 1749.103327744624 1853 1753 1864.885069121949 1542.896672255376
1854 1543 1842.6254985707753 1744.077551774819 1965 1751 1976.3745014292247 1549.922448225181
1975 1548 1964.2904146913786 1737.3232162992463 2100 1745 2110.7095853086216 1555.6767837007537
2116 1554 2104.8701859798657 1750.7519867840324 2233 1758 2244.1298140201343 1561.2480132159676
2214 1572 2203.733079020953 1753.4978307029944 2301 1759 2311.266920979047 1577.5021692970056
2313 1565 2301.6585306261086 1765.493613669237 2399 1771 2410.3414693738914 1570.506386330763
2414 1569 2402.240464284353 1776.8841579495947 2475 1781 2486.759535715647 1573.1158420504053
2483 1563 2471.229760141323 1771.0733849577239 2576 1777 2587.770239858677 1568.9266150422761
2583 1569 2571.6532862603513 1769.5863231592887 2632 1773 2643.3467137396487 1572.4136768407113
2646 1576 2634.830774521017 1773.4486994888866 2786 1782 2797.169225478983 1584.5513005111134
2799 1589 2788.902240919861 1767.5073998082673 2886 1773 2896.097759080139 1594.4926001917327
2886 1586 2874.7744949271387 1784.4436057731161 2973 1790 2984.2255050728613 1591.5563942268839
2982 1573 2969.1604561122363 1799.9764584339148 3111 1808 3123.8395438877637 1581.0235415660852
3129 1601 3117.5191033750184 1803.9583977720315 3242 1811 3253.4808966249816 1608.0416022279685
3255 1613 3244.347937028773 1801.3063408917833 3345 1807 3355.652062971227 1618.6936591082167
1193 1749 1181.8052569069564 1946.8997978859754 1325 1955 1336.1947430930436 1757.1002021140246
1315 1760 1304.166016322834 1951.522320985055 1401 1957 1411.833983677166 1765.477679014945
1409 1746 1397.4053014437463 1950.9701794637244 1504 1957 1515.5946985562537 1752.0298205362756
1519 1749 1507.1807795772015 1957.939259561486 1632 1965 1643.8192204227985 1756.060740438514
1652 1761 1640.2616571588983 1968.5095119613627 1755 1975 1766.7383428411017 1767.4904880386373
1755 1781 1744.7480001977406 1962.2340553000217 1829 1967 1839.2519998022594 1785.7659446999783
1824 1769 1812.421249952534 1973.6882429655436 1924 1980 1935.578750047466 1775.3117570344564
1932 1791 1920.9564156330773 1986.227625679844 2023 1992 2034.0435843669227 1796.772374320156
2037 1768 2023.861543773268 2000.2606075185154 2143 2007 2156.138456226732 1774.7393924814846
2150 1771 2136.9275001781766 2002.0946353213646 2259 2009 2272.0724998218234 1777.9053646786354
2271 1805 2259.2021878632627 2013.5608055452283 2320 2017 2331.7978121367373 1808.4391944547717
2329 1813 2317.4360634235636 2017.4263715765837 2469 2026 2480.5639365764364 1821.5736284234163
2477 1816 2465.3383177068376 2022.1543127560828 2551 2027 2562.6616822931624 1820.8456872439172
2558 1822 2546.8191507517445 2019.6541835782102 2659 2026 2670.1808492482555 1828.3458164217898
2669 1816 2657.574463342655 2017.979748568997 2764 2024 2775.425536657345 1822.020251431003
2759 1806 2747.34994147611 2011.948828666759 2872 2019 2883.65005852389 1813.051171333241
2862 1784 2848.5838243088447 2021.1701106148837 2987 2029 3000.4161756911553 1791.8298893851163
1219 1967 1206.1679705535093 2193.843618725422 1315 2200 1327.8320294464907 1973.156381274578
1319 1967 1306.8159108333246 2182.3893808432376 1406 2188 1418.1840891666754 1972.6106191567624
1418 1965 1405.6999465322947 2182.439388739359 1504 2188 1516.3000534677053 1970.5606112606413
1507 1955 1493.34654363527 2196.3647399111906 1646 2205 1659.65345636473 1963.63526008881
1660 1993 1647.919116327324 2206.564922145661 1744 2212 1756.080883672676 1998.435077854339
1751 2022 1740.6564184730137 2204.8530299082745 1867 2212 1877.3435815269863 2029.1469700917257
1883 2003 1871.1381784165956 2212.6923595659764 2018 2221 2029.8618215834044 2011.3076404340236
2018 2008 2005.3797336130235 2231.1000878262043 2092 2236 2104.6202663869763 2012.8999121737957
2097 2017 2085.201052825505 2225.5808706544485 2181 2231 2192.798947174495 2022.419129345551
2553 2052 2542.1903988991367 2243.091287697187 2682 2251 2692.8096011008633 2059.908712302813
2695 2050 2683.681885870412 2250.0807414765763 2806 2257 2817.318114129588 2056.9192585234237
2815 2057 2805.261865297981 2229.1499880165675 2891 2234 2900.738134702019 2061.8500119834325
2906 2067 2895.575540891317 2251.282777508398 3032 2259 3042.424459108683 2074.717222491602
3039 2065 3027.444712902595 2269.27346675887 3111 2274 3122.555287097405 2069.72653324113
3113 2083 3102.9426797107094 2260.7925260082056 3195 2266 3205.0573202892906 2088.2074739917944
3192 2057 3179.639342198901 2275.510747432445 3259 2280 3271.360657801099 2061.489252567555
3275 2055 3262.4509343836894 2276.8414061390017 3389 2284 3401.5490656163106 2062.1585938609983
3366 2085 3354.791470767926 2283.143508179728 3476 2290 3487.208529232074 2091.856491820272
3466 2078 3454.0733570494444 2288.8382666539064 3563 2295 3574.9266429505556 2084.1617333460936
3566 2083 3554.0339455905964 2294.5349793587607 3686 2302 3697.9660544094036 2090.4650206412393
3706 2082 3693.5468408479323 2302.1459791218927 3744 2305 3756.4531591520677 2084.8540208781073
3741 2090 3728.6732938804766 2307.9105522456684 3854 2315 3866.3267061195234 2097.0894477543316
3846 2088 3833.681835653749 2305.7595514419677 3944 2312 3956.318164346251 2094.2404485580323
3943 2093 3929.5200302736935 2331.2978566076063 4048 2338 4061.4799697263065 2099.7021433923937
1195 2214 1182.2285748869028 2439.7722600323355 1310 2447 1322.7714251130972 2221.2277399676645
1297 2219 1283.7849909310867 2452.613902709782 1379 2458 1392.2150090689133 2224.386097290218
1379 2233 1367.3808111616856 2438.4031167656053 1484 2445 1495.6191888383144 2239.5968832343947
1501 2233 1489.4563366718671 2437.0679826695464 1612 2444 1623.5436633281329 2239.9320173304536
1627 2233 1615.134069088596 2442.765003946807 1690 2447 1701.865930911404 2237.234996053193
1701 2243 1689.9861502808951 2437.7019788879115 1819 2445 1830.0138497191049 2250.2980211120885
2358 2255 2346.2807953694437 2462.1711881635456 2467 2469 2478.7192046305563 2261.8288118364544
2476 2277 2465.5756485970746 2461.280873494385 2549 2466 2559.4243514029254 2281.719126505615
2527 2285 2517.1202756771327 2459.65299832379 2647 2467 2656.8797243228673 2292.34700167621
2634 2287 2623.5339670627104 2472.0177164176807 2800 2482 2810.4660329372896 2296.9822835823193
2777 2298 2767.289437576041 2469.662567429063 2897 2477 2906.710562423959 2305.337432570937
2882 2295 2870.237166876838 2502.942449263244 2995 2510 3006.762833123162 2302.057550736756
3002 2295 2990.7659531538657 2493.5946065768167 3104 2500 3115.2340468461343 2301.4053934231833
3102 2304 3089.1584014482364 2531.01278062433 3195 2537 3207.8415985517636 2309.98721937567
3200 2307 3188.9159768422287 2502.942499479906 3296 2509 3307.0840231577713 2313.057500520094
3287 2325 3276.3627504998026 2513.0444695028236 3417 2521 3427.6372495001974 2332.9555304971764
3425 2330 3414.0851387411376 2522.952068585179 3521 2529 3531.9148612588624 2336.047931414821
3526 2332 3514.267116936171 2539.4129944432852 3560 2542 3571.732883063829 2334.5870055567148
3578 2330 3566.2329498430804 2538.016997658088 3672 2544 3683.7670501569196 2335.983002341912
3683 2330 3670.637179829144 2548.548973636873 3767 2554 3779.362820170856 2335.451026363127
3759 2332 3747.9467388220464 2527.3986915927653 3900 2536 3911.0532611779536 2340.6013084072347
3892 2350 3881.6478766997407 2533.004030711975 4023 2541 4033.3521233002593 2357.995969288025
4033 2357 4022.430761568711 2543.8421751152573 4202 2554 4212.569238431289 2367.1578248847427
1137 2456 1125.8668885723498 2652.8102780976815 1306 2663 1317.1331114276502 2466.1897219023185
1306 2464 1294.3809188674436 2669.4012127515925 1358 2673 1369.6190811325564 2467.5987872484075
1363 2469 1350.7882308495064 2684.878705444755 1459 2691 1471.2117691504936 2475.121294555245
1455 2467 1444.8808326338003 2645.8858538245254 1606 2655 1616.1191673661997 2476.1141461754746
1598 2463 1585.2998833633267 2687.51167433112 1700 2694 1712.7001166366733 2469.48832566888
1715 2464 1702.647776266416 2682.3616506427575 1820 2689 1832.352223733584 2470.6383493572425
1820 2479 1808.8043372807144 2676.91605496717 1881 2681 1892.1956627192856 2483.08394503283
1889 2482 1877.7255143630175 2681.3094803768786 1996 2688 2007.2744856369825 2488.6905196231214
1997 2490 1985.1744001736865 2699.0520341607585 2108 2706 2119.8255998263135 2496.9479658392415
2112 2489 2101.3063632001663 2678.0412798010657 2242 2686 2252.6936367998337 2496.9587201989343
2229 2489 2217.3776214599284 2694.4595040652416 2333 2701 2344.6223785400716 2495.5404959347584
2323 2489 2309.868950508783 2721.1296718240355 2449 2729 2462.131049491217 2496.8703281759645
2466 2512 2455.3904304836205 2699.555144901306 2587 2707 2597.6095695163795 2519.444855098694
2600 2504 2587.4679102244772 2725.541308545614 2737 2734 2749.5320897755228 2512.458691454386
2704 2551 2694.089405991557 2726.198710224944 2832 2734 2841.910594008443 2558.801289775056
2806 2556 2796.466113916222 2724.539296825843 2893 2730 2902.533886083778 2561.460703174157
2898 2525 2885.936092168112 2738.264824552273 3005 2745 3017.063907831888 2531.735175447727
3021 2529 3008.832886674112 2744.0892832498494 3131 2751 3143.167113325888 2535.9107167501506
3151 2545 3139.879755085138 2741.582824885124 3271 2749 3282.120244914862 2552.417175114876
3287 2487 3272.364604297153 2745.7233871739722 3401 2753 3415.635395702847 2494.2766128260278
3421 2533 3409.010590346293 2744.9478515514215 3516 2751 3527.989409653707 2539.0521484485785
3529 2533 3516.7191924485983 2750.099160927529 3568 2753 3580.2808075514017 2535.900839072471
3585 2533 3571.8370534912074 2765.6935448203967 3701 2773 3714.1629465087926 2540.3064551796033
3693 2533 3680.7670379749616 2749.253351432987 3747 2753 3759.2329620250384 2536.746648567013
3761 2531 3747.849812298238 2763.467995621852 3881 2771 3894.150187701762 2538.532004378148
3862 2546 3848.889223757086 2777.771282916998 3959 2784 3972.110776242914 2552.228717083002
3953 2567 3941.279660331686 2774.1912532727665 4097 2783 4108.720339668314 2575.8087467272335
1101 2673 1089.5434859513211 2875.527364484163 1257 2885 1268.4565140486789 2682.472635515837
1249 2686 1238.1690983188334 2877.4678376994316 1389 2886 1399.8309016811666 2694.5321623005684
1398 2699 1386.6785884628962 2899.1390327902254 1561 2909 1572.3214115371038 2708.8609672097746
1568 2702 1557.5329397307107 2887.0358775128884 1716 2896 1726.4670602692893 2710.9641224871116
1706 2707 1695.4767678425903 2893.028879783105 1748 2896 1758.5232321574097 2709.971120216895
1758 2701 1746.5382415855638 2903.620073974215 1877 2911 1888.4617584144362 2708.379926025785
1877 2699 1864.7073532678098 2916.3084530448787 1983 2923 1995.2926467321902 2705.6915469551213
1982 2712 1969.9297127645966 2925.377599151545 2087 2932 2099.070287235403 2718.622400848455
2069 2714 2057.6957797151995 2913.8351271688116 2149 2919 2160.3042202848005 2719.1648728311884
2141 2727 2129.7839563266534 2925.2763478882207 2284 2934 2295.2160436733466 2735.7236521117793
2291 2722 2278.4541240854473 2943.785018839366 2406 2951 2418.5458759145527 2729.214981160634
2396 2747 2384.522400782534 2949.9001064583827 2457 2954 2468.477599217466 2751.0998935416173
2463 2747 2452.3968098871355 2934.4423703020334 2586 2942 2596.6031901128645 2754.5576296979666
2572 2725 2559.675348544476 2942.8742300552526 2721 2952 2733.324651455524 2734.1257699447474
1114 2903 1101.7094079318094 3120.2721308544633 1256 3129 1268.2905920681906 2911.7278691455367
1274 2904 1263.1616915833185 3095.598773393912 1394 3103 1404.8383084166815 2911.401226606088
1403 2907 1391.9276006115015 3102.737015390582 1538 3111 1549.0723993884985 2915.262984609418
1543 2899 1531.1307716810807 3108.8232952604562 1658 3116 1669.8692283189193 2906.1767047395438
1670 2903 1657.3243736453871 3127.078737029239 1762 3133 1774.6756263546129 2908.921262970761
1771 2903 1758.19040617157 3129.447003613956 1821 3133 1833.80959382843 2906.552996386044
1829 2899 1816.3594603647205 3122.4584767332417 1932 3129 1944.6405396352795 2905.5415232667583
1942 2914 1929.6935671287797 3131.552163338631 2026 3137 2038.3064328712203 2919.447836661369
2028 2906 2014.1486744205436 3150.8626565026425 2158 3159 2171.8513255794564 2914.1373434973575
2169 2935 2156.82023557284 3150.312928434381 2222 3154 2234.17976442716 2938.687071565619
2228 2942 2216.5404039553214 3144.5818477697867 2330 3151 2341.4595960446786 2948.4181522302133
2315 2949 2303.7883887719267 3147.1979914653507 2371 3151 2382.2116112280733 2952.8020085346493
2378 2962 2367.744702790225 3143.2923466136704 2504 3151 2514.255297209775 2969.7076533863296
2511 2960 2500.1712606885912 3151.4296114950034 2634 3159 2644.8287393114088 2967.5703885049966
2649 2955 2636.3148045401144 3179.2478989281476 2738 3185 2750.6851954598856 2960.7521010718524
2739 2953 2726.3583253269626 3176.478541842462 2877 3185 2889.6416746730374 2961.521458157538
1099 3113 1087.0444343221109 3324.3495603786573 1293 3336 1304.9555656778891 3124.6504396213427
1288 3116 1276.5233204087758 3318.8838493771877 1420 3327 1431.4766795912242 3124.1161506228123
1431 3120 1418.9945341317477 3332.2316920636144 1574 3341 1586.0054658682523 3128.7683079363856
1582 3118 1568.789207964844 3351.5393543149385 1683 3358 1696.210792035156 3124.4606456850615
1679 3144 1667.249925683868 3351.716900064699 1796 3359 1807.750074316132 3151.283099935301
1788 3170 1777.8457459144672 3349.5061141205224 1928 3358 1938.1542540855328 3178.4938858794776
1928 3152 1915.8159108333246 3367.3893808432376 2015 3373 2027.1840891666754 3157.6106191567624
2005 3169 1993.5329972198062 3371.7127834642665 2087 3377 2098.4670027801935 3174.2872165357335
2092 3166 2079.100879110843 3394.0296560317934 2220 3402 2232.899120889157 3173.9703439682066
2192 3172 2180.043514695869 3383.3658174598527 2315 3391 2326.956485304131 3179.6341825401473
2330 3154 2316.19127558115 3398.1095564981524 2438 3405 2451.80872441885 3160.8904435018476
2389 3192 2377.7808743306537 3390.3308311738438 2478 3396 2489.2191256693463 3197.6691688261562
2480 3195 2468.380811161686 3400.4031167656053 2585 3407 2596.619188838314 3201.5968832343947
2568 3195 2557.0052884914403 3389.3636550900947 2692 3397 2702.9947115085597 3202.6363449099053
2693 3198 2681.1106061385353 3408.179780153481 2784 3414 2795.8893938614647 3203.820219846519
2780 3210 2767.8456454811426 3424.863734051305 2894 3432 2906.1543545188574 3217.136265948695
2839 3235 2828.876615600043 3413.960402219369 2971 3422 2981.123384399957 3243.039597780631
2969 3238 2957.2244080698074 3446.167998461788 3078 3453 3089.7755919301926 3244.832001538212
3051 3182 3036.2059311297594 3443.5283990885964 3239 3455 3253.7940688702406 3193.4716009114036
1113 3343 1100.8988430790212 3556.9233110526984 1226 3564 1238.1011569209788 3350.0766889473016
1206 3369 1195.7126980668916 3550.858123624045 1375 3561 1385.2873019331084 3379.141876375955
1374 3336 1359.4986794767285 3592.3532165752426 1477 3599 1491.5013205232715 3342.6467834247574
1492 3359 1478.323296096725 3600.7757080898377 1553 3605 1566.676703903275 3363.2242919101623
1571 3390 1561.2415920496776 3562.508376923605 1676 3569 1685.7584079503224 3396.491623076395
1668 3367 1655.6179339128403 3585.8892014487033 1799 3594 1811.3820660871597 3375.1107985512967
1806 3382 1795.0213447059862 3576.0798145779013 1882 3581 1892.9786552940138 3386.9201854220987
1877 3387 1866.0754619301067 3580.1231344981 2023 3589 2033.9245380698933 3395.8768655019
2000 3405 1990.6671728327062 3569.9849929347542 2097 3576 2106.332827167294 3411.0150070652458
2116 3426 2106.5436940904033 3593.167840539368 2245 3601 2254.4563059095967 3433.832159460632
2246 3426 2235.1425533727734 3617.9370971917288 2360 3625 2370.8574466272266 3433.0629028082712
2348 3430 2337.767030702528 3610.8976355162176 2481 3619 2491.232969297472 3438.1023644837824
2473 3416 2461.212676594777 3624.375386565125 2596 3632 2607.787323405223 3423.624613434875
2588 3384 2573.4252086305464 3641.6520284808857 2721 3650 2735.5747913694536 3392.3479715191143
2728 3431 2716.22224570005 3639.2062246662167 2854 3647 2865.77775429995 3438.7937753337833
2854 3451 2843.218998509197 3641.5857060144745 3045 3653 3055.781001490803 3462.4142939855255
3045 3454 3033.694644677442 3653.855192278032 3160 3661 3171.305355322558 3461.144807721968
3158 3459 3144.674270995814 3694.571201115852 3276 3702 3289.325729004186 3466.428798884148
3249 3484 3239.4436782981616 3652.9359119373084 3382 3661 3391.5563217018384 3492.0640880626916
3387 3461 3375.422384990292 3665.668177856323 3452 3670 3463.577615009708 3465.331822143677
3452 3466 3439.3572979949627 3689.49670293767 3572 3697 3584.6427020050373 3473.50329706233
3562 3461 3549.285989518539 3685.7572886388853 3695 3694 3707.714010481461 3469.2427113611147
3680 3474 3669.6445792922254 3657.062322025624 3863 3668 3873.3554207077746 3484.937677974376
3853 3469 3841.2914995124743 3675.9819611554167 3930 3681 3941.7085004875257 3474.0180388445833
3920 3490 3909.612789980408 3673.6242910079723 4040 3681 4050.387210019592 3497.3757089920277
4022 3490 4010.059463204657 3701.0838809616716 4150 3709 4161.940536795344 3497.9161190383284
4127 3517 4117.105462206103 3691.9148697127503 4207 3697 4216.894537793897 3522.0851302872497
4209 3481 4196.378598575266 3704.120152935425 4318 3711 4330.621401424734 3487.879847064575
4324 3476 4311.080713568297 3704.3861409248175 4428 3711 4440.919286431703 3482.6138590751825
1054 3578 1043.437248677984 3764.727496501972 1172 3772 1182.562751322016 3585.272503498028
1191 3594 1180.0180472984707 3788.1381058915504 1319 3796 1329.9819527015293 3601.8618941084496
1327 3594 1315.5095342697457 3797.12755967094 1437 3804 1448.4904657302543 3600.87244032906
1450 3601 1438.6276609405331 3802.0393255703902 1544 3808 1555.3723390594669 3606.9606744296098
1539 3633 1529.5883499150093 3799.3784183444627 1682 3808 1691.4116500849907 3641.6215816555373
1680 3579 1665.014549024306 3843.911637066764 1808 3852 1822.985450975694 3587.088362933236
1815 3619 1803.8245028232595 3816.5595700741455 1900 3822 1911.1754971767405 3624.4404299258545
1899 3648 1888.8213633381642 3827.9371474083905 1996 3834 2006.1786366618358 3654.0628525916095
1991 3640 1979.5179683372605 3842.978462881252 2139 3852 2150.4820316627392 3649.021537118748
2149 3642 2136.7584962016886 3858.404352236688 2218 3863 2230.2415037983114 3646.595647763312
2230 3635 2217.493535544296 3856.0883061345116 2322 3862 2334.506464455704 3640.9116938654884
2338 3640 2326.1307716810807 3849.8232952604562 2453 3857 2464.8692283189193 3647.1767047395438
2468 3668 2456.8329368907744 3865.410473284458 2591 3873 2602.1670631092256 3675.589526715542
2601 3673 2589.8638065763503 3869.864761383305 2716 3877 2727.1361934236497 3680.135238616695
2718 3679 2706.431846389806 3883.5009199714277 2839 3891 2850.568153610194 3686.4990800285723
2838 3683 2826.2212183680504 3891.224385761425 2946 3898 2957.7787816319496 3689.775614238575
2936 3686 2925.09778984241 3878.728423400647 3089 3888 3099.90221015759 3695.271576599353
3099 3651 3082.6666059045547 3939.740470720518 3211 3947 3227.3333940954453 3658.259529279482
3211 3701 3198.9041951505365 3914.828697548634 3308 3921 3320.0958048494635 3707.171302451366
3311 3716 3297.7849909310867 3949.613902709782 3393 3955 3406.2150090689133 3721.386097290218
3403 3717 3392.059513421319 3910.4050709962808 3544 3919 3554.940486578681 3725.5949290037192
3553 3709 3541.4222772845337 3913.6700818703357 3671 3921 3682.5777227154663 3716.3299181296643
3681 3717 3668.3583253269626 3940.478541842462 3819 3949 3831.6416746730374 3725.521458157538
3794 3730 3783.1637462473186 3921.5624512034965 3950 3931 3960.8362537526814 3739.4375487965035
4188 3699 4175.912629218052 3912.6796007589464 4323 3921 4335.087370781948 3707.3203992410536
4318 3704 4307.321392082712 3892.77560038408 4382 3897 4392.678607917288 3708.22439961592
4395 3714 4385.76399892319 3877.2733088364503 4487 3883 4496.23600107681 3719.7266911635497
4486 3714 4474.847858067562 3911.146697881485 4596 3918 4607.152141932438 3720.853302118515
1271 3793 1257.0550380318168 4039.5179533013106 1407 4048 1420.9449619681832 3801.4820466986894
1422 3833 1410.2286251035648 4041.0934500669446 1550 4049 1561.7713748964352 3840.9065499330554
1540 3860 1530.0552388984659 4035.8027134397466 1728 4047 1737.9447611015341 3871.1972865602534
1710 3856 1698.837153924532 4053.3359248896145 1852 4062 1863.162846075468 3864.6640751103855
1834 3863 1821.5573295794468 4082.9605601417893 1946 4090 1958.4426704205532 3870.0394398582107
1961 3893 1949.437198461322 4097.406306467363 2066 4104 2077.5628015386783 3899.5936935326367
2036 3853 2022.317836319452 4094.8722256079154 2166 4103 2179.682163680548 3861.1277743920846
2153 3916 2142.527587659196 4101.130491016953 2317 4111 2327.472412340804 3925.869508983047
2304 3919 2293.937219933436 4096.889043526283 2455 4106 2465.062780066564 3928.110956473717
2451 3906 2439.729731396775 4105.234931982035 2577 4113 2588.270268603225 3913.7650680179654
2597 3916 2585.325558899807 4122.379861954628 2667 4127 2678.674441100193 3920.620138045373
2658 3916 2646.529699812291 4118.771074777916 2792 4127 2803.470300187709 3924.2289252220844
2800 3930 2788.184996610959 4138.864711166642 2932 4147 2943.815003389041 3938.1352888333577
988 4054 976.7849836586533 4252.258186793013 1149 4262 1160.2150163413469 4063.741813206987
1138 4068 1127.9617102154969 4245.456106224401 1279 4254 1289.0382897845031 4076.5438937755985
1246 4075 1234.8478580675624 4272.146697881485 1356 4279 1367.1521419324376 4081.853302118515
1711 4093 1698.4456900179323 4314.934115629054 1788 4320 1800.5543099820677 4098.065884370947
1785 4113 1771.9690740067829 4343.359696412082 1854 4348 1867.0309259932171 4117.640303587918
1864 4124 1853.194723638652 4315.01483528833 1959 4321 1969.805276361348 4129.98516471167
1959 4116 1946.5796574917497 4335.565849044337 2078 4343 2090.4203425082505 4123.434150955663
2074 4134 2061.9903170979906 4346.306240458458 2198 4354 2210.0096829020094 4141.693759541542
2193 4141 2181.255170049625 4348.624190574647 2347 4358 2358.744829950375 4150.375809425353
2332 4172 2320.7190272537446 4371.424158990164 2490 4381 2501.2809727462554 4181.575841009836
2475 4178 2463.322261492292 4384.438153268276 2597 4392 2608.677738507708 4185.561846731724
2600 4180 2588.2818227014436 4387.153027068338 2727 4395 2738.7181772985564 4187.846972931662
2709 4178 2698.566999118044 4362.433778312098 2850 4371 2860.433000881956 4186.566221687902
2861 4165 2848.468017930235 4386.539404531601 2945 4392 2957.531982069765 4170.460595468399
3573 4231 3559.4561285327845 4470.427506614342 3711 4479 3724.5438714672155 4239.572493385658
3707 4272 3696.6542561032556 4454.891256112704 3840 4463 3850.3457438967444 4280.108743887296
3805 4224 3791.349733337028 4465.308352611554 3945 4474 3958.650266662972 4232.691647388446
4160 4285 4147.702001196295 4502.403066548943 4282 4510 4294.297998803705 4292.596933451057
4449 4272 4433.663466419459 4543.118048054763 4573 4551 4588.336533580541 4279.881951945237
# Transcript
******MMAN******
TWNID**N**L*MARCOSAPOL
LOFANH**YNEFHBWN
APOLLOFANHSEYFHMOYSFHTTIOS
NOYIOSNOYIOYAQMONEYS
YGEINOSPISTOKRATOYSMARAQWNIO*
MENEKRATHSTELESFOROYFILADHS
EYTYCIDHSTROFIMOYFHG******
GLYKEROSTEIMOQEOY
KARPODWRO****PODWROYSOYNIEYS
EYCAR*****PARAMONOYEPEIKIDHS
DIONYSIOSPANNYCOYKHFEISIEYS
LHMNIOSERMEIOY
ZHNOBIOSFILIPPOY
MHNODWROSHRAKLEIDOY
SWFRONISTHSEYFHMOSDIODWROYSFH*
YPOSWFRONISTHSSYMFERWNEYTIOS
FHMOYSFHTTIOS
PA***TRIBOYNTOSAB*****TOY**O*I



# Lines: x1 y1 x2 y2 x3 y3 x4 y4
