# Baseline angle
-0.01307596260051791
# Boxes: x1 y1 x2 y2 x3 y3 x4 y4
575 597 576.842142432855 737.8720334866609 720 736 718.157857567145 595.1279665133391
795 580 797.3009457557982 755.957570804908 947 754 944.6990542442018 578.042429195092
1034 597 1035.9243506289833 744.1586460478419 1201 742 1199.0756493710167 594.8413539521581
1255 588 1257.156271706781 752.894079125699 1402 751 1399.843728293219 586.105920874301
1445 539 1447.5811517159004 736.3854379940394 1630 734 1627.4188482840996 536.6145620059606
1684 550 1686.6498531988148 752.6391672546483 1812 751 1809.3501468011852 548.3608327453517
358 799 360.4839883660262 988.9551772101612 510 987 507.5160116339738 797.0448227898388
566 766 568.8563995154557 984.4341454905557 755 982 752.1436004845443 763.5658545094443
791 813 793.1503780188622 977.4433779274361 980 975 977.8496219811378 810.5566220725639
1044 790 1046.1094448918514 951.3131461190047 1223 949 1220.8905551081486 787.6868538809953
1266 795 1268.2374540765893 966.1022448539252 1429 964 1426.7625459234107 792.8977551460748
1472 779 1474.5115050787713 971.0594310453275 1632 969 1629.4884949212287 776.9405689546725
1706 768 1708.3758021966328 949.6819810632459 1837 948 1834.6241978033672 766.3180189367541
1875 788 1877.245831658203 959.742893989723 2087 957 2084.754168341797 785.257106010277
340 1069 342.0946607091588 1229.182572368467 509 1227 506.9053392908412 1066.817427631533
577 1007 580.0151738629521 1237.5759130316662 777 1235 773.9848261370479 1004.4240869683338
825 1034 827.5923455064728 1232.2414478292355 999 1230 996.4076544935272 1031.7585521707645
1025 994 1027.855031747029 1212.3295497132826 1206 1210 1203.144968252971 991.6704502867174
1273 994 1276.166083541995 1236.1162548534562 1438 1234 1434.833916458005 991.8837451465438
1507 1011 1509.6848023389587 1216.3117925375097 1610 1215 1607.3151976610413 1009.6882074624901
1728 1002 1730.8142695910715 1217.2123923770105 1900 1215 1897.1857304089285 999.7876076229896
1943 998 1945.3305141211831 1176.218718305984 2115 1174 2112.669485878817 995.781281694016
339 1295 341.4281903842176 1480.6882025063396 547 1478 544.5718096157824 1292.3117974936604
600 1309 602.0138202814572 1463.000555584559 755 1461 752.9861797185428 1306.999444415441
808 1268 810.6654115646688 1471.82894422113 1027 1469 1024.334588435331 1265.17105577887
1060 1264 1062.540389559943 1458.268280657767 1236 1456 1233.459610440057 1261.731719342233
1267 1240 1269.5410734441562 1434.3205785464036 1447 1432 1444.4589265558438 1237.6794214535964
1478 1228 1480.7806882193545 1440.6443628714221 1683 1438 1680.2193117806455 1225.3556371285779
1705 1219 1707.7523166513427 1429.47473667546 1897 1427 1894.2476833486573 1216.52526332454
1930 1229 1932.6261881481914 1429.8294571342901 2149 1427 2146.3738118518086 1226.1705428657099
347 1507 349.53261519043735 1700.6737602657538 554 1698 551.4673848095626 1504.3262397342462
2187 1216 2189.97551820542 1443.543371673201 2308 1442 2305.02448179458 1214.456628326799
576 1499 578.3762344376877 1680.7150353348713 786 1678 783.6237655623123 1496.2849646651287
800 1488 802.6280688297782 1688.9732763280406 1030 1686 1027.3719311702218 1485.0267236719594
1065 1468 1067.7040317690382 1674.7823025641856 1204 1673 1201.2959682309618 1466.2176974358144
1263 1459 1265.9214299341447 1682.4071416909708 1450 1680 1447.0785700658553 1456.5928583090292
1477 1463 1479.400844642526 1646.5970231433325 1678 1644 1675.599155357474 1460.4029768566675
1712 1457 1714.5702998674346 1653.5555771031616 1910 1651 1907.4297001325654 1454.4444228968384
1946 1448 1948.6178105665776 1648.1888079984924 2116 1646 2113.3821894334224 1445.8111920015076
2138 1455 2140.4326356316046 1641.0281387824773 2372 1638 2369.5673643683954 1451.9718612175227
356 1733 357.94306714590266 1881.5899326580402 556 1879 554.0569328540973 1730.4100673419598
592 1726 594.6888249721337 1931.6194107244771 795 1929 792.3111750278663 1723.3805892755229
1060 1697 1062.4211805710306 1882.152149147815 1227 1880 1224.5788194289694 1694.847850852185
1272 1693 1274.7132642059187 1900.4883240607792 1465 1898 1462.2867357940813 1690.5116759392208
1503 1683 1506.0487552346694 1916.1439425372546 1670 1914 1666.9512447653306 1680.8560574627454
1713 1679 1715.570812780595 1875.594800519639 1914 1873 1911.429187219405 1676.405199480361
1935 1675 1937.5327861614908 1868.686834737913 2143 1866 2140.4672138385095 1672.313165262087
2171 1670 2173.4235741657776 1855.3351917580428 2352 1853 2349.5764258342224 1667.6648082419572
342 1932 344.6872862326536 2137.5017404750447 536 2135 533.3127137673464 1929.498259524955
619 1965 621.0697085622139 2123.2744356156877 795 2121 792.9302914377861 1962.7255643843127
1054 1936 1056.3982800767258 2119.4009060609455 1240 2117 1237.6017199232742 1933.5990939390547
1286 1914 1288.8531510654423 2132.1857305195317 1456 2130 1453.1468489345577 1911.8142694804678
1499 1941 1501.307784597932 2117.4805496912736 1691 2115 1688.692215402068 1938.5194503087264
1785 1920 1787.4971435102907 2110.96117538396 1861 2110 1858.5028564897093 1919.0388246160403
1936 1925 1938.2324152439373 2095.716916016458 2146 2093 2143.767584756063 1922.283083983542
2166 1901 2168.7641943261283 2112.3830443992924 2351 2110 2348.2358056738717 1898.6169556007076
2390 1911 2392.4167353236435 2095.8122128716773 2531 2094 2528.5832646763565 1909.1877871283225
858 2141 860.8741708781604 2360.7931544126513 998 2359 995.1258291218396 2139.2068455873487
1087 2158 1089.578929092207 2355.2154698559707 1259 2353 1256.421070907793 2155.7845301440293
1327 2163 1329.496891867132 2353.9419317669485 1478 2352 1475.503108132868 2161.0580682330515
1531 2158 1533.3339335422502 2336.4802077491668 1723 2334 1720.6660664577498 2155.5197922508332
1736 2138 1738.5402185888895 2332.255206185608 1911 2330 1908.4597814111105 2135.744793814392
1960 2123 1962.854518833869 2341.2903262968052 2138 2339 2135.1454811661306 2120.7096737031948
2174 2152 2176.477752736001 2341.47832706758 2366 2339 2363.522247263999 2149.52167293242
2406 2134 2408.6770279694533 2338.7172721454967 2540 2337 2537.3229720305467 2132.2827278545033
394 2413 396.7141190611853 2620.553696421575 592 2618 589.2858809388147 2410.446303578425
624 2390 626.5821775422204 2587.463884826994 815 2585 812.4178224577796 2387.536115173006
860 2402 862.357346949715 2582.2706742525143 1036 2580 1033.642653050285 2399.7293257474857
1063 2363 1065.6050780365254 2562.215127913864 1235 2560 1232.3949219634746 2360.784872086136
1287 2379 1289.4908272081598 2569.4781560965266 1479 2567 1476.5091727918402 2376.5218439034734
1516 2375 1518.3062458584518 2551.362879441841 1699 2549 1696.6937541415482 2372.637120558159
1966 2386 1968.3977671635657 2569.3616826444677 2149 2567 2146.6022328364343 2383.6383173555323
2185 2372 2187.9130523525314 2594.7664925551726 2323 2593 2320.0869476474686 2370.2335074448274
2370 2379 2372.3690536534477 2560.165907504187 2538 2558 2535.6309463465523 2376.834092495813
422 2652 424.3928090030189 2834.982522951853 576 2833 573.6071909969812 2650.017477048147
629 2634 631.4901433239464 2824.42585820789 817 2822 814.5098566760536 2631.57414179211
875 2606 878.179158014154 2849.1160838824026 1040 2847 1036.820841985846 2603.8839161175974
1106 2608 1108.4370712521484 2794.36733887616 1213 2793 1210.5629287478516 2606.63266112384
1305 2603 1307.3970832793525 2786.309384755831 1484 2784 1481.6029167206475 2600.690615244169
1539 2585 1541.7458197513158 2794.9779067334125 1693 2793 1690.2541802486842 2583.0220932665875
1727 2583 1729.8018790031258 2797.2648612367 1903 2795 1900.1981209968742 2580.7351387633
1958 2599 1960.8276860053375 2815.238370350275 2132 2813 2129.172313994663 2596.761629649725
2184 2615 2186.211134161218 2784.089512323873 2346 2782 2343.788865838782 2612.910487676127
646 2858 648.5655126779412 3054.1894918827056 816 3052 813.4344873220588 2855.8105081172944
874 2855 876.5741419027134 3051.8493846355145 1018 3050 1015.4258580972866 2853.1506153644855
1061 2853 1063.545005778383 3047.621291406064 1264 3045 1261.454994221617 2850.378708593936
1287 2846 1289.1378164598632 3009.482772314967 1479 3007 1476.8621835401368 2843.517227685033
1514 2813 1516.831618339564 3029.5390832099356 1711 3027 1708.168381660436 2810.4609167900644
1750 2813 1752.977489185955 3040.6940961942587 1959 3038 1956.022510814045 2810.3059038057413
1995 2840 1997.6835248694802 3045.214102087544 2167 3043 2164.31647513052 2837.785897912456
416 3082 418.827515034284 3298.225295878116 589 3296 586.172484965716 3079.774704121884
643 3084 646.0633684463086 3318.2614418156336 819 3316 815.9366315536914 3081.7385581843664
1100 3079 1102.6842087536936 3284.2663999761803 1276 3282 1273.3157912463064 3076.7336000238197
1305 3072 1307.592003564366 3270.215298884917 1477 3268 1474.407996435634 3069.784701115083
1524 3070 1526.8352087316844 3286.8136471252774 1742 3284 1739.1647912683156 3067.1863528747226
1774 3070 1776.5410734441562 3264.320578546404 1954 3262 1951.4589265558438 3067.679421453596
882 3096 884.8540059207089 3314.251102880328 1057 3312 1054.1459940792909 3093.748897119672
400 2854 402.5027048829456 3045.386463820359 585 3043 582.4972951170544 2851.613536179641
1094 3312 1097.1039596312125 3549.3655246797466 1278 3547 1274.8960403687875 3309.6344753202534
# Transcript
*
*ATATOI
QEOZOTID
IMELEISQ
YTANESKAI
HADIKWNTA
OS*HNBOLH*
DE*YTOISKA
**ISTODEUH
MMENON*OET
OYEIPEQEO
HSBOLHSE
OSDEPWL*
S


# Lines: x1 y1 x2 y2 x3 y3 x4 y4
