# Baseline angle
0.002369273924016424
# Boxes: x1 y1 x2 y2 x3 y3 x4 y4
1014 266 1013.7685193188685 363.7009224848122 1140 364 1140.2314806811316 266.2990775151878
1194 274 1193.829895672426 345.79583903677036 1280 346 1280.170104327574 274.20416096322964
1348 260 1347.7873723972566 349.74361416343424 1456 350 1456.2126276027434 260.25638583656576
1504 246 1503.7827124554196 337.7104332257327 1626 338 1626.2172875445804 246.28956677426734
1666 252 1665.7825552788638 343.77677264734206 1760 344 1760.2174447211362 252.22322735265794
884 418 883.7920323390937 505.7767951011358 978 506 978.2079676609063 418.2232048988642
1040 412 1039.7636236121978 511.76725067952475 1138 512 1138.2363763878022 412.23274932047525
1186 408 1185.7779065639236 501.73885317952556 1296 502 1296.2220934360764 408.26114682047444
1338 400 1337.7589636703606 501.7340697418232 1450 502 1450.2410363296394 400.2659302581768
1504 388 1503.7731904876023 483.7293648923988 1618 484 1618.2268095123977 388.2706351076012
1670 400 1669.7967147347242 485.80049897860744 1754 486 1754.2032852652758 400.19950102139256
1834 386 1833.7305100358772 499.74347944067205 1942 500 1942.2694899641228 386.25652055932795
724 556 723.7684519574873 653.729353665502 838 654 838.2315480425127 556.270646334498
880 546 879.7211003370284 663.7150258061887 1000 664 1000.2788996629716 546.2849741938113
1026 536 1025.7401105919723 645.6913780632012 1156 646 1156.2598894080277 536.3086219367988
1186 544 1185.8015206262205 627.7720790248145 1282 628 1282.1984793737795 544.2279209751855
1330 526 1329.7353496080639 637.7008438965343 1456 638 1456.2646503919361 526.2991561034657
1502 522 1501.7542588209362 625.7198429245815 1620 626 1620.2457411790638 522.2801570754185
1670 530 1669.8109976864505 609.7721014786082 1766 610 1766.1890023135495 530.2278985213918
1810 514 1809.7022248048465 639.6818111877965 1944 640 1944.2977751951535 514.3181888122035
1972 514 1971.7827012285227 605.7151717558476 2092 606 2092.217298771477 514.2848282441524
2288 490 2287.692714063926 619.6960043243477 2416 620 2416.307285936074 490.3039956756523
556 670 555.6880204413984 801.6770389769911 692 802 692.3119795586016 670.3229610230089
722 684 721.7257939595559 799.7339911535453 834 800 834.2742060404441 684.2660088464547
892 682 891.7586829979394 783.8525329946972 954 784 954.2413170020606 682.1474670053028
1032 680 1031.7494417025434 785.7530014084894 1136 786 1136.2505582974566 680.2469985915106
1190 670 1189.7397401043766 779.8477495569948 1254 780 1254.2602598956234 670.1522504430052
1330 662 1329.740065684385 771.710332183661 1452 772 1452.259934315615 662.289667816339
1486 662 1485.7400769112817 771.7055936535461 1610 772 1610.2599230887183 662.2944063464539
1652 668 1651.7353608349606 779.6961053664194 1780 780 1780.2646391650394 668.3038946335806
1822 660 1821.749385568059 765.7766940590641 1916 766 1916.250614431941 660.2233059409359
2002 642 2001.7112303354088 763.8808519064185 2052 764 2052.288769664591 642.1191480935815
2134 626 2133.6500111584073 773.7195959328509 2252 774 2252.3499888415927 626.2804040671491
2300 632 2299.71612604208 751.8145237117059 2378 752 2378.28387395792 632.1854762882941
2430 640 2429.740144272663 749.6771624728563 2566 750 2566.259855727337 640.3228375271437
2600 640 2599.7825889595542 731.7625570569971 2700 732 2700.2174110404458 640.2374429430029
582 844 581.8062367025417 925.7815673119412 674 926 674.1937632974583 844.2184326880588
720 826 719.7399983230039 935.7387633643507 830 936 830.2600016769961 826.2612366356493
878 822 877.7352261121985 933.7529677277988 982 934 982.2647738878015 822.2470322722012
1024 824 1023.7541690057615 927.7577511655012 1126 928 1126.2458309942388 824.2422488344988
1186 810 1185.711589596108 931.7292189427397 1300 932 1300.288410403892 810.2707810572603
1330 796 1329.6831920961085 929.7149359910139 1450 930 1450.3168079038915 796.2850640089861
1492 800 1491.7068510659929 923.7292077158429 1606 924 1606.2931489340071 800.2707922841571
1650 792 1649.7164403951915 911.6818448684871 1784 912 1784.2835596048085 792.3181551315129
1810 788 1809.7164179413976 907.691321928717 1940 908 1940.2835820586024 788.308678071283
1976 782 1975.7068398390961 905.7339462459579 2088 906 2088.293160160904 782.2660537540421
2166 784 2165.7349229859838 895.8809080409027 2216 896 2216.2650770140162 784.1190919590973
2310 776 2309.7256816905874 891.7813764546949 2402 892 2402.2743183094126 776.2186235453051
2456 776 2455.744725626222 883.7435131213625 2564 884 2564.255274373778 776.2564868786375
860 974 859.7495539715118 1079.70561610734 984 1080 984.2504460284882 974.2943838926602
1036 964 1035.7635787046104 1063.7862047999847 1126 1064 1126.2364212953896 964.2137952000154
1174 948 1173.6927589715133 1077.6770502038878 1310 1078 1310.3072410284867 948.3229497961122
1336 946 1335.71172431887 1067.6723565813604 1474 1068 1474.28827568113 946.3276434186397
1492 940 1491.6879193993268 1071.7196857480258 1610 1072 1610.3120806006732 940.2803142519742
1654 938 1653.7352710197858 1049.734013607339 1766 1050 1766.2647289802142 938.2659863926609
1812 930 1811.7164179413976 1049.691321928717 1942 1050 1942.2835820586024 930.308678071283
1992 930 1991.7349791204676 1041.8572153903278 2052 1042 2052.265020879532 930.142784609672
2140 920 2139.711555915417 1041.7434345330846 2248 1042 2248.288444084583 920.2565654669154
2304 918 2303.7210891101313 1035.7197643363036 2422 1036 2422.2789108898687 918.2802356636964
2456 910 2455.6926354756483 1039.7291740351525 2570 1040 2570.3073645243517 910.2708259648475
862 1100 861.7306223048457 1213.6960941395225 990 1214 990.2693776951543 1100.3039058604775
1014 1086 1013.7211564715126 1203.6913331556138 1144 1204 1144.2788435284874 1086.3086668443862
1168 1094 1167.7306447586393 1207.6866170792925 1300 1208 1300.2693552413607 1094.3133829207075
1326 1082 1325.7021237627748 1207.7244579588312 1442 1208 1442.2978762372252 1082.2755420411688
1488 1086 1487.7210778832348 1203.7245028664186 1604 1204 1604.2789221167652 1086.2754971335814
1668 1084 1667.7778167487488 1177.7767614204452 1762 1178 1762.2221832512512 1084.2232385795548
1814 1066 1813.7258837747308 1181.6960829126256 1942 1182 1942.2741162252692 1066.3039170873744
1976 1068 1975.7447593069126 1175.7292975310177 2090 1176 2090.255240693087 1068.2707024689823
2130 1058 2129.6975424092157 1185.6581073103248 2274 1186 2274.3024575907843 1058.3418926896752
2320 1044 2319.6922986687428 1173.871329938601 2374 1174 2374.3077013312572 1044.128670061399
2448 1050 2447.6738160779505 1187.6722667661857 2586 1188 2586.3261839220495 1050.3277332338143
742 1234 741.7113089236867 1355.8476821956137 806 1356 806.2886910763133 1234.1523178043863
866 1228 865.7118590416322 1349.615494219981 1028 1350 1028.2881409583679 1228.384505780019
1046 1236 1045.7352148853015 1347.7577062579137 1148 1348 1148.2647851146985 1236.2422937420863
1178 1230 1177.7258051864528 1345.7292526234303 1292 1346 1292.2741948135472 1230.2707473765697
1332 1230 1331.7400095499008 1339.734024834236 1444 1340 1444.2599904500992 1230.265975165764
1514 1218 1513.7302742710435 1331.8429885730861 1580 1332 1580.2697257289565 1218.1570114269139
1652 1200 1651.7069296542709 1323.6960380050382 1780 1324 1780.2930703457291 1200.3039619949618
1822 1206 1821.7352373390952 1317.7482291976837 1928 1318 1928.2647626609048 1206.2517708023163
1982 1198 1981.7353047004763 1309.719798016994 2100 1310 2100.2646952995237 1198.280201983006
2170 1192 2169.730240590353 1305.857204163431 2230 1306 2230.269759409647 1192.142795836569
726 1384 725.7020339476001 1509.7623661997509 826 1510 826.2979660523999 1384.2376338002491
882 1384 881.7210105218536 1501.7529340471083 986 1502 986.2789894781464 1384.2470659528917
1018 1378 1017.7117355457669 1499.6676180512454 1158 1500 1158.288264454233 1378.3323819487546
1174 1370 1173.7069072004772 1493.7055150652682 1298 1494 1298.2930927995228 1370.2944849347318
1332 1374 1331.7258276402465 1489.7197755632003 1450 1490 1450.2741723597535 1374.2802244367997
1490 1360 1489.6879193993268 1491.7196857480258 1608 1492 1608.3120806006732 1360.2803142519742
1650 1352 1649.7164067145009 1471.6960604588319 1778 1472 1778.2835932854991 1352.3039395411681
1838 1344 1837.7302405903529 1457.857204163431 1898 1458 1898.2697594096471 1344.142795836569
1968 1332 1967.6786107425496 1467.6485853425074 2116 1468 2116.3213892574504 1332.3514146574926
# Transcript
MONTO
*ONAYTON
*AYTOYTOYD*M*
KAIOIALLOIFILO
*ONEYERGETEINO*
DOTESOTICAR
*OYDHMOYAXIA
IMELEISQAI*
HNTHNAEIB**