# Baseline angle
0.009623992524678382
# Boxes: x1 y1 x2 y2 x3 y3 x4 y4
324 206 321.7287105945119 441.99553678199004 530 444 532.2712894054881 208.00446321801002
520 196 517.5536370580503 450.1863376168499 706 452 708.4463629419497 197.81366238315007
680 194 677.5582679766798 447.70516770293375 916 450 918.4417320233202 196.29483229706625
860 210 857.6689326006451 452.2066958338776 1044 454 1046.3310673993549 211.79330416612243
1022 200 1019.5712167239005 452.35974402260484 1190 454 1192.4287832760995 201.64025597739516
1170 210 1167.6313651912578 456.110091377604 1364 458 1366.3686348087422 211.88990862239598
1358 210 1355.5460423514983 464.97545627567234 1462 466 1464.4539576485017 211.02454372432766
1434 226 1431.845673267813 449.84267383000787 1656 452 1658.154326732187 228.15732616999213
1624 236 1621.9193261926266 452.1898571150082 1810 454 1812.0806738073734 237.81014288499182
1792 212 1789.7327858029057 447.57210725774377 2042 450 2044.2672141970943 214.42789274225623
2008 222 2005.6102660272493 470.3023741064253 2182 472 2184.389733972751 223.69762589357472
2172 222 2169.8036601765416 450.20799249109376 2356 452 2358.1963398234584 223.79200750890624
2318 222 2315.8077353849353 449.7845629668476 2546 452 2548.1922646150647 224.21543703315243
2502 212 2499.6136002886624 459.95593176840566 2712 462 2714.3863997113376 214.04406823159434
2686 220 2683.592315887909 470.1674612937836 2874 472 2876.407684112091 221.83253870621638
2852 226 2849.6713406783324 467.9564874786412 3062 470 3064.3286593216676 228.04351252135882
3028 222 3025.5915749409282 472.2444484800102 3208 474 3210.4084250590718 223.7555515199898
328 490 325.93653538498637 704.4017571138764 492 706 494.06346461501363 491.59824288612356
468 504 466.1865585034776 692.4234119881204 630 694 631.8134414965223 505.57658801187966
614 488 612.0632977808405 689.2306660230284 692 690 693.9367022191595 488.7693339769716
688 492 685.9935348276757 700.4793000103386 844 702 846.0064651723243 493.52069998966147
848 510 846.0105587832903 716.7104468057635 980 718 981.9894412167097 511.28955319423653
974 518 972.2071019572505 704.288869648969 1150 706 1151.7928980427496 519.711130351031
1108 494 1105.9178442986654 710.3438314874613 1278 712 1280.0821557013346 495.65616851253867
1232 502 1229.917473825175 718.3823250805747 1398 720 1400.082526174825 503.6176749194254
1384 508 1381.995942905363 716.2290916551021 1566 718 1568.004057094637 509.77090834489786
1540 502 1537.997054325834 710.1136108757622 1734 712 1736.002945674166 503.8863891242377
1704 520 1702.1486206205998 712.3653011249601 1872 714 1873.8513793794002 521.6346988750399
1882 512 1879.9766961088062 722.228906418357 2064 724 2066.023303891194 513.771093581643
2058 504 2055.8797211790425 724.3049674208577 2232 726 2234.1202788209575 505.6950325791423
2178 496 2175.8852782813974 715.7275635241583 2412 718 2414.1147217186026 498.27243647584163
2372 500 2369.8974860816375 718.459127030056 2530 720 2532.1025139183625 501.54087296994396
2518 506 2515.97539945159 716.3636339942535 2686 718 2688.02460054841 507.63636600574654
2658 528 2656.324435104042 702.0975131038736 2854 704 2855.675564895958 529.9024868961264
2824 506 2821.9010055797958 724.0934378954797 3020 726 3022.0989944202042 507.9065621045202
2988 498 2985.835670483574 722.8820008440667 3102 724 3104.164329516426 499.11799915593326
3066 498 3063.99798050956 706.017376892979 3270 708 3272.00201949044 499.98262310702097
316 728 314.0707072506474 928.4607941607626 474 930 475.9292927493526 729.5392058392374
446 716 443.93653538498637 930.4017571138764 610 932 612.0634646150136 717.5982428861236
604 728 602.0438657475387 931.2497275828398 680 932 681.9561342524613 728.7502724171602
680 742 678.2067314837601 928.3273632420824 852 930 853.7932685162399 743.6726367579176
828 730 826.0703367771571 930.4992877538759 982 932 983.9296632228429 731.5007122461241
980 734 978.014633991684 940.2870172815173 1156 942 1157.9853660083159 735.7129827184827
1152 740 1150.1327080854564 934.0186735501953 1356 936 1357.8672919145436 741.9813264498047
1350 744 1348.0720039078637 944.3260665848661 1522 946 1523.9279960921363 745.6739334151339
1512 714 1509.8428947166358 938.1313757783576 1704 940 1706.1571052833642 715.8686242216424
1698 750 1696.1099417907415 946.3841774480264 1864 948 1865.8900582092585 751.6158225519736
1822 738 1819.9937200644208 946.4600532137819 1980 948 1982.0062799355792 739.5399467862181
1982 756 1980.2063610102696 942.3658568351955 2150 944 2151.7936389897304 757.6341431648045
2156 736 2154.0716334343733 936.3645601779793 2324 938 2325.9283665656267 737.6354398220207
2320 724 2317.9955724318725 932.2675852482154 2498 934 2500.0044275681275 725.7324147517846
2486 744 2484.186002793242 932.4811523777903 2642 934 2643.813997206758 745.5188476222097
2632 742 2630.0827298141426 941.211604463217 2712 942 2713.9172701858574 742.788395536783
2692 754 2690.362187750175 924.1748707635905 2880 926 2881.637812249825 755.8251292364095
2864 738 2862.2078429042313 924.2118824627423 3048 926 3049.7921570957687 739.7881175372577
3046 728 3044.076449589748 927.8641434675067 3266 930 3267.923550410252 730.1358565324933
292 980 290.0727448548443 1180.2490793986394 472 1182 473.9272551451557 981.7509206013605
476 996 474.3792117057892 1164.4060175590153 640 1166 641.6207882942108 997.5939824409845
634 984 632.1880403974391 1172.2694376156671 812 1174 813.8119596025609 985.7305623843328
798 982 796.1724983357858 1171.8843164477892 1016 1174 1017.8275016642142 984.115683552211
1016 980 1014.1708312050793 1170.0575376167988 1216 1172 1217.8291687949209 981.942462383201
1198 980 1196.1119793949383 1176.1724626859034 1386 1178 1387.8880206050617 981.8275373140967
1372 968 1369.8997089225797 1186.2281654713763 1554 1188 1556.1002910774203 969.7718345286237
1548 976 1546.0355479189473 1180.1139813492528 1742 1182 1743.9644520810527 977.8860186507472
1726 980 1724.1504729880517 1172.1728331593936 1914 1174 1915.8495270119483 981.8271668406064
1894 962 1891.8786097585712 1182.4204482001976 2056 1184 2058.1213902414283 963.5795517998024
2050 972 2048.0829150508876 1171.1923576666604 2132 1172 2133.9170849491124 972.8076423333397
2128 1002 2126.3982732656004 1168.4254495923171 2290 1170 2291.6017267343996 1003.5745504076828
2230 972 2228.0927325983816 1170.172277449158 2418 1172 2419.9072674016184 973.8277225508419
2386 990 2384.229497778475 1173.961859344251 2596 1176 2597.770502221525 992.0381406557487
2580 978 2578.1856323197517 1166.5196459709034 2732 1168 2733.8143676802483 979.4803540290965
2716 992 2714.340903349421 1164.3864002889686 2882 1166 2883.659096650579 993.6135997110316
2874 982 2872.073856275315 1182.1335986192996 3066 1184 3067.926143724685 983.8664013807004
3042 936 3039.3561677003645 1210.7041487564277 3174 1212 3176.6438322996355 937.2958512435724
300 1208 298.0294351063566 1412.7491256356218 428 1414 429.9705648936434 1209.2508743643782
400 1214 398.0710777241377 1414.4223005676492 562 1416 563.9289222758623 1215.5776994323508
550 1208 547.8327066956512 1433.1899495889731 632 1434 634.1672933043488 1208.8100504110269
628 1216 626.0325841310246 1420.421930094159 790 1422 791.9674158689754 1217.578069905841
766 1186 763.7087228509746 1424.0723387314715 964 1426 966.2912771490254 1187.9276612685285
406 1668 404.034251261731 1872.248708925149 586 1874 587.965748738269 1669.751291074851
596 1678 594.0893983369685 1876.5187197871778 748 1878 749.9106016630315 1679.4812802128222
738 1692 736.2459660238542 1874.250746529346 918 1876 919.7540339761458 1693.749253470654
904 1668 901.9171033516845 1884.420818673688 1066 1886 1068.0828966483152 1669.579181326312
1014 1672 1012.1134612888995 1868.01848831345 1218 1870 1219.8865387111005 1673.98151168655
1164 1680 1162.1112384479575 1876.2494498721298 1344 1878 1345.8887615520425 1681.7505501278702
1298 1670 1296.0325841310246 1874.421930094159 1460 1876 1461.9674158689754 1671.578069905841
1434 1670 1432.0355479189473 1874.1139813492528 1628 1876 1629.9644520810527 1671.8860186507472
1616 1656 1613.89470753046 1874.7478289784058 1744 1876 1746.10529246954 1657.2521710215942
1730 1676 1728.1132760521546 1872.0377351100067 1932 1874 1933.8867239478454 1677.9622648899933
1924 1678 1922.2061757735246 1864.3851036317521 2090 1866 2091.7938242264754 1679.6148963682479
2074 1676 2072.0459033517354 1879.0380128207169 2172 1880 2173.9540966482646 1676.9619871792831
2120 1668 2117.9180295354104 1884.3245846909047 2292 1886 2294.0819704645896 1669.6754153090953
2264 1688 2262.149546804326 1880.2690671421767 2442 1882 2443.850453195674 1689.7309328578233
2412 1664 2409.8430799533808 1888.112128981801 2606 1890 2608.1569200466192 1665.887871018199
2546 1670 2543.9966838523433 1878.1521044688755 2736 1880 2738.0033161476567 1671.8478955311245
2712 1660 2709.8127189521138 1887.2667515384544 2786 1888 2788.1872810478862 1660.7332484615456
2780 1676 2778.1667559966854 1866.480967141045 2936 1868 2937.8332440033146 1677.519032858955
2932 1670 2930.0827298141426 1869.2116044632169 3012 1870 3013.9172701858574 1670.7883955367831
3004 1678 3002.2061757735246 1864.3851036317521 3170 1866 3171.7938242264754 1679.6148963682479
3152 1692 3150.3795821792796 1860.3675239659021 3320 1862 3321.6204178207204 1693.6324760340979
446 1878 443.99446101140154 2086.3830660275553 612 2088 614.0055389885985 1879.6169339724447
594 1874 591.9963133788532 2082.1905980619886 780 2084 782.0036866211468 1875.809401938011
774 1888 772.186928976968 2076.384918395007 940 2078 941.813071023032 1889.615081604993
936 1884 933.9543002875816 2096.555916723075 1084 2098 1086.0456997124184 1885.444083276925
1078 1890 1076.1010504269732 2087.3080236827454 1148 2088 1149.8989495730268 1890.6919763172548
1134 1894 1132.2633604529592 2074.443399731658 1294 2076 1295.7366395470408 1895.5566002683422
1268 1884 1266.1671264701758 2074.442473547932 1428 2076 1429.8328735298242 1885.5575264520683
1412 1898 1410.3225827365904 2072.28998106944 1588 2074 1589.6774172634096 1899.71001893056
1576 1890 1574.1839651890452 2078.6928671399137 1710 2080 1711.8160348109548 1891.3071328600868
1694 1900 1692.3982732656007 2066.425449592317 1856 2068 1857.6017267343993 1901.5745504076829
1838 1888 1836.3031507032883 2064.3090426292515 2012 2066 2013.6968492967117 1889.6909573707485
2000 1884 1998.1680526539017 2074.3462395651486 2170 2076 2171.8319473460983 1885.6537604348514
2164 1886 2162.1680526539017 2076.3462395651486 2334 2078 2335.8319473460983 1887.6537604348514
2312 1892 2310.2455955503638 2074.289240122459 2488 2076 2489.7544044496362 1893.7107598775406
2478 1888 2476.188225634184 2076.2501908191102 2658 2078 2659.811774365816 1889.7498091808893
2648 1886 2646.201174381405 2072.9047671387816 2760 2074 2761.798825618595 1887.0952328612184
2760 1908 2758.397347081875 2074.5216835751003 2912 2076 2913.602652918125 1909.4783164248995
2902 1872 2899.971879953432 2082.72932312883 3032 2084 3034.028120046568 1873.2706768711703
3032 1898 3030.358483015271 2068.5598066947236 3180 2070 3181.641516984729 1899.4401933052766
3166 1876 3164.1438044652255 2068.865717835433 3282 2070 3283.8561955347745 1877.1342821645671
3274 1904 3272.415667694706 2068.6181027946286 3416 2070 3417.584332305294 1905.3818972053712
452 2108 450.2642866366849 2288.3471657488744 622 2290 623.7357133633151 2109.6528342511256
628 2110 626.2257930435716 2294.346795275384 798 2296 799.7742069564284 2111.653204724616
778 2130 776.3790264690441 2298.425264355572 940 2300 941.6209735309559 2131.574735644428
924 2108 922.3410885861664 2280.3671534924115 1092 2282 1093.6589114138337 2109.6328465075885
1062 2112 1060.3616320399392 2282.23261115326 1244 2284 1245.6383679600608 2113.76738884674
1226 2104 1224.3396066922048 2276.521127864865 1378 2278 1379.6603933077952 2105.478872135135
1366 2114 1364.2820515392802 2292.501325358073 1520 2294 1521.7179484607198 2115.498674641927
1520 2110 1518.1861880299873 2298.4619055812336 1678 2300 1679.8138119700127 2111.5380944187664
1670 2112 1668.3203598956484 2286.5209426281194 1822 2288 1823.6796401043516 2113.4790573718806
1806 2108 1804.2639161631946 2288.385659341988 1972 2290 1973.7360838368054 2109.614340658012
1962 2096 1960.2058053000342 2282.4235972248657 2124 2284 2125.794194699966 2097.5764027751343
2128 2104 2126.167311706921 2294.4232267513753 2290 2296 2291.832688293079 2105.5767732486247
2284 2096 2282.0731153283346 2296.210585805526 2468 2298 2469.9268846716654 2097.789414194474
2436 2118 2434.2831629597513 2296.3858445787328 2602 2298 2603.7168370402487 2119.6141554212672
2570 2106 2568.2289420682396 2290.019599733921 2774 2292 2775.7710579317604 2107.980400266079
2758 2108 2756.243928419657 2290.462461291469 2916 2292 2917.756071580343 2109.537538708531
2908 2108 2906.2467069708346 2290.1737593431194 3096 2292 3097.7532930291654 2109.8262406568806
3080 2120 3078.1119793949383 2316.172462685903 3268 2318 3269.8880206050617 2121.827537314097
418 2334 416.3412738229115 2506.3479066958553 588 2508 589.6587261770885 2335.6520933041447
570 2316 568.2633604529591 2496.443399731658 730 2498 731.7366395470409 2317.556600268342
720 2328 718.4019780005042 2494.0405136611844 922 2496 923.5980219994958 2329.9594863388156
922 2308 920.1108679744673 2504.287943465243 1098 2506 1099.8891320255327 2309.712056534757
1088 2322 1086.0731153283348 2522.210585805526 1272 2524 1273.9268846716652 2323.789414194474
1260 2322 1258.225237333336 2506.404535665054 1424 2508 1425.774762666664 2323.595464334946
1406 2314 1404.1884108709294 2502.2309440225536 1588 2504 1589.8115891290706 2315.7690559774464
1592 2326 1590.2835334332417 2504.3473509856194 1762 2506 1763.7164665667583 2327.6526490143806
1740 2294 1737.8913732690469 2513.0942713164254 1832 2514 1834.1086267309531 2294.9057286835746
1816 2324 1814.2631752162138 2504.4626465282145 1974 2506 1975.7368247837862 2325.5373534717855
1960 2314 1958.0335103147502 2518.3256961113757 2132 2520 2133.9664896852496 2315.6743038886243
2108 2338 2106.437878279185 2500.3103392864678 2282 2502 2283.562121720815 2339.6896607135322
2260 2310 2258.036474102673 2514.0177473664694 2464 2516 2465.963525897327 2311.9822526335306
2446 2314 2444.207287193996 2500.2696228524123 2624 2502 2625.792712806004 2315.7303771475877
2606 2324 2604.2267192272975 2508.250561292601 2786 2510 2787.7732807727025 2325.749438707399
2778 2310 2776.1504729880517 2502.1728331593936 2966 2504 2967.8495270119483 2311.8271668406064
2954 2300 2951.8919289792825 2519.0365309267554 3052 2520 3054.1080710207175 2300.9634690732446
3034 2302 3032.1469534898933 2494.53852229397 3184 2496 3185.8530465101067 2303.46147770603
3174 2330 3172.3806935997504 2498.2520431865623 3354 2500 3355.6193064002496 2331.7479568134377
856 2516 854.1673117069209 2706.4232267513753 1018 2708 1019.8326882930791 2517.5767732486247
1008 2524 1006.383286914183 2691.9825880347694 1216 2694 1217.6167130858169 2526.0174119652306
1178 2524 1176.3595944357423 2694.4443259153836 1338 2696 1339.6404055642577 2525.5556740846164
1332 2526 1330.3127651890964 2701.310061286942 1402 2702 1403.6872348109036 2526.689938713058
1394 2516 1392.2463364973444 2698.2122529362327 1578 2700 1579.7536635026556 2517.7877470637673
1572 2530 1570.467295271785 2689.2538027912333 1648 2690 1649.532704728215 2530.7461972087667
1644 2520 1642.206546247015 2706.346610038639 1814 2708 1815.793453752985 2521.653389961361
1808 2530 1806.1473239633838 2722.5000287008565 1962 2724 1963.8526760366162 2531.4999712991435
1960 2490 1957.856769647582 2712.6897181152453 2094 2714 2096.143230352418 2491.3102818847547
2090 2522 2088.3223974998455 2696.3092278659965 2264 2698 2265.6776025001545 2523.6907721340035
2258 2524 2256.279828698338 2702.7322869167524 2388 2704 2389.720171301662 2525.2677130832476
2374 2532 2372.436581621969 2694.4450668623645 2534 2696 2535.563418378031 2533.5549331376355
2534 2526 2532.4089991718793 2691.3109874706684 2604 2692 2605.5910008281207 2526.6890125293316
2590 2516 2588.323138446826 2690.2322406797703 2772 2692 2773.676861553174 2517.7677593202297
2760 2512 2758.283903906732 2690.3088573925065 2934 2692 2935.716096093268 2513.6911426074935
2926 2528 2924.303150703289 2704.3090426292515 3100 2706 3101.696849296711 2529.6909573707485
3062 2516 3060.1865585034775 2704.4234119881203 3224 2706 3225.8134414965225 2517.5765880118797
1020 2712 1018.0943997290882 2909.9990562801486 1226 2912 1227.905600270912 2714.0009437198514
1232 2712 1230.2842743802223 2890.270363799393 1410 2892 1411.7157256197777 2713.729636200607
1402 2706 1400.0749676957864 2906.01811783996 1606 2908 1607.9250323042136 2707.98188216004
1558 2714 1556.11383176239 2909.9799947203364 1766 2912 1767.88616823761 2716.0200052796636
1736 2708 1734.055906135975 2909.9986858066577 1942 2912 1943.944093864025 2710.0013141933423
1934 2704 1932.2254225700813 2888.3852888684974 2100 2890 2101.7745774299187 2705.6147111315026
2288 2726 2286.361817276684 2896.2133643567036 2472 2898 2473.638182723316 2727.7866356432964
2436 2714 2434.246151260599 2896.2314997327894 2618 2898 2619.753848739401 2715.7685002672106
2606 2712 2604.1315966649854 2906.1341543295352 2798 2908 2799.8684033350146 2713.8658456704648
2754 2698 2751.9796598967287 2907.9209576734506 2968 2910 2970.0203401032713 2700.0790423265494
2944 2706 2942.1284476403175 2900.4613498709978 3102 2902 3103.8715523596825 2707.5386501290022
3096 2702 3093.9487431852267 2915.133320619774 3184 2916 3186.0512568147733 2702.866679380226
3164 2700 3161.938202515693 2914.228535944867 3346 2916 3348.061797484307 2701.771464055133
270 3210 268.9493913694269 3319.1621997270795 356 3320 357.0506086305731 3210.8378002729205
350 3215 349.0382247948739 3314.932071733753 460 3316 460.9617752051261 3216.067928266247
462 3214 460.9937110075425 3318.557222148354 507 3319 508.0062889924575 3214.442777851646
496 3208 494.9097863558426 3321.2773100329296 570 3322 571.0902136441574 3208.7226899670704
570 3207 568.9569771635083 3315.3740071075754 634 3316 635.0430228364917 3207.6259928924246
1547 3236 1546.0840263269508 3331.1731197825743 1632 3332 1632.9159736730492 3236.8268802174257
1619 3228 1618.0549708953706 3326.1920887240135 1702 3327 1702.9450291046294 3228.8079112759865
1698 3235 1697.0861565495204 3329.951781622173 1806 3331 1806.9138434504796 3236.048218377827
1803 3235 1802.0471998645442 3333.9995281400743 1906 3335 1906.9528001354558 3236.0004718599257
1895 3226 1894.0369281376575 3326.0667993096495 1991 3327 1991.9630718623425 3226.9332006903505
1992 3236 1991.0550635137433 3334.182465325735 2076 3335 2076.9449364862567 3236.817534674265
2067 3228 2065.9106199211956 3341.1906994484243 2150 3342 2151.0893800788044 3228.8093005515757
2155 3235 2154.074032455182 3331.2115207573147 2236 3332 2236.925967544818 3235.7884792426853
2219 3239 2218.0955020926813 3332.9807444353805 2324 3334 2324.9044979073187 3240.0192555646195
2320 3234 2318.9954707566217 3338.374377581066 2384 3339 2385.0045292433783 3234.625622418934
2380 3243 2379.084674655559 3338.105755994626 2472 3339 2472.915325344441 3243.894244005374
2452 3227 2450.8254912306525 3349.035891510618 2551 3350 2552.1745087693475 3227.964108489382
2558 3230 2556.9140468009814 3342.834633712126 2678 3344 2679.0859531990186 3231.165366287874
2667 3240 2665.9111756314314 3353.1329590587543 2756 3354 2757.0888243685686 3240.8670409412457
2726 3227 2724.8474239600137 3346.7569981972915 2854 3348 2855.1525760399863 3228.2430018027085
2848 3248 2847.0265637923985 3349.1436938775037 2936 3350 2936.9734362076015 3248.8563061224963
2938 3240 2936.9756682498296 3346.4319327339904 2996 3347 2997.0243317501704 3240.5680672660096
2979 3235 2977.8155899772564 3358.0646690870803 3075 3359 3076.1844100227436 3235.9353309129197
3058 3244 3056.835948194284 3364.9493735444853 3166 3366 3167.164051805716 3245.0506264555147
266 3326 264.94966922454466 3435.1333295322447 355 3436 356.05033077545534 3326.8666704677553
350 3302 348.1395440200864 3495.3083941562354 420 3496 421.8604559799136 3302.6916058437646
416 3326 414.8439044618557 3446.122687331868 506 3447 507.1560955381443 3326.877312668132
498 3327 497.0155511185315 3429.287952233306 571 3430 571.9844488814684 3327.712047766694
568 3342 567.1123408115503 3434.2311380273622 647 3435 647.8876591884497 3342.7688619726378
635 3339 634.0806920655377 3434.519562120594 684 3435 684.9193079344623 3339.480437879406
666 3328 664.9107125395684 3441.1810760501457 750 3442 751.0892874604316 3328.8189239498543
728 3342 727.0757922042613 3438.028676190027 828 3439 828.9242077957387 3342.971323809973
1870 3343 1868.9745568293586 3449.5474135133304 1916 3450 1917.0254431706414 3343.4525864866696
1908 3346 1906.996952650583 3450.220403208613 1988 3451 1989.003047349417 3346.779596791387
1987 3348 1985.9700274415723 3455.01803398965 2088 3456 2089.0299725584273 3348.98196601035
2144 3351 2143.0749586389084 3447.115286774532 2235 3448 2235.9250413610916 3351.884713225468
2219 3343 2217.9211695032004 3455.094558084014 2312 3456 2313.0788304967996 3343.905441915986
2302 3343 2300.892947636973 3458.026916440948 2402 3459 2403.107052363027 3343.973083559052
2390 3350 2388.93014457287 3461.1620144903345 2476 3462 2477.06985542713 3350.8379855096655
2470 3359 2468.9973231240733 3463.1819096154995 2554 3464 2555.0026768759267 3359.8180903845005
2540 3354 2538.9177426234146 3466.4506238203116 2596 3467 2597.0822573765854 3354.5493761796884
2586 3348 2584.892299308365 3463.094280228896 2679 3464 2680.107700691635 3348.905719771104
2659 3371 2658.0155511185317 3473.287952233306 2732 3474 2732.9844488814683 3371.712047766694
2719 3356 2717.8717558545923 3473.2288225680472 2798 3474 2799.1282441454077 3356.7711774319528
2799 3364 2798.0942054354646 3458.1154720112772 2890 3459 2890.9057945645354 3364.8845279887228
2878 3367 2877.036187190677 3467.1437864958766 2966 3468 2966.963812809323 3367.8562135041234
2942 3362 2940.969749586455 3469.046904184485 3040 3470 3041.030250413545 3362.953095815515
1107 5334 1104.896198336892 5552.592928566634 1355 5555 1357.103801663108 5336.407071433366
1318 5348 1316.1739713172765 5537.731268114654 1448 5539 1449.8260286827235 5349.268731885346
1446 5367 1444.3216476403938 5541.387141091541 1508 5542 1509.6783523596062 5367.612858908459
1490 5338 1488.105773963975 5534.8172303705505 1611 5536 1612.894226036025 5339.1827696294495
1600 5372 1598.330353767417 5545.4825416533795 1756 5547 1757.669646232583 5373.5174583466205
1723 5370 1721.1963671385013 5557.404257809936 1887 5559 1888.8036328614987 5371.595742190064
214 5580 212.67772228916243 5717.389641932009 380 5719 381.32227771083757 5581.610358067991
358 5588 356.77718900251557 5715.054675215311 455 5716 456.22281099748443 5588.945324784689
447 5587 445.7685844063357 5714.948725215877 555 5716 556.2314155936643 5588.051274784123
518 5568 516.5518771645636 5718.465425079392 676 5720 677.4481228354364 5569.534574920608
634 5598 632.848535380485 5717.641517417952 774 5719 775.151464619515 5599.358482582048
763 5586 761.7807085006738 5712.688986080735 898 5714 899.2192914993262 5587.311013919265
899 5568 897.4877461071851 5725.128883850361 988 5726 989.5122538928149 5568.871116149639
986 5586 984.7676582226098 5714.044959198661 1084 5715 1085.2323417773903 5586.955040801339
1082 5592 1080.8211381671408 5714.488191229699 1134 5715 1135.1788618328592 5592.511808770301
1132 5612 1130.9414351018552 5721.988885939698 1236 5723 1237.0585648981448 5613.011114060302
1219 5606 1217.9118239600393 5719.065595270806 1315 5720 1316.0881760399607 5606.934404729194
1318 5599 1316.8239167183183 5721.199489281349 1400 5722 1401.1760832816817 5599.800510718651
1394 5596 1392.823083152965 5718.286099865854 1467 5719 1468.176916847035 5596.713900134146
1451 5591 1449.6713316214539 5729.0536564132135 1548 5730 1549.3286683785461 5591.9463435867865
1542 5608 1540.8672264668062 5725.699443044367 1676 5727 1677.1327735331938 5609.300556955633
227 5719 225.93218217706715 5829.950299728212 335 5831 336.06781782293285 5720.049700271788
342 5727 340.9701200599449 5834.008410591372 444 5835 445.0298799400551 5727.991589408628
444 5719 442.826232177633 5840.958904324391 551 5842 552.173767822367 5720.041095675609
546 5726 544.9623490291184 5833.815850007432 668 5835 669.0376509708816 5727.184149992568
658 5731 656.9810401154394 5836.873775633848 774 5838 775.0189598845606 5732.126224366152
771 5730 769.807726328057 5853.88173190142 886 5855 887.192273671943 5731.11826809858
874 5723 872.9046086394485 5836.815294297197 996 5838 997.0953913605515 5724.184705702803
976 5742 974.9342197812641 5852.738584966088 1106 5854 1107.0657802187359 5743.261415033912
1103 5723 1101.8263247960056 5844.949280926113 1211 5846 1212.1736752039944 5724.050719073887
1208 5731 1206.9166312029433 5843.566104599651 1252 5844 1253.0833687970567 5731.433895400349
1255 5730 1253.8944295309345 5844.872942068495 1371 5846 1372.1055704690655 5731.127057931505
1372 5744 1370.9889963830112 5849.04708942123 1470 5850 1471.0110036169888 5744.95291057877
1454 5728 1452.7879238212647 5853.939287054345 1563 5855 1564.2120761787353 5729.060712945655
2119 5747 2117.892855018601 5862.036539839226 2218 5863 2219.107144981399 5747.963460160774
2210 5738 2208.6943757712866 5873.659282320547 2348 5875 2349.3056242287134 5739.340717679453
206 5844 205.0096324551567 5946.902923683801 319 5948 319.9903675448433 5845.097076316199
306 5844 304.9780763275167 5950.181724378755 390 5951 391.0219236724833 5844.818275621245
388 5851 387.0128651857266 5953.567030783378 432 5954 432.9871348142734 5851.432969216622
426 5852 425.0156437369041 5954.278328835027 500 5955 500.9843562630959 5852.721671164973
498 5860 496.9886259095209 5965.085583014344 592 5966 593.0113740904792 5860.914416985656
583 5844 581.9111756314313 5957.132959058755 672 5958 673.0888243685687 5844.867040941245
674 5848 672.8992367738384 5962.3734513973395 738 5963 739.1007632261616 5848.6265486026605
738 5859 737.0508030686044 5957.6251416465375 776 5958 776.9491969313956 5859.3748583534625
770 5852 768.8903543225407 5967.296371592741 842 5968 843.1096456774593 5852.703628407259
842 5859 840.9690086394739 5966.123891370712 932 5967 933.0309913605261 5859.876108629288
935 5851 933.8633364951575 5969.103625772057 1027 5970 1028.1366635048425 5851.896374227943
1023 5852 1021.9292183891444 5963.258248473118 1099 5964 1100.0707816108556 5852.741751526882
1095 5863 1093.9300519544977 5974.171637888613 1180 5975 1181.0699480455023 5863.828362111387
1180 5854 1178.874256550652 5970.968990814532 1286 5972 1287.125743449348 5855.031009185468
2078 5878 2077.0461810624456 5977.105385521136 2170 5978 2170.9538189375544 5878.894614478864
2176 5887 2175.1330695020683 5977.077348891654 2271 5978 2271.8669304979317 5887.922651108346
2255 5875 2253.9395827344033 5985.181353905264 2339 5986 2340.0604172655967 5875.818646094736
2342 5879 2340.9791877479875 5985.0662435994145 2438 5986 2439.0208122520125 5879.9337564005855
2440 5868 2438.861113654216 5986.334587330736 2508 5987 2509.138886345784 5868.665412669264
2487 5887 2485.9603114249217 5995.027564769556 2587 5996 2588.0396885750783 5887.972435230444
2563 5878 2561.9510585001335 5986.98897855807 2667 5988 2668.0489414998665 5879.01102144193
2662 5884 2660.989552093247 5988.98934903156 2766 5990 2767.010447906753 5885.01065096844
212 5970 210.96873078435613 6077.152761565547 299 6078 300.0312692156439 5970.847238434453
294 5970 292.9194097541209 6082.2774026513025 368 6083 369.0805902458791 5970.7225973486975
339 5963 337.81420070166746 6086.209020061255 420 6087 421.18579929833254 5963.790979938745
414 5974 412.95031755315273 6083.065965744297 510 6084 511.04968244684727 5974.934034255703
507 5967 505.9037750740951 6080.901904881702 620 6082 621.0962249259048 5968.098095118298
611 5964 609.8622250746864 6082.219106551396 691 6083 692.1377749253136 5964.780893448604
667 5979 666.0070391407243 6082.172378835593 752 6083 752.9929608592757 5979.827621164407
743 5982 742.0458105889553 6081.143879114249 831 6082 831.9541894110447 5982.856120885751
806 5974 804.844274935346 6094.084193738755 900 6095 901.155725064654 5974.915806261245
887 5982 885.8060591973506 6106.054953070429 984 6107 985.1939408026494 5982.945046929571
962 5976 960.7950465234835 6101.199211426232 1044 6102 1045.2049534765165 5976.800788573768
1035 5963 1033.467943600393 6122.186439003285 1118 6123 1119.532056399607 5963.813560996715
2027 6011 2026.152316298625 6099.0775341284 2122 6100 2122.8476837013754 6011.9224658716
2111 5994 2109.958181202352 6102.248902929958 2188 6103 2189.041818797648 5994.751097070042
2186 6020 2185.1418593349936 6109.164052094532 2272 6110 2272.8581406650064 6020.835947905468
2542 6004 2540.9851064113623 6109.45127214892 2598 6110 2599.0148935886377 6004.54872785108
2576 6000 2574.8724041832006 6117.1614587801 2662 6118 2663.1275958167994 6000.8385412199
2659 6000 2657.792638445796 6125.449419781467 2715 6126 2716.207361554204 6000.550580218533
208 6084 206.97872465612483 6190.1143605908055 299 6191 300.02127534387523 6084.8856394091945
287 6084 285.9415277202277 6193.979262541418 392 6195 393.0584722797723 6085.020737458582
382 6091 380.881934963106 6207.171174796749 467 6208 468.118065036894 6091.828825203251
462 6096 461.00639081211614 6199.239742623542 540 6200 540.9936091878837 6096.760257376458
526 6084 524.8755532078682 6200.834263238636 646 6202 647.1244467921318 6085.165736761364
628 6086 626.9112682498039 6199.123335660475 718 6200 719.0887317501961 6086.876664339525
700 6084 698.8924845451103 6199.075033432339 795 6200 796.1075154548897 6084.924966567661
795 6104 794.122334683319 6195.192737052621 878 6196 878.877665316681 6104.807262947379
871 6099 869.9214473583179 6211.065687889179 967 6212 968.0785526416821 6099.934312110821
960 6103 959.0835632350879 6198.221236773966 1040 6199 1040.916436764912 6103.778763226034
1035 6102 1034.002871313958 6205.605431758118 1075 6206 1075.997128686042 6102.394568241882
1075 6116 1074.1785931790275 6201.34726713531 1142 6202 1142.8214068209725 6116.65273286469
1138 6102 1137.008891508176 6204.979910870027 1243 6206 1243.991108491824 6103.020089129973
1236 6096 1234.902015325016 6210.08474944899 1330 6211 1331.097984674984 6096.91525055101
1326 6096 1324.8652814809818 6213.901534408212 1439 6215 1440.1347185190182 6097.098465591788
2564 6119 2563.0086136530585 6222.008781064862 2666 6223 2666.9913863469415 6119.991218935138
2668 6119 2666.9421760488362 6228.911898753471 2780 6230 2781.0578239511638 6120.088101246529
1123 6382 1121.1577809270152 6573.413510734725 1286 6575 1287.8422190729848 6383.586489265275
1282 6338 1279.4934885906932 6598.435990261851 1442 6600 1444.5065114093068 6339.564009738149
1434 6386 1432.2831629597513 6564.385844578733 1600 6566 1601.7168370402487 6387.614155421267
1612 6386 1610.2420760522054 6568.654929257035 1750 6570 1751.7579239477946 6387.345070742965
1752 6394 1750.159633294467 6585.221042769157 1935 6587 1936.840366705533 6395.778957230843
1932 6383 1929.978169090297 6593.0758580852225 2026 6594 2028.021830909703 6383.9241419147775
262 6576 261.10290265001714 6669.211798612432 343 6670 343.89709734998286 6576.788201387568
336 6578 335.06524262225713 6675.124817554438 426 6676 426.93475737774287 6578.875182445562
422 6572 421.00305655070304 6675.586184961561 464 6676 464.99694344929696 6572.413815038439
456 6582 455.10123551931053 6675.385019781443 519 6676 519.8987644806894 6582.614980218557
519 6595 518.2281920643806 6675.19375585472 602 6676 602.7718079356194 6595.80624414528
600 6587 599.0746807837902 6683.144156969367 688 6684 688.9253192162098 6587.855843030633
683 6596 682.1319580815973 6686.192829670994 766 6687 766.8680419184027 6596.807170329006
751 6580 750.1025321765268 6673.250292205546 828 6674 828.8974678234732 6580.749707794454
834 6588 833.0447917868569 6687.249736495311 911 6688 911.9552082131431 6588.750263504689
907 6604 906.2175498640038 6685.299520617408 979 6686 979.7824501359962 6604.700479382592
967 6587 966.0723653244756 6683.384741926325 1030 6684 1030.9276346755244 6587.615258073675
1031 6599 1030.0851377474219 6694.057639003234 1128 6695 1128.9148622525781 6599.942360996766
1120 6602 1119.1031805051348 6695.182928417598 1204 6696 1204.8968194948652 6602.817071582402
1195 6602 1194.0750512572806 6698.105663376254 1287 6699 1287.9249487427194 6602.894336623746
255 6683 254.0464589175634 6782.076515326301 350 6783 350.9535410824366 6683.923484673699
340 6679 339.01694039412035 6781.143601259131 428 6782 428.98305960587965 6679.856398740869
430 6686 429.00842841631305 6789.028027861418 530 6790 530.9915715836869 6686.971972138582
515 6679 513.8978474982496 6793.517802371514 564 6794 565.1021525017504 6679.482197628486
555 6683 553.9230218706517 6794.902090118447 668 6796 669.0769781293483 6684.097909881553
666 6679 664.853527860134 6798.12277995024 756 6799 757.146472139866 6679.87722004976
731 6688 729.8922066899925 6803.103903627175 823 6804 824.1077933100075 6688.896096372825
815 6700 814.0459032073279 6799.1342557159705 904 6800 904.9540967926721 6700.8657442840295
883 6691 881.9584590574697 6799.220032735122 963 6800 964.0415409425303 6691.779967264878
980 6699 979.0560823158418 6797.076607944674 1075 6798 1075.9439176841584 6699.923392055326
1054 6699 1053.0366502825398 6799.095669504485 1147 6800 1147.9633497174602 6699.904330495515
1146 6707 1145.0547856586256 6805.21133552057 1227 6806 1227.9452143413744 6707.78866447943
1216 6710 1215.0446991684842 6809.259359893589 1292 6810 1292.9553008315158 6710.740640106411
1295 6711 1294.0335938762446 6811.41324164767 1355 6812 1355.9664061237554 6711.58675835233
1352 6712 1350.9790025112427 6818.085490395971 1446 6819 1447.0209974887573 6712.914509604029
255 6790 254.0270268842616 6891.095576886112 348 6892 348.9729731157384 6790.904423113888
347 6796 346.1787784157727 6881.328020338753 416 6882 416.8212215842273 6796.671979661247
407 6787 406.01582897364926 6889.259082038471 483 6890 483.98417102635074 6787.740917961529
478 6794 477.1225199200641 6885.173490256065 563 6886 563.8774800799359 6794.826509743935
555 6796 554.1701738195928 6882.222070339319 635 6883 635.8298261804072 6796.777929660681
624 6799 622.9802991684588 6904.9507628200745 732 6906 733.0197008315412 6800.0492371799255
722 6808 721.0936497252292 6902.173212400947 807 6903 807.9063502747708 6808.826787599053
802 6807 801.1128039034132 6899.18302103597 886 6900 886.8871960965868 6807.81697896403
880 6802 878.9979714526816 6906.1145458275505 971 6907 972.0020285473184 6802.8854541724495
968 6804 966.9884406727757 6909.104829810901 1060 6910 1061.0115593272244 6804.895170189099
1054 6807 1052.9586442942148 6915.200785938566 1136 6916 1137.0413557057852 6807.799214061434
1131 6811 1129.9399532078937 6921.14286031215 1219 6922 1220.0600467921063 6811.85713968785
1212 6815 1211.0347052967156 6915.2977608683295 1284 6916 1284.9652947032844 6815.7022391316705
1280 6819 1278.9661374699238 6926.422216717339 1339 6927 1340.0338625300762 6819.577783282661
258 6896 257.0178665778462 6998.047367276347 356 6999 356.9821334221538 6896.952632723653
358 6894 356.9859399767159 6999.364661564415 423 7000 424.0140600232841 6894.635338435585
415 6896 413.939675352776 7006.171730506986 500 7007 501.060324647224 6896.828269493014
492 6903 491.04136490707117 7002.605802231608 532 7003 532.9586350929288 6903.394197768392
531 6895 529.7884795315005 7020.881546664674 646 7022 647.2115204684995 6896.118453335326
647 6914 646.0265637923986 7015.143693877503 735 7016 735.9734362076014 6914.856306122497
734 6908 733.006668667234 7011.210872428706 815 7012 815.993331332766 6908.789127571294
816 6915 815.0459958257004 7014.124632317692 906 7015 906.9540041742996 6915.875367682308
902 6911 900.8831390019496 7027.046070619132 1000 7028 1001.1168609980504 6911.953929380868
990 6915 988.8239167183184 7037.199489281349 1072 7038 1073.1760832816817 6915.800510718651
1063 6926 1061.9890890013837 7031.037466022952 1162 7032 1163.0109109986163 6926.962533977048
1154 6931 1153.0471072461717 7030.009151538353 1256 7031 1256.9528927538283 6931.990848461647
1251 6923 1249.9552174144292 7031.5568516748635 1296 7032 1297.0447825855708 6923.4431483251365
1288 6939 1287.1126186666681 7031.2022678325275 1370 7032 1370.8873813333319 6939.7977321674725
235 7012 234.01092911237288 7114.768196107904 362 7116 362.9890708876271 7013.231803892096
339 7015 337.90358983734995 7128.921151678259 450 7130 451.09641016265005 7016.078848321741
439 7018 437.9714167171611 7124.873683015475 555 7126 556.0285832828389 7019.126316984525
542 7020 540.9499470796625 7129.10445933741 634 7130 635.0500529203375 7020.89554066259
638 7020 636.9480947122107 7129.296927302977 710 7130 711.0519052877893 7020.703072697023
710 7030 709.0073169958421 7133.143508640759 798 7134 798.9926830041579 7030.856491359241
776 7023 774.8057813422328 7147.083823265264 870 7148 871.1942186577672 7023.916176734736
858 7031 856.8635217319027 7149.0843789755 952 7150 953.1364782680973 7031.9156210245
948 7035 946.8913731246392 7150.190514211679 1031 7151 1032.1086268753609 7035.809485788321
1022 7047 1021.0803215920474 7142.558055713707 1067 7143 1067.9196784079527 7047.441944286293
1063 7047 1061.997415742446 7151.172286217221 1148 7152 1149.002584257554 7047.827713782779
1128 7036 1126.8347441554404 7157.074477722104 1223 7158 1224.1652558445596 7036.925522277896
1203 7050 1201.9898299483643 7154.960478836725 1310 7156 1311.0101700516357 7051.039521163275
1311 7055 1310.0353536253238 7155.230397080381 1390 7156 1390.9646463746762 7055.769602919619
1370 7068 1369.0851377474219 7163.057639003234 1467 7164 1467.9148622525781 7068.942360996766
230 7136 228.778207804614 7262.94881783425 338 7264 339.221792195386 7137.05118216575
324 7142 322.88184234473346 7258.180798195029 408 7259 409.11815765526654 7142.819201804971
392 7148 390.9365263281081 7258.498926048449 443 7259 444.0634736718919 7148.501073951551
436 7146 434.8348367738129 7267.064854323826 532 7268 533.1651632261871 7146.935145676174
523 7148 521.9884406727757 7253.104829810901 615 7254 616.0115593272243 7148.895170189099
600 7170 599.189976326385 7254.164515186394 686 7255 686.810023673615 7170.835484813606
676 7167 675.0138839878249 7269.461173402316 731 7270 731.9861160121751 7167.538826597684
739 7175 738.0739398368096 7271.221144155593 819 7272 819.9260601631904 7175.778855844407
800 7162 798.9978788343088 7266.12416922583 890 7267 891.0021211656912 7162.87583077417
878 7175 876.9977862159362 7279.133792624108 967 7280 968.0022137840638 7175.866207375892
942 7180 941.0178665778462 7282.047367276347 1040 7283 1040.9821334221538 7180.952632723653
1028 7176 1026.9113608681766 7289.113712262198 1119 7290 1120.0886391318234 7176.886287737802
1092 7188 1091.0269342658892 7289.10520028439 1184 7290 1184.9730657341108 7188.89479971561
1178 7186 1177.0726431795933 7282.35587173149 1244 7283 1244.9273568204067 7186.64412826851
1246 7184 1245.1007724274477 7277.433136772835 1304 7278 1304.8992275725523 7184.566863227165
240 7276 239.06570571412004 7373.076700563045 335 7374 335.93429428587996 7276.923299436955
334 7267 332.95892214933264 7375.171915743731 419 7376 420.04107785066736 7267.828084256269
407 7278 406.0061129569984 7381.268612818377 482 7382 482.9938870430016 7278.731387181623
467 7271 465.9400458262663 7381.133236913873 556 7382 557.0599541737337 7271.866763086127
542 7283 541.0750512572806 7379.105663376254 634 7380 634.9249487427194 7283.894336623746
619 7283 618.0740324551822 7379.211520757315 700 7380 700.9259675448178 7283.788479242685
684 7295 683.0942054354647 7389.115472011276 775 7390 775.9057945645353 7295.884527988724
771 7292 769.9879775809128 7397.152946802292 858 7398 859.0120224190872 7292.847053197708
863 7292 862.0070391407243 7395.172378835593 948 7396 948.9929608592757 7292.827621164407
947 7292 945.9476316203478 7401.345044294368 1014 7402 1015.0523683796522 7292.654955705632
988 7302 987.037298611148 7402.028305716536 1088 7403 1088.962701388852 7302.971694283464
1060 7306 1059.0464589175633 7405.076515326301 1155 7406 1155.9535410824367 7306.923484673699
1134 7310 1133.0472924829166 7408.989904741796 1238 7410 1238.9527075170834 7311.010095258204
1223 7300 1221.9698422048273 7407.037280786207 1322 7408 1323.0301577951727 7300.962719213793
1320 7306 1319.0459958257006 7405.124632317692 1410 7406 1410.9540041742994 7306.875367682308
246 7396 245.02748997612454 7497.04745989472 344 7498 344.9725100238755 7396.95254010528
339 7391 338.00694652235165 7494.1820022338725 423 7495 423.99305347764835 7391.8179977661275
408 7388 406.8932254920909 7502.998046246113 511 7504 512.1067745079091 7389.001953753887
486 7412 485.0547856586255 7510.21133552057 567 7511 567.9452143413744 7412.78866447943
560 7408 559.0257302270453 7509.2303044620085 639 7510 639.9742697729547 7408.7696955379915
622 7398 620.9614228453926 7505.912083990215 734 7507 735.0385771546074 7399.087916009785
715 7402 713.8751827343779 7518.872756831749 831 7520 832.1248172656221 7403.127243168251
816 7412 814.9793729847329 7518.046996802858 914 7519 915.0206270152671 7412.953003197142
896 7410 894.9532813410756 7518.75801699939 1024 7520 1025.0467186589244 7411.24198300061
1010 7423 1009.1606430396871 7510.212354322668 1091 7511 1091.839356960313 7423.787645677332
1083 7418 1081.9221883052985 7529.988700702952 1187 7531 1188.0778116947015 7419.011299297048
255 7522 254.02610070053572 7623.191810868895 338 7624 338.9738992994643 7522.808189131105
340 7516 338.9864030685788 7621.316544573023 410 7622 411.0135969314212 7516.683455426977
402 7511 400.8922066899925 7626.103903627175 494 7627 495.1077933100075 7511.896096372825
496 7520 494.9687307843561 7627.152761565547 583 7628 584.0312692156439 7520.847238434453
579 7515 577.8055961054876 7639.10307006182 671 7640 672.1944038945124 7515.89692993818
668 7518 666.8816571079883 7634.200044991585 750 7635 751.1183428920117 7518.799955008415
747 7540 746.1034583602526 7633.154058222763 834 7634 834.8965416397474 7540.845941777237
819 7524 817.8269731246137 7645.881917138165 934 7647 935.1730268753863 7525.118082861835
931 7520 929.8536204785066 7639.113156551962 1022 7640 1023.1463795214934 7520.886843448038
1019 7532 1017.8915583613845 7647.171267415122 1104 7648 1105.1084416386157 7532.828732584878
230 7619 228.85528760921318 7737.939935382952 339 7739 340.1447123907868 7620.060064617048
320 7631 318.9994533466428 7734.960571455098 427 7736 428.0005466533572 7632.039428544902
420 7639 419.1514827332717 7727.164144712904 506 7728 506.8485172667283 7639.835855287096
483 7639 481.8914657430118 7754.180890813401 567 7755 568.1085342569883 7639.819109186599
556 7640 554.9682676924932 7747.200878556938 638 7748 639.0317323075068 7640.799121443062
623 7650 622.0856934576574 7744.999898613564 726 7746 726.9143065423426 7651.000101386436
714 7644 712.9411572467375 7754.017756134532 815 7755 816.0588427532625 7644.982243865468
816 7651 814.9938962442876 7755.537975351797 863 7756 864.0061037557124 7651.462024648203
855 7656 854.1225199200641 7747.173490256065 940 7748 940.8774800799359 7656.826509743935
920 7648 918.8739786955343 7764.997861009368 1023 7766 1024.1260213044657 7649.002138990632
243 7747 241.84084805556037 7867.440259475053 300 7868 301.15915194443966 7747.559740524947
284 7762 283.0067612856065 7865.201249030429 366 7866 366.9932387143935 7762.798750969571
358 7751 356.8133671363141 7874.29563064576 430 7875 431.1866328636859 7751.70436935424
422 7763 420.996952650583 7867.220403208613 502 7868 503.003047349417 7763.779596791387
482 7766 481.10290265001714 7859.211798612432 563 7860 563.8970973499829 7766.788201387568
550 7763 548.9023857985063 7877.046255855877 648 7878 649.0976142014937 7763.953744144123
640 7763 638.9018300882708 7877.103996245546 732 7878 733.0981699117292 7763.896003754454
724 7771 722.9368968015984 7881.460432455336 779 7882 780.0631031984016 7771.539567544664
770 7770 768.9688234027287 7877.143138167268 858 7878 859.0311765972713 7770.856861832732
858 7772 856.8692551585324 7889.4886543215625 910 7890 911.1307448414676 7772.5113456784375
902 7791 901.1220568282013 7882.221607247457 982 7883 982.8779431717987 7791.778392752543
975 7788 974.1423224268564 7877.11593510314 1066 7878 1066.8576775731437 7788.88406489686
1070 7774 1068.927088166575 7885.47958663352 1123 7886 1124.072911833425 7774.52041336648
1120 7802 1119.1224273016915 7893.183113654343 1204 7894 1204.8775726983085 7802.816886345657
1195 7799 1194.1609208948048 7886.183484127833 1279 7887 1279.8390791051952 7799.816515872167
235 7887 234.0457179705827 7986.153502512528 322 7987 322.9542820294173 7887.846497487472
322 7892 321.01953370855273 7993.874146107339 438 7995 438.98046629144727 7893.125853892661
436 7892 434.9686381659836 7999.1623849638245 522 8000 523.0313618340165 7892.8376150361755
520 7902 519.0654278590023 7999.105570757881 612 8000 612.9345721409977 7902.894429242119
603 7904 602.0262859372808 8005.172564072339 688 8006 688.9737140627192 7904.827435927661
690 7903 689.0424763275422 8002.490321452268 742 8003 742.9575236724578 7903.509678547732
734 7914 732.9966747954652 8018.249273403448 811 8019 812.0033252045348 7914.750726596552
807 7906 805.9210768848275 8018.104181482292 899 8019 900.0789231151725 7906.895818517708
896 7920 894.9408793916197 8030.046626329367 994 8031 995.0591206083803 7920.953373670633
1146 7896 1144.4776596170439 8054.1769082233795 1230 8055 1231.5223403829561 7896.8230917766205
1283 7932 1281.979558221478 8038.027750006301 1383 8039 1384.020441778522 7932.972249993699
1360 7943 1359.0743103103 8039.1826505624795 1444 8040 1444.9256896897 7943.8173494375205
235 8043 234.05543398723364 8141.143971732621 323 8142 323.94456601276636 8043.856028267379
324 8040 322.9845507011271 8145.50901253859 374 8146 375.0154492988729 8040.49098746141
374 8062 373.1506491679184 8150.250755297408 451 8151 451.8493508320816 8062.749244702592
447 8054 445.9888111462661 8159.0663362177875 543 8160 544.011188853734 8054.9336637822125
534 8052 532.9781689458893 8158.172100980475 619 8159 620.0218310541107 8052.827899019525
618 8059 617.0077800877049 8162.095391649367 711 8163 711.9922199122951 8059.904608350633
728 8062 726.9131206172557 8174.9308676949095 838 8176 839.0868793827443 8063.0691323050905
219 8234 217.95115111850603 8342.979355159792 324 8344 325.048848881494 8235.020644840208
324 8230 322.9864030685788 8335.316544573023 394 8336 395.0135969314212 8230.683455426977
388 8236 387.0157363552767 8338.268705436749 463 8339 463.9842636447233 8236.731294563251
462 8220 460.5846284185765 8367.062446246138 558 8368 559.4153715814234 8220.937553753862
546 8236 545.0574715914305 8333.932256970498 656 8335 656.9425284085695 8237.067743029502
658 8244 656.9793729847329 8350.046996802857 756 8351 757.0206270152671 8244.953003197143
756 8250 755.0256376086728 8351.239927860288 834 8352 834.9743623913272 8250.760072139712
818 8252 817.0454401154649 8351.182372707362 902 8352 902.9545598845351 8252.817627292638
911 8248 909.9689160211012 8355.13351476899 1000 8356 1001.0310839788988 8248.86648523101
994 8260 993.0544151851352 8358.249829113682 1071 8359 1071.9455848148648 8260.750170886318
1056 8258 1055.0756995858887 8354.038299588306 1155 8355 1155.9243004141113 8258.961700411694
1256 8271 1255.1670247949248 8357.549265880783 1302 8358 1302.8329752050752 8271.450734119217
1292 8267 1291.073198889829 8363.298131341819 1364 8364 1364.926801110171 8267.701868658181
1360 8268 1359.0061129569983 8371.268612818376 1435 8372 1435.9938870430017 8268.731387181624
1422 8272 1421.094298053837 8366.105848612999 1514 8367 1514.905701946163 8272.894151387001
1507 8272 1506.1038288337431 8365.11556462965 1598 8366 1598.8961711662569 8272.88443537035
# Transcript
H EX AREIOY PAGOY BOY*
KAI H BOYLH TWN EXAKOSIW*
KAI O DHMOS O AQHNAIWN T*
KOSMHTHN HLIODWRON ) *
RAIEA
*CHMA TODERMEIAO KAI EIKO
*AS HLIODWROY KESTROFORO
*YNW TWDANEQENTO TYPW
*OY MEN EPEI QEOS ESTI KA*
***E PAISIN EFHBOISTOY *
****MHTWN E*OCON EIL
**** 
EPI AR**********OY MHTRODWROY SOYNIEW***
EFHBOI A***********AIDE*TAS KAI EAYTOY*
PAIDEY***
PLATWN )AIQALIDH*
HGEMWN ZWSIMOS *******YS
PAIDOTRIBHS DHM***********NOYSRAMN*****
GRAMMATEYS AF**************WRO****RAI***
OPLOMACOS DIONYS***************HN***
EFHBOI
CEILWN EYKARPOY
LYSIMACOS EYKARP**
AGAQOPOYS EYKAR***
ARCIMHDHS ANTIO***
ZWPYROS HLIODWRO
ARISTOBOYLOS ARI**
QEOLOGOS ERATWNO*
HDYLOS SWZOM***
CRYSERWS KA****
APOLLWNIOS *******
ILAROS EISIDWROY
YMENAIOS E**F*OD*****
DIOKLHS 
TRYFWN ASKL*PIADOY
# Lines: x1 y1 x2 y2 x3 y3 x4 y4
