# Baseline angle
0
# Boxes: x1 y1 x2 y2 x3 y3 x4 y4
1061 748 1061 913 1177 913 1177 748
1190 748 1190 921 1381 921 1381 748
1449 785 1449 897 1574 897 1574 785
750 922 750 1089 873 1089 873 922
858 898 858 1127 1004 1127 1004 898
1030 924 1030 1074 1200 1074 1200 924
1161 920 1161 1070 1319 1070 1319 920
1308 913 1308 1075 1425 1075 1425 913
1419 906 1419 1066 1547 1066 1547 906
1523 888 1523 1083 1631 1083 1631 888
1627 877 1627 1076 1796 1076 1796 877
1703 931 1703 1044 1789 1044 1789 931
817 1105 817 1221 933 1221 933 1105
902 1067 902 1215 1056 1215 1056 1067
1041 1083 1041 1231 1190 1231 1190 1083
1203 1080 1203 1225 1351 1225 1351 1080
1352 1053 1352 1255 1490 1255 1490 1053
1481 1076 1481 1200 1612 1200 1612 1076
1607 1078 1607 1197 1736 1197 1736 1078
819 1230 819 1365 917 1365 917 1230
909 1230 909 1390 1053 1390 1053 1230
1024 1231 1024 1393 1151 1393 1151 1231
1194 1227 1194 1382 1364 1382 1364 1227
1351 1235 1351 1381 1494 1381 1494 1235
1488 1223 1488 1353 1631 1353 1631 1223
1115 1399 1115 1500 1182 1500 1182 1399
1170 1387 1170 1543 1293 1543 1293 1387
1281 1381 1281 1531 1420 1531 1420 1381
1415 1385 1415 1561 1541 1561 1541 1385
1526 1378 1526 1548 1692 1548 1692 1378
1910 439 1910 532 2001 532 2001 439
1788 574 1788 662 1907 662 1907 574
1896 566 1896 663 1976 663 1976 566
1974 564 1974 665 2060 665 2060 564
2056 569 2056 665 2104 665 2104 569
2088 560 2088 675 2188 675 2188 560
2187 554 2187 666 2289 666 2289 554
2280 564 2280 650 2381 650 2381 564
1792 687 1792 790 1896 790 1896 687
1876 694 1876 783 1960 783 1960 694
1945 684 1945 785 2033 785 2033 684
2001 686 2001 785 2088 785 2088 686
2083 694 2083 778 2172 778 2172 694
2171 689 2171 790 2248 790 2248 689
2240 690 2240 780 2272 780 2272 690
2273 687 2273 780 2356 780 2356 687
2342 676 2342 785 2414 785 2414 676
2398 673 2398 786 2499 786 2499 673
2464 678 2464 785 2556 785 2556 678
2532 694 2532 783 2625 783 2625 694
2624 687 2624 790 2702 790 2702 687
2697 684 2697 802 2814 802 2814 684
2782 684 2782 770 2888 770 2888 684
2886 674 2886 786 2977 786 2977 674
2971 692 2971 786 3017 786 3017 692
3012 676 3012 786 3100 786 3100 676
2246 815 2246 924 2344 924 2344 815
2352 814 2352 919 2428 919 2428 814
2412 810 2412 913 2500 913 2500 810
2499 801 2499 913 2547 913 2547 801
2541 820 2541 908 2625 908 2625 820
2622 810 2622 908 2725 908 2725 810
2732 815 2732 919 2785 919 2785 815
2772 806 2772 919 2859 919 2859 806
2831 811 2831 905 2927 905 2927 811
2918 802 2918 914 3028 914 3028 802
1812 937 1812 1047 1916 1047 1916 937
1902 926 1902 1041 2002 1041 2002 926
1979 936 1979 1045 2060 1045 2060 936
2052 927 2052 1036 2134 1036 2134 927
2126 940 2126 1033 2182 1033 2182 940
2169 935 2169 1044 2257 1044 2257 935
2251 940 2251 1041 2326 1041 2326 940
2318 934 2318 1046 2396 1046 2396 934
2398 935 2398 1044 2491 1044 2491 935
2468 953 2468 1039 2561 1039 2561 953
2553 940 2553 1044 2630 1044 2630 940
2620 929 2620 1041 2705 1041 2705 929
2692 924 2692 1034 2793 1034 2793 924
2787 916 2787 1039 2865 1039 2865 916
2868 935 2868 1028 2902 1028 2902 935
2902 926 2902 1036 2985 1036 2985 926
2972 922 2972 1035 3022 1035 3022 922
3013 928 3013 1032 3085 1032 3085 928
3091 929 3091 1049 3184 1049 3184 929
1817 1076 1817 1170 1912 1170 1912 1076
1899 1050 1899 1201 1992 1201 1992 1050
1979 1078 1979 1177 2030 1177 2030 1078
2020 1074 2020 1178 2116 1178 2116 1074
2104 1068 2104 1175 2184 1175 2184 1068
2168 1062 2168 1174 2219 1174 2219 1062
2201 1057 2201 1183 2294 1183 2294 1057
2289 1062 2289 1189 2316 1189 2316 1062
2308 1049 2308 1172 2416 1172 2416 1049
2387 1068 2387 1161 2488 1161 2488 1068
2480 1070 2480 1161 2587 1161 2587 1070
2568 1063 2568 1178 2636 1178 2636 1063
2622 1057 2622 1177 2710 1177 2710 1057
2704 1065 2704 1170 2772 1170 2772 1065
2769 1068 2769 1167 2867 1167 2867 1068
2868 1065 2868 1167 2910 1167 2910 1065
2908 1052 2908 1164 2990 1164 2990 1052
2980 1060 2980 1158 3086 1158 3086 1060
3060 1063 3060 1191 3148 1191 3148 1063
1799 1195 1799 1307 1912 1307 1912 1195
1895 1215 1895 1305 1937 1305 1937 1215
1936 1202 1936 1298 2033 1298 2033 1202
2021 1192 2021 1290 2122 1290 2122 1192
2108 1196 2108 1294 2204 1294 2204 1196
2187 1193 2187 1303 2281 1303 2281 1193
2280 1199 2280 1295 2323 1295 2323 1199
2318 1193 2318 1297 2402 1297 2402 1193
2398 1193 2398 1303 2498 1303 2498 1193
2501 1189 2501 1312 2577 1312 2577 1189
2588 1201 2588 1302 2641 1302 2641 1201
2636 1198 2636 1308 2726 1308 2726 1198
2726 1196 2726 1306 2811 1306 2811 1196
2793 1194 2793 1289 2905 1289 2905 1194
2892 1205 2892 1288 2931 1288 2931 1205
2926 1193 2926 1303 3003 1303 3003 1193
2992 1194 2992 1298 3100 1298 3100 1194
3097 1188 3097 1305 3169 1305 3169 1188
1812 1327 1812 1434 1923 1434 1923 1327
1908 1318 1908 1444 1964 1444 1964 1318
1953 1326 1953 1434 2049 1434 2049 1326
2026 1321 2026 1431 2125 1431 2125 1321
2118 1316 2118 1423 2209 1423 2209 1316
2205 1330 2205 1438 2303 1438 2303 1330
2305 1325 2305 1429 2349 1429 2349 1325
2328 1330 2328 1438 2434 1438 2434 1330
2412 1334 2412 1444 2520 1444 2520 1334
2532 1320 2532 1435 2611 1435 2611 1320
2833 1313 2833 1424 2926 1424 2926 1313
2906 1321 2906 1425 3010 1425 3010 1321
3015 1325 3015 1420 3052 1420 3052 1325
1814 1458 1814 1559 1907 1559 1907 1458
1883 1460 1883 1558 1985 1558 1985 1460
1961 1471 1961 1579 2047 1579 2047 1471
2046 1434 2046 1598 2145 1598 2145 1434
2132 1462 2132 1577 2188 1577 2188 1462
2175 1471 2175 1562 2254 1562 2254 1471
2257 1469 2257 1562 2304 1562 2304 1469
2314 1470 2314 1544 2338 1544 2338 1470
2332 1451 2332 1552 2416 1552 2416 1451
2395 1466 2395 1554 2459 1554 2459 1466
2468 1461 2468 1559 2535 1559 2535 1461
2537 1459 2537 1550 2630 1550 2630 1459
2633 1470 2633 1542 2723 1542 2723 1470
2726 1420 2726 1577 2825 1577 2825 1420
2809 1452 2809 1545 2892 1545 2892 1452
2879 1469 2879 1561 2950 1561 2950 1469
2939 1454 2939 1548 3003 1548 3003 1454
3010 1464 3010 1555 3078 1555 3078 1464
2151 1599 2151 1678 2186 1678 2186 1599
2192 1584 2192 1687 2275 1687 2275 1584
2277 1580 2277 1682 2381 1682 2381 1580
2363 1577 2363 1676 2455 1676 2455 1577
2445 1573 2445 1685 2537 1685 2537 1573
2543 1566 2543 1677 2607 1677 2607 1566
2605 1566 2605 1673 2704 1673 2704 1566
2702 1575 2702 1664 2797 1664 2797 1575
2788 1567 2788 1676 2875 1676 2875 1567
2877 1578 2877 1672 2927 1672 2927 1578
2923 1582 2923 1675 3022 1675 3022 1582
3011 1577 3011 1668 3097 1668 3097 1577
2609 1679 2609 1826 2705 1826 2705 1679
2689 1714 2689 1802 2723 1802 2723 1714
2720 1708 2720 1799 2776 1799 2776 1708
2777 1703 2777 1799 2810 1799 2810 1703
2808 1705 2808 1818 2899 1818 2899 1705
2885 1709 2885 1805 2949 1805 2949 1709
2945 1702 2945 1809 3004 1809 3004 1702
2997 1706 2997 1812 3027 1812 3027 1706
3031 1712 3031 1806 3099 1806 3099 1712
2404 1710 2404 1804 2480 1804 2480 1710
2470 1697 2470 1814 2555 1814 2555 1697
2539 1703 2539 1809 2614 1809 2614 1703
2904 1844 2904 1935 3002 1935 3002 1844
2986 1820 2986 1940 3111 1940 3111 1820
2763 1836 2763 1964 2833 1964 2833 1836
# Transcript
GAH
S)COLARGE
DOSSFHT
*ROYANT
ISTHS
*O*
POSIDWN**
ASKLHPIODOTOS SWSIS*
KEKROPIDOS
MYSTIKOSELEYSEINIOY
AFRODISIOSARTEMIDWR
DIONYSIOSARTEMIDWR
DIONYSIOS)EPI*
EPAFRODITOSNHFONTO
IPPOQEWNTIDO
***DHSFILISTEID
*I*OY

# Lines: x1 y1 x2 y2 x3 y3 x4 y4
1033 828 1595 831
720 1014 1810 1020
804 1164 1762 1150
773 1294 1686 1290
1058 1451 1736 1466
1849 502 2158 495
1796 609 2657 599
1724 735 3142 719
2249 858 3035 844
1825 985 3168 978
1801 1121 3161 1113
1801 1252 3198 1239
1825 1385 3163 1367
1816 1506 3129 1476
2153 1633 3185 1625
2284 1751 3203 1748
2563 1879 3185 1879