# Baseline angle
0.00030665796843809545
# Boxes: x1 y1 x2 y2 x3 y3 x4 y4
591 622 590.9610642205171 748.9680956303154 695 749 695.0389357794829 622.0319043696846
744 628 743.9641298596181 744.9711631501984 838 745 838.0358701403819 628.0288368498016
894 633 893.965050961935 746.9674835369253 1000 747 1000.034949038065 633.0325164630747
1226 638 1225.9708768046962 732.9696319293128 1325 733 1325.0291231953038 638.0303680706872
1650 626 1649.9659701834698 736.9699370826363 1748 737 1748.0340298165302 626.0300629173637
1351 636 1350.9693439851458 735.9680981693713 1455 736 1455.0306560148542 636.0319018306287
433 794 432.9708766166181 888.9702452452112 530 889 530.0291233833818 794.0297547547888
597 799 596.9668900632784 906.9702440227029 694 907 694.0331099367216 799.0297559772971
758 792 757.9668893109655 899.9726972862966 847 900 847.0331106890345 792.0273027137034
904 796 903.9659708417436 906.9677904769918 1009 907 1009.0340291582564 796.0322095230082
1064 799 1063.9668900632782 906.9702440227029 1161 907 1161.0331099367218 799.0297559772971
1376 804 1375.969034129867 904.9785244456053 1446 905 1446.030965870133 804.0214755543947
1517 804 1516.971183086489 897.9708586551487 1612 898 1612.028816913511 804.0291413448513
1667 799 1666.9687305752084 900.9684046392422 1770 901 1770.0312694247916 799.0315953607578
1810 634 1809.9650512440523 747.9665635630777 1919 748 1919.0349487559477 634.0334364369223
2104 632 2103.9690373271965 732.9680980753321 2208 733 2208.0309626728035 632.0319019246679
2272 641 2271.970877274892 735.9680986395667 2376 736 2376.029122725108 641.0319013604333
1806 789 1805.9647446801423 903.9662568110894 1916 904 1916.0352553198577 789.0337431889106
1959 791 1958.9665844397593 899.9668706912224 2067 900 2067.0334155602404 791.0331293087776
2114 797 2113.9711840268806 890.9677920756567 2219 891 2219.0288159731194 797.0322079243433
2274 801 2273.9684241053374 903.9677912293047 2379 904 2379.0315758946626 801.0322087706953
2436 637 2435.9684249516895 739.9650313077618 2550 740 2550.0315750483105 637.0349686922382
2605 636 2604.9687289765434 737.9736178243788 2691 738 2691.0312710234566 636.0263821756212
2749 640 2748.9711840268806 733.9677920756567 2854 734 2854.0288159731194 640.0322079243433
2898 640 2897.971490120595 732.9696321173909 2997 733 2997.028509879405 640.0303678826091
3055 622 3054.965971405978 732.9659505292965 3166 733 3166.034028594022 622.0340494707035
3230 638 3229.966581900703 746.9751504558511 3311 747 3311.033418099297 638.0248495441489
3375 637 3374.9699576772005 734.9668717256526 3483 735 3483.0300423227995 637.0331282743474
3537 627 3536.964746184768 741.961350283902 3663 742 3663.035253815232 627.038649716098
3876 625 3875.963826681116 742.9598167120386 4007 743 4007.036173318884 625.0401832879614
4068 622 4067.9650492692313 735.973003380011 4156 736 4156.034950730768 622.026996619989
4233 624 4232.964743269556 738.9708566803274 4328 739 4328.035256730444 624.0291433196726
4383 614 4382.961066477456 740.9607358395342 4511 741 4511.038933522544 614.0392641604658
2437 794 2436.9662776877713 903.9671772551326 2544 904 2544.0337223122287 794.0328227448674
2589 795 2588.967197379501 901.9680975110974 2693 902 2693.032802620499 795.0319024889026
2748 794 2747.9690372331575 894.9684047332813 2851 895 2851.0309627668425 794.0315952667187
3049 784 3048.965051808287 897.9647236153824 3164 898 3164.034948191713 784.0352763846176
3215 784 3214.9632123307874 903.9631897614016 3335 904 3335.0367876692126 784.0368102385984
3380 787 3379.965051150013 900.9668702210269 3488 901 3488.034948849987 787.0331297789731
3545 777 3544.9583052393655 912.9650282044712 3659 913 3659.0416947606345 777.0349717955288
3728 781 3727.95799923969 917.9628815047877 3849 918 3849.04200076031 781.0371184952123
3898 781 3897.959531306927 912.966868528323 4006 913 4006.040468693073 781.033131471677
4061 785 4060.963823483786 902.9702430823118 4158 903 4158.036176516214 785.0297569176882
4225 793 4224.967504413607 898.9668709733396 4333 899 4333.032495586393 793.0331290266604
4223 970 4222.970263958993 1066.9680984514885 4327 1067 4327.029736041007 970.0319015485115
4053 955 4052.961677536415 1079.9680958183935 4157 1080 4157.038322463584 955.0319041816065
3896 967 3895.9668901573173 1074.9699373647536 3994 1075 3994.0331098426827 967.0300626352463
3731 972 3730.966891473865 1079.9656441534646 3843 1080 3843.033108526135 972.0343558465354
3556 966 3555.9662777818103 1075.9668705971833 3664 1076 3664.0337222181897 966.0331294028167
3404 968 3403.9671969093056 1074.9696308008436 3503 1075 3503.0328030906944 968.0303691991564
3228 968 3227.9671976616187 1074.9671775372499 3335 1075 3335.0328023383813 968.0328224627502
3064 967 3063.968424575533 1069.9662579395585 3174 1070 3174.031575424467 967.0337420604413
2914 976 2913.969649608665 1074.9714715008517 3007 1075 3007.030350391335 976.0285284991483
2762 975 2761.9681160368013 1078.9723910045038 2852 1079 2852.0318839631987 975.0276089954962
2603 972 2602.9693438911067 1071.9684048273202 2706 1072 2706.0306561088933 972.0315951726795
2443 968 2442.9659709357825 1078.9674838190426 2549 1079 2549.0340290642175 968.0325161809574
2280 978 2279.9727167523915 1066.9696324935476 2379 1067 2379.0272832476085 978.0303675064525
1967 974 1966.9702636768761 1070.9690184253361 2068 1071 2068.029736323124 974.0309815746639
1666 959 1665.9662782520056 1068.9653373074373 1779 1069 1779.0337217479944 959.0346626925628
1515 969 1514.9721027782196 1059.9717789111137 1607 1060 1607.0278972217804 969.0282210888863
1369 965 1368.968114814293 1068.9763775578435 1446 1069 1446.031885185707 965.0236224421566
1223 967 1222.967810977517 1071.9671777253282 1330 1072 1330.032189022483 967.032822274672
899 955 898.9659710298217 1065.9671771610933 1006 1066 1006.0340289701783 955.0328228389067
731 954 730.9632119546308 1073.9644163931985 847 1074 847.0367880453692 954.0355836068015
584 963 583.96535912451 1075.962577103777 706 1076 706.03464087549 963.037422896223
438 1128 437.9684236351418 1230.9693245190508 538 1231 538.0315763648583 1128.0306754809492
595 1129 594.9671971914231 1235.968710826996 697 1236 697.0328028085769 1129.031289173004
894 1123 893.9693440791849 1222.9677915114219 999 1223 999.0306559208151 1123.0322084885781
1068 1122 1067.968116601036 1225.9705510568085 1164 1226 1164.031883398964 1122.0294489431915
1220 1125 1219.9671975675797 1231.967484195199 1326 1232 1326.0328024324203 1125.032515804801
1371 1129 1370.9671954987193 1235.9742306700819 1455 1236 1455.0328045012807 1129.0257693299181
1513 1133 1512.9733301623291 1219.9693260236763 1613 1220 1613.0266698376709 1133.0306739763237
1668 1129 1667.967198037775 1235.9659509054532 1779 1236 1779.032801962225 1129.0340490945468
1823 1127 1822.9656636195596 1238.969630330648 1922 1239 1922.0343363804404 1127.030369669352
1963 1124 1962.9687298228953 1225.9708579028359 2058 1226 2058.0312701771045 1124.0291420971641
2125 1130 2124.9675030030203 1235.971470842578 2218 1236 2218.0324969969797 1130.028529157422
2278 1133 2277.9699572070053 1230.9684050153987 2381 1231 2381.0300427929947 1133.0315949846013
2447 1137 2446.9675038493724 1242.968710921035 2549 1243 2549.0324961506276 1137.031289078965
2600 1135 2599.968730669247 1236.968097981293 2704 1237 2704.031269330753 1135.031902018707
2755 1136 2754.9681175414275 1239.9674844773162 2861 1240 2861.0318824585725 1136.0325155226838
3071 1134 3070.969342950716 1233.9714714068127 3164 1234 3164.030657049284 1134.0285285931873
3226 1133 3225.9678105073217 1237.968711015074 3328 1238 3328.0321894926783 1133.031288984926
3390 1125 3389.964131646361 1241.9653366491636 3503 1242 3503.035868353639 1125.0346633508364
3554 1113 3553.963824236099 1230.967789818718 3659 1231 3659.036175763901 1113.032210181282
3725 1126 3724.9650513380916 1239.9662569051284 3835 1240 3835.0349486619084 1126.0337430948716
3893 1121 3892.969036762962 1221.9699380230275 3991 1222 3991.030963237038 1121.0300619769725
4228 1114 4227.966582653016 1222.9726971922573 4317 1223 4317.033417346984 1114.0273028077427
4397 1124 4396.966584157642 1232.96779066507 4502 1233 4502.033415842358 1124.03220933493
4225 1275 4224.963824894373 1392.9656432130737 4337 1393 4337.036175105627 1275.0343567869263
4064 1280 4063.9665825589773 1388.9730038502066 4152 1389 4152.033417441024 1280.0269961497934
1055 629 1054.964130611931 745.9687098866049 1157 746 1157.035869388069 629.0312901133951
1510 634 1509.966889781161 741.9711639965504 1604 742 1604.033110218839 634.0288360034496
3899 1278 3898.965971405978 1388.9659505292966 4010 1389 4010.034028594022 1278.0340494707034
3748 1295 3747.9705677957695 1390.977298284004 3822 1391 3822.0294322042305 1295.022701715996
3548 1278 3547.9668918500215 1385.9644175216679 3664 1386 3664.0331081499785 1278.0355824783321
3402 1289 3401.969034976219 1389.9757645240625 3481 1390 3481.030965023781 1289.0242354759375
2917 1283 2916.969343420911 1382.9699381170665 3015 1383 3015.030656579089 1283.0300618829335
2763 1283 2762.9687307632867 1384.9677913233438 2868 1385 2868.0312692367133 1283.0322086766562
2620 1289 2619.9705681719256 1384.976071652207 2698 1385 2698.0294318280744 1289.023928347793
2453 1283 2452.965969995392 1393.9705503985347 2549 1394 2549.034030004608 1283.0294496014653
2274 1285 2273.9687314215603 1386.9656447176992 2386 1387 2386.0312685784397 1285.0343552823008
2120 1283 2119.9702643351497 1379.9668718196917 2228 1380 2228.0297356648503 1283.0331281803083
3230 1278 3229.9662773116142 1387.9684038869293 3333 1388 3333.0337226883858 1278.0315961130707
1977 1280 1976.9684236351418 1382.9693245190508 2077 1383 2077.031576364858 1280.0306754809492
1829 1274 1828.9671965331495 1380.9708574326403 1924 1381 1924.0328034668505 1274.0291425673597
1672 1279 1671.9699576772007 1376.9668717256525 1780 1377 1780.0300423227993 1279.0331282743475
1514 1279 1513.968117447388 1382.9677911352655 1619 1383 1619.031882552612 1279.0322088647345
1357 1278 1356.971183086489 1371.9708586551487 1452 1372 1452.028816913511 1278.0291413448513
1214 1278 1213.9693436089894 1377.969324801168 1314 1378 1314.0306563910106 1278.030675198832
1064 1289 1063.9757828616882 1367.9711667236845 1158 1368 1158.0242171383118 1289.0288332763155
914 1274 913.966888088457 1381.9766838396363 990 1382 990.033111911543 1274.0233161603637
745 1279 744.9681166010361 1382.9705510568085 841 1383 841.0318833989639 1279.0294489431915
595 1284 594.9711828043718 1377.9717786289964 687 1378 687.0288171956282 1284.0282213710036
433 1274 432.9681169771925 1377.9693244250118 533 1378 533.0318830228075 1274.0306755749882
590 1411 589.9641299536572 1527.9708564922494 685 1528 685.0358700463428 1411.0291435077506
743 1422 742.9659707477045 1532.968097134941 847 1533 847.0340292522955 1422.031902865059
901 1423 900.9629044503297 1543.9671762207022 1008 1544 1008.0370955496703 1423.0328237792978
1073 1426 1072.9684218483985 1528.9751510200858 1154 1529 1154.0315781516015 1426.0248489799142
1209 1427 1208.9675040374505 1532.9680976051366 1313 1533 1313.0324959625495 1427.0319023948634
1378 1420 1377.9653541404373 1532.9788299750853 1447 1533 1447.0346458595627 1420.0211700249147
1508 1425 1507.9659702775089 1535.969630424687 1607 1536 1607.0340297224911 1425.030369575313
1678 1433 1677.971795838153 1524.9726987909223 1767 1525 1767.028204161847 1433.0273012090777
1817 1433 1816.9668909096304 1540.96748410116 1923 1541 1923.0331090903696 1433.03251589884
1964 1427 1963.9653576198841 1539.9674836309646 2070 1540 2070.0346423801157 1427.0325163690354
2123 1429 2122.966276841419 1538.9699371766753 2221 1539 2221.033723158581 1429.0300628233247
2297 1436 2296.967501780512 1541.9754573959176 2377 1542 2377.032498219488 1436.0245426040824
2453 1430 2452.9638225433955 1547.9733096618038 2540 1548 2540.0361774566045 1430.0266903381962
2612 1430 2611.9647432695556 1544.9708566803274 2707 1545 2707.0352567304444 1430.0291433196726
2763 1425 2762.964130047696 1541.9705498343003 2859 1542 2859.035869952304 1425.0294501656997
2915 1427 2914.964745338416 1541.964110205445 3032 1542 3032.035254661584 1427.035889794555
3083 1428 3082.966274960637 1537.9760703356596 3161 1538 3161.033725039363 1428.0239296643404
3229 1423 3228.9659704655874 1533.9690171087886 3330 1534 3330.0340295344126 1423.0309828912114
3550 1433 3549.966890721552 1540.9680974170583 3654 1541 3654.033109278448 1433.0319025829417
3734 1434 3733.967504319568 1539.967177631289 3841 1540 3841.032495680432 1434.032822368711
3902 1430 3901.9705701467474 1525.9696318352737 4001 1526 4001.0294298532526 1430.0303681647263
4074 1422 4073.965354328516 1534.9782166591867 4145 1535 4145.034645671485 1422.0217833408133
4229 1420 4228.965664089756 1531.968097040902 4333 1532 4333.034335910244 1420.031902959098
4412 1586 4411.965050491739 1699.9690168266713 4513 1700 4513.034949508261 1586.0309831733287
4411 1749 4410.966891097708 1856.9668707852616 4519 1857 4519.033108902292 1749.0331292147384
4395 2062 4394.966279192397 2171.962270727945 4518 2172 4518.033720807603 2062.037729272055
4405 2231 4404.971491907338 2323.963805616356 4523 2324 4523.028508092662 2231.036194383644
4418 2404 4417.965357902001 2516.9665636571167 4527 2517 4527.034642097999 2404.0334363428833
4417 2574 4416.970877180853 2668.968405297516 4520 2669 4520.029122819147 2574.031594702484
4419 2721 4418.966584345721 2829.967177349172 4526 2830 4526.033415654279 2721.032822650828
4425 2885 4424.968421848399 2987.975151020086 4506 2988 4506.031578151601 2885.024848979914
4421 3035 4420.969037609314 3135.9671781014845 4528 3136 4528.030962390686 3035.0328218985155
4419 3181 4418.965665500342 3292.9634971716637 4538 3293 4538.034334499658 3181.0365028283363
4429 3352 4428.971184591114 3445.9659521279614 4540 3446 4540.028815408886 3352.0340478720386
4427 3504 4426.9693450195755 3603.96472493193 4542 3604 4542.0306549804245 3504.03527506807
4255 3849 4254.964437551997 3964.967790006796 4360 3965 4360.035562448003 3849.032209993204
4257 3659 4256.9616763139065 3783.972082371733 4348 3784 4348.0383236860935 3659.027917628267
4235 3495 4234.966893260608 3602.9598176524296 4366 3603 4366.033106739392 3495.0401823475704
4249 3347 4248.965972440408 3457.9625772918553 4371 3458 4371.034027559592 3347.0374227081447
4252 3187 4251.963824330138 3304.967483160769 4358 3305 4358.036175669862 3187.032516839231
4269 3042 4268.968727095761 3143.979750983363 4335 3144 4335.031272904239 3042.020249016637
4267 2871 4266.964127790758 2987.9779096250813 4339 2988 4339.035872209242 2871.0220903749187
4235 2719 4234.964743551673 2833.9699367064795 4333 2834 4333.035256448327 2719.0300632935205
4255 2571 4254.961675091399 2695.976068925073 4333 2696 4333.038324908601 2571.023931074927
4246 2395 4245.96750300302 2500.9714708425777 4339 2501 4339.03249699698 2395.0285291574223
4241 2229 4240.968730669248 2330.968097981293 4345 2331 4345.031269330752 2229.031902018707
4253 2058 4252.969035634493 2158.973617918418 4339 2159 4339.030964365507 2058.026382081582
4262 1906 4261.969033753711 2006.9797510774022 4328 2007 4328.030966246289 1906.0202489225978
4252 1747 4251.9690340358275 1847.9788311035545 4321 1848 4321.0309659641725 1747.0211688964455
4234 1586 4233.9635176721895 1704.9674830667298 4340 1705 4340.0364823278105 1586.0325169332702
4070 1904 4069.9721034364934 1994.969632305469 4169 1995 4169.027896563507 1904.030367694531
4066 2061 4065.9671978496967 2167.9665642213513 4175 2168 4175.032802150303 2061.0334357786487
4083 2207 4082.957690136724 2344.970854517428 4178 2345 4178.042309863276 2207.029145482572
4061 2391 4060.9641317404003 2507.965029991214 4175 2508 4175.0358682596 2391.034970008786
3900 1582 3899.9671979437358 1688.9662575634022 4010 1689 4010.0328020562642 1582.0337424365978
3897 1743 3896.9632105440446 1862.9690162624368 3998 1863 3998.0367894559554 1743.0309837375632
3918 1897 3917.9671962510324 2003.9717774064882 4010 2004 4010.0328037489676 1897.0282225935118
3905 2055 3904.965664277833 2166.9674837250036 4011 2167 4011.034335722167 2055.0325162749964
3906 2220 3905.9625970400675 2341.969629390257 4005 2342 4005.0374029599325 2220.030370609743
3902 2404 3901.968422882829 2506.971777782644 3994 2507 3994.031577117171 2404.028222217356
3905 2576 3904.965356773532 2688.9702435525073 4002 2689 4002.034643226468 2576.0297564474927
4084 2572 4083.9690336596714 2672.9800577353512 4149 2673 4149.030966340329 2572.0199422646488
4065 2721 4064.9675042255285 2826.967484289238 4171 2827 4171.032495774471 2721.032515710762
4072 2879 4071.967197003345 2985.969324142894 4172 2986 4172.032802996655 2879.030675857106
3903 2727 3902.967503379177 2832.970244210781 4000 2833 4000.032496620823 2727.029755789219
3918 2881 3917.9684202497338 2983.9803642052225 3982 2984 3982.0315797502662 2881.0196357947775
3914 3047 3913.9671968152666 3153.969937458793 4012 3154 4012.0328031847334 3047.030062541207
4077 3048 4076.96750413149 3153.9677909471875 4182 3154 4182.0324958685105 3048.0322090528125
4097 3201 4096.969646599414 3299.9812845552265 4158 3300 4158.030353400586 3201.0187154447735
3907 3187 3906.964438022193 3302.9662567170503 4017 3303 4017.035561977807 3187.0337432829497
4078 3344 4077.9641301417355 3460.970243176351 4175 3461 4175.035869858264 3344.029756823649
3909 3346 3908.9681177295056 3449.966871161418 4017 3450 4017.0318822704944 3346.033128838582
3914 3505 3913.9644373639194 3620.968403322695 4017 3621 4017.0355626360806 3505.031596677305
4066 3498 4065.9638253645685 3615.964109923327 4183 3616 4183.036174635432 3498.035890076673
4093 3666 4092.9681166950754 3769.970244398859 4190 3770 4190.031883304925 3666.029755601141
3917 3668 3916.965664277833 3779.9674837250036 4023 3780 4023.034335722167 3668.0325162749964
3908 3839 3907.962905014564 3959.9653362730073 4021 3960 4021.037094985436 3839.0346637269927
3731 1574 3730.959837682759 1704.9677885962096 3836 1705 3836.040162317241 1574.0322114037904
3555 1569 3554.9622914165484 1691.9662560587765 3665 1692 3665.0377085834516 1569.0337439412235
3401 1581 3400.9659697132743 1691.9714703723826 3494 1692 3494.0340302867257 1581.0285296276174
3234 1596 3233.971182804372 1689.9717786289964 3326 1690 3326.028817195628 1596.0282213710036
3080 1597 3079.9678106013607 1701.9684043571249 3183 1702 3183.0321893986393 1597.0315956428751
2911 1599 2910.970263394759 1695.9699383991838 3009 1696 3009.029736605241 1599.0300616008162
2755 1587 2754.9681181056617 1690.965644529621 2867 1691 2867.0318818943383 1587.034355470379
2609 1596 2608.969036762962 1696.9699380230275 2707 1697 2707.030963237038 1596.0300619769725
3731 1750 3730.9668898752 1857.9708573386013 3826 1858 3826.0331101248 1750.0291426613987
3561 1749 3560.967197379501 1855.9680975110973 3665 1856 3665.032802620499 1749.0319024889027
3398 1761 3397.970263770915 1857.9687117673868 3500 1858 3500.029736229085 1761.0312882326132
3229 1747 3228.96566465399 1858.9662570932067 3339 1859 3339.03433534601 1747.0337429067933
3071 1754 3070.9714897444383 1846.9708587491878 3166 1847 3166.0285102555617 1754.0291412508122
2759 1753 2758.9708768046967 1847.9696319293128 2858 1848 2858.0291231953033 1753.0303680706872
3736 1904 3735.9708769927747 1998.9690186134144 3837 1999 3837.0291230072253 1904.0309813865856
3563 1899 3562.9650508678956 2012.9677901948744 3668 2013 3668.0349491321044 1899.0322098051256
3402 1902 3401.968422882829 2004.9717777826445 3494 2005 3494.031577117171 1902.0282222173555
3240 1911 3239.9684234470637 2013.9699378349492 3338 2014 3338.0315765529363 1911.0300621650508
3087 1901 3086.968730293091 2002.9693246130898 3187 2003 3187.031269706909 1901.0306753869102
2910 1907 2909.966891567904 2014.9653374955153 3023 2015 3023.033108432096 1907.0346625044847
2754 1898 2753.965357996041 2010.9662569991674 2864 2011 2864.034642003959 1898.0337430008326
3564 2059 3563.9687308573257 2160.9674846653943 3670 2161 3670.0312691426743 2059.0325153346057
3738 2224 3737.964743927829 2338.968710074683 3840 2339 3840.035256072171 2224.031289925317
3570 2224 3569.9681179175836 2327.9662578455195 3680 2328 3680.0318820824164 2224.0337421544805
3411 2216 3410.9635145688985 2334.9776027790535 3484 2335 3484.0364854311015 2216.0223972209465
3257 2064 3256.968727659996 2165.9779110356676 3329 2166 3329.031272340004 2064.0220889643324
3080 2053 3079.9671974735406 2159.967790853148 3185 2160 3185.0328025264594 2053.032209146852
2919 2066 2918.9711842149586 2159.967178759758 3026 2160 3026.0288157850414 2066.032821240242
2764 2065 2763.9671977556577 2171.9668708793006 2872 2172 2872.0328022443423 2065.0331291206994
3742 2408 3741.964742611282 2522.973003285972 3830 2523 3830.035257388718 2408.026996714028
3567 2408 3566.9671979437358 2514.9662575634025 3677 2515 3677.0328020562642 2408.0337424365975
3400 2407 3399.9656647480288 2518.9659504352576 3511 2519 3511.0343352519712 2407.0340495647424
3245 2219 3244.9622909463533 2341.9677893485227 3350 2342 3350.0377090536467 2219.0322106514773
3087 2220 3086.9613711605834 2345.9671757505066 3194 2346 3194.0386288394166 2220.0328242494934
2925 2224 2924.966277029497 2333.969323860777 3025 2334 3025.033722970503 2224.030676139223
2766 2223 2765.965971029822 2333.9671771610933 2873 2334 2873.034028970178 2223.0328228389067
3738 2567 3737.9635172960325 2685.9687096985267 3840 2686 3840.0364827039675 2567.0312903014733
3566 2562 3565.9644367056458 2677.970549928339 3662 2678 3662.0355632943542 2562.029450071661
3404 2579 3403.9693441732243 2678.967484853473 3510 2679 3510.0306558267757 2579.032515146527
3401 2716 3400.9647445861033 2830.9665634690386 3510 2831 3510.0352554138967 2716.0334365309614
3570 2722 3569.966278440084 2831.964723991539 3685 2832 3685.033721559916 2722.035276008461
3742 2728 3741.972716188157 2816.9714724412424 3835 2817 3835.027283811843 2728.0285275587576
3755 2885 3754.9711833686065 2978.9699386813013 3853 2979 3853.0288166313935 2885.0300613186987
3587 2873 3586.9675004639644 2978.979750607207 3653 2979 3653.0324995360356 2873.020249392793
3403 2881 3402.9687310454037 2982.966871349496 3511 2983 3511.0312689545963 2881.033128650504
3409 3043 3408.9690374212355 3143.967791417383 3514 3144 3514.0309625787645 3043.032208582617
3570 3027 3569.9625984506542 3148.9650295210186 3684 3149 3684.0374015493458 3027.0349704789814
3735 3029 3734.9613723830917 3154.963189197167 3855 3155 3855.0386276169083 3029.036810802833
3756 3198 3755.965968584805 3308.9751502677727 3837 3309 3837.034031415195 3198.0248497322273
3569 3186 3568.9659719702126 3296.9641105816013 3686 3297 3686.0340280297874 3186.0358894183987
3402 3187 3401.9653568675712 3299.969936894558 3500 3300 3500.0346431324288 3187.030063105442
3754 3359 3753.973636067966 3444.9717793813093 3846 3445 3846.026363932034 3359.0282206186907
3566 3334 3565.961985134756 3457.9650293329405 3680 3458 3680.038014865244 3334.0349706670595
3411 3348 3410.967196156993 3454.9720840644372 3502 3455 3502.032803843007 3348.0279159355628
3741 3499 3740.9681181056617 3602.9656445296214 3853 3603 3853.0318818943383 3499.0343554703786
3575 3496 3574.966891567904 3603.9653374955155 3688 3604 3688.033108432096 3496.0346625044845
3403 3488 3402.9644373639194 3603.968403322695 3506 3604 3506.0355626360806 3488.031596677305
3750 3669 3749.9656637135986 3780.9693236726985 3850 3781 3850.0343362864014 3669.0306763273015
3572 3655 3571.961985510912 3778.963802701144 3690 3779 3690.038014489088 3655.036197298856
3402 3655 3401.9629054847596 3775.9638029832613 3520 3776 3520.0370945152404 3655.0361970167387
3754 3844 3753.963210638083 3963.9687096044877 3856 3964 3856.036789361917 3844.0312903955123
3768 4018 3767.96566145666 4129.976683463479 3844 4130 3844.03433854334 4018.02331653652
3575 3836 3574.9625982625757 3957.965642836917 3687 3958 3687.0374017374243 3836.034357163083
3572 4021 3571.966892320217 4128.962884231922 3693 4129 3693.033107679783 4021.037115768078
3412 3851 3411.9678110715563 3955.9668710673786 3520 3956 3520.0321889284437 3851.0331289326214
3414 4025 3413.970877274892 4119.968098639566 3518 4120 3518.029122725108 4025.031901360433
3260 4165 3259.9653574318063 4277.968096946863 3364 4278 3364.0346425681937 4165.031903053137
3256 4023 3255.9687299169345 4124.970551244886 3352 4125 3352.0312700830655 4023.029448755113
3261 3854 3260.9681165069974 3957.970857714758 3356 3958 3356.0318834930026 3854.029142285242
3244 3675 3243.9717978129743 3766.9662589739887 3354 3767 3354.0282021870257 3675.0337410260113
3236 3491 3235.961371818857 3616.9650291448625 3350 3617 3350.038628181143 3491.0349708551375
3255 3345 3254.97056986463 3440.9705518091214 3351 3441 3351.02943013537 3345.0294481908786
3248 3185 3247.9632108261612 3304.968096288589 3352 3305 3352.0367891738388 3185.031903711411
3269 3041 3268.964127884797 3157.977602967132 3342 3158 3342.035872115203 3041.022397032868
3253 2881 3252.970569394434 2976.9720850988674 3344 2977 3344.029430605566 2881.0279149011326
3262 2720 3261.9675003699253 2825.9800572651557 3327 2826 3327.0324996300747 2720.0199427348443
3263 2571 3262.9665807722345 2679.978830351242 3332 2680 3332.0334192277655 2571.021169648758
3252 2407 3251.971183086489 2500.9708586551487 3347 2501 3347.028816913511 2407.0291413448513
2922 2399 2921.9647441159077 2513.9680967587847 3026 2514 3026.0352558840923 2399.0319032412153
2767 2403 2766.9705696765513 2498.97116512502 2861 2499 2861.0294303234487 2403.02883487498
2787 2568 2786.966886959988 2675.980363735027 2851 2676 2851.033113040012 2568.019636264973
3093 2574 3092.9699549500665 2671.9757648061795 3172 2672 3172.0300450499335 2574.0242351938205
3087 2720 3086.9555461641744 2864.9622674365764 3210 2865 3210.0444538358256 2720.0377325634236
2930 2738 2929.9687308573257 2839.9674846653943 3036 2840 3036.0312691426743 2738.0325153346057
2762 2728 2761.967504319568 2833.967177631289 2869 2834 2869.032495680432 2728.032822368711
2769 2873 2768.9644365175673 2988.9711632442377 2863 2989 2863.0355634824327 2873.0288367557623
2932 2878 2931.967196156993 2984.9720840644372 3023 2985 3023.032803843007 2878.0279159355628
3097 2886 3096.9708777450874 2980.966565349821 3206 2981 3206.0291222549126 2886.033434650179
3103 3039 3102.9650508678956 3152.967790194875 3208 3153 3208.0349491321044 3039.032209805125
2916 3031 2915.9619856989902 3154.963189385245 3036 3155 3036.0380143010098 3031.036810614755
2796 3026 2795.9659669861403 3136.9803634529094 2860 3137 2860.0340330138597 3026.0196365470906
2944 3187 2943.9625936546595 3308.9806690764285 3007 3309 3007.0374063453405 3187.0193309235715
3094 3196 3093.9650503977005 3309.9693234846204 3194 3310 3194.0349496022995 3196.0306765153796
2946 3346 2945.969034129867 3446.978524445605 3016 3447 3016.030965870133 3346.021475554395
2774 3344 2773.964743927829 3458.968710074683 2876 3459 2876.035256072171 3344.031289925317
2934 3508 2933.9684241993764 3610.9674845713557 3040 3611 3040.0315758006236 3508.0325154286443
2784 3501 2783.96413070597 3617.9684032286555 2887 3618 2887.03586929403 3501.0315967713445
2950 3657 2949.9644350129415 3772.976069771425 3028 3773 3028.0355649870585 3657.023930228575
2773 3672 2772.9635189887367 3790.9631898554408 2893 3791 2893.0364810112633 3672.0368101445592
2780 3855 2779.970263394759 3951.969938399184 2878 3952 2878.029736605241 3855.030061600816
2937 3845 2936.970263488798 3941.9696317412345 3036 3942 3036.029736511202 3845.0303682587655
3096 3838 3095.961064408595 3964.967482314417 3202 3965 3202.038935591405 3838.032517685583
3101 4031 3100.9699573950834 4128.9677916995 3206 4129 3206.0300426049166 4031.0322083005
2935 4019 2934.9625988268103 4140.963802889222 3053 4141 3053.0374011731897 4019.036197110778
2783 4013 2782.9619854168727 4136.964109359093 2900 4137 2900.0380145831273 4013.035890640907
2938 4166 2937.9662781579664 4275.965643965386 3050 4276 3050.0337218420336 4166.034356034614
2795 4163 2794.966889969239 4270.970550680652 2891 4271 2891.033110030761 4163.029449319348
2942 4321 2941.9668893109656 4428.972697286296 3031 4429 3031.0331106890344 4321.027302713704
2789 4315 2788.962904544369 4435.966869562753 2897 4436 2897.037095455631 4315.033130437247
2638 4314 2637.9632110142397 4433.967482972691 2744 4434 2744.0367889857603 4314.032517027309
2649 4166 2648.963209791731 4285.971469526031 2742 4286 2742.036790208269 4166.028530473969
2631 4017 2630.968424763611 4119.96564462366 2743 4120 2743.031575236389 4017.03435537634
2629 3849 2628.9671983198923 3955.9650309316053 2743 3956 2743.0328016801077 3849.0349690683947
2626 3673 2625.971796778544 3764.96963221143 2725 3765 2725.028203221456 3673.03036778857
2623 3502 2622.9656653122634 3613.964110487562 2740 3614 2740.0343346877366 3502.035889512438
2617 3195 2616.969344079185 3294.967791511422 2722 3295 2722.030655920815 3195.032208488578
2629 3024 2628.96198466456 3147.9665626226865 2738 3148 2738.03801533544 3024.0334373773135
2633 2874 2632.9662763712236 2983.9714704664216 2726 2984 2726.0337236287764 2874.0285295335784
2622 2721 2621.965357337767 2833.968403604812 2725 2834 2725.034642662233 2721.031596395188
2620 2564 2619.96443726988 2679.9687099806442 2722 2680 2722.03556273012 2564.0312900193558
2614 2212 2613.9641308000096 2328.9680965707066 2718 2329 2718.0358691999904 2212.0319034292934
2620 2066 2619.968422882829 2168.971777782644 2712 2169 2712.031577117171 2066.028222217356
2609 1906 2608.9690369510404 2006.9693247071289 2709 2007 2709.0309630489596 1906.0306752928711
2614 1742 2613.964129859618 1858.9711631501987 2708 1859 2708.035870140382 1742.0288368498013
2139 1594 2138.9678067457576 1698.9809773330426 2201 1699 2201.0321932542424 1594.0190226669574
1965 1593 1964.962903792056 1713.9693228263468 2065 1714 2065.037096207944 1593.0306771736532
2139 1745 2138.9678062755615 1849.9825106227886 2196 1850 2196.0321937244385 1745.0174893772114
2278 1745 2277.966278440084 1854.9647239915387 2393 1855 2393.033721559916 1745.0352760084613
2454 1751 2453.9671951225628 1857.9754573018786 2534 1858 2534.0328048774372 1751.0245426981214
2467 1905 2466.9687275659567 2006.978217693617 2538 2007 2538.0312724340433 1905.021782306383
2289 1918 2288.971183838802 2011.968405391555 2392 2012 2392.028816161198 1918.031594608445
2135 1904 2134.967810413282 2008.9690176730232 2236 2009 2236.032189586718 1904.0309823269768
2291 2058 2290.969343326872 2157.9702447750155 2388 2158 2388.030656673128 2058.0297552249845
2481 2061 2480.9675006520424 2166.9791372913082 2549 2167 2549.0324993479576 2061.0208627086918
2452 2214 2451.964130894048 2330.9677899127573 2557 2331 2557.035869105952 2214.0322100872427
2314 2221 2313.9662731738936 2330.981896836695 2373 2331 2373.0337268261064 2221.018103163305
2132 2057 2131.9632108261612 2176.968096288589 2236 2177 2236.0367891738388 2057.031903711411
2141 2226 2140.969650831173 2324.967484947512 2247 2325 2247.030349168827 2226.032515052488
2145 2397 2144.965050115583 2510.9702434584683 2242 2511 2242.034949884417 2397.0297565415317
2301 2406 2300.968117447388 2509.9677911352655 2406 2510 2406.031882552612 2406.0322088647345
2460 2393 2459.9650508678956 2506.967790194875 2565 2507 2565.0349491321044 2393.032209805125
2466 2582 2465.970877368931 2676.9677919816177 2571 2677 2571.029122631069 2582.0322080183823
2306 2573 2305.969036857001 2673.969631365078 2405 2674 2405.030963142999 2573.030368634922
2161 2575 2160.969952787167 2672.982817939012 2217 2673 2217.030047212833 2575.017182060988
2169 2719 2168.968113403707 2822.9809774270816 2231 2823 2231.031886596293 2719.0190225729184
2298 2721 2297.96566361956 2832.9696303306478 2397 2833 2397.03433638044 2721.0303696693522
2461 2716 2460.966889969239 2823.970550680652 2557 2824 2557.033110030761 2716.029449319348
2459 2872 2458.9671983198923 2978.9650309316053 2573 2979 2573.0328016801077 2872.0349690683947
2318 2871 2317.9656609864646 2982.978216753226 2389 2983 2389.0343390135354 2871.021783246774
2137 2857 2136.9604517509706 2985.965335520694 2250 2986 2250.0395482490294 2857.034664479306
2134 3028 2133.9665852861112 3136.9641107696793 2251 3137 2251.0334147138888 3028.0358892303207
2311 3022 2310.961983253974 3145.9711624919246 2405 3146 2405.038016746026 3022.0288375080754
2480 3025 2479.9656635255205 3136.969936988597 2578 3137 2578.0343364744795 3025.030063011403
2471 3184 2470.9635179543066 3302.966563092882 2580 3303 2580.0364820456934 3184.033436907118
2495 3342 2494.966581336469 3450.9769904035466 2570 3451 2570.033418663531 3342.0230095964534
2306 3191 2305.970569770591 3286.9708584670707 2401 3287 2401.029430229409 3191.0291415329293
2133 3184 2132.967197379501 3290.9680975110973 2237 3291 2237.032802620499 3184.0319024889027
2143 3339 2142.965356679493 3451.9705502104566 2239 3452 2239.034643320507 3339.0294497895434
2299 3341 2298.9671983198923 3447.9650309316053 2413 3448 2413.0328016801077 3341.0349690683947
2151 3508 2150.969649796743 3606.970858184953 2246 3607 2246.030350203257 3508.029141815047
2310 3511 2309.9696509252126 3609.9671782895625 2417 3610 2417.0303490747874 3511.0328217104375
2473 3512 2472.9702639589937 3608.968098451489 2577 3609 2577.0297360410063 3512.031901548511
2474 3671 2473.9641311761657 3787.96686993891 2582 3788 2582.0358688238343 3671.03313006109
2308 3661 2307.9629051086035 3781.965029615058 2422 3782 2422.0370948913965 3661.034970384942
2149 3662 2148.9693443613023 3761.966871537574 2257 3762 2257.0306556386977 3662.033128462426
2144 3835 2143.9671974735406 3941.967790853148 2249 3942 2249.0328025264594 3835.032209146852
2307 3840 2306.9656659705374 3951.9619638819177 2431 3952 2431.0343340294626 3840.0380361180823
2499 3844 2498.9675000878083 3949.9809772390036 2561 3950 2561.0324999121917 3844.0190227609964
2479 4016 2478.9638251764904 4133.964723239226 2594 4134 2594.0361748235096 4016.0352767607737
2478 4170 2477.9647446801423 4284.96625681109 2588 4285 2588.0352553198577 4170.03374318891
2490 4324 2489.975476297778 4403.970859971696 2585 4404 2585.024523702222 4324.029140028304
2495 4463 2494.965664089755 4574.968097040903 2599 4575 2599.034335910245 4463.031902959097
2319 4466 2318.9662789102795 4575.963190701793 2439 4576 2439.0337210897205 4466.036809298207
2313 4298 2312.959838152955 4428.966255306464 2423 4429 2423.040161847045 4298.033744693536
2333 4149 2332.9607544592773 4276.9782152486005 2404 4277 2404.0392455407227 4149.0217847513995
2335 4011 2334.964741106656 4125.977909813159 2407 4126 2407.035258893344 4011.0220901868406
2156 4014 2155.964437740076 4129.967176690898 2263 4130 2263.035562259924 4014.0328233091022
2150 4171 2149.9687310454037 4272.966871349497 2258 4273 2258.0312689545963 4171.033128650503
2160 4321 2159.966276653341 4430.970550492573 2256 4431 2256.033723346659 4321.029449507427
2160 4463 2159.965050773857 4576.968096852824 2264 4577 2264.034949226143 4463.031903147176
2010 4471 2009.968731139443 4572.966564691547 2119 4573 2119.031268860557 4471.033435308453
2002 4313 2001.968117447388 4416.9677911352655 2107 4417 2107.031882552612 4313.0322088647345
1989 4163 1988.964438210271 4278.965643401152 2101 4279 2101.0355617897285 4163.034356598848
1998 4015 1997.969037609314 4115.967178101485 2105 4116 2105.0309623906865 4015.0328218985155
1988 3838 1987.9653585602753 3950.9644170514725 2104 3951 2104.034641439725 3838.0355829485275
1989 3661 1988.9644373639194 3776.968403322695 2092 3777 2092.0355626360806 3661.031596677305
1985 3499 1984.96995777124 3596.9665650677034 2094 3597 2094.03004222876 3499.0334349322966
1984 3338 1983.9653572437278 3450.968710262761 2086 3451 2086.0346427562718 3338.031289737239
1983 3185 1982.9671972854621 3291.9684041690466 2086 3292 2086.0328027145374 3185.0315958309534
1981 3021 1980.9656649361073 3132.965337119359 2094 3133 2094.0343350638927 3021.034662880641
1980 2873 1979.9693436089894 2972.969324801168 2080 2973 2080.030656391011 2873.030675198832
1982 2717 1981.967504601685 2822.966257657441 2092 2823 2092.032495398315 2717.033742342559
1977 2568 1976.9684250457285 2670.9647246498125 2092 2671 2092.031574954272 2568.0352753501875
1973 2399 1972.9662783460449 2508.965030649488 2087 2509 2087.0337216539556 2399.034969350512
1971 2225 1970.9638247062946 2342.9662565289723 2081 2343 2081.0361752937056 2225.0337434710277
1969 2057 1968.9662775937318 2166.9674839130817 2075 2167 2075.033722406268 2057.0325160869183
1956 1901 1955.96535912451 2013.962577103777 2078 2014 2078.0346408754904 1901.037422896223
583 1586 582.9690370450793 1686.9690180491796 684 1687 684.0309629549207 1586.0309819508204
742 1582 741.9659696192351 1692.9717770303316 834 1693 834.0340303807649 1582.0282229696684
906 1597 905.9705704288644 1692.968711861426 1008 1693 1008.0294295711356 1597.031288138574
1063 1593 1062.967196156993 1699.9720840644372 1154 1700 1154.032803843007 1593.0279159355628
1212 1596 1211.9671976616187 1702.9671775372499 1319 1703 1319.0328023383813 1596.0328224627501
1383 1598 1382.9684200616557 1700.9809775211208 1445 1701 1445.0315799383443 1598.0190224788792
1501 1595 1500.9678119179082 1699.964111145836 1618 1700 1618.0321880820918 1595.035888854164
1670 1595 1669.9693440791848 1694.9677915114219 1775 1695 1775.0306559208152 1595.0322084885781
1827 1601 1826.971183086489 1694.9708586551487 1922 1695 1922.028816913511 1601.0291413448513
582 1733 581.962904732447 1853.9662562468548 692 1854 692.037095267553 1733.0337437531452
739 1740 738.9625978864195 1861.966869468714 847 1862 847.0374021135805 1740.033130531286
902 1734 901.9616781006501 1858.9662558706982 1012 1859 1012.0383218993499 1734.0337441293018
1078 1750 1077.966887054027 1857.9800570770776 1143 1858 1143.033112945973 1750.0199429229224
1214 1744 1213.9665839695638 1852.9684039809686 1317 1853 1317.0334160304362 1744.0315960190314
1365 1739 1364.963517860267 1857.9668697508314 1473 1858 1473.036482139733 1739.0331302491686
1511 1747 1510.9665843457203 1855.9671773491714 1618 1856 1618.0334156542797 1747.0328226508286
1667 1747 1666.9653577139234 1859.967176973015 1774 1860 1774.0346422860766 1747.032823026985
1824 1751 1823.9684238232198 1853.9687112031525 1926 1854 1926.0315761767802 1751.0312887968475
594 1908 593.9693443613022 2007.9668715375744 702 2008 702.0306556386978 1908.0331284624256
743 1903 742.9702633947588 1999.9699383991838 841 2000 841.0297366052412 1903.0300616008162
901 1899 900.9668907215521 2006.9680974170583 1005 2007 1005.0331092784479 1899.0319025829417
1074 1899 1073.9671947464064 2005.9766839336753 1150 2006 1150.0328052535936 1899.0233160663247
1208 1886 1207.9625977923804 2007.9671761266632 1315 2008 1315.0374022076196 1886.0328238733368
1360 1904 1359.967810883478 2008.9674843832772 1466 2009 1466.032189116522 1904.0325156167228
1524 1905 1523.9687281301913 2006.9763777459218 1601 2007 1601.0312718698087 1905.0236222540782
1672 1902 1671.9671967212275 2008.970244116742 1769 2009 1769.0328032787725 1902.029755883258
1808 1893 1807.9671977556577 1999.9668708793006 1916 2000 1916.0328022443423 1893.0331291206994
1821 2052 1820.9653584662362 2164.9647237094214 1936 2165 1936.0346415337638 2052.0352762905786
1697 2057 1696.965660328191 2168.9803633588704 1761 2169 1761.034339671809 2057.0196366411296
1506 2059 1505.9714920013769 2151.9634989584065 1625 2152 1625.0285079986231 2059.0365010415935
1353 2048 1352.9653579020016 2160.9665636571167 1462 2161 1462.0346420979984 2048.0334363428833
1217 2048 1216.9653569616105 2160.969630236609 1316 2161 1316.0346430383895 2048.030369763391
1061 2052 1060.966890533474 2159.968710732957 1163 2160 1163.033109466526 2052.031289267043
917 2062 916.9727162821961 2150.9711657832936 1011 2151 1011.0272837178039 2062.0288342167064
742 2055 741.9711834626456 2148.969632023352 841 2149 841.0288165373544 2055.030367976648
1825 2219 1824.969037703353 2319.966871443535 1933 2320 1933.030962296647 2219.033128556465
1699 2221 1698.9668868659487 2328.980670392976 1762 2329 1762.0331131340513 2221.019329607024
1519 2210 1518.9653570556497 2322.96932357866 1619 2323 1619.0346429443503 2210.03067642134
1354 2218 1353.9659725344475 2328.962270633906 1477 2329 1477.0340274655525 2218.037729366094
1211 2215 1210.9644373639194 2330.968403322695 1314 2331 1314.0355626360806 2215.031596677305
1070 2223 1069.9671970033448 2329.969324142894 1170 2330 1170.0328029966552 2223.030675857106
907 2214 906.963210355966 2333.969629578335 1006 2334 1006.036789644034 2214.030370421665
743 2223 742.9684232589854 2325.9705511508473 839 2326 839.0315767410146 2223.0294488491527
1679 2391 1678.9616778185327 2515.967175844546 1786 2516 1786.0383221814673 2391.032824155454
1517 2402 1516.969650737134 2500.967791605461 1622 2501 1622.030349262866 2402.032208394539
1366 2395 1365.9656636195596 2506.9696303306478 1465 2507 1465.0343363804404 2395.0303696693522
1209 2392 1208.9625976983414 2513.9674827846125 1315 2514 1315.0374023016586 2392.0325172153875
1068 2403 1067.9665835934074 2511.9696306127653 1167 2512 1167.0334164065926 2403.0303693872347
1066 2570 1065.9684234470635 2672.969937834949 1164 2673 1164.0315765529365 2570.030062165051
1219 2571 1218.9678106013605 2675.968404357125 1322 2676 1322.0321893986395 2571.031595642875
1368 2568 1367.9705702407862 2663.969325177324 1468 2664 1468.0294297592138 2568.030674822676
1512 2560 1511.967810789439 2664.967791041226 1617 2665 1617.032189210561 2560.032208958774
1681 2581 1680.9730241626537 2668.9671793239927 1788 2669 1788.0269758373463 2581.0328206760073
1852 2570 1851.966887148066 2677.979750419129 1918 2678 1918.033112851934 2570.020249580871
1838 2717 1837.9638245182164 2834.9668698448704 1946 2835 1946.0361754817836 2717.0331301551296
1805 2870 1804.9672005768311 2976.957671140824 1943 2977 1943.0327994231689 2870.042328859176
1842 3030 1841.9650480467228 3143.9769899333505 1917 3144 1917.0349519532772 3030.0230100666495
1826 3187 1825.9641308940481 3303.9677899127573 1931 3304 1931.0358691059519 3187.0322100872427
1675 2720 1674.9678106013605 2824.968404357125 1778 2825 1778.0321893986395 2720.031595642875
1497 2712 1496.9696524298379 2810.962271762375 1620 2811 1620.0303475701621 2712.037728237625
1380 2706 1379.9678075921092 2810.9782174114994 1451 2811 1451.0321924078908 2706.0217825885006
1220 2721 1219.971491155025 2813.9662588799497 1330 2814 1330.028508844975 2721.0337411200503
1055 2716 1054.9687308573255 2817.9674846653943 1161 2818 1161.0312691426745 2716.0325153346057
1063 2864 1062.9724100004034 2953.9699390574574 1161 2954 1161.0275899995966 2864.0300609425426
1218 2862 1217.9668899692392 2969.970550680652 1314 2970 1314.0331100307608 2862.029449319348
1366 2859 1365.9678099430869 2963.9705509627693 1462 2964 1462.0321900569131 2859.0294490372307
1514 2871 1513.9687310454037 2972.966871349496 1622 2973 1622.0312689545963 2871.033128650504
1704 2877 1703.9684198735774 2979.981590837019 1764 2980 1764.0315801264226 2877.018409162981
1683 3034 1682.9684241993764 3136.9674845713557 1789 3137 1789.0315758006236 3034.0325154286443
1513 3025 1512.9668912857867 3132.966257469363 1623 3133 1623.0331087142133 3025.033742530637
1350 3030 1349.9724128215767 3119.9607393189813 1478 3120 1478.0275871784233 3030.0392606810187
1243 3028 1242.9678063696008 3132.9822039648393 1301 3133 1301.0321936303992 3028.0177960351607
1054 3021 1053.9724111288726 3110.966259162067 1164 3111 1164.0275888711274 3021.033740837933
1674 3188 1673.9684238232198 3290.9687112031525 1776 3291 1776.0315761767802 3188.0312887968475
1509 3182 1508.9644374579584 3297.968096664745 1613 3298 1613.0355625420416 3182.031903335255
1365 3198 1364.969345113615 3297.9644182739808 1481 3298 1481.030654886385 3198.0355817260192
1223 3189 1222.9635172960325 3307.9687096985267 1325 3308 1325.0364827039675 3189.0312903014733
1050 3179 1049.9665852861115 3287.9641107696793 1167 3288 1167.0334147138885 3179.0358892303207
1832 3355 1831.9705706169425 3450.9680985455275 1936 3451 1936.0294293830575 3355.0319014544725
1686 3345 1685.969957112966 3442.968711673348 1788 3443 1788.030042887034 3345.031288326652
1512 3344 1511.9708776510483 3438.9668720077702 1620 3439 1620.0291223489517 3344.0331279922298
1372 3351 1371.9739437603448 3435.968406237907 1475 3436 1475.0260562396552 3351.031593762093
1222 3339 1221.9687307632864 3440.9677913233436 1327 3441 1327.0312692367136 3339.0322086766564
1063 3344 1062.9702640530327 3440.967791793539 1168 3441 1168.0297359469673 3344.032208206461
1837 3493 1836.9675025328247 3598.973004132324 1925 3599 1925.0324974671753 3493.026995867676
1685 3491 1684.9690370450792 3591.96901804918 1786 3592 1786.0309629549208 3491.03098195082
1518 3500 1517.969037609314 3600.9671781014845 1625 3601 1625.030962390686 3500.0328218985155
1381 3508 1380.973637384513 3593.96748617002 1487 3594 1487.026362615487 3508.03251382998
1230 3499 1229.9702625484067 3595.9726983207265 1319 3596 1319.0297374515933 3499.0273016792735
1060 3500 1059.9662780639276 3609.9659506233356 1171 3610 1171.0337219360724 3500.0340493766644
1838 3668 1837.9650514321304 3781.965950247179 1949 3782 1949.0349485678696 3668.034049752821
1686 3664 1685.9644374579584 3779.968096664745 1790 3780 1790.0355625420416 3664.031903335255
1516 3669 1515.9733299742509 3755.969939339575 1614 3756 1614.0266700257491 3669.030060660425
1381 3672 1380.9687309513647 3773.9671780074455 1488 3774 1488.0312690486353 3672.0328219925545
1220 3669 1219.9699583354743 3766.964725120008 1335 3767 1335.0300416645257 3669.035274879992
1069 3663 1068.971797436818 3754.967485605786 1175 3755 1175.028202563182 3663.032514394214
1071 3829 1070.9650512440523 3942.966563563077 1180 3943 1180.0349487559477 3829.033436436923
1216 3830 1215.964745338416 3944.9641102054447 1333 3945 1333.035254661584 3830.0358897945553
1375 3833 1374.9659714059783 3943.9659505292966 1486 3944 1486.0340285940217 3833.0340494707034
1518 3837 1517.965664748029 3948.9659504352576 1629 3949 1629.034335251971 3837.0340495647424
1705 3838 1704.9644339785114 3953.9794430088664 1772 3954 1772.0355660214886 3838.0205569911336
1846 3835 1845.9653579960407 3947.9662569991674 1956 3948 1956.0346420039593 3835.0337430008326
1839 4006 1838.963518518541 4124.964723145187 1954 4125 1954.036481481459 4006.035276854813
1693 4018 1692.9687306692474 4119.968097981293 1797 4120 1797.0312693307526 4018.031902018707
1532 4012 1531.9653570556497 4124.96932357866 1632 4125 1632.0346429443503 4012.03067642134
1846 4165 1845.9662763712236 4274.971470466421 1939 4275 1939.0337236287764 4165.028529533579
1691 4165 1690.9641311761657 4281.966869938909 1799 4282 1799.0358688238343 4165.033130061091
1854 4315 1853.967502626864 4420.972697474374 1943 4421 1943.032497373136 4315.027302525626
1847 4466 1846.9665847218766 4574.965950717375 1958 4575 1958.0334152781234 4466.034049282625
1697 4308 1696.9638232957082 4425.970856398209 1792 4426 1792.0361767042918 4308.029143601791
1692 4462 1691.9644374579584 4577.968096664746 1796 4578 1796.0355625420416 4462.031903335254
1539 4469 1538.9644359533327 4584.9730031919335 1627 4585 1627.0355640466673 4469.0269968080665
1530 4632 1529.9675036612941 4737.969324236934 1630 4738 1630.0324963387059 4632.030675763066
1531 4316 1530.967197849697 4422.966564221351 1640 4423 1640.032802150303 4316.033435778649
1527 4170 1526.9693406937772 4269.9788311975935 1596 4270 1596.0306593062228 4170.0211688024065
1383 4165 1382.9647446801423 4279.96625681109 1493 4280 1493.0352553198577 4165.03374318891
1389 4321 1388.9668904394348 4428.969017390906 1490 4429 1490.0331095605652 4321.030982609094
1375 4459 1374.9671976616187 4565.96717753725 1482 4566 1482.0328023383813 4459.03282246275
1388 4627 1387.9619814672308 4750.976988992959 1463 4751 1463.0380185327692 4627.023011007041
1371 4000 1370.9610652549472 4126.964722392873 1486 4127 1486.0389347450528 4000.035277607126
1217 4162 1216.9678116357907 4266.965031119684 1331 4267 1331.0321883642093 4162.034968880316
1229 4003 1228.9650514321304 4116.965950247179 1340 4117 1340.0349485678696 4003.034049752821
1089 3997 1088.9638200983784 4114.981282768483 1150 4115 1150.0361799016216 3997.0187172315163
1070 4151 1069.9622899119229 4273.971162585964 1164 4274 1164.0377100880771 4151.028837414036
1078 4307 1077.9665835934074 4415.969630612765 1177 4416 1177.0334164065926 4307.030369387235
1232 4310 1231.9714903086729 4402.969018801493 1333 4403 1333.0285096913271 4310.030981198507
1233 4462 1232.9668910977084 4569.966870785262 1341 4570 1341.0331089022916 4462.033129214738
1216 4627 1215.968118011623 4730.96595118757 1327 4731 1327.031881988377 4627.03404881243
1084 4462 1083.9687300109736 4563.970244586937 1181 4564 1181.0312699890264 4462.029755413063
1063 4611 1062.9592249310954 4743.965948460436 1174 4744 1174.0407750689046 4611.034051539564
913 4774 912.9629038860951 4894.9690161683975 1014 4895 1014.0370961139049 4774.0309838316025
902 4604 901.9607581268025 4731.966255588581 1012 4732 1012.0392418731975 4604.033744411419
910 4451 909.9650519023262 4564.964416957434 1026 4565 1026.0349480976738 4451.035583042566
918 4307 917.9662785341229 4416.96441733359 1034 4417 1034.033721465877 4307.03558266641
927 4147 926.963821508965 4264.976682899245 1003 4265 1003.036178491035 4147.023317100755
903 3995 902.9610651609082 4121.965029050823 1017 4122 1017.0389348390918 3995.0349709491766
901 3824 900.9653586543144 3936.9641103935232 1018 3937 1018.0346413456856 3824.0358896064768
912 3658 911.9675043195678 3763.967177631289 1019 3764 1019.0324956804322 3658.032822368711
905 3499 904.9696504550168 3597.9687115793085 1007 3598 1007.0303495449832 3499.0312884206915
903 3333 902.9635175781498 3451.9677897246793 1008 3452 1008.0364824218502 3333.0322102753207
899 3187 898.9671983198924 3293.9650309316053 1013 3294 1013.0328016801076 3187.0349690683947
896 3020 895.966584157642 3128.96779066507 1001 3129 1001.033415842358 3020.03220933493
902 2864 901.9690379854703 2964.9659514696878 1013 2965 1013.0309620145297 2864.0340485303122
894 2714 893.965665594381 2825.9631905137144 1014 2826 1014.034334405619 2714.0368094862856
906 2568 905.9724106586771 2657.9677924518132 1011 2658 1011.0275893413229 2568.0322075481868
901 2404 900.96842382322 2506.9687112031525 1003 2507 1003.03157617678 2404.0312887968475
429 1907 428.9690372331575 2007.9684047332812 532 2008 532.0309627668425 1907.0315952667188
594 2055 593.9708763345009 2149.9711652190585 688 2150 688.0291236654991 2055.0288347809415
433 2060 432.96903648084464 2160.970857996875 528 2161 528.0309635191554 2060.029142003125
432 2213 431.96597084174357 2323.967790476992 537 2324 537.0340291582564 2213.032209523008
585 2224 584.9687306692474 2325.968097981293 689 2326 689.0312693307526 2224.031902018707
434 2402 433.9693436089894 2501.969324801168 534 2502 534.0306563910107 2402.030675198832
590 2390 589.9638236718644 2507.969629766413 689 2508 689.0361763281356 2390.030370233587
745 2397 744.9665827470554 2505.9723905343085 835 2506 835.0334172529446 2397.0276094656915
755 2565 754.968422976868 2667.971471124695 848 2668 848.031577023132 2565.028528875305
597 2566 596.9681151904496 2669.9751509260464 678 2670 678.0318848095504 2566.0248490739536
439 2555 438.9671969093058 2661.9696308008433 538 2662 538.0328030906942 2555.0303691991567
435 2708 434.969034129867 2808.978524445605 505 2809 505.030965870133 2708.021475554395
593 2706 592.9675037553332 2811.969017578984 694 2812 694.0324962446668 2706.030982421016
754 2719 753.9714895563602 2811.9714720650863 847 2812 847.0285104436398 2719.0285279349137
761 2854 760.9659705596263 2964.9687104508394 863 2965 863.0340294403737 2854.0312895491606
594 2857 593.9714897444384 2949.970858749188 689 2950 689.0285102555616 2857.029141250812
433 2848 432.97148983847745 2940.970552091239 529 2941 529.0285101615226 2848.029447908761
753 3032 752.9705693944343 3127.9720850988674 844 3128 844.0294306055657 3032.0279149011326
587 3015 586.9650514321306 3128.965950247179 698 3129 698.0349485678694 3015.034049752821
422 3002 421.9632112963571 3121.966562998843 531 3122 531.036788703643 3002.033437001157
449 3176 448.96842090800766 3278.978217599578 520 3279 520.0315790919923 3176.021782400422
593 3179 592.9647439278294 3293.968710074683 695 3294 695.0352560721706 3179.031289925317
751 3179 750.9632100738487 3298.9705495521825 847 3299 847.0367899261513 3179.0294504478175
755 3345 754.9699567368095 3442.9699383051448 853 3443 853.0300432631905 3345.0300616948552
599 3339 598.9662756189107 3448.973923730015 684 3449 684.0337243810893 3339.026076269985
438 3323 437.9641292953835 3439.973003097894 526 3440 526.0358707046165 3323.026996902106
443 3494 442.96903525833625 3594.9748445502146 525 3595 525.0309647416638 3494.0251554497854
455 3650 454.96780674575723 3754.9809773330426 517 3755 517.0321932542428 3650.0190226669574
597 3647 596.9662769354582 3756.9696305187263 696 3757 696.0337230645418 3647.0303694812737
751 3652 750.9644367056455 3767.970549928339 847 3768 847.0355632943545 3652.029450071661
773 3824 772.9665812424297 3932.977297061496 847 3933 847.0334187575703 3824.022702938504
597 3831 596.9717962143094 3922.9714721591254 690 3923 690.0282037856906 3831.0285278408746
437 3825 436.9671969093058 3931.9696308008433 536 3932 536.0328030906942 3825.0303691991567
428 3999 427.967197097384 4105.969017484945 529 4106 529.032802902616 3999.0309825150553
599 3994 598.9671963450712 4100.971470748538 692 4101 692.0328036549288 3994.0285292514614
754 3998 753.9644379281539 4113.966563375 863 4114 863.0355620718461 3998.033436625001
762 4168 761.9748635461144 4249.969019835923 863 4250 863.0251364538856 4168.030980164077
768 4311 767.9662753367934 4420.974843703863 850 4421 850.0337246632066 4311.025156296137
590 4163 589.9668921321388 4270.96349754782 709 4271 709.0331078678612 4163.03650245218
437 4153 436.9629036980168 4273.969629484296 536 4274 536.0370963019832 4153.030370515704
434 4305 433.9671971914231 4411.968710826996 536 4412 536.0328028085769 4305.031289173004
601 4292 600.9647437397513 4406.969323390581 701 4407 701.0352562602487 4292.030676609419
795 4454 794.9678066517182 4558.981283990992 856 4559 856.0321933482818 4454.018716009008
602 4450 601.9653572437278 4562.968710262761 704 4563 704.0346427562722 4450.031289737239
434 4451 433.9659702775089 4561.969630424687 533 4562 533.034029722491 4451.030369575313
438 4604 437.96320979173134 4723.971469526031 531 4724 531.0367902082686 4604.028530473969
601 4612 600.9684237291808 4714.969017861101 702 4715 702.0315762708192 4612.030982138899
766 4620 765.9730227520671 4707.971779193231 858 4708 858.0269772479329 4620.028220806769
769 4783 768.972714495453 4871.976992284329 844 4872 844.027285504547 4783.023007715671
591 4771 590.9693434209112 4870.969938117066 689 4871 689.0306565790888 4771.030061882934
440 4773 439.967196251032 4879.971777406488 532 4880 532.0328037489679 4773.028222593512
1073 4783 1072.9659697132743 4893.971470372382 1166 4894 1166.0340302867257 4783.028529627618
437 4931 436.9721031543759 5021.9705522793165 533 5022 533.0278968456241 4931.0294477206835
588 4925 587.9675040374506 5030.968097605136 692 5031 692.0324959625494 4925.031902394864
1223 4777 1222.968729446739 4878.972084534633 1314 4879 1314.031270553261 4777.027915465367
427 635 426.9702627364851 731.9720850048283 518 732 518.0297372635149 635.0279149951717
1830 2401 1829.9644378341147 2516.9668700329485 1938 2517 1938.0355621658853 2401.0331299670515
1960 635 1959.9702633007196 731.9702450571331 2057 732 2057.0297366992804 635.0297549428669
3715 628 3714.965358184119 740.9656436832691 3827 741 3827.034641815881 628.0343563167309
4411 795 4410.969342574559 894.9726980386095 4500 895 4500.030657425441 795.0273019613905
2903 795 2902.9681161308404 898.9720843465545 2994 899 2994.0318838691596 795.0279156534455
1214 793 1213.9665840636028 901.9680973230193 1318 902 1318.0334159363972 793.0319026769807
466 959 465.967192677546 1065.9834304085582 520 1066 520.0328073224541 959.0165695914419
1085 971 1084.9714862649912 1063.9822050933087 1143 1064 1143.0285137350088 971.0177949066912
1811 960 1810.9671976616187 1066.9671775372499 1918 1067 1918.0328023383813 960.0328224627502
2112 975 2111.9690373271965 1075.9680980753321 2216 1076 2216.0309626728035 975.0319019246679
4420 977 4419.96903488218 1077.9760711820115 4498 1078 4498.03096511782 977.0239288179883
4079 1119 4078.9668860195966 1226.983430314519 4133 1227 4133.033113980403 1119.016569685481
2910 1125 2909.9702631126415 1221.9708583730314 3005 1222 3005.0297368873585 1125.0291416269686
744 1126 743.9678099430869 1230.9705509627695 840 1231 840.0321900569131 1126.0294490372305
3068 1278 3067.968423164946 1380.9708578087966 3163 1381 3163.031576835054 1278.0291421912034
4399 1277 4398.964437551997 1392.9677900067963 4504 1393 4504.035562448003 1277.0322099932037
4412 1426 4411.966891003669 1533.9671774432109 4519 1534 4519.033108996331 1426.0328225567891
3389 1429 3388.967504319568 1534.967177631289 3496 1535 3496.032495680432 1429.032822368711
2284 1600 2283.9708771808528 1694.968405297516 2387 1695 2387.0291228191472 1600.031594702484
2447 1590 2446.9708761464226 1684.9717785349574 2539 1685 2539.0291238535774 1590.0282214650426
4058 1583 4057.9671972854626 1689.9684041690466 4161 1690 4161.032802714538 1583.0315958309534
4053 1744 4052.9650512440526 1857.9665635630777 4162 1858 4162.034948755948 1744.0334364369223
2900 1755 2899.9696509252126 1853.9671782895625 3007 1854 3007.0303490747874 1755.0328217104375
3741 2059 3740.9681175414275 2162.9674844773162 3847 2163 3847.0318824585725 2059.0325155226838
3405 2062 3404.9739428199537 2146.9714728173994 3498 2147 3498.0260571800463 2062.0285271826006
3083 2406 3082.969650643095 2504.96809826341 3187 2505 3187.030349356905 2406.03190173659
2621 2401 2620.970263488798 2497.9696317412345 2720 2498 2720.029736511202 2401.0303682587655
2925 2573 2924.970570616943 2668.9680985455275 3029 2669 3029.029429383057 2573.0319014544725
2630 3343 2629.968116789114 3446.9699377409097 2728 3447 2728.031883210886 3343.0300622590903
596 3502 595.9724101884815 3591.969325741559 696 3592 696.0275898115185 3502.030674258441
749 3501 748.9751699219462 3581.9699399038095 847 3582 847.0248300780538 3501.0300600961905
3099 3661 3098.963824612256 3778.966563186921 3208 3779 3208.036175387744 3661.033436813079
3095 3502 3094.967503473216 3607.9699375528317 3193 3608 3193.032496526784 3502.0300624471683
3087 3349 3086.969957959318 3446.9659517518053 3198 3447 3198.030042040682 3349.0340482481947
2775 3196 2774.966891285787 3303.966257469363 2885 3304 2885.033108714213 3196.033742530637
4083 3848 4082.966584251681 3956.9674840071207 4189 3957 4189.033415748319 3848.0325159928793
3913 4009 3912.962291510588 4131.965949400827 4024 4132 4024.037708489412 4009.0340505991726
3112 4169 3111.963514098703 4287.9791360688005 3180 4288 3180.036485901297 4169.0208639311995
# Transcript
EPILEWSTRATOYARCONTOSEPITH
SAIANTIDOSDWDEKATHSPRYTANE
IASHIDIOFANTOSDIONYSODWROY
FHGOYSIOSEGRAMMATEYENSKIRO
FORIWNOSDEKATEIYSTERAITRIT
*IKAIEIKOSTEITHSPRYTANEIAS
*KKLHSIAKYRIATWNPROEDRWNEP
*UHFIZENDE*IMBROTOSARKESIL
OYPAIANIEYSKAISYMPROEDROI
EDOXENTWIDHMWIKALLIASLYSIM
ACOYERMEIOSEIPENEPEIDHNIKW
NABYDHNOSEKPANTOSTOYCRONOY
EYNOYSWNDIATELEITWIDHMWITW
IAQHNAIWNKAITOYSAFIKNOYMEN
OYSAQHNAIWNEISABYDONIDIAIT
EEYPOIWNDIATELEIKAIDHMOSIA
IPRATTWNAGAQONOTIDYNATAIYP
ERTHSPOLEWSKAIEPITOYPOLEMO
YTOYPROTEROYTWNEKTHSNAYMAC
IASPOLLOYSTWNPOLITWNSYNDI*
SWISENKAIEFODIADOYSAPESTE*
LENEISTHNPOLINDEDOCQAIT
HMWIEPAINESAIMENNIK*
STRATOYABYDHNONAR
KAIEYNOIASTHSE
NAQHNAIW**
NCRYSW
OP**
# Lines: x1 y1 x2 y2 x3 y3 x4 y4
