# Baseline angle
0.012961257876543453
# Boxes: x1 y1 x2 y2 x3 y3 x4 y4
996 394 994.2959750047858 525.4632876119744 1190 528 1191.7040249952142 396.53671238802576
1176 378 1174.0273717297741 530.1856770696143 1314 532 1315.9726282702259 379.81432293038574
1328 392 1326.1774639383484 532.6062605472313 1588 536 1589.8225360616516 395.3937394527687
838 588 835.7897276113493 758.5196083074165 950 760 952.2102723886505 589.4803916925836
946 592 943.7399042036745 766.363418692448 1070 768 1072.2600957963255 593.636581307552
1066 600 1063.9469251351095 758.3920260618547 1188 760 1190.0530748648905 601.6079739381453
1194 590 1191.6742902249314 769.4254508710426 1236 770 1238.3257097750686 590.5745491289574
1244 602 1241.917309856911 762.6768058311764 1344 764 1346.082690143089 603.3231941688235
1352 606 1349.9725087781412 762.4182816440807 1472 764 1474.0274912218588 607.5817183559193
1466 586 1463.6810096168754 764.9070586184625 1548 766 1550.3189903831246 587.0929413815373
756 824 753.3261983104023 1030.2802843410059 886 1032 888.6738016895977 825.7197156589941
882 816 879.4776843510098 1010.593335510137 988 1012 990.5223156489901 817.406664489863
992 816 989.7917434289325 986.3640906316425 1116 988 1118.2082565710675 817.6359093683575
1102 816 1099.839215049427 982.7017175350138 1200 984 1202.160784950573 817.2982824649862
1190 832 1187.9445733479288 990.5734633502577 1298 992 1300.0554266520712 833.4265366497423
1302 824 1299.4426935592562 1021.2928290815228 1354 1022 1356.5573064407438 824.7071709184772
1354 820 1351.5288516370733 1010.6458466745894 1456 1012 1458.4711483629267 821.3541533254106
1850 812 1847.6025788397938 996.957889934929 1928 998 1930.3974211602062 813.042110065071
1940 800 1937.4753325638292 994.77477279854 2032 996 2034.5246674361706 801.22522720146
2028 820 2025.6947843703606 997.8443545006735 2192 1000 2194.3052156296394 822.1556454993265
744 1046 742.0280436689685 1198.1338378443563 886 1200 887.9719563310315 1047.8661621556437
886 1046 884.0475798592506 1196.6266464539044 990 1198 991.9524201407494 1047.3733535460956
954 1078 952.3373991725305 1206.2674675426676 1086 1208 1087.6626008274695 1079.7325324573321
1046 1060 1044.127690484318 1204.446217074293 1164 1206 1165.872309515682 1061.5537829257069
1138 1080 1136.2956390351885 1211.4892072246034 1330 1214 1331.7043609648115 1082.5107927753966
1336 1072 1334.2626640610183 1206.0331831202152 1486 1208 1487.7373359389817 1073.9668168797848
714 1222 711.374341870091 1424.566072019119 822 1426 824.625658129909 1223.433927980881
836 1258 834.0371648017372 1409.4301544454036 878 1410 879.9628351982628 1258.5698455545964
880 1242 877.601234961405 1427.061568385445 950 1428 952.398765038595 1242.938431614555
964 1260 962.0532913424031 1410.1860130392115 1102 1412 1103.946708657597 1261.8139869607885
1102 1252 1099.873533901986 1416.054063188886 1250 1418 1252.126466098014 1253.945936811114
1254 1268 1252.0240120338021 1420.4448731959042 1372 1422 1373.9759879661979 1269.5551268040958
1366 1242 1363.9041570889758 1403.6915245816772 1542 1406 1544.0958429110242 1244.3084754183228
1534 1268 1532.3097997119153 1398.3967296362155 1656 1400 1657.6902002880847 1269.6032703637845
1658 1252 1656.0832425901986 1399.8753136572607 1820 1402 1821.9167574098014 1254.1246863427393
1828 1258 1826.2626640610183 1392.0331831202152 1978 1394 1979.7373359389821 1259.9668168797848
1978 1262 1976.1263466059295 1406.549895524809 2088 1408 2089.8736533940705 1263.450104475191
2076 1240 2073.5369149074063 1430.0237759714935 2226 1432 2228.4630850925937 1241.9762240285065
762 1456 759.8688303276252 1620.4169377656922 882 1622 884.1311696723748 1457.5830622343078
1324 1452 1321.9439014087345 1610.6253025755157 1428 1612 1430.0560985912655 1453.3746974244843
1422 1472 1420.360966997979 1598.449240800668 1540 1600 1541.639033002021 1473.550759199332
1526 1460 1524.1610014280855 1601.8763215660522 1688 1604 1689.8389985719145 1462.1236784339478
734 1636 731.7658238163036 1808.3637546620453 858 1810 860.2341761836964 1637.6362453379547
856 1658 854.0263638209824 1810.263435907501 988 1812 989.9736361790176 1659.736564092499
986 1630 983.6554259738436 1810.8808030362366 1070 1812 1072.3445740261564 1631.1191969637634
1078 1644 1076.103786689272 1790.2903634289219 1208 1792 1209.896213310728 1645.7096365710781
1150 1628 1147.76985545147 1800.0527193104972 1298 1802 1300.23014454853 1629.9472806895028
1322 1614 1319.1686648170448 1832.4337861991967 1440 1834 1442.8313351829552 1615.5662138008033
1450 1656 1448.1300422714985 1800.26477978589 1582 1802 1583.8699577285015 1657.73522021411
1574 1650 1572.0017880867422 1804.159421487388 1714 1806 1715.9982119132578 1651.840578512612
774 1822 771.7116328038652 1998.5445200112536 884 2000 886.2883671961348 1823.4554799887464
866 1824 863.9230213400635 1984.2361724164834 1000 1986 1002.0769786599365 1825.7638275835166
980 1848 977.9741886261272 2004.2886835809359 1110 2006 1112.0258113738728 1849.7113164190641
1130 1840 1128.153610096947 1982.4465530438902 1248 1984 1249.846389903053 1841.5534469561098
1258 1828 1255.761792181137 2000.6747900135933 1358 2002 1360.238207818863 1829.3252099864067
1364 1828 1361.9422215607485 1986.7549006386607 1458 1988 1460.0577784392515 1829.2450993613393
1476 1814 1473.9149580697308 1974.8582431195796 1562 1976 1564.0850419302692 1815.1417568804204
1546 1840 1544.1546180057387 1982.3687942060033 1670 1984 1671.8453819942613 1841.6312057939967
1662 1812 1659.745615686827 1985.9227852777549 1820 1988 1822.254384313173 1814.0772147222451
760 2042 757.7435998692438 2216.078302953529 906 2218 908.2564001307562 2043.9216970464713
894 2036 891.7557447283875 2209.141343040915 958 2210 960.2442552716125 2036.8586569590848
1506 2014 1503.9368460471933 2173.1696144407247 1568 2174 1570.0631539528067 2014.8303855592753
1576 2014 1574.1398353434615 2157.509257161679 1612 2158 1613.8601646565385 2014.4907428383208
1632 2028 1630.4599418741343 2146.8134592558627 1722 2148 1723.5400581258657 2029.1865407441373
1730 2010 1728.1546180057387 2152.3687942060033 1854 2154 1855.8453819942613 2011.6312057939967
756 2206 753.0178507156318 2436.0688958048077 902 2438 904.9821492843682 2207.9311041951923
906 2244 903.8338395358717 2411.116431337078 972 2412 974.1661604641283 2244.883568662922
966 2254 964.151930248961 2396.5761511070355 1074 2398 1075.848069751039 2255.4238488929645
1080 2258 1078.2872397952585 2390.137197540328 1222 2392 1223.7127602047415 2259.862802459672
1210 2226 1207.8984456058233 2388.13215799637 1352 2390 1354.1015543941767 2227.86784200363
1362 2226 1360.15327412735 2368.472472656519 1478 2370 1479.84672587265 2227.527527343481
1496 2216 1494.0243480033992 2368.418953583275 1616 2370 1617.9756519966008 2217.581046416725
1618 2210 1615.9176458265083 2370.6508862185474 1720 2372 1722.0823541734917 2211.3491137814526
1712 2190 1709.8698382364166 2354.3391789278053 1838 2356 1840.1301617635834 2191.6608210721947
780 2448 777.539938633781 2637.790499457832 948 2640 950.460061366219 2450.209500542168
922 2452 919.7940952161131 2622.1826533432395 1060 2624 1062.2059047838868 2453.8173466567605
1036 2440 1033.5584669152715 2628.3610669052678 1160 2630 1162.4415330847285 2441.6389330947322
1162 2456 1160.127690484318 2600.446217074293 1280 2602 1281.872309515682 2457.553782925707
1290 2430 1287.8227025855197 2597.9756324118043 1444 2600 1446.1772974144803 2432.0243675881957
802 2660 799.578339075151 2846.827955902187 890 2848 892.421660924849 2661.172044097813
874 2674 872.0004442083534 2828.263099937904 1006 2830 1007.9995557916466 2675.736900062096
1008 2664 1005.753392941207 2837.3227803293184 1058 2838 1060.246607058793 2664.6772196706816
1058 2666 1055.8109436496175 2834.8828188538196 1142 2836 1144.1890563503825 2667.1171811461804
1132 2660 1129.8543836349454 2825.5314811087387 1166 2826 1168.1456163650546 2660.4685188912613
1178 2662 1176.124330788346 2806.7054132005833 1276 2808 1277.875669211654 2663.2945867994167
1298 2644 1296.1549539753357 2786.3428745933743 1424 2788 1425.8450460246643 2645.6571254066257
480 3024 477.18988085531305 3240.7969967455997 570 3242 572.810119144687 3025.2030032544003
584 3016 581.560818702452 3204.1796296168645 722 3206 724.439181297548 3017.8203703831355
746 3008 743.6052665965716 3192.750533033897 840 3194 842.3947334034284 3009.249466966103
844 2998 841.6375696315474 3180.258396363543 976 3182 978.3624303684526 2999.741603636457
976 3000 973.7395682340775 3174.389338305077 1098 3176 1100.2604317659225 3001.610661694923
1116 3008 1113.9512927398732 3166.0550710976777 1264 3168 1266.0487072601268 3009.9449289023223
1288 2994 1285.8176630415617 3162.3644266012393 1412 3164 1414.1823369584383 2995.6355733987607
692 3270 690.0297235169545 3422.0042397812113 844 3424 845.9702764830455 3271.9957602187887
836 3250 833.790735520141 3420.441849469529 954 3422 956.209264479859 3251.558150530471
948 3260 946.0485877680421 3410.5488876160175 1058 3412 1059.9514122319576 3261.4511123839825
1090 3274 1088.269047483365 3407.540710480264 1278 3410 1279.730952516635 3276.459289519736
1258 3266 1256.1838973143397 3406.1099340493106 1402 3408 1403.8161026856603 3267.8900659506894
1554 3240 1552.1330659978732 3384.031503272229 1704 3386 1705.8669340021268 3241.968496727771
474 3464 472.26535181779593 3597.825826219183 640 3600 641.7346481822041 3466.174173780817
678 3460 676.2458655811581 3595.329163751665 728 3596 729.7541344188419 3460.670836248335
752 3450 750.1256746667348 3594.601734750067 858 3596 859.8743253332652 3451.398265249933
880 3448 877.9139501609392 3608.9360019574665 960 3610 962.0860498390608 3449.0639980425335
940 3452 938.4114623448482 3574.553591190378 1050 3576 1051.5885376551519 3453.446408809622
1042 3422 1039.5840505583035 3608.387322487494 1164 3610 1166.4159494416965 3423.612677512506
1166 3432 1163.8711821148056 3596.235500477289 1300 3598 1302.1288178851944 3433.764499522711
1320 3426 1318.2370804179864 3562.0069275379888 1472 3564 1473.7629195820136 3427.9930724620112
1468 3424 1466.1845692535342 3564.0580948240527 1616 3566 1617.8154307464658 3425.9419051759473
1610 3424 1608.2104888661631 3562.0584307936497 1758 3564 1759.7895111338369 3425.9415692063503
1760 3426 1758.0280436689686 3578.133837844356 1902 3580 1903.9719563310314 3427.866162155644
500 3640 498.31618313426225 3769.904256996265 660 3772 661.6838168657378 3642.095743003735
644 3630 642.0546352207919 3780.0823345886956 790 3782 791.9453647792081 3631.9176654113044
812 3628 810.1855771623257 3767.9803359861653 966 3770 967.8144228376743 3630.0196640138342
954 3612 952.1081542940359 3757.9534084647457 1110 3760 1111.8918457059642 3614.0465915352547
1108 3596 1106.0044758435197 3749.952064586356 1264 3752 1265.9955241564803 3598.0479354136437
1270 3604 1268.310807620707 3734.3189707983292 1398 3736 1399.689192379293 3605.681029201671
1382 3592 1380.103450719675 3738.3162830415513 1510 3740 1511.896549280325 3593.683716958449
1514 3594 1512.1818814967564 3734.265451725085 1646 3736 1647.8181185032436 3595.7345482749156
1640 3590 1638.3626468459652 3716.3196427375224 1768 3718 1769.6373531540348 3591.680357262477
1754 3582 1751.9822518964602 3737.6666128778397 1932 3740 1934.0177481035398 3584.3333871221603
514 3858 512.2380883267781 3993.9291687001023 672 3996 673.7619116732219 3860.0708312998977
720 3840 718.219945968529 3977.3288277820684 770 3978 771.780054031471 3840.6711722179316
758 3836 756.1021068412863 3982.419961492067 878 3984 879.8978931587137 3837.580038507933
892 3832 890.1176113964019 3977.2238054531626 950 3978 951.8823886035981 3832.7761945468374
968 3830 966.4387258358661 3950.4502487094596 1086 3952 1087.561274164134 3831.5497512905404
1100 3788 1097.9230213400635 3948.236172416484 1234 3950 1236.0769786599365 3789.763827583516
1250 3788 1248.1078183244385 3933.979328077374 1404 3936 1405.8921816755615 3790.020671922626
1402 3772 1399.7331848117306 3946.8818109450276 1486 3948 1488.2668151882694 3773.1181890549724
1488 3768 1485.711632803865 3944.5445200112536 1598 3946 1600.288367196135 3769.4554799887464
1608 3770 1605.9556603446367 3927.718116133501 1782 3930 1784.0443396553633 3772.281883866499
632 4008 629.4477331032143 4204.904034892088 714 4206 716.5522668967857 4009.095965107912
726 4032 724.3855427322192 4156.5532552207815 836 4158 837.6144572677808 4033.4467447792185
794 3998 792.2111608053575 4136.006591568392 946 4138 947.7888391946425 3999.9934084316083
936 3988 933.894413970657 4150.443193347918 1054 4152 1056.1055860293432 3989.556806652082
1056 3976 1053.9509567702758 4134.080990710307 1202 4136 1204.0490432297242 3977.9190092896933
1190 3962 1187.8721900235973 4126.157741639402 1330 4128 1332.1278099764027 3963.842258360598
1352 3956 1349.7718712690532 4127.897201634723 1512 4130 1514.2281287309468 3958.1027983652766
1518 3956 1516.0354350001069 4107.563606366519 1704 4110 1705.9645649998931 3958.436393633481
1704 3956 1701.962093720628 4113.22178963558 1762 4114 1764.037906279372 3956.7782103644204
478 4240 476.0606826735415 4389.615781561373 660 4392 661.9393173264584 4242.384218438627
650 4224 648.001452117145 4378.1853411000175 788 4380 789.998547882855 4225.8146588999825
772 4224 770.0415324065009 4375.093199481226 840 4376 841.9584675934991 4224.906800518773
838 4216 836.0910198445785 4363.275308708824 892 4364 893.9089801554215 4216.724691291176
888 4214 886.409446527265 4336.709108866152 986 4338 987.590553472735 4215.290891133847
972 4202 970.2552727298797 4336.603414598053 1078 4338 1079.7447272701202 4203.396585401946
1094 4160 1091.4490769816032 4356.800356441571 1184 4358 1186.5509230183968 4161.199643558428
1180 4192 1178.4141501016259 4314.346234289346 1306 4316 1307.5858498983741 4193.653765710654
1308 4160 1306.0314033649406 4311.874641718066 1470 4314 1471.9685966350594 4162.125358281934
1462 4160 1460.054971190389 4310.056414976066 1610 4312 1611.945028809611 4161.943585023933
1620 4146 1618.103786689272 4292.290363428921 1750 4294 1751.896213310728 4147.709636571079
622 4414 619.9263810360357 4573.976976290193 776 4576 778.0736189639643 4416.023023709807
774 4406 771.9415496215541 4564.806739863919 864 4566 866.0584503784459 4407.193260136081
852 4402 849.9641095382111 4559.066271959806 922 4560 924.0358904617889 4402.933728040194
932 4392 930.1478986137945 4534.8871864585835 1016 4536 1017.8521013862055 4393.1128135414165
1014 4380 1011.5207883667404 4571.267917377685 1068 4572 1070.4792116332594 4380.732082622315
1052 4372 1050.1855771623257 4511.980335986165 1206 4514 1207.8144228376743 4374.019664013835
1200 4330 1197.4046290874835 4530.229453024539 1334 4532 1336.5953709125165 4331.770546975461
1354 4338 1351.9970845123814 4492.522296064194 1466 4494 1468.0029154876186 4339.477703935806
1452 4338 1449.9967485427842 4492.548215676823 1562 4494 1564.0032514572158 4339.451784323177
1564 4342 1562.0782030462403 4490.264107846696 1696 4492 1697.9217969537597 4343.735892153304
1718 4316 1715.9327644583825 4475.484503650242 1910 4478 1912.0672355416175 4318.515496349758
1900 4310 1897.9425575303458 4468.728981026032 1996 4470 1998.0574424696542 4311.271018973968
524 4608 522.0684599279215 4757.015776612937 598 4758 599.9315400720785 4608.984223387063
606 4606 604.0196444290383 4758.781828160081 698 4760 699.9803555709617 4607.218171839919
702 4598 699.9903651204373 4753.040688316774 774 4754 776.0096348795627 4598.959311683226
754 4590 751.8987815754207 4752.106238383742 898 4754 900.1012184245793 4591.893761616258
856 4584 853.8186709503532 4752.286667763352 986 4754 988.1813290496468 4585.713332236648
980 4604 978.1815455271592 4744.291371337714 1110 4746 1111.8184544728408 4605.708628662286
1090 4562 1087.97385265653 4718.314603193565 1218 4720 1220.02614734347 4563.685396806435
1228 4560 1226.101770871689 4706.445881104695 1346 4708 1347.898229128311 4561.554118895305
1354 4548 1352.1283624235123 4692.394377849036 1476 4694 1477.8716375764877 4549.605622150964
1470 4552 1468.1707945000487 4693.120798941842 1536 4694 1537.8292054999513 4552.879201058158
1538 4564 1536.3134953774847 4694.111613897297 1682 4696 1683.6865046225153 4565.888386102703
1700 4554 1698.3589511803957 4680.604758476442 1806 4682 1807.6410488196043 4555.395241523558
1806 4528 1804.0024600259367 4682.107582262131 1950 4684 1951.9975399740633 4529.892417737869
546 4808 543.8934060618653 4970.520952185806 658 4972 660.1065939381347 4809.479047814194
634 4824 632.4919089395128 4940.347242198138 760 4942 761.5080910604872 4825.652757801862
762 4778 760.1435310090309 4921.22414142276 820 4922 821.8564689909691 4778.77585857724
812 4778 810.2296890868479 4914.5771590158265 920 4916 921.7703109131521 4779.4228409841735
930 4772 928.0963953581337 4918.8605949067605 1016 4920 1017.9036046418662 4773.1394050932395
1044 4762 1042.1670988344795 4903.40591468076 1088 4904 1089.8329011655205 4762.59408531924
1086 4762 1084.2310329652366 4898.473480565312 1202 4900 1203.7689670347634 4763.526519434688
1198 4744 1196.3616389371734 4870.39740157541 1320 4872 1321.6383610628266 4745.60259842459
1322 4744 1320.487205365152 4860.710116774944 1420 4862 1421.512794634848 4745.289883225056
1406 4734 1404.3360552941417 4862.371145993184 1530 4864 1531.6639447058583 4735.628854006816
1540 4728 1538.442421501435 4848.165132970541 1680 4850 1681.557578498565 4729.834867029459
1686 4712 1684.015948763469 4865.066943899 1756 4866 1757.984051236531 4712.933056101
1742 4720 1740.4733806580223 4837.776674750702 1912 4840 1913.5266193419777 4722.223325249298
1898 4724 1896.5417323471875 4836.5034318131065 2012 4838 2013.4582676528125 4725.4965681868935
982 4952 979.7395682340774 5126.389338305077 1104 5128 1106.2604317659225 4953.610661694923
1086 4964 1084.105130567661 5110.186684978406 1224 5112 1225.894869432339 4965.813315021594
1224 4946 1222.160329488891 5087.928160791311 1382 5090 1383.839670511109 4948.071839208689
1374 4908 1371.661137456996 5088.440169621544 1492 5090 1494.338862543004 4909.559830378456
1472 4934 1470.348150199641 5061.438039938539 1668 5064 1669.651849800359 4936.561960061461
1674 4904 1671.9775483220992 5060.029487454646 1824 5062 1826.0224516779008 4905.970512545354
1866 4902 1863.8553415900928 5067.457576128822 2060 5070 2062.144658409907 4904.542423871178
# Transcript
*WS*M***
EYKIOS )
EYTYCID** RHT
KRATWN *
BIB QEOPOMPOS
K****LAS
KL ROYFOS
KL SOBAROS
AI***BIOS
FILWN EYEL***
AYLOS *
BAIBIOS ******
IEREYS E***
NHS MA**Q**
N*IEROFANTHS
KL DADOYCOS
N*IEROKHRYX
BOYLHS KAI *
PERI TO BHMA E**
*NTIGRAFEYS NE*
IERAYLHS ERMOD*
EPI SKIADOS PRWT
***TANEWN N
