# Baseline angle
0
# Boxes: x1 y1 x2 y2 x3 y3 x4 y4
524 188 524 438 800 438 800 188
808 214 808 460 896 460 896 214
884 202 884 446 1028 446 1028 202
1028 196 1028 474 1276 474 1276 196
1264 182 1264 458 1400 458 1400 182
1390 214 1390 466 1468 466 1468 214
1464 222 1464 436 1666 436 1666 222
1640 222 1640 466 1846 466 1846 222
1836 218 1836 464 2024 464 2024 218
2018 206 2018 472 2250 472 2250 206
2228 192 2228 480 2470 480 2470 192
2410 206 2410 478 2650 478 2650 206
2628 202 2628 472 2880 472 2880 202
2888 222 2888 476 2974 476 2974 222
2978 232 2978 476 3210 476 3210 232
3200 240 3200 478 3446 478 3446 240
3456 226 3456 484 3656 484 3656 226
3640 208 3640 488 3898 488 3898 208
3878 218 3878 478 3984 478 3984 218
3988 232 3988 492 4270 492 4270 232
468 692 468 880 630 880 630 692
618 706 618 866 762 866 762 706
698 710 698 872 856 872 856 710
832 718 832 868 964 868 964 718
950 716 950 866 1084 866 1084 716
1076 708 1076 858 1208 858 1208 708
1196 722 1196 874 1338 874 1338 722
1304 730 1304 876 1428 876 1428 730
1410 736 1410 884 1538 884 1538 736
1520 734 1520 888 1576 888 1576 734
1566 718 1566 884 1668 884 1668 718
1648 740 1648 878 1812 878 1812 740
1802 742 1802 886 1856 886 1856 742
1848 744 1848 878 2000 878 2000 744
1984 746 1984 882 2106 882 2106 746
2090 742 2090 874 2226 874 2226 742
2214 726 2214 886 2306 886 2306 726
2292 744 2292 880 2416 880 2416 744
2394 738 2394 878 2550 878 2550 738
2518 736 2518 876 2698 876 2698 736
2678 732 2678 872 2774 872 2774 732
2762 742 2762 880 2888 880 2888 742
2872 736 2872 882 3010 882 3010 736
2960 720 2960 886 3120 886 3120 720
3100 712 3100 888 3194 888 3194 712
3174 728 3174 886 3312 886 3312 728
3296 740 3296 882 3430 882 3430 740
3414 718 3414 890 3558 890 3558 718
3540 724 3540 884 3696 884 3696 724
3686 730 3686 880 3826 880 3826 730
3800 724 3800 894 3962 894 3962 724
3942 730 3942 890 4076 890 4076 730
4066 736 4066 884 4200 884 4200 736
4166 720 4166 894 4316 894 4316 720
440 878 440 1042 626 1042 626 878
602 894 602 1032 670 1032 670 894
652 892 652 1042 782 1042 782 892
770 900 770 1042 890 1042 890 900
884 892 884 1038 998 1038 998 892
980 894 980 1034 1126 1034 1126 894
1116 900 1116 1042 1240 1042 1240 900
1214 894 1214 1040 1358 1040 1358 894
1338 894 1338 1038 1494 1038 1494 894
1484 886 1484 1022 1578 1022 1578 886
1564 904 1564 1028 1690 1028 1690 904
1664 888 1664 1034 1800 1034 1800 888
1758 872 1758 1038 1848 1038 1848 872
1852 864 1852 1082 1964 1082 1964 864
1940 892 1940 1040 2074 1040 2074 892
2048 898 2048 1040 2168 1040 2168 898
2156 886 2156 1042 2260 1042 2260 886
2246 914 2246 1036 2398 1036 2398 914
2392 894 2392 1036 2526 1036 2526 894
2526 888 2526 1036 2642 1036 2642 888
2634 906 2634 1026 2742 1026 2742 906
2726 898 2726 1038 2820 1038 2820 898
2812 912 2812 1034 2946 1034 2946 912
2938 910 2938 1024 3040 1024 3040 910
3028 896 3028 1030 3148 1030 3148 896
3134 914 3134 1028 3238 1028 3238 914
3220 900 3220 1038 3352 1038 3352 900
3338 874 3338 1072 3442 1072 3442 874
3430 902 3430 1030 3486 1030 3486 902
3482 894 3482 1028 3594 1028 3594 894
3590 900 3590 1028 3722 1028 3722 900
3718 898 3718 1030 3836 1030 3836 898
3822 902 3822 1036 3960 1036 3960 902
3950 902 3950 1038 4044 1038 4044 902
4016 886 4016 1042 4148 1042 4148 886
4132 900 4132 1042 4266 1042 4266 900
4244 910 4244 1038 4356 1038 4356 910
444 1044 444 1194 580 1194 580 1044
570 1016 570 1228 706 1228 706 1016
684 1048 684 1194 748 1194 748 1048
726 1030 726 1194 864 1194 864 1030
860 1038 860 1206 976 1206 976 1038
942 1036 942 1194 1068 1194 1068 1036
1046 1046 1046 1188 1120 1188 1120 1046
1100 1046 1100 1190 1236 1190 1236 1046
1212 1034 1212 1204 1364 1204 1364 1034
1356 1046 1356 1198 1504 1198 1504 1046
1456 1044 1456 1192 1568 1192 1568 1044
1552 1048 1552 1192 1612 1192 1612 1048
1598 1040 1598 1182 1726 1182 1726 1040
1714 1060 1714 1192 1842 1192 1842 1060
1818 1058 1818 1190 1962 1190 1962 1058
1944 1060 1944 1196 2046 1196 2046 1060
2028 1056 2028 1204 2086 1204 2086 1056
2070 1038 2070 1208 2170 1208 2170 1038
2156 1060 2156 1218 2284 1218 2284 1060
2268 1036 2268 1194 2400 1194 2400 1036
2382 1042 2382 1194 2520 1194 2520 1042
2520 1044 2520 1182 2652 1182 2652 1044
2626 1046 2626 1190 2756 1190 2756 1046
2734 1042 2734 1208 2886 1208 2886 1042
2870 1034 2870 1198 3022 1198 3022 1034
3000 1034 3000 1200 3068 1200 3068 1034
3054 1056 3054 1188 3172 1188 3172 1056
3148 1028 3148 1192 3292 1192 3292 1028
3274 1042 3274 1188 3414 1188 3414 1042
3404 1048 3404 1186 3540 1186 3540 1048
3498 1070 3498 1194 3620 1194 3620 1070
3606 1046 3606 1206 3746 1206 3746 1046
3722 1052 3722 1200 3864 1200 3864 1052
3848 1072 3848 1206 3970 1206 3970 1072
3942 1042 3942 1196 4082 1196 4082 1042
4032 1044 4032 1208 4170 1208 4170 1044
4146 1046 4146 1198 4278 1198 4278 1046
4258 1044 4258 1208 4406 1208 4406 1044
434 1196 434 1338 594 1338 594 1196
568 1190 568 1332 636 1332 636 1190
610 1206 610 1328 738 1328 738 1206
720 1202 720 1338 846 1338 846 1202
812 1190 812 1336 926 1336 926 1190
916 1198 916 1334 1034 1334 1034 1198
1010 1202 1010 1344 1090 1344 1090 1202
1062 1192 1062 1348 1180 1348 1180 1192
1164 1190 1164 1344 1312 1344 1312 1190
1304 1210 1304 1356 1430 1356 1430 1210
1402 1196 1402 1354 1528 1354 1528 1196
1480 1202 1480 1352 1604 1352 1604 1202
1576 1194 1576 1358 1688 1358 1688 1194
1648 1200 1648 1354 1776 1354 1776 1200
1744 1212 1744 1344 1864 1344 1864 1212
1846 1206 1846 1350 1966 1350 1966 1206
1958 1206 1958 1344 2082 1344 2082 1206
2058 1220 2058 1352 2176 1352 2176 1220
2156 1208 2156 1358 2296 1358 2296 1208
2286 1184 2286 1368 2410 1368 2410 1184
2388 1204 2388 1348 2504 1348 2504 1204
2484 1158 2484 1386 2602 1386 2602 1158
2590 1184 2590 1352 2688 1352 2688 1184
2670 1198 2670 1340 2796 1340 2796 1198
2768 1196 2768 1346 2898 1346 2898 1196
2884 1192 2884 1348 3006 1348 3006 1192
2976 1194 2976 1356 3108 1356 3108 1194
3100 1204 3100 1336 3214 1336 3214 1204
3198 1198 3198 1332 3302 1332 3302 1198
3270 1184 3270 1332 3358 1332 3358 1184
3346 1160 3346 1370 3450 1370 3450 1160
3432 1194 3432 1342 3540 1342 3540 1194
3520 1174 3520 1340 3622 1340 3622 1174
3618 1196 3618 1354 3726 1354 3726 1196
3716 1202 3716 1342 3784 1342 3784 1202
3770 1190 3770 1338 3862 1338 3862 1190
3852 1216 3852 1352 4010 1352 4010 1216
3988 1194 3988 1340 4124 1340 4124 1194
4114 1200 4114 1338 4242 1338 4242 1200
4226 1194 4226 1346 4356 1346 4356 1194
4322 1206 4322 1356 4434 1356 4434 1206
440 1332 440 1474 562 1474 562 1332
532 1342 532 1478 646 1478 646 1342
630 1342 630 1468 740 1468 740 1342
684 1318 684 1474 808 1474 808 1318
786 1340 786 1478 906 1478 906 1340
892 1338 892 1482 1012 1482 1012 1338
988 1344 988 1484 1040 1484 1040 1344
1040 1352 1040 1482 1142 1482 1142 1352
1106 1344 1106 1472 1214 1472 1214 1344
1206 1338 1206 1476 1304 1476 1304 1338
1298 1356 1298 1482 1404 1482 1404 1356
1386 1342 1386 1482 1504 1482 1504 1342
1492 1358 1492 1488 1618 1488 1618 1358
1580 1340 1580 1484 1696 1484 1696 1340
1668 1344 1668 1490 1772 1490 1772 1344
1740 1348 1740 1494 1862 1494 1862 1348
1850 1356 1850 1492 1948 1492 1948 1356
1948 1348 1948 1482 2050 1482 2050 1348
2032 1354 2032 1496 2150 1496 2150 1354
2136 1358 2136 1490 2276 1490 2276 1358
2264 1346 2264 1502 2398 1502 2398 1346
2402 1342 2402 1496 2530 1496 2530 1342
2516 1342 2516 1512 2630 1512 2630 1342
2612 1350 2612 1496 2714 1496 2714 1350
2694 1338 2694 1502 2842 1502 2842 1338
2804 1338 2804 1502 2918 1502 2918 1338
2898 1342 2898 1498 3012 1498 3012 1342
2982 1334 2982 1492 3106 1492 3106 1334
3090 1336 3090 1498 3196 1498 3196 1336
3190 1354 3190 1488 3298 1488 3298 1354
3282 1360 3282 1502 3400 1502 3400 1360
3384 1342 3384 1502 3468 1502 3468 1342
3444 1346 3444 1504 3556 1504 3556 1346
3536 1342 3536 1502 3662 1502 3662 1342
3640 1354 3640 1500 3746 1500 3746 1354
3724 1348 3724 1490 3826 1490 3826 1348
3812 1344 3812 1496 3864 1496 3864 1344
3862 1342 3862 1502 3946 1502 3946 1342
3924 1350 3924 1516 4034 1516 4034 1350
4024 1344 4024 1506 4154 1506 4154 1344
4154 1310 4154 1524 4258 1524 4258 1310
4254 1354 4254 1496 4306 1496 4306 1354
4288 1336 4288 1480 4396 1480 4396 1336
2206 1482 2206 1634 2324 1634 2324 1482
2290 1490 2290 1640 2408 1640 2408 1490
2548 1492 2548 1654 2674 1654 2674 1492
2664 1496 2664 1650 2774 1650 2774 1496
2770 1502 2770 1650 2854 1650 2854 1502
2836 1480 2836 1724 2964 1724 2964 1480
2962 1502 2962 1650 3080 1650 3080 1502
3062 1510 3062 1660 3158 1660 3158 1510
3142 1494 3142 1626 3250 1626 3250 1494
3252 1504 3252 1666 3370 1666 3370 1504
3340 1512 3340 1666 3476 1666 3476 1512
1026 1898 1026 2066 1156 2066 1156 1898
1144 1930 1144 2062 1194 2062 1194 1930
1186 1932 1186 2058 1296 2058 1296 1932
1286 1908 1286 2054 1388 2054 1388 1908
1364 1910 1364 2058 1426 2058 1426 1910
1406 1916 1406 2030 1518 2030 1518 1916
1504 1894 1504 2028 1608 2028 1608 1894
1592 1896 1592 2032 1708 2032 1708 1896
986 2120 986 2284 1140 2284 1140 2120
1122 2134 1122 2280 1242 2280 1242 2134
1236 2132 1236 2264 1346 2264 1346 2132
1326 2150 1326 2258 1370 2258 1370 2150
1364 2138 1364 2262 1486 2262 1486 2138
1464 2136 1464 2252 1562 2252 1562 2136
1524 2124 1524 2252 1632 2252 1632 2124
1612 2126 1612 2284 1708 2284 1708 2126
1704 2144 1704 2250 1788 2250 1788 2144
1776 2122 1776 2266 1868 2266 1868 2122
1008 2312 1008 2562 1146 2562 1146 2312
1124 2348 1124 2500 1248 2500 1248 2348
1216 2334 1216 2502 1374 2502 1374 2334
1362 2340 1362 2500 1474 2500 1474 2340
1462 2340 1462 2502 1618 2502 1618 2340
3948 1954 3948 2098 4060 2098 4060 1954
4056 1944 4056 2086 4142 2086 4142 1944
4120 1928 4120 2078 4226 2078 4226 1928
4214 1936 4214 2094 4316 2094 4316 1936
4314 1960 4314 2082 4488 2082 4488 1960
3944 2172 3944 2312 4044 2312 4044 2172
4028 2174 4028 2308 4112 2308 4112 2174
4078 2176 4078 2306 4206 2306 4206 2176
4188 2172 4188 2316 4316 2316 4316 2172
4298 2192 4298 2324 4400 2324 4400 2192
4398 2192 4398 2318 4508 2318 4508 2192
3906 2404 3906 2520 4044 2520 4044 2404
4028 2370 4028 2508 4150 2508 4150 2370
4136 2374 4136 2508 4230 2508 4230 2374
4184 2370 4184 2514 4316 2514 4316 2370
4294 2378 4294 2518 4418 2518 4418 2378
1002 3824 1002 3958 1138 3958 1138 3824
1112 3806 1112 3946 1232 3946 1232 3806
1224 3816 1224 3944 1350 3944 1350 3816
1332 3804 1332 3936 1420 3936 1420 3804
1408 3798 1408 3940 1506 3940 1506 3798
1488 3806 1488 3936 1586 3936 1586 3806
1584 3790 1584 3926 1678 3926 1678 3790
1016 4070 1016 4206 1120 4206 1120 4070
1116 4066 1116 4218 1218 4218 1218 4066
1204 4038 1204 4242 1318 4242 1318 4038
1292 4056 1292 4206 1366 4206 1366 4056
1344 4074 1344 4210 1464 4210 1464 4074
1460 4064 1460 4190 1516 4190 1516 4064
1516 4052 1516 4204 1614 4204 1614 4052
1600 4050 1600 4216 1740 4216 1740 4050
470 5148 470 5280 592 5280 592 5148
578 5158 578 5284 636 5284 636 5158
626 5166 626 5272 718 5272 718 5166
702 5152 702 5286 810 5286 810 5152
792 5162 792 5290 904 5290 904 5162
882 5158 882 5290 994 5290 994 5158
976 5168 976 5286 1064 5286 1064 5168
1038 5166 1038 5286 1134 5286 1134 5166
1112 5182 1112 5300 1222 5300 1222 5182
1204 5166 1204 5302 1282 5302 1282 5166
1266 5198 1266 5292 1340 5292 1340 5198
1308 5162 1308 5300 1414 5300 1414 5162
472 5300 472 5462 616 5462 616 5300
610 5328 610 5456 766 5456 766 5328
738 5320 738 5448 890 5448 890 5320
876 5324 876 5448 982 5448 982 5324
970 5314 970 5462 1108 5462 1108 5314
486 5444 486 5608 622 5608 622 5444
612 5450 612 5604 698 5604 698 5450
686 5460 686 5612 748 5612 748 5460
744 5462 744 5612 864 5612 864 5462
856 5464 856 5596 1010 5596 1010 5464
984 5492 984 5618 1120 5618 1120 5492
1110 5482 1110 5608 1218 5608 1218 5482
1194 5492 1194 5620 1272 5620 1272 5492
484 5610 484 5756 588 5756 588 5610
572 5630 572 5750 634 5750 634 5630
638 5610 638 5756 732 5756 732 5610
728 5628 728 5754 790 5754 790 5628
778 5636 778 5746 874 5746 874 5636
864 5638 864 5762 998 5762 998 5638
988 5620 988 5762 1064 5762 1064 5620
1056 5646 1056 5766 1152 5766 1152 5646
1128 5648 1128 5770 1252 5770 1252 5648
480 5770 480 5908 622 5908 622 5770
630 5790 630 5904 758 5904 758 5790
766 5788 766 5910 810 5910 810 5788
802 5784 802 5920 932 5920 932 5784
932 5792 932 5914 1038 5914 1038 5792
1012 5804 1012 5930 1132 5930 1132 5804
750 5942 750 6066 872 6066 872 5942
856 5958 856 6086 956 6086 956 5958
946 5950 946 6098 1066 6098 1066 5950
1038 5954 1038 6088 1140 6088 1140 5954
1138 5966 1138 6088 1204 6088 1204 5966
1188 5988 1188 6074 1252 6074 1252 5988
1232 5978 1232 6092 1330 6092 1330 5978
1392 5156 1392 5312 1512 5312 1512 5156
1498 5172 1498 5296 1598 5296 1598 5172
1588 5178 1588 5306 1686 5306 1686 5178
1660 5182 1660 5306 1782 5306 1782 5182
1756 5180 1756 5302 1836 5302 1836 5180
1820 5186 1820 5302 1906 5302 1906 5186
1896 5188 1896 5310 1970 5310 1970 5188
1950 5182 1950 5312 2028 5312 2028 5182
2008 5200 2008 5302 2088 5302 2088 5200
2070 5182 2070 5314 2164 5314 2164 5182
1294 5326 1294 5460 1402 5460 1402 5326
1382 5350 1382 5454 1488 5454 1488 5350
1470 5350 1470 5452 1560 5452 1560 5350
1532 5342 1532 5452 1620 5452 1620 5342
1602 5338 1602 5460 1702 5460 1702 5338
1680 5350 1680 5462 1782 5462 1782 5350
1746 5342 1746 5460 1838 5460 1838 5342
1820 5356 1820 5484 1930 5484 1930 5356
1914 5346 1914 5486 2002 5486 2002 5346
1974 5372 1974 5470 2050 5470 2050 5372
2022 5352 2022 5482 2108 5482 2108 5352
1306 5482 1306 5624 1426 5624 1426 5482
1404 5478 1404 5628 1506 5628 1506 5478
1490 5492 1490 5606 1596 5606 1596 5492
1586 5488 1586 5618 1716 5618 1716 5488
1698 5486 1698 5624 1802 5624 1802 5486
1778 5488 1778 5630 1880 5630 1880 5488
1864 5508 1864 5618 1960 5618 1960 5508
1948 5486 1948 5614 2050 5614 2050 5486
1290 5642 1290 5790 1412 5790 1412 5642
1408 5638 1408 5774 1524 5774 1524 5638
1508 5646 1508 5798 1636 5798 1636 5646
1622 5620 1622 5814 1728 5814 1728 5620
1692 5640 1692 5792 1812 5792 1812 5640
1784 5652 1784 5812 1918 5812 1918 5652
1294 5786 1294 5946 1426 5946 1426 5786
1418 5790 1418 5936 1486 5936 1486 5790
1462 5806 1462 5934 1568 5934 1568 5806
1550 5798 1550 5952 1672 5952 1672 5798
2268 4532 2268 4674 2398 4674 2398 4532
2384 4540 2384 4680 2492 4680 2492 4540
2472 4534 2472 4674 2570 4674 2570 4534
2558 4554 2558 4658 2668 4658 2668 4554
2658 4540 2658 4684 2778 4684 2778 4540
2788 4554 2788 4684 2890 4684 2890 4554
2894 4556 2894 4680 2940 4680 2940 4556
2942 4556 2942 4684 3034 4684 3034 4556
3034 4568 3034 4690 3124 4690 3124 4568
2282 4680 2282 4818 2402 4818 2402 4680
2370 4704 2370 4824 2474 4824 2474 4704
2458 4694 2458 4820 2584 4820 2584 4694
2584 4656 2584 4850 2692 4850 2692 4656
2696 4696 2696 4822 2866 4822 2866 4696
2860 4688 2860 4830 2976 4830 2976 4688
2972 4686 2972 4822 3112 4822 3112 4686
2270 4836 2270 5010 2386 5010 2386 4836
2376 4832 2376 4992 2478 4992 2478 4832
2466 4840 2466 4980 2598 4980 2598 4840
2596 4832 2596 4990 2736 4990 2736 4832
2714 4838 2714 4998 2884 4998 2884 4838
2884 4856 2884 4990 2992 4990 2992 4856
3004 4854 3004 4996 3116 4996 3116 4854
2238 5012 2238 5158 2374 5158 2374 5012
2376 5016 2376 5164 2514 5164 2514 5016
2510 5016 2510 5166 2642 5166 2642 5016
2638 5014 2638 5160 2772 5160 2772 5014
2750 5020 2750 5168 2810 5168 2810 5020
2812 5046 2812 5158 2928 5158 2928 5046
2904 5024 2904 5150 3022 5150 3022 5024
2172 5178 2172 5310 2272 5310 2272 5178
2272 5172 2272 5312 2378 5312 2378 5172
2344 5178 2344 5316 2504 5316 2504 5178
2476 5132 2476 5348 2598 5348 2598 5132
2588 5162 2588 5302 2710 5302 2710 5162
2168 5354 2168 5478 2268 5478 2268 5354
2244 5352 2244 5478 2326 5478 2326 5352
2316 5358 2316 5468 2412 5468 2412 5358
2102 5512 2102 5626 2212 5626 2212 5512
# Transcript
TIBERIOY KLAYDIOY KAIS
AGAQHTYCHIEPIMHTRODWROYARCONTOSKOS**
DIONYSODWROY)FLYEWS HGEMONOS FILOSTRATO*
AFIDNAIOYPAIDOTRIBOYNTOS DIODOTOY TOY ANT
PIDOYGRAMMATEYONTOS EYFROSYNOY )FALHREWSOPL
TOY ANTIGONOY PALLHNEWS ALEXANDROS )AZHNIEYS FIL*
KA**YNEFHBOYS
AIOLIWNA
ANTIPATROY
FLYEA
HRAKW
HRAKLE*
MARAQ
QEOGENH**
KHFISIEA
DIONYSODWRON
SWTAN
ARISTWNA
EISIDWRON
ZWILON
**NANDRON
SKAMANDRON
APOLLODWRON
SYMMACON
STEFAN
DION*
CAROPEINO
TRYFWNA
EYDHMON
LHNAION
SYMFE
*QHN 
Q
# Lines: x1 y1 x2 y2 x3 y3 x4 y4
510 286 4294 360
444 776 4326 798
424 952 4362 966
396 1124 4414 1122
396 1240 4446 1282
432 1396 4404 1420
2172 1550 3472 1576
998 1964 1728 1968
954 2200 1886 2214
982 2414 1622 2424
3922 2010 4498 2014
3932 2224 4510 2252
3894 2456 4402 2438
976 3876 1664 3880
1004 4122 1740 4118
452 5194 1338 5228
430 5386 1068 5402
472 5526 1254 5560
468 5688 1246 5698
466 5828 1120 5854
748 6000 1320 6034
1442 5218 2142 5236
1272 5396 2068 5420
1294 5548 2020 5554
1282 5700 1888 5716
1268 5850 1726 5862
2258 4600 3120 4622
2266 4778 3114 4768
2250 4900 3114 4912
2232 5098 2994 5090
2184 5248 2614 5252
2196 5412 2444 5414
2104 5556 2260 5568