# Baseline angle
12.565862077446312
# Boxes: x1 y1 x2 y2 x3 y3 x4 y4
692 1601 692.0574920738816 1714.0538756805659 798 1714 797.9425079261184 1600.9461243194341
790 1614 790.0534302445244 1719.0665911700737 921 1719 920.9465697554756 1613.9334088299263
912 1620 912.0559742216991 1730.0691325611506 1048 1730 1047.944025778301 1619.9308674388494
633 1866 633.0508810951542 1966.0538790424928 739 1966 738.9491189048458 1865.9461209575072
731 1873 731.0513919594673 1974.0584556153096 846 1974 845.9486080405327 1872.9415443846904
836 1879 836.0569799165196 1991.046756423623 928 1991 927.9430200834804 1878.953243576377
926 1841 926.0803757137955 1999.0528469694757 1030 1999 1029.9196242862045 1840.9471530305243
1011 1870 1011.0508849743007 1970.0615070948704 1132 1970 1131.9491150256993 1869.9384929051296
608 1998 608.0529155010647 2102.0543865448785 715 2102 714.9470844989353 1997.945613455121
704 1996 704.0610590727314 2116.068112901403 838 2116 837.9389409272686 1995.9318870985976
828 2001 828.0544444734674 2108.0609967477767 948 2108 947.9455555265326 2000.9390032522228
931 1986 931.0849559071492 2153.059455620715 1048 2153 1047.9150440928508 1985.9405443792848
1022 1991 1022.0620717500158 2113.059467258155 1139 2113 1138.9379282499842 1990.9405327418451
673 2126 673.0412093269142 2207.035068093546 742 2207 741.9587906730858 2125.964931906454
731 2126 731.0488497925609 2222.059473982009 848 2222 847.9511502074391 2125.940526017991
670 2242 670.0513891147599 2343.0528617102327 774 2343 773.9486108852401 2241.9471382897673
779 2242 779.060543036223 2361.0533655920817 884 2361 883.939456963777 2241.9466344079183
624 2388 624.0585088889221 2503.053366626521 729 2503 728.9414911110779 2387.946633373479
729 2388 729.0585099233613 2503.0554007738215 838 2503 837.9414900766387 2387.9445992261785
841 2385 841.055966463406 2495.053876456395 947 2495 946.944033536594 2384.946123543605
939 2343 939.0961432000837 2532.0584328576497 1054 2532 1053.9038567999164 2342.9415671423503
686 2518 686.0508839398617 2618.05947294757 803 2618 802.9491160601383 2517.94052705243
800 2510 800.0529126563572 2614.048792639802 896 2614 895.9470873436428 2509.951207360198
561 2505 561.0534167968162 2610.040147255164 640 2610 639.9465832031838 2504.959852744836
635 2521 635.044762878056 2609.0228613994736 680 2609 679.955237121944 2520.9771386005264
904 2522 904.0508826468127 2622.056930263444 1016 2622 1015.9491173531873 2521.943069736556
998 2529 998.0493575535568 2626.0579481129234 1112 2626 1111.9506424464432 2528.9420518870766
561 2636 561.0518919621701 2738.0416736414686 643 2738 642.9481080378299 2635.9583263585314
635 2630 635.0559625842594 2740.046248404017 726 2740 725.9440374157406 2629.953751595983
704 2631 704.0595264797921 2748.054383182952 811 2748 810.9404735202079 2630.945616817048
801 2626 801.0610476939015 2746.0457372810943 891 2746 890.9389523060985 2625.9542627189057
881 2650 881.056985088715 2762.0569271601266 993 2762 992.943014911285 2649.9430728398734
987 2641 987.0595257039629 2758.052857572476 1091 2758 1090.940474296037 2640.947142427524
1080 2650 1080.0473135790849 2743.0386247480055 1156 2743 1155.9526864209151 2649.9613752519945
539 2777 539.0615660578981 2898.0650614218416 667 2898 666.9384339421019 2776.9349385781584
659 2774 659.0585161299958 2889.0676056576262 792 2889 791.9414838700042 2773.9323943423738
769 2769 769.0610657965855 2889.0813348588576 929 2889 928.9389342034145 2768.9186651411424
521 3022 521.0641025353895 3148.052855244988 625 3148 624.9358974646105 3021.947144755012
611 3034 611.0549532689023 3142.0615050259926 732 3142 731.9450467310977 3033.9384949740074
718 3033 718.0641092592434 3159.066077202443 848 3159 847.9358907407566 3032.933922797557
836 3050 836.0488448789753 3146.0498117823304 934 3146 933.9511551210247 3049.9501882176696
633 3177 633.0559659461866 3287.052859382745 737 3287 736.9440340538134 3176.947140617255
729 3166 729.0615453691164 3287.024378475827 777 3287 776.9384546308836 3165.975621524173
777 3180 777.0554592196297 3289.056419399131 888 3289 887.9445407803703 3179.943580600869
870 3183 870.0463058153862 3274.056932590932 982 3274 981.9536941846138 3182.943067409068
553 3311 553.0447802049106 3399.0569333667613 665 3399 664.9552197950894 3310.9430666332387
657 3314 657.0513746326128 3415.024383648022 705 3415 704.9486253673872 3313.975616351978
697 3319 697.0488503097804 3415.0604910556594 816 3415 815.9511496902196 3318.9395089443406
809 3308 809.0569848301052 3420.0564186233014 920 3420 919.9430151698948 3307.9435813766986
838 3441 838.0519010135121 3543.05947243035 955 3543 954.9480989864879 3440.94052756965
2523 406 2523.060036309666 524.0569256084681 2635 524 2634.939963690334 405.943074391532
2620 401 2620.065123488186 529.0604827801467 2739 529 2738.934876511814 400.9395172198533
2731 393 2731.0717215364252 534.0350525769604 2800 534 2799.9282784635748 392.96494742303963
2803 407 2803.055455599093 516.0492998835782 2900 516 2899.944544400907 406.9507001164218
2891 406 2891.062583390158 529.0655694414473 3020 529 3019.937416609842 405.93443055855266
2488 527 2488.066143665154 657.0665847048294 2619 657 2618.933856334846 526.9334152951706
2598 535 2598.058525957167 650.0869300569834 2769 650 2768.941474042833 534.9130699430166
2420 689 2420.0600388957637 807.0620109767199 2542 807 2541.9399611042363 688.9379890232801
2547 678 2547.0681633303075 812.0381056081799 2622 812 2621.9318366696925 677.9618943918201
2601 690 2601.0651255570647 818.0645510747482 2728 818 2727.9348744429353 689.9354489252518
2718 689 2718.0615541618486 810.0416687278831 2800 810 2799.9384458381514 688.9583312721169
2800 686 2800.0610492455603 806.0487885020456 2896 806 2895.9389507544397 685.9512114979544
2881 684 2881.0559708597725 794.0625215824232 3004 794 3003.9440291402275 683.9374784175768
2129 969 2129.0641012423407 1095.0503125608625 2228 1095 2227.9358987576593 968.9496874391375
2214 970 2214.0651201262594 1098.0538718014193 2320 1098 2319.9348798737406 969.9461281985807
2316 966 2316.0671563424385 1098.0579390615817 2430 1098 2429.9328436575615 965.9420609384183
2422 959 2422.0717272258403 1100.0462403871145 2513 1100 2512.9282727741597 958.9537596128856
2512 985 2512.055444478873 1094.027432800095 2566 1094 2565.944555521127 984.9725671999048
2576 974 2576.0691902311296 1110.0574294903174 2689 1110 2688.9308097688704 973.9425705096826
2696 970 2696.064598141726 1097.0274281451193 2750 1097 2749.935401858274 969.9725718548807
2742 977 2742.0635947743936 1102.0543811140737 2849 1102 2848.9364052256064 976.9456188859263
2832 975 2832.066139010178 1105.057431041976 2945 1105 2944.933860989822 974.942568958024
1772 1116 1772.055463357386 1225.0645559883337 1899 1225 1898.944536642614 1115.9354440116663
1888 1110 1888.0590158740888 1226.0503151469602 1987 1226 1986.9409841259112 1109.9496848530398
1977 1108 1977.0585042339465 1223.0442129636679 2064 1223 2063.941495766054 1107.9557870363321
2048 1110 2048.0651240054062 1238.061499853797 2169 1238 2168.9348759945938 1109.938500146203
2160 1113 2160.055456116312 1222.0503169572285 2259 1222 2258.944543883688 1112.9496830427715
2256 1111 2256.058513802508 1226.0630288261996 2380 1226 2379.941486197492 1110.9369711738004
1584 1230 1584.0584920792871 1345.020311732884 1624 1345 1623.9415079207129 1229.979688267116
1628 1239 1628.0544444734671 1346.0609967477772 1748 1346 1747.9455555265329 1238.9390032522228
1734 1239 1734.0524074814589 1342.055403877139 1843 1342 1842.9475925185411 1238.944596122861
1822 1241 1822.0554558577028 1350.0498084204035 1920 1350 1919.9445441422972 1240.9501915795965
1905 1233 1905.0615626959711 1354.0584504431145 2020 1354 2019.9384373040289 1232.9415495568855
2020 1233 2020.058501389239 1348.0386190585905 2096 1348 2095.9414986107613 1232.9613809414095
2097 1226 2097.060529071295 1345.025904603522 2148 1345 2147.939470928705 1225.974095396478
2144 1226 2144.062065801991 1348.0477709111756 2238 1348 2237.937934198009 1225.9522290888244
2240 1231 2240.064611848044 1358.0543805968541 2347 1358 2346.935388151956 1230.9456194031459
2318 1249 2318.0529092944303 1353.0421816610744 2401 1353 2400.9470907055697 1248.9578183389256
2403 1239 2403.0686718671327 1374.0381053495703 2478 1374 2477.9313281328673 1238.9618946504297
2468 1247 2468.0554566335322 1356.051334030879 2569 1356 2568.9445433664678 1246.948665969121
2558 1247 2558.064611848044 1374.0543805968541 2665 1374 2664.935388151956 1246.9456194031459
2630 1249 2630.060045878228 1367.075741471 2779 1367 2778.939954121772 1248.924258529
2753 1249 2753.0595257039627 1366.0528575724763 2857 1366 2856.9404742960373 1248.9471424275237
2843 1249 2843.0615634718006 1370.05997605359 2961 1370 2960.9384365281994 1248.94002394641
1478 1343 1478.066135906861 1473.051328600074 1579 1473 1578.933864093139 1342.948671399926
1584 1359 1584.0529023119664 1463.0284511667944 1640 1463 1639.9470976880336 1358.9715488332056
1636 1348 1636.0641079661946 1474.0635345183173 1761 1474 1760.9358920338054 1347.9364654816827
1752 1346 1752.0590161326984 1462.0508236837854 1852 1462 1851.9409838673016 1345.9491763162146
1840 1345 1840.0635947743936 1470.0543811140737 1947 1470 1946.9364052256064 1344.9456188859263
1939 1354 1939.0595280314508 1471.057434403903 2052 1471 2051.9404719685494 1353.942565596097
2065 1346 2065.0569876748127 1458.0620125283785 2187 1458 2186.9430123251873 1345.9379874716215
2185 1354 2185.0554620643375 1463.062013304208 2307 1463 2306.9445379356625 1353.937986695792
2299 1351 2299.056984312886 1463.0554015496512 2408 1463 2407.943015687114 1350.9445984503488
2395 1353 2395.054433611857 1460.0396382011193 2473 1460 2472.945566388143 1352.9603617988807
2457 1362 2457.0564762932804 1473.0564188819112 2568 1473 2567.9435237067196 1361.9435811180888
2558 1359 2558.0585119922393 1474.0594690684231 2675 1474 2674.9414880077607 1358.9405309315769
1352 1487 1352.050380316622 1586.069135405858 1488 1586 1487.949619683378 1486.930864594142
1483 1482 1483.057998283219 1596.0492985905294 1580 1596 1579.942001716781 1481.9507014094706
1582 1492 1582.0518816177791 1594.0213321684614 1624 1594 1623.9481183822209 1491.9786678315386
1628 1492 1628.0529160182843 1596.0554036185292 1737 1596 1736.9470839817157 1491.9445963814708
1739 1487 1739.055453530215 1596.0452315889768 1828 1596 1827.944546469785 1486.9547684110232
1817 1489 1817.055966722016 1599.0543849932203 1924 1599 1923.944033277984 1488.9456150067797
1926 1482 1926.0554579265809 1591.053876715005 2032 1591 2031.9445420734191 1481.946123284995
2025 1489 2025.048845137585 1585.0503203191556 2124 1585 2123.9511548624146 1488.9496796808444
2107 1479 2107.0544424045893 1586.0569284531755 2219 1586 2218.9455575954107 1478.9430715468245
2214 1473 2214.055451719946 1582.0416718312003 2296 1582 2295.944548280054 1472.9583281687997
2292 1479 2292.056978882081 1591.0447222763223 2380 1591 2379.943021117919 1478.9552777236777
1292 1602 1292.0595226006456 1719.046755130574 1384 1719 1383.9404773993544 1601.953244869426
1372 1606 1372.0574933669304 1719.0564183646916 1483 1719 1482.9425066330696 1605.9435816353084
1476 1604 1476.062070456967 1726.056924574029 1588 1726 1587.937929543033 1603.943075425971
1587 1618 1587.0513759256617 1719.0269263321482 1640 1719 1639.9486240743383 1617.9730736678518
1636 1606 1636.0569843128858 1718.0554015496512 1745 1718 1744.9430156871142 1605.9445984503488
1736 1609 1736.0534242964998 1714.0548948230944 1844 1714 1843.9465757035002 1608.9451051769056
1820 1614 1820.0534242964998 1719.0548948230944 1928 1719 1927.9465757035002 1613.9451051769056
1934 1610 1934.0554599954592 1719.0579450096063 2048 1719 2047.9445400045408 1609.9420549903937
2032 1609 2032.0554597368493 1718.057436472781 2145 1718 2144.9445402631504 1608.942563527219
2129 1604 2129.0554615471174 1713.0609962305575 2249 1713 2248.9445384528826 1603.9390037694425
2254 1609 2254.055966722016 1719.0543849932203 2361 1719 2360.944033277984 1608.9456150067797
2348 1598 2348.0666498744913 1729.0620076147927 2470 1729 2469.9333501255087 1597.9379923852073
2468 1612 2468.055952757088 1722.0269240046603 2521 1722 2520.944047242912 1611.9730759953397
2518 1598 2518.06410201817 1724.051838171338 2620 1724 2619.93589798183 1597.948161828662
2596 1593 2596.0574967288576 1706.0630293434192 2720 1706 2719.9425032711424 1592.9369706565808
1275 1738 1275.0524069642395 1841.0543868034886 1382 1841 1381.9475930357605 1737.9456131965114
1368 1740 1368.051899720463 1842.0569297462243 1480 1842 1479.948100279537 1739.9430702537757
1473 1737 1473.059525703963 1854.0528575724763 1577 1854 1576.940474296037 1736.9471424275237
1563 1729 1563.0574799192225 1842.029974449782 1622 1842 1621.9425200807775 1728.970025550218
1616 1735 1616.0620720086256 1857.0599757949801 1734 1857 1733.9379279913744 1734.9400242050199
1723 1742 1723.0493521227518 1839.0472688395946 1816 1839 1815.9506478772482 1741.9527311604054
1812 1722 1812.0702062703406 1860.055394825797 1921 1860 1920.9297937296594 1721.944605174203
1916 1726 1916.0666415989785 1857.045734436387 2006 1857 2005.9333584010215 1725.954265563613
1995 1729 1995.0625748560358 1852.0487877262162 2091 1852 2090.937425143964 1728.9512122737838
2078 1727 2078.0635924469057 1852.049804282647 2176 1852 2175.9364075530943 1726.950195717353
2166 1727 2166.0676648792637 1860.0579388029719 2280 1860 2279.9323351207363 1726.9420611970281
2273 1742 2273.064106414536 1868.060483297366 2392 1868 2391.935893585464 1741.939516702634
2388 1738 2388.0645999519948 1865.0309879028957 2449 1865 2448.9354000480052 1737.9690120971043
2443 1737 2443.0554568921416 1846.0518425677042 2545 1846 2544.9445431078584 1736.9481574322958
2534 1721 2534.066644702296 1852.0518368782894 2636 1852 2635.933355297704 1720.9481631217106
2611 1722 2611.0620691639183 1844.054381889903 2718 1844 2717.9379308360817 1721.945618110097
2704 1718 2704.075291897202 1866.0559007765246 2814 1866 2813.924708102798 1717.9440992234754
1300 1850 1300.076809490775 2001.0401353591144 1379 2001 1378.923190509225 1849.9598646408856
1368 1849 1368.062578993792 1972.056924315419 1480 1972 1479.937421006208 1848.943075684581
1464 1847 1464.0676633276048 1980.054887582021 1572 1980 1571.9323366723952 1846.945112417979
1572 1863 1572.0569682790801 1975.0238722664897 1619 1975 1618.9430317209199 1862.9761277335103
1619 1876 1619.0544439562477 1983.0599796741267 1737 1983 1736.9455560437523 1875.9400203258733
1726 1855 1726.062069163918 1977.054381889903 1833 1977 1832.937930836082 1854.945618110097
1812 1855 1812.0661384929585 1985.0564139683258 1923 1985 1922.9338615070415 1854.9435860316742
1907 1865 1907.0585099233613 1980.055400773822 2016 1980 2015.9414900766387 1864.944599226178
2014 1862 2014.0615487310436 1983.0309894545542 2075 1983 2074.9384512689567 1861.9690105454458
2062 1852 2062.062581838499 1975.0625182204963 2185 1975 2184.937418161501 1851.9374817795037
2168 1855 2168.0610502799996 1975.0508226493464 2268 1975 2267.9389497200004 1854.9491773506536
2264 1854 2264.06003165469 1972.0477719456148 2358 1972 2357.93996834531 1853.9522280543852
2348 1860 2348.0610513144384 1980.0528567966471 2452 1980 2451.9389486855616 1859.9471432033529
2449 1855 2449.058492079287 1970.020311732884 2489 1970 2488.941507920713 1854.979688267116
2489 1850 2489.056984312886 1962.0554015496512 2598 1962 2597.943015687114 1849.9445984503488
2577 1846 2577.0656307319628 1975.057939837411 2691 1975 2690.9343692680372 1845.942060162589
1275 2002 1275.0569832784468 2114.0533674023504 1380 2114 1379.9430167215532 2001.9466325976496
1371 1975 1371.0676563451411 2108.0411570877404 1452 2108 1451.9323436548589 1974.9588429122593
1454 1978 1454.061052866097 2098.055908017598 1564 2098 1563.938947133903 1977.9440919824017
1536 1996 1536.055462322947 2105.062521841033 1659 2105 1658.944537677053 1995.937478158967
1633 1998 1633.058512509459 2113.060486142074 1752 2113 1751.941487490541 1997.9395138579264
1744 1986 1744.0630836514708 2110.0492960044317 1841 2110 1840.9369163485292 1985.9507039955686
1816 2004 1816.052919897431 2108.063031670907 1940 2108 1939.947080102569 2003.936968329093
1923 1996 1923.059526479792 2113.054383182952 2030 2113 2029.940473520208 1995.945616817048
2019 1991 2019.0610536419263 2111.057433628074 2132 2111 2131.9389463580737 1990.9425663719264
2104 1994 2104.0508862673496 2094.0640497789964 2230 2094 2229.9491137326504 1993.9359502210034
2212 1999 2212.0564770691094 2110.057944492387 2326 2110 2325.9435229308906 1998.942055507613
2393 1982 2393.0590192360155 2098.0569261256874 2505 2098 2504.9409807639845 1981.9430738743124
2500 1982 2500.0610513144384 2102.0528567966467 2604 2102 2603.9389486855616 1981.9471432033529
2316 1991 2316.0564729313533 2102.049807903184 2414 2102 2413.9435270686467 1990.9501920968162
1278 2130 1278.0529147252353 2234.0528609344033 1382 2234 1381.9470852747647 2129.9471390655967
1380 2098 1380.0686752290599 2233.0447163282975 1468 2233 1467.9313247709401 2097.9552836717025
1446 2119 1446.0585099233613 2234.0554007738215 1555 2234 1554.9414900766387 2118.9445992261785
1547 2116 1547.0691899725196 2252.0569209534924 1659 2252 1658.9308100274804 2115.9430790465076
1644 2134 1644.0559685322842 2244.0579447509963 1758 2244 1757.9440314677158 2133.9420552490037
1748 2126 1748.0559690495038 2236.058961824647 1864 2236 1863.9440309504962 2125.941038175353
1844 2108 1844.0676648792635 2241.057938802972 1958 2241 1957.9323351207365 2107.942061197028
1952 2111 1952.0717267086206 2252.045223313464 2041 2252 2040.9282732913794 2110.954776686536
1299 2258 1299.0549421486821 2366.0396379425097 1377 2366 1376.9450578513179 2257.9603620574903
1377 2241 1377.0635916710762 2366.048278672172 1472 2366 1471.9364083289238 2240.951721327828
1451 2244 1451.059526479792 2361.054383182952 1558 2361 1557.940473520208 2243.945616817048
1553 2244 1553.0600383785443 2362.0609939030696 1673 2362 1672.9399616214557 2243.9390060969304
1654 2254 1654.055968790894 2364.058453287822 1769 2364 1768.944031209106 2253.941546712178
1756 2247 1756.062060112576 2369.0365831010213 1828 2369 1827.937939887424 2246.9634168989787
1809 2244 1809.06359891215 2369.0625177032766 1932 2369 1931.93640108785 2243.9374822967234
1929 2252 1929.0585135438982 2367.0625202893743 2052 2367 2051.941486456102 2251.9374797106257
2036 2246 2036.067160997414 2378.0670927244346 2168 2378 2167.9328390025858 2245.9329072755654
2145 2249 2145.069685320246 2386.030985316798 2206 2386 2205.930314679754 2248.969014683202
2209 2250 2209.0605445878814 2369.056416813033 2320 2369 2319.9394554121186 2249.943583186967
2449 2260 2449.0620743361133 2382.0645526264066 2576 2382 2575.9379256638867 2259.9354473735934
2576 2249 2576.064098397633 2375.0447186557853 2664 2375 2663.935901602367 2248.9552813442147
2638 2260 2638.0641038284384 2386.0553979291144 2747 2386 2746.9358961715616 2259.9446020708856
2729 2244 2729.0829202081895 2407.0564054342035 2840 2407 2839.9170797918105 2243.9435945657965
1262 2388 1262.0600357924466 2506.0559085348177 1372 2506 1371.9399642075534 2387.9440914651823
1361 2391 1361.0605414845643 2510.0503143711308 1460 2510 1459.9394585154357 2390.9496856288692
1446 2377 1446.069173938714 2513.0253916703305 1496 2513 1495.930826061286 2376.9746083296695
1491 2386 1491.0635952916132 2511.055398187724 1600 2511 1599.9364047083868 2385.944601812276
1568 2396 1568.0559674978451 2506.055910603696 1678 2506 1677.9440325021549 2395.944089396304
1664 2393 1664.05851147502 2508.058451994773 1779 2508 1778.94148852498 2392.941548005227
1771 2383 1771.062064508942 2505.04522822705 1860 2505 1859.937935491058 2382.95477177295
1841 2402 1841.0539323161051 2508.053877490834 1947 2508 1946.9460676838949 2401.946122509166
1934 2388 1934.067659707068 2521.047768066468 2028 2521 2027.932340292932 2387.952231933532
2024 2394 2024.0635919296863 2519.0487872089966 2120 2519 2119.936408070314 2393.9512127910034
2104 2404 2104.054439301272 2511.050826011273 2204 2511 2203.945560698728 2403.949173988727
2200 2402 2200.0564747416215 2513.0533676609602 2305 2513 2304.9435252583785 2401.9466323390398
2288 2398 2288.0615461449456 2519.0259040863025 2339 2519 2338.9384538550544 2397.9740959136975
2332 2399 2332.0625738215967 2522.0467535789157 2424 2522 2423.9374261784033 2398.9532464210843
2417 2404 2417.056982761227 2516.0523503287004 2520 2516 2519.943017238773 2403.9476496712996
2499 2402 2499.053932574715 2508.0543860276593 2606 2508 2605.946067425285 2401.9456139723407
2598 2406 2598.057485867247 2519.0416707967615 2680 2519 2679.942514132753 2405.9583292032385
2675 2404 2675.056978882081 2516.044722276322 2763 2516 2762.943021117919 2403.955277723678
2780 2401 2780.0635821025153 2526.0294628096394 2838 2526 2837.9364178974847 2400.9705371903606
2836 2394 2836.0676622931655 2527.05285343472 2940 2527 2939.9323377068345 2393.94714656528
2926 2388 2926.0691894553 2524.055903879842 3036 2524 3035.9308105447 2387.944096120158
3035 2401 3035.055455340483 2510.048791346753 3131 2510 3130.944544659517 2400.951208653247
1262 2518 1262.061053900536 2638.057942164899 1376 2638 1375.938946099464 2517.942057835101
1379 2518 1379.0600334649587 2636.051331703391 1480 2636 1479.9399665350413 2517.948668296609
1468 2534 1468.0447786532518 2622.05388214581 1574 2622 1573.9552213467482 2533.94611785419
1548 2506 1548.0864833278931 2676.0630146026624 1672 2676 1671.9135166721069 2505.9369853973376
1656 2511 1656.0605326918323 2630.0330241190745 1721 2630 1720.9394673081677 2510.9669758809255
1702 2537 1702.051905409878 2639.0681175563786 1836 2639 1835.948094590122 2536.9318824436214
1814 2518 1814.0600350166173 2636.054382924342 1921 2636 1920.9399649833827 2517.945617075658
1910 2519 1910.061056228024 2639.0625189963257 2033 2639 2032.938943771976 2518.9374810036743
2017 2532 2017.055968790894 2642.058453287822 2132 2642 2131.944031209106 2531.941546712178
2129 2519 2129.063591671076 2644.048278672172 2224 2644 2223.936408328924 2518.951721327828
2206 2524 2206.0620740775034 2646.0640440895813 2332 2646 2331.9379259224966 2523.9359559104187
2331 2524 2331.06917833508 2660.0340367963586 2398 2660 2397.93082166492 2523.9659632036414
2393 2529 2393.065632800841 2658.0620081320126 2515 2658 2514.934367199159 2528.9379918679874
2508 2534 2508.061559592654 2655.052348001212 2611 2655 2610.938440407346 2533.947651998788
2612 2543 2612.0554594782393 2652.056927935956 2724 2652 2723.9445405217607 2542.943072064044
1265 2655 1265.0529147252353 2759.0528609344033 1369 2759 1368.9470852747647 2654.9471390655967
1363 2650 1363.0580050070728 2764.062520547984 1486 2764 1485.9419949929272 2649.937479452016
1460 2652 1460.0554607712884 2761.0594706200823 1577 2761 1576.9445392287116 2651.9405293799177
1564 2652 1564.052919897431 2756.063031670907 1688 2756 1687.947080102569 2651.936968329093
1684 2649 1684.057494918589 2762.059469585643 1801 2762 1800.942505081411 2648.940530414357
1790 2642 1790.0620678708692 2764.051839205777 1892 2764 1891.9379321291308 2641.948160794223
1876 2623 1876.0849463385878 2790.0406397581837 1956 2790 1955.9150536614122 2622.9593602418163
1251 2772 1251.0585130266786 2887.061503215724 1372 2887 1371.9414869733214 2771.938496784276
1371 2778 1371.0564698280357 2889.0437054612817 1457 2889 1456.9435301719643 2777.9562945387183
1449 2782 1449.0559680150645 2892.0569276773463 1561 2892 1560.9440319849355 2781.9430723226537
1556 2777 1556.0625774421335 2900.053873094468 1662 2900 1661.9374225578665 2776.946126905532
1644 2786 1644.0564804310366 2897.0645554711145 1771 2897 1770.9435195689634 2785.9354445288855
1768 2780 1768.0625717527184 2903.0426852843143 1852 2903 1851.9374282472816 2779.9573147156857
1849 2786 1849.0580006107068 2900.053875421956 1955 2900 1954.9419993892932 2785.946124578044
1944 2785 1944.0595238936946 2902.0492978147 2041 2902 2040.9404761063054 2784.9507021853
2044 2796 2044.0559651703572 2906.051333772269 2145 2906 2144.944034829643 2795.948666227731
2148 2791 2148.060540708735 2910.0487887606555 2244 2910 2243.939459291265 2790.9512112393445
2228 2734 2228.108856879323 2948.058934929231 2344 2948 2343.891143120677 2733.941065070769
2332 2786 2332.072741454783 2929.040645964818 2412 2929 2411.927258545217 2785.959354035182
2417 2794 2417.0661343552024 2924.0482773791223 2512 2924 2511.9338656447976 2793.9517226208777
2512 2796 2512.064104087048 2922.055906465939 2622 2922 2621.935895912952 2795.944093534061
2609 2802 2609.063088047837 2926.0579411304598 2723 2926 2722.936911952163 2801.9420588695402
2723 2802 2723.0676672067516 2935.0625156343986 2846 2935 2845.9323327932484 2801.9374843656014
2841 2799 2841.0661364240805 2929.052345673724 2944 2929 2943.9338635759195 2798.947654326276
2944 2798 2944.0752913799824 2946.054883702874 3052 2946 3051.9247086200176 2797.945116297126
1248 2910 1248.0544460251258 3017.064047968728 1374 3017 1373.9455539748742 2909.935952031272
1369 2913 1369.0600334649587 3031.051331703391 1470 3031 1469.9399665350413 2912.948668296609
1464 2911 1464.0595285486702 3028.0584514775533 1579 3028 1578.9404714513298 2910.9415485224467
1580 2929 1580.0534204173532 3034.0472667707168 1673 3034 1672.9465795826468 2928.9527332292832
1664 2921 1664.0615629545807 3042.0589589799392 1780 3042 1779.9384370454193 2920.9410410200608
1771 2926 1771.0615619201417 3047.0569248326387 1883 3047 1882.9384380798583 2925.9430751673613
1867 2929 1867.0600376027148 3047.0594682925944 1984 3047 1983.9399623972852 2928.9405317074056
1977 2926 1977.0615647648492 3047.0625187377154 2100 3047 2099.938435235151 2925.9374812622846
2104 2934 2104.056981985398 3046.0508247182242 2204 3046 2203.943018014602 2933.9491752817758
2208 2932 2208.055453530215 3041.045231588977 2297 3041 2296.944546469785 2931.954768411023
2286 2932 2286.0544387840528 3039.049808937623 2384 3039 2383.9455612159472 2931.950191062377
2384 2935 2384.0544452492964 3042.062522358253 2507 3042 2506.9455547507036 2934.937477641747
2502 2942 2502.055955084576 3052.0315008360867 2564 3052 2563.944044915424 2941.9684991639133
2568 2937 2568.060036309666 3055.056925608468 2680 3055 2679.939963690334 2936.943074391532
2646 2948 2646.0478363394477 3042.0665940147815 2777 3042 2776.9521636605523 2947.9334059852185
2768 2942 2768.0600329477393 3060.0503146297406 2867 3060 2866.9399670522607 2941.9496853702594
1248 3034 1248.0590220807233 3150.0625200307645 1371 3150 1370.9409779192767 3033.9374799692355
1352 3044 1352.0559690495038 3154.058961824647 1468 3154 1467.9440309504962 3043.941038175353
1467 3047 1467.062069163918 3169.054381889903 1574 3169 1573.937930836082 3046.945618110097
1564 3050 1564.0605479498086 3169.0630277917608 1688 3169 1687.9394520501914 3049.9369722082392
1670 3057 1670.0569858645442 3169.058452770602 1785 3169 1784.9430141354558 3056.941547229398
1774 3058 1774.059017942967 3174.054383441562 1881 3174 1880.940982057033 3057.945616558438
1888 3054 1888.0666431506372 3185.048785657338 1984 3185 1983.9333568493628 3053.951214342662
1980 3055 1980.060541743174 3174.050822907956 2080 3174 2079.9394582568257 3054.949177092044
2086 3065 2086.0559638773084 3175.0487910881434 2182 3175 2181.9440361226916 3064.9512089118566
2163 3063 2163.0569832784468 3175.0533674023504 2268 3175 2267.9430167215532 3062.9466325976496
2246 3066 2246.061051831658 3186.0538738702976 2352 3186 2351.938948168342 3065.9461261297024
2356 3079 2356.0691775592504 3215.0325111858833 2420 3215 2419.9308224407496 3078.9674888141167
2409 3074 2409.0580068173413 3188.0660803057604 2539 3188 2538.9419931826587 3073.9339196942396
2515 3074 2515.0605482084184 3193.0635363285855 2640 3193 2639.9394517915816 3073.9364636714145
2625 3076 2625.0595257039627 3193.052857572476 2729 3193 2728.9404742960373 3075.947142427524
1260 3180 1260.0625663219134 3303.032006010985 1323 3303 1322.9374336780866 3179.967993989015
1308 3191 1308.0524054125808 3294.0513355825374 1409 3294 1408.9475945874192 3190.9486644174626
1400 3185 1400.0600213102996 3303.027430472607 1454 3303 1453.9399786897004 3184.972569527393
1454 3190 1454.0574920738816 3303.053875680566 1560 3303 1559.9425079261184 3189.946124319434
1529 3191 1529.0595215662065 3308.0447209832732 1617 3308 1616.9404784337935 3190.9552790167268
1624 3188 1624.066644702296 3319.051836878289 1726 3319 1725.933355297704 3187.948163121711
1734 3196 1734.0625782179627 3319.0553987049434 1843 3319 1842.9374217820373 3195.9446012950566
1838 3191 1838.0605420017837 3310.051331444781 1939 3310 1938.9394579982163 3190.948668555219
1932 3198 1932.0590254426502 3314.069131009492 2068 3314 2067.94097455735 3197.930868990508
2057 3199 2057.0625777007435 3322.0543816312934 2164 3322 2163.9374222992565 3198.9456183687066
2164 3202 2164.055457926581 3311.0538767150047 2270 3311 2269.944542073419 3201.9461232849953
2264 3202 2264.059524410914 3319.0503148883504 2363 3319 2362.940475589086 3201.9496851116496
2364 3204 2364.0600210516895 3322.026921935782 2417 3322 2416.9399789483105 3203.973078064218
2412 3198 2412.06308468591 3322.051330151732 2513 3322 2512.93691531409 3197.948669848268
2512 3202 2512.0595272556216 3319.0559087934275 2622 3319 2621.9404727443784 3201.9440912065725
2608 3201 2608.060036568276 3319.0574341452934 2721 3319 2720.939963431724 3200.9425658547066
1256 3306 1256.061039159779 3426.0289555658633 1313 3426 1312.938960840221 3305.9710444341367
1296 3310 1296.0544398184913 3417.051843084924 1398 3417 1397.9455601815087 3309.948156915076
1387 3316 1387.0554452547021 3425.028958410571 1444 3425 1443.9445547452979 3315.971041589429
1438 3308 1438.0595269970117 3425.0554002566023 1547 3425 1546.9404730029883 3307.9445997433977
1542 3330 1542.046811507504 3422.0513384272454 1643 3422 1642.953188492496 3329.9486615727546
1624 3330 1624.0468122833333 3422.0528640377206 1728 3422 1727.9531877166667 3329.9471359622794
1880 3318 1880.0696938543688 3455.0477670320292 1974 3455 1973.9303061456312 3317.9522329679708
1243 3441 1243.0615466621653 3562.0269211599525 1296 3562 1295.9384533378347 3440.9730788400475
1297 3455 1297.0513870458817 3556.0487934156313 1393 3556 1392.9486129541183 3454.9512065843687
1382 3450 1382.0569825026173 3562.0518417918747 1484 3562 1483.9430174973827 3449.9481582081253
1451 3455 1451.0585099233613 3570.0554007738215 1560 3570 1559.9414900766387 3454.9445992261785
1558 3462 1558.0549372350965 3570.029975742831 1617 3570 1616.9450627649035 3461.970024257169
1606 3466 1606.0498655731624 3564.056930780663 1718 3564 1717.9501344268376 3465.943069219337
1700 3455 1700.0605376054177 3574.042686318753 1784 3574 1783.9394623945823 3454.957313681247
1804 3462 1804.0651188332106 3590.0513291172933 1905 3590 1904.9348811667894 3461.9486708827067
1900 3473 1900.0488332415357 3569.026927625197 1953 3569 1952.9511667584643 3472.973072374803
1950 3473 1950.0513878217112 3574.0503190261065 2049 3574 2048.9486121782893 3472.9496809738935
2032 3473 2032.0559711183819 3583.0630301192487 2156 3583 2155.944028881618 3472.9369698807513
2145 3468 2145.065115988503 3596.045735212216 2235 3596 2234.934884011497 3467.954264787784
2235 3476 2235.0544385254425 3583.0493004007976 2332 3583 2331.9455614745575 3475.9506995992024
2339 3471 2339.0620554576 3593.0274294381684 2393 3593 2392.9379445424 3470.9725705618316
2392 3478 2392.05697914069 3590.0452308131476 2481 3590 2480.94302085931 3477.9547691868524
2475 3474 2475.060551828955 3593.0706558441384 2614 3593 2613.939448171045 3473.9293441558616
1259 3591 1259.0544224916368 3698.017771117636 1294 3698 1293.9455775083632 3590.982228882364
1292 3593 1292.0544416287598 3700.0554028427 1401 3700 1400.9455583712402 3592.9445971573
1382 3590 1382.0559561190153 3700.0335349833877 1448 3700 1447.9440438809847 3589.9664650166123
1435 3596 1435.0513904078086 3697.055404394359 1544 3697 1543.9486095921914 3595.944595605641
1534 3588 1534.0569907781298 3700.068114970281 1668 3700 1667.9430092218702 3587.931885029719
1648 3590 1648.0544372323936 3697.046757716672 1740 3697 1739.9455627676064 3589.953242283328
1729 3594 1729.0539317988857 3700.052860417184 1833 3700 1832.9460682011143 3593.947139582816
1811 3596 1811.055963360089 3706.047774014493 1905 3706 1904.944036639911 3595.952225985507
1900 3601 1900.055454306044 3710.0467571994523 1992 3710 1991.944545693956 3600.9532428005477
1988 3610 1988.0549405970235 3718.0365867215583 2060 3718 2059.9450594029768 3609.9634132784417
2067 3612 2067.056984312886 3724.055401549651 2176 3724 2175.943015687114 3611.944598450349
2174 3610 2174.0590125121616 3726.0437041682326 2260 3726 2259.9409874878384 3609.9562958317674
2246 3606 2246.0625795110113 3729.0579413890696 2360 3729 2359.9374204889887 3605.9420586109304
2358 3583 2358.0783389803973 3737.047762635663 2452 3737 2451.9216610196027 3582.952237364337
2444 3606 2444.0671527219015 3738.0508195460293 2544 3738 2543.9328472780985 3605.9491804539707
2544 3599 2544.070708859141 3738.043698220208 2630 3738 2629.929291140859 3598.956301779792
2620 3628 2620.0539307644467 3734.050826269883 2720 3734 2719.9460692355533 3627.949173730117
2710 3618 2710.063596067442 3743.0569237981995 2822 3743 2821.936403932558 3617.9430762018005
1243 3727 1243.045781503365 3817.0259121032054 1294 3817 1293.954218496635 3726.9740878967946
1294 3716 1294.0625740802066 3839.0472621157405 1387 3839 1386.9374259197934 3715.9527378842595
1387 3708 1387.065114954064 3836.0437010649157 1473 3836 1472.934885045936 3707.9562989350843
1489 3734 1489.0518932552188 3836.044216325595 1576 3836 1575.9481067447812 3733.955783674405
1574 3730 1574.0539330919346 3836.0554031013094 1683 3836 1682.9460669080654 3729.9445968986906
1667 3729 1667.0569809509589 3841.0487905709238 1763 3841 1762.9430190490411 3728.9512094290762
1750 3722 1750.0635932227349 3847.051329893123 1851 3847 1850.9364067772651 3721.948670106877
1835 3734 1835.052916276894 3838.0559121553547 1945 3838 1944.947083723106 3733.9440878446453
1936 3742 1936.0534302445244 3847.0665911700735 2067 3847 2066.9465697554756 3741.9334088299265
2060 3737 2060.0529056738937 3841.035062145522 2129 3841 2128.9470943261063 3736.964937854478
2132 3735 2132.0610489869505 3855.0482799652204 2227 3855 2226.9389510130495 3734.9517200347796
2232 3742 2232.0625771835234 3865.053364557643 2337 3865 2336.9374228164766 3741.946635442357
2334 3729 2334.08444064647 3895.04623392187 2425 3895 2424.91555935353 3728.95376607813
2422 3751 2422.052910587479 3855.0447243452004 2510 3855 2509.947089412521 3750.9552756547996
2504 3740 2504.0579954385116 3854.043704685452 2590 3854 2589.9420045614884 3739.956295314548
2584 3740 2584.062574856036 3863.0487877262162 2680 3863 2679.937425143964 3739.9512122737838
2675 3743 2675.056989226471 3855.0650637493295 2803 3855 2802.943010773529 3742.9349362506705
1481 3850 1481.0635947743936 3975.0543811140737 1588 3975 1587.9364052256064 3849.9456188859263
1593 3865 1593.058498027312 3980.0320080798633 1656 3980 1655.941501972688 3864.9679919201367
1641 3855 1641.0595311347681 3972.063536845805 1766 3972 1765.9404688652319 3854.936463154195
1740 3860 1740.0600363096662 3978.056925608468 1852 3978 1851.9399636903338 3859.943074391532
1841 3865 1841.0610484697308 3985.04726289157 1934 3985 1933.9389515302692 3864.95273710843
1931 3876 1931.0539361952517 3982.0615055432118 2052 3982 2051.946063804748 3875.9384944567882
2036 3873 2036.044771929398 3961.040660188355 2116 3961 2115.955228070602 3872.959339811645
2115 3868 2115.0554548232635 3977.0477742731027 2209 3977 2208.9445451767365 3867.9522257268973
2182 3874 2182.0529152424547 3978.0538780080537 2288 3978 2287.9470847575453 3873.9461219919463
2268 3887 2268.049860659577 3985.0472685809846 2361 3985 2360.950139340423 3886.9527314190154
2347 3881 2347.053429727305 3986.0655740964235 2476 3986 2475.946570272695 3880.9344259035765
1801 3986 1801.067156601048 4118.058447598407 1916 4118 1915.932843398952 3985.941552401593
1908 3998 1908.0610580382922 4118.066078754102 2038 4118 2037.9389419617078 3997.933921245898
2030 3996 2030.053940591618 4102.07015066924 2168 4102 2167.946059408382 3995.9298493307597
2147 3994 2147.063089082276 4118.05997527776 2265 4118 2264.936910917724 3993.9400247222393
2264 4007 2264.0523961026292 4110.033028256831 2329 4110 2328.9476038973708 4006.9669717431693
2315 4007 2315.0529147252355 4111.052860934404 2419 4111 2418.9470852747645 4006.9471390655967
2417 3998 2417.0590241496016 4114.066588325366 2548 4114 2547.9409758503984 3997.933411674634
2137 4247 2137.0691897139095 4383.056412416667 2248 4383 2247.9308102860905 4246.943587583333
2236 4257 2236.062578993792 4380.056924315419 2348 4380 2347.937421006208 4256.943075684581
2342 4254 2342.0640914151695 4380.030988161506 2403 4380 2402.9359085848305 4253.969011838494
2396 4262 2396.0569868989833 4374.060486917902 2515 4374 2514.9430131010167 4261.939513082098
2505 4266 2505.0630859789585 4390.053872835859 2611 4390 2610.9369140210415 4265.946127164141
547 1873 547.0518896346822 1975.0370968100422 620 1975 619.9481103653178 1872.9629031899578
616 1735 616.0666503917108 1866.0630246884432 740 1866 739.9333496082892 1734.9369753115568
734 1745 734.0574951771989 1858.059978122468 852 1858 851.9425048228011 1744.940021877532
846 1716 846.0788516549785 1871.055898966256 956 1871 955.9211483450215 1715.944101033744
956 1748 956.0498578148693 1846.0416746759079 1038 1846 1037.9501421851307 1747.9583253240921
1017 1754 1017.0508805779347 1854.0528619688423 1121 1854 1120.9491194220655 1753.9471380311577
# Transcript
PAL
*NAFLY
RANAFL
ANAFL
AL
WE
ANAF
SISHMA
*TROYANA
PAL
AQMO
*OIOQ
OIOQ
*M
DWROY
OY
*TRATOY
*EYSEINIOY
*SERMOY
IMOSARISTOBOYLOY
SIMOSLHNAIOY
*WSIMOSAGNOY
ZWSIMOSAQHNAIOY
ZWSIMOSEYELPISTOY
ZWSIMOSDIONYSIOY
HRASABASKANTOY
HRAKLAS)
HRAKEIDHSIS**WROY
HLIODWROSOKAIEYTYCIDHS
QEOFILOSZWSIMOY
QALLOS)
QEODWROSEYFROSYNOY
QHSEYSANDRONIKOY
QALLOSEYTYCIDOY
ISIGENHSPONTIKOY
ISIDOT**)
IOYLIOSDIONYSIOS
ISIDWROSTELESFOROY
IKELOSELPIDHFOROY
LIOSEYRETOS
**KLWDIOY
*YSIOY

# Lines: x1 y1 x2 y2 x3 y3 x4 y4
643 1662 1091 1662
494 1815 1150 1793
574 1910 1180 1922
593 2047 1176 2030
638 2164 926 2182
635 2292 931 2286
580 2442 1089 2439
534 2562 1136 2575
534 2689 1187 2679
520 2826 971 2828
472 3089 966 3100
572 3236 1025 3233
513 3348 971 3340
776 3492 1054 3508
2465 460 3025 449
2398 609 2932 590
2315 727 3100 719
1889 1031 3060 1026
1681 1186 2988 1153
1580 1305 2982 1306
1451 1410 2980 1423
1283 1521 2489 1519
1276 1662 2748 1676
1302 1791 2804 1782
1270 1927 2755 1895
1307 2052 2628 2036
1300 2178 2166 2170
1280 2308 2880 2316
1264 2439 3187 2447
1251 2570 2836 2610
1240 2697 2011 2706
1254 2830 3052 2873
1249 2967 2900 3022
1248 3098 2764 3150
1238 3236 2776 3279
1216 3364 1987 3377
1246 3502 2676 3537
1243 3631 2888 3690
1233 3777 2772 3812
1497 3908 2609 3951
1691 4025 2608 4086
2128 4337 2601 4351