# Baseline angle
-0.31833025976298046
# Boxes: x1 y1 x2 y2 x3 y3 x4 y4
566 271 603.3932066669569 384.4718422230387 708 350 670.6067933330431 236.52815777696128
689 233 723.9375063732477 339.0198780532722 812 310 777.0624936267523 203.98012194672782
788 206 821.6369814174848 308.07336006935526 922 275 888.3630185825152 172.92663993064474
887 152 923.0353465874705 261.3513374994735 1003 235 966.9646534125295 125.6486625005265
504 481 535.9378573243406 577.917270014501 651 540 619.0621426756594 443.082729985499
622 436 655.143810255033 536.5768037340538 754 504 720.856189744967 403.42319626594616
725 402 757.8296276241734 501.6233984207398 872 464 839.1703723758266 364.3766015792602
850 361 885.0016118426706 467.21440979741425 1004 428 968.9983881573294 321.78559020258575
278 725 314.31567748983264 835.2020177903187 409 804 372.68432251016736 693.7979822096813
381 685 416.3092369425531 792.1479159047832 438 785 402.6907630574469 677.8520840952168
401 674 442.00090994048486 798.4196258749566 507 777 465.99909005951514 652.5803741250434
469 649 505.4305605520018 759.550637068164 586 733 549.5694394479982 622.449362931836
553 617 590.7951909771878 731.691686796223 690 699 652.2048090228122 584.308313203777
660 583 694.4443352107961 687.5233217179707 781 659 746.5556647892039 554.4766782820293
742 539 780.7950739934901 656.7258894758133 871 627 832.2049260065099 509.27411052418665
835 508 875.1630895915257 629.8772117061193 981 595 940.8369104084743 473.1227882938807
946 473 981.5252495607701 580.8034186529376 1075 550 1039.4747504392299 442.19658134706236
291 856 327.3089071441332 966.1814727858249 428 933 391.6910928558668 822.8185272141751
396 823 433.79180580433797 937.6814142939761 536 904 498.20819419566203 789.3185857060239
507 785 545.3863193375597 901.4854998981353 647 868 608.6136806624403 751.5145001018647
632 753 668.3529143911799 863.3150153150343 730 843 693.6470856088201 732.6849846849657
720 718 754.4240241736976 822.4616867044895 859 788 824.5759758263024 683.5383132955105
831 678 866.8021952902825 786.643826441536 978 750 942.1978047097175 641.356173558464
953 637 986.6945293559305 739.2479926075523 1036 723 1002.3054706440695 620.7520073924477
1029 607 1063.5152110259182 711.7383984666066 1175 675 1140.4847889740818 570.2616015333934
164 1095 192.2053282848167 1180.5906953765457 282 1151 253.7946717151833 1065.4093046234543
256 1056 285.0801727204007 1144.24546127155 389 1110 359.9198272795993 1021.7545387284498
364 1014 396.745211117652 1113.3672316631164 498 1080 465.254788882348 980.6327683368836
452 970 493.1595874349784 1094.9011418834627 593 1062 551.8404125650216 937.0988581165373
558 933 600.7302877745543 1062.6675226514842 712 1026 669.2697122254457 896.3324773485158
683 894 724.0988671384051 1018.7168826415675 790 997 748.9011328615949 872.2831173584325
778 868 814.4102495149033 978.4890020546827 913 946 876.5897504850967 835.5109979453173
881 832 919.7679926106921 949.6437094578383 1034 912 995.2320073893079 794.3562905421617
1008 795 1043.2652296955064 902.0143733755737 1104 882 1068.7347703044936 774.9856266244263
1085 770 1116.1372738767288 864.4878533703793 1239 824 1207.8627261232712 729.5121466296207
194 1255 233.6766887747736 1375.4012003753116 332 1343 292.3233112252264 1222.5987996246884
299 1219 337.2917473124892 1335.1985156337714 435 1303 396.7082526875108 1186.8014843662286
410 1191 445.4035961529014 1298.4342543705986 559 1261 523.5964038470985 1153.5657456294016
527 1147 563.7919227880355 1258.6472116143857 675 1222 638.2080772119645 1110.3527883856143
653 1106 689.2684978846586 1216.058848557411 738 1200 701.7315021153414 1089.941151442589
722 1085 759.0013778752754 1197.282815156595 860 1164 822.9986221247246 1051.717184843405
850 1046 885.3225648192298 1153.188360115222 983 1121 947.6774351807702 1013.8116398847781
952 1004 988.4034791692038 1114.468457050189 1093 1080 1056.5965208307962 969.5315429498111
1065 968 1104.477389206083 1087.7964143398428 1204 1055 1164.522610793917 935.203585660157
1184 904 1228.2707343732047 1038.3420966978324 1290 1018 1245.7292656267953 883.6579033021676
266 1421 304.87949050001146 1538.9820562334367 408 1505 369.12050949998854 1387.0179437665633
383 1397 417.8226233110786 1502.6712587754268 520 1469 485.1773766889214 1363.3287412245732
494 1336 533.6193536510501 1456.2272136356632 595 1436 555.3806463489499 1315.7727863643368
575 1308 614.8692179977646 1428.9854414062866 718 1395 678.1307820022354 1274.0145585937134
689 1270 728.5888870954025 1390.1347611154415 817 1361 777.4111129045975 1240.8652388845585
793 1246 831.0856773980992 1361.573184593809 936 1327 897.9143226019008 1211.426815406191
900 1195 940.0786730850043 1316.6210449484959 1033 1286 992.9213269149957 1164.3789550515041
1011 1168 1048.481008346328 1281.7382814829089 1163 1244 1125.518991653672 1130.2617185170911
1137 1127 1173.572524996969 1237.9814363639844 1216 1224 1179.427475003031 1113.0185636360156
1210 1103 1244.8968842990507 1208.8966080263094 1369 1168 1334.1031157009493 1062.1033919736906
417 1527 454.89314817510814 1641.988943562834 555 1609 517.1068518248919 1494.011056437166
526 1492 563.5958914084972 1606.0869007607544 664 1573 626.4041085915028 1458.9130992392456
635 1453 671.9946075295759 1565.2622701521013 779 1530 742.0053924704241 1417.7377298478987
744 1410 781.8897630022583 1524.978671060587 885 1491 847.1102369977417 1376.021328939413
851 1378 889.7950739934901 1495.7258894758133 980 1466 941.2049260065099 1348.2741105241867
951 1342 987.4170198606027 1452.5095470591764 1080 1422 1043.5829801393973 1311.4904529408236
1056 1307 1089.2248415887047 1407.8226979894305 1204 1370 1170.7751584112953 1269.1773020105695
1180 1267 1217.808731668587 1381.7327768052105 1305 1353 1267.191268331413 1238.2672231947895
1275 1225 1312.7107744706664 1339.4355200385996 1399 1311 1361.2892255293336 1196.5644799614004
# Transcript
NEAR
ANAY
NIOSTONAO*
*YQHIKAIT
ODWTAIKAIM
*ENADIPLASI
*NDIKONKAIA
****KONTAHMER
# Lines: x1 y1 x2 y2 x3 y3 x4 y4
