# Baseline angle
-0.33862448349979735
# Boxes: x1 y1 x2 y2 x3 y3 x4 y4
749 513 808.2277299025385 681.169825143103 945 633 885.7722700974615 464.8301748568969
877 465 938.7343359789324 640.2870235611998 1073 593 1011.2656640210676 417.7129764388002
1001 423 1062.032783929425 596.2950531498977 1202 547 1140.967216070575 373.7049468501024
1110 374 1170.7903575045336 546.6067132531781 1323 493 1262.2096424954664 320.3932867468219
1255 329 1315.1482622968615 499.78356320205984 1377 478 1316.8517377031385 307.21643679794016
1306 303 1365.7263063902346 472.5854715116924 1498 426 1438.2736936097654 256.4145284883076
1418 259 1480.286086967622 435.8536523589461 1619 387 1556.713913032378 210.14634764105392
1534 227 1595.0665135460938 400.39082423122505 1670 374 1608.9334864539062 200.60917576877495
1598 190 1661.8252684895415 371.22396821995613 1759 337 1695.1747315104585 155.77603178004387
549 766 607.8789544756603 933.1795203880697 739 887 680.1210455243397 719.8204796119303
670 722 728.2168532892329 887.2995658307742 854 843 795.7831467107671 677.7004341692258
793 682 850.7851749404435 846.0738684664921 1010 790 952.2148250595565 625.9261315335079
938 629 996.6679765223469 795.580474542886 1163 737 1104.3320234776534 570.419525457114
1098 569 1157.0739276459694 736.7331226283118 1321 679 1261.9260723540306 511.2668773716882
1237 515 1296.1133785090494 682.8451384823185 1449 629 1389.8866214909506 461.1548615176816
1369 469 1428.5193296326722 637.997786567744 1579 585 1519.4806703673278 416.0022134322559
1502 419 1564.5342346389245 596.5582370283449 1745 533 1682.4657653610755 355.44176297165507
1653 361 1714.5193568298678 535.6766168147807 1901 470 1839.4806431701322 295.3233831852193
378 1019 438.10653028869064 1189.6650703182615 599 1133 538.8934697113093 962.3349296817385
529 963 586.7320004394502 1126.922886037335 737 1074 679.2679995605498 910.0771139626648
665 901 726.3283848553098 1075.134375475774 863 1027 801.6716151446902 852.8656245242258
787 857 849.7726598680649 1035.235216023829 1035 970 972.2273401319351 791.764783976171
973 793 1037.3278461729888 975.6509754897809 1113 949 1048.6721538270112 766.3490245102191
1047 782 1103.884648524876 943.5169349137125 1253 891 1196.115351475124 729.4830650862875
1173 734 1229.5181482643331 894.4763026822935 1370 845 1313.4818517356669 684.5236973177065
1297 681 1359.4673365000178 858.3682880240378 1511 805 1448.5326634999822 627.6317119759622
1434 641 1489.7399756337568 799.2667775927695 1570 771 1514.2600243662432 612.7332224072305
1485 622 1542.2551499811698 784.5689280463669 1683 735 1625.7448500188302 572.4310719536331
1597 563 1654.73200043945 726.9228860373352 1805 674 1747.26799956055 510.07711396266484
1726 543 1781.2785688640497 699.9566700483954 1943 643 1887.7214311359503 486.0433299516047
1870 493 1923.654764369559 645.3460777066924 2095 585 2041.345235630441 432.65392229330746
2017 433 2070.7159412620545 585.5197819383202 2217 534 2163.2840587379455 381.48021806167975
353 1199 411.4272701481156 1364.8970185176101 661 1277 602.5727298518843 1111.1029814823899
593 1119 655.5382358346757 1296.5695979295806 819 1239 756.4617641653243 1061.4304020704194
742 1057 802.7549078372047 1229.5060583004067 949 1178 888.2450921627953 1005.4939416995932
891 1009 944.8737447143747 1161.9678453543472 1047 1126 993.1262552856255 973.0321546456529
989 982 1042.3848906688409 1133.5798046596724 1186 1083 1132.6151093311591 931.4201953403275
1101 942 1151.8251100914536 1086.311623812419 1289 1038 1238.1748899085464 893.6883761875812
1241 897 1293.444913390193 1045.9108552528862 1438 995 1385.555086609807 846.0891447471138
1359 854 1410.4734876399675 1000.1526117945641 1533 957 1481.5265123600325 810.8473882054359
1489 811 1537.2121550130728 947.8924605360082 1659 905 1610.7878449869272 768.1075394639918
1609 757 1660.487211277881 903.1915783697143 1803 853 1751.512788722119 706.8084216302857
1722 709 1778.6502244914868 869.8513168194638 1906 825 1849.3497755085132 664.1486831805362
1838 671 1892.0429906595173 824.4483983157326 2058 766 2003.9570093404827 612.5516016842674
1978 613 2037.3540848832808 781.5285945075941 2107 757 2047.6459151167192 588.4714054924059
2037 585 2092.9526736377306 743.870707309397 2209 703 2153.0473263622694 544.129292690603
2121 570 2178.3283304609186 732.7767149817009 2243 710 2185.6716695390814 547.2232850182991
2182 554 2238.4609725675887 714.3139593519011 2387 662 2330.5390274324113 501.68604064809887
383 1375 444.9904860417372 1551.0143300330697 587 1501 525.0095139582629 1324.9856699669303
223 1419 290.60862368420806 1610.9663380961663 441 1558 373.39137631579194 1366.0336619038337
521 1327 582.7503407619367 1502.3324671661414 649 1479 587.2496592380633 1303.6675328338586
582 1303 645.42503861233 1483.0875649072098 799 1429 735.57496138767 1248.9124350927902
721 1255 783.6903180405845 1433.0014165729278 849 1410 786.3096819594155 1231.9985834270722
790 1235 846.3111715067707 1394.8886177383451 1005 1339 948.6888284932293 1179.1113822616549
953 1169 1009.5770440117378 1329.6435298841297 1213 1258 1156.4229559882622 1097.3564701158703
1151 1086 1213.51650980526 1263.5079095519593 1391 1201 1328.48349019474 1023.4920904480407
1295 1027 1360.3444440327053 1212.5374795747891 1501 1163 1435.6555559672947 977.4625204252109
1437 981 1501.3827407246422 1163.8068417903817 1657 1109 1592.6172592753578 926.1931582096183
1575 931 1640.2695435022963 1116.324808768011 1786 1065 1720.7304564977037 879.675191231989
1714 887 1778.836145102847 1071.094227532285 1887 1033 1822.163854897153 848.905772467715
1830 865 1889.3518037381898 1033.5221174778026 2047 978 1987.6481962618102 809.4778825221974
1978 791 2046.3730726768713 985.13689661054 2237 918 2168.626927323129 723.8631033894599
2162 722 2231.1140755894585 918.240882875849 2405 857 2335.8859244105415 660.759117124151
789 1411 843.2716934464952 1565.0977716373018 977 1518 922.7283065535048 1363.9022283626982
935 1354 990.8697707158192 1512.6353147001482 1146 1458 1090.1302292841808 1299.3646852998518
1071 1298 1124.6804915947257 1450.419126985549 1265 1401 1211.3195084052743 1248.580873014451
1199 1266 1248.7707814193166 1407.3179877448479 1403 1353 1353.2292185806834 1211.6820122551521
1323 1201 1378.0401436349093 1357.2796910529112 1535 1302 1479.9598563650907 1145.7203089470888
1469 1159 1520.8891612057525 1306.3328655539046 1678 1251 1626.1108387942475 1103.6671344460954
1650 1083 1705.1996671378895 1239.732638340382 1889 1175 1833.8003328621105 1018.267361659618
1819 1027 1877.9321289766538 1194.3305028172267 2018 1145 1959.0678710233462 977.6694971827733
1945 975 1995.73248472738 1119.0486255292553 2135 1070 2084.26751527262 925.9513744707447
2078 931 2127.4397308261027 1071.3780104662 2279 1018 2229.560269173897 877.6219895337998
2223 887 2271.3265064065613 1024.2171471967931 2377 987 2328.6734935934387 849.782852803207
987 1511 1038.189890301336 1656.347372172394 1113 1630 1061.810109698664 1484.652627827606
1058 1497 1109.380862275894 1642.8896135114005 1234 1599 1182.619137724106 1453.1103864885995
1174 1453 1225.3374102170628 1598.7662367561582 1378 1545 1326.6625897829372 1399.2337632438418
1369 1369 1423.0292670216038 1522.4094317405825 1569 1471 1514.9707329783962 1317.5905682594175
1469 1311 1530.911584315577 1486.7902983250563 1695 1429 1633.088415684423 1253.2097016749437
1634 1262 1687.3414386100098 1413.4564279044305 1859 1353 1805.6585613899902 1201.5435720955695
1794 1201 1852.415827655293 1366.8645289722517 1994 1317 1935.584172344707 1151.1354710277483
1927 1145 1983.1573692502018 1304.4519152235537 2169 1239 2112.842630749798 1079.5480847764463
2102 1089 2159.4146734841497 1252.0218753338377 2327 1193 2269.5853265158503 1029.9781246661623
2257 1031 2322.890473774984 1218.0878635998558 2414 1186 2348.109526225016 998.9121364001442
1094 1626 1151.73200043945 1789.922886037335 1302 1737 1244.26799956055 1573.077113962665
1233 1567 1288.7908689896592 1725.4112829921346 1466 1663 1410.2091310103408 1504.5887170078654
1397 1499 1457.2386065158441 1670.040084455432 1605 1618 1544.7613934841559 1446.959915544568
1543 1459 1599.8274728281315 1620.3545915833201 1757 1565 1700.1725271718685 1403.6454084166799
1675 1415 1729.7622675426892 1570.4906962034204 1893 1513 1838.2377324573108 1357.5093037965796
1827 1353 1880.3059889426809 1504.355772951659 2046 1446 1992.6940110573191 1294.644227048341
2014 1283 2067.788560647373 1435.7259757153065 2297 1355 2243.211439352627 1202.2740242846935
1279 1723 1332.2882641090164 1874.3054454752735 1495 1817 1441.7117358909836 1665.6945545247265
1429 1659 1484.3912002068785 1816.276472837736 1559 1790 1503.6087997931215 1632.723527162264
1498 1630 1557.170554205794 1798.0074818127107 1702 1747 1642.829445794206 1578.9925181872893
1641 1591 1698.347775345243 1753.8319263295305 1837 1705 1779.652224654757 1542.1680736704695
1765 1546 1821.1476468080393 1705.424309549639 1970 1653 1913.8523531919607 1493.575690450361
1895 1485 1950.8303198527392 1643.5232988461414 2117 1585 2061.169680147261 1426.4767011538586
2057 1421 2115.7348746612533 1587.770423547193 2311 1519 2252.2651253387467 1352.229576452807
1301 1877 1361.7863563087826 2049.595352351943 1531 1990 1470.2136436912174 1817.4046476480573
1478 1810 1538.2288840736817 1981.012478781517 1649 1942 1588.7711159263183 1770.987521218483
1586 1775 1645.5999514094924 1944.2267021472014 1845 1874 1785.4000485905076 1704.7732978527986
1761 1711 1826.5611432324304 1897.152770192652 1986 1841 1920.4388567675696 1654.847229807348
1907 1650 1972.100297557154 1834.8442558066256 2054 1806 1988.899702442846 1621.1557441933744
1993 1639 2056.9373387379396 1820.5421778509492 2226 1761 2162.0626612620604 1579.4578221490508
1535 1975 1592.383225012572 2137.9325812823017 1737 2087 1679.616774987428 1924.0674187176983
# Transcript
*CH EPI NEIK
HTEYONTOS*
*ONYSIOY FILADOY
*WSTRATOY TOY NIKIO*
YFIDIOS GLAYKOS K 
**EN TOYS SYNTR
IOSGYMNASI
S PYQODW*
*DIODOTO*
ERMAIO* 
*Y****

