# Baseline angle
0
# Boxes: x1 y1 x2 y2 x3 y3 x4 y4
580 154 580 314 728 314 728 154
736 156 736 308 896 308 896 156
366 310 366 472 536 472 536 310
542 332 542 470 732 470 732 332
748 314 748 462 906 462 906 314
932 312 932 446 1068 446 1068 312
1108 296 1108 472 1230 472 1230 296
1272 312 1272 450 1412 450 1412 312
1430 312 1430 466 1586 466 1586 312
1608 300 1608 470 1768 470 1768 300
390 486 390 660 510 660 510 486
584 498 584 660 736 660 736 498
750 502 750 654 890 654 890 502
904 494 904 626 1066 626 1066 494
1088 488 1088 644 1230 644 1230 488
1262 482 1262 636 1420 636 1420 482
1438 498 1438 650 1606 650 1606 498
1610 494 1610 636 1770 636 1770 494
1788 482 1788 632 1974 632 1974 482
1980 474 1980 630 2054 630 2054 474
2080 470 2080 620 2250 620 2250 470
2278 462 2278 624 2436 624 2436 462
392 668 392 854 526 854 526 668
546 692 546 852 696 852 696 692
710 680 710 828 864 828 864 680
878 656 878 824 1002 824 1002 656
1018 688 1018 840 1172 840 1172 688
1162 678 1162 828 1332 828 1332 678
1334 668 1334 812 1500 812 1500 668
1508 664 1508 810 1636 810 1636 664
1638 664 1638 820 1794 820 1794 664
1814 666 1814 824 1942 824 1942 666
1948 650 1948 806 2112 806 2112 650
2118 652 2118 804 2312 804 2312 652
2312 646 2312 806 2450 806 2450 646
398 880 398 1016 546 1016 546 880
566 870 566 1024 672 1024 672 870
730 864 730 1004 878 1004 878 864
906 854 906 994 1036 994 1036 854
1064 846 1064 1014 1196 1014 1196 846
1214 854 1214 994 1412 994 1412 854
1444 850 1444 988 1598 988 1598 850
1668 838 1668 978 1810 978 1810 838
1842 842 1842 1000 1916 1000 1916 842
1928 852 1928 996 1982 996 1982 852
2004 850 2004 982 2070 982 2070 850
428 1028 428 1200 488 1200 488 1028
556 1068 556 1192 730 1192 730 1068
758 1034 758 1196 904 1196 904 1034
904 1026 904 1192 1034 1192 1034 1026
1040 1052 1040 1200 1178 1200 1178 1052
1184 1048 1184 1194 1360 1194 1360 1048
1374 1044 1374 1174 1542 1174 1542 1044
1546 1030 1546 1174 1698 1174 1698 1030
1700 1030 1700 1186 1762 1186 1762 1030
1776 1044 1776 1174 1946 1174 1946 1044
1948 1008 1948 1160 2068 1160 2068 1008
2078 1016 2078 1170 2224 1170 2224 1016
2230 1006 2230 1162 2390 1162 2390 1006
2408 1010 2408 1130 2536 1130 2536 1010
2534 1012 2534 1156 2678 1156 2678 1012
2716 1002 2716 1156 2850 1156 2850 1002
400 1216 400 1378 534 1378 534 1216
572 1228 572 1370 718 1370 718 1228
740 1220 740 1376 888 1376 888 1220
898 1232 898 1372 1040 1372 1040 1232
1070 1234 1070 1408 1228 1408 1228 1234
1224 1228 1224 1398 1380 1398 1380 1228
1410 1224 1410 1376 1462 1376 1462 1224
1468 1230 1468 1380 1618 1380 1618 1230
1632 1226 1632 1388 1698 1388 1698 1226
1698 1218 1698 1370 1846 1370 1846 1218
1846 1200 1846 1372 1990 1372 1990 1200
1990 1194 1990 1360 2132 1360 2132 1194
2136 1186 2136 1356 2250 1356 2250 1186
2258 1198 2258 1336 2404 1336 2404 1198
2424 1196 2424 1356 2566 1356 2566 1196
2572 1186 2572 1342 2702 1342 2702 1186
2714 1206 2714 1340 2868 1340 2868 1206
2886 1194 2886 1338 3018 1338 3018 1194
3022 1184 3022 1330 3168 1330 3168 1184
3174 1166 3174 1344 3326 1344 3326 1166
# Transcript
*MA*
LWN OROGY
RHGOS PALAION
ENNEA DAKTYLWN
OROGYWN DIII
IMAS PALAIOS PACOS
PALASTIAIOS OROGYWN DP