# Baseline angle
-0.13167155223885185
# Boxes: x1 y1 x2 y2 x3 y3 x4 y4
1518 570 1535.7370471391014 703.9273625852485 1656 688 1638.2629528608986 554.0726374147515
1648 550 1665.4732405997006 681.9354349674423 1816 662 1798.5267594002994 530.0645650325577
1814 524 1832.55944493759 664.1370528050296 1894 656 1875.44055506241 515.8629471949703
1880 518 1899.0885603566421 662.1322517815636 2036 644 2016.9114396433579 499.8677482184364
2016 494 2034.9126893303746 636.8043000363595 2192 616 2173.0873106696254 473.19569996364055
2178 484 2199.438342398939 645.8747829428639 2274 636 2252.561657601061 474.12521705713607
2250 454 2270.098821584068 605.7604449441653 2374 592 2353.901178415932 440.23955505583467
2360 458 2378.4110554041354 597.0166059406235 2522 578 2503.5889445958646 438.9833940593765
2522 464 2543.377888378618 625.4183119510598 2690 606 2668.622111621382 444.58168804894024
2674 438 2694.31766319329 591.4128552533488 2856 570 2835.68233680671 416.5871447466513
2856 442 2875.4522948118465 588.8787064695882 3018 570 2998.5477051881535 423.12129353041183
1236 804 1256.7918156267176 960.9930444682867 1370 946 1349.2081843732824 789.0069555317133
1358 810 1377.762568621676 959.2214951369385 1538 938 1518.237431378324 788.7785048630615
1530 794 1546.244137763052 916.6548314956572 1672 900 1655.755862236948 777.3451685043428
1662 778 1680.897200240232 920.6873463531781 1822 902 1803.102799759768 759.3126536468219
1856 746 1873.4922263773165 878.0787911361888 2010 860 1992.5077736226835 727.9212088638112
2022 730 2038.347562366329 853.4357610514406 2170 836 2153.652437633671 712.5642389485594
2188 742 2202.977063371172 855.0875156863791 2332 838 2317.022936628828 724.9124843136209
1640 260 1660.6314336905932 415.7820464062641 1810 396 1789.3685663094068 240.2179535937359
1864 254 1882.1627379548772 391.1416320059988 2072 366 2053.8372620451228 228.85836799400118
2118 236 2136.0748024417435 372.4776561333968 2336 346 2317.9251975582565 209.5223438666032
2356 708 2371.202898355341 822.7927309666925 2498 806 2482.797101644659 691.2072690333075
2506 688 2522.8147214248097 814.9631452952488 2666 796 2649.1852785751903 669.0368547047512
2654 658 2671.840471742378 792.7082921410318 2798 776 2780.159528257622 641.2917078589682
2802 628 2822.577973045218 783.3783803855899 2984 762 2963.422026954782 606.6216196144101
2978 658 2994.868182070184 785.366811315923 3126 768 3109.131817929816 640.633188684077
1354 1046 1372.1352564620647 1182.9341271252008 1500 1166 1481.8647435379353 1029.065872874799
1490 1032 1508.9851357533657 1175.35132222578 1640 1158 1621.0148642466343 1014.64867777422
1648 990 1667.6626407058727 1138.46696806672 1792 1122 1772.3373592941273 973.53303193328
1786 970 1806.2212319649602 1122.684730668695 1902 1110 1881.7787680350398 957.3152693313049
1870 956 1890.8382828971462 1113.343905517831 2052 1092 2031.1617171028538 934.656094482169
2042 950 2060.1352564620647 1086.9341271252008 2188 1070 2169.8647435379353 933.0658728747991
2218 936 2236.0128460811725 1072.009841400671 2372 1054 2353.9871539188275 917.990158599329
2392 928 2410.326616578475 1066.3790325535865 2534 1050 2515.673383421525 911.6209674464136
2526 926 2542.6423470860154 1051.6615960356096 2676 1034 2659.3576529139846 908.3384039643904
2692 918 2709.8214859647624 1052.5649359722854 2850 1034 2832.1785140352376 899.4350640277146
2862 910 2879.40079417671 1041.3884127780218 3056 1018 3038.59920582329 886.6115872219782
1376 1222 1401.1411399990268 1411.833547041401 1566 1390 1540.8588600009732 1200.166452958599
1562 1208 1585.3569425907638 1384.3615834532056 1724 1366 1700.6430574092362 1189.6384165467944
1700 1198 1718.671365256063 1338.9821310728646 1862 1320 1843.328634743937 1179.0178689271354
1856 1176 1876.1987494998712 1328.5149720143838 2016 1310 1995.8012505001288 1157.4850279856162
1992 1146 2013.167542484592 1305.8300503539278 2178 1284 2156.832457515408 1124.1699496460722
2148 1140 2167.4453014369005 1286.825901498458 2370 1260 2350.5546985630995 1113.174098501542
2306 1114 2333.0547411631283 1318.282601325256 2456 1302 2428.9452588368717 1097.717398674744
2440 1144 2460.6504194682093 1299.9254025750104 2596 1282 2575.3495805317907 1126.0745974249896
2572 1094 2598.2893006974878 1292.5029796117142 2738 1274 2711.7106993025122 1075.4970203882858
2708 1098 2729.4468381141355 1259.9389316549155 2880 1240 2858.5531618858645 1078.0610683450845
2852 1068 2876.884326834572 1255.8944243947249 3012 1238 2987.115673165428 1050.1055756052751
2982 1090 3002.6159446004503 1245.6650927230828 3136 1228 3115.3840553995497 1072.3349072769174
1254 1440 1276.3881496060433 1609.0465051136616 1390 1594 1367.6118503939567 1424.9534948863384
1372 1452 1388.1182306946864 1573.7041432855624 1552 1552 1535.8817693053136 1430.2958567144376
1534 1420 1553.9074614676576 1570.3155395157796 1662 1556 1642.0925385323424 1405.6844604842204
1640 1414 1657.6061410430123 1546.938928148667 1710 1540 1692.3938589569877 1407.061071851333
1732 1398 1752.045360938693 1549.3567789234912 1868 1534 1847.954639061307 1382.6432210765088
1874 1386 1892.0163427686452 1522.036243886236 1998 1508 1979.9836572313548 1371.963756113764
1992 1368 2014.5260490770788 1538.087744521373 2136 1522 2113.473950922921 1351.912255478627
2100 1368 2120.876254452378 1525.6306178553239 2254 1508 2233.123745547622 1350.3693821446761
2232 1344 2252.7728298491015 1500.8496882995403 2380 1484 2359.2271701508985 1327.1503117004597
2376 1364 2391.187409265198 1478.675777283511 2502 1464 2486.812590734802 1349.324222716489
2500 1330 2518.3456023560907 1468.5223887223328 2628 1454 2609.6543976439093 1315.4776112776672
2620 1328 2638.778286546813 1469.789463114213 2758 1454 2739.221713453187 1312.210536885787
2748 1314 2767.64715161573 1462.3500143835386 2876 1448 2856.35284838427 1299.6499856164614
2886 1306 2906.741851668816 1462.6157809331776 3002 1450 2981.258148331184 1293.3842190668224
2964 1292 2987.4448781038973 1469.0255593258078 3116 1452 3092.5551218961027 1274.9744406741922
1246 1622 1265.0730712664995 1766.0152980983821 1386 1750 1366.9269287335005 1605.9847019016179
1366 1596 1384.916186017848 1738.8307025219244 1512 1722 1493.083813982152 1579.1692974780756
1516 1580 1533.618133445682 1713.0294793462836 1632 1700 1614.381866554318 1566.9705206537164
1622 1570 1640.6059122080185 1710.487913854574 1750 1696 1731.3940877919815 1555.512086145426
1746 1560 1763.9284072555115 1695.3722680136339 1880 1680 1862.0715927444885 1544.6277319863661
1886 1546 1903.223420810192 1676.049117291896 1964 1668 1946.776579189808 1537.950882708104
1946 1558 1961.0080415514576 1671.3214230527421 2122 1650 2106.9919584485424 1536.6785769472579
2116 1522 2133.859457519994 1656.8516483097783 2246 1642 2228.140542480006 1507.1483516902217
2246 1508 2264.449026959367 1647.3033182781164 2380 1632 2361.550973040633 1492.6966817218836
2378 1506 2394.657836176158 1631.7785497187908 2544 1612 2527.342163823842 1486.2214502812092
2520 1478 2540.9641899655117 1636.294593727926 2664 1620 2643.0358100344883 1461.705406272074
2658 1486 2674.564901635301 1611.0768276197023 2728 1604 2711.435098364699 1478.9231723802977
2750 1470 2771.2090107272966 1630.1431651769856 2878 1616 2856.7909892727034 1455.8568348230144
2850 1444 2871.0866003464043 1603.2188794524557 2986 1588 2964.9133996535957 1428.7811205475443
1250 1744 1272.3002140929098 1912.3825292410595 1396 1896 1373.6997859070902 1727.6174707589405
1396 1732 1415.895469064988 1882.2249883181632 1478 1874 1458.104530935012 1723.7750116818368
1480 1732 1496.5733973504975 1857.140976331754 1626 1840 1609.4266026495025 1714.859023668246
1618 1720 1635.4612481970307 1851.8448837698259 1740 1838 1722.5387518029693 1706.1551162301741
1766 1702 1783.87844329761 1836.9950044785246 1882 1824 1864.12155670239 1689.0049955214754
1888 1700 1905.4802339746468 1831.9882399385722 1996 1820 1978.5197660253534 1688.0117600614278
1990 1702 2004.9770633711719 1815.087515686379 2134 1798 2119.022936628828 1684.912484313621
2134 1692 2150.3855339215606 1815.7224733889334 2254 1802 2237.6144660784394 1678.2775266110666
2252 1666 2270.9351717954637 1808.974058690671 2384 1794 2365.0648282045363 1651.025941309329
2404 1648 2423.2489422927665 1793.3432498435864 2524 1780 2504.7510577072335 1634.6567501564136
2516 1620 2537.327924420716 1781.0410484159504 2666 1764 2644.672075579284 1602.9589515840496
2650 1622 2667.656105000914 1755.3161916837764 2738 1746 2720.343894999086 1612.6838083162236
2736 1622 2754.238681065341 1759.7150566809844 2888 1742 2869.761318934659 1604.2849433190156
2872 1624 2889.4422624194144 1755.7015276010793 3008 1740 2990.5577375805856 1608.2984723989207
1266 1902 1285.2644313829096 2047.4602035267676 1402 2032 1382.7355686170904 1886.5397964732324
1386 1894 1402.5544115728817 2018.9976201630077 1546 2000 1529.4455884271183 1875.0023798369923
1524 1870 1542.2111995725284 2007.5075518001865 1614 1998 1595.7888004274716 1860.4924481998135
1630 1862 1647.5301979325484 1994.3655034736817 1756 1980 1738.4698020674516 1847.6344965263183
1774 1858 1791.4457591068879 1989.7279300866444 1880 1978 1862.5542408931121 1846.2720699133556
1872 1854 1887.394258471751 1970.237636395078 2010 1954 1994.605741528249 1837.762363604922
2008 1844 2025.5456870226908 1976.482457156863 2150 1960 2132.454312977309 1827.517542843137
2162 1822 2180.2991350856623 1960.1715276727884 2242 1952 2223.7008649143377 1813.8284723272116
2258 1824 2275.545687022691 1956.482457156863 2400 1940 2382.454312977309 1807.517542843137
2416 1810 2433.790507784476 1944.3310286059227 2542 1930 2524.209492215524 1795.6689713940773
2544 1794 2562.8507329698036 1936.3364853036337 2656 1924 2637.1492670301964 1781.6635146963663
2644 1790 2661.0405564089783 1918.668360575562 2802 1900 2784.9594435910217 1771.331639424438
2772 1754 2791.5747051927387 1901.8029921941181 2926 1884 2906.4252948072613 1736.1970078058819
1278 2054 1296.08179581669 2190.5304611045267 1436 2172 1417.91820418331 2035.4695388954733
1416 2026 1435.7350871288634 2175.0139902561405 1534 2162 1514.2649128711366 2012.9860097438593
1534 2016 1550.373541518891 2139.631922191317 1608 2132 1591.626458481109 2008.3680778086832
1642 1996 1659.1664634773442 2125.619048785657 1762 2112 1744.8335365226558 1982.380951214343
1766 2000 1781.639079233536 2118.086207844138 1888 2104 1872.360920766464 1985.9137921558622
1860 1990 1877.0595421865944 2118.8117167443083 2004 2102 1986.9404578134058 1973.1882832556917
2006 1966 2023.3543269062811 2097.0375517284774 2152 2080 2134.645673093719 1948.9624482715226
2142 1976 2157.221884132957 2090.936087135439 2270 2076 2254.778115867043 1961.0639128645612
2286 1964 2302.178684715008 2086.160614277366 2394 2074 2377.821315284992 1951.8393857226336
2410 1944 2427.599147668066 2076.8861231775372 2540 2062 2522.400852331934 1929.1138768224628
2554 1922 2572.728322588911 2063.412199579104 2674 2050 2655.271677411089 1908.5878004208962
2654 1934 2669.3063229586173 2049.573660522476 2802 2032 2786.6936770413827 1916.426339477524
2808 1894 2825.216427435246 2023.9963123207663 2946 2008 2928.783572564754 1878.0036876792337
1326 2198 1342.2286486729095 2320.537877812476 1452 2306 1435.7713513270905 2183.462122187524
1442 2182 1459.7370471391014 2315.927362585249 1580 2300 1562.2629528608986 2166.072637414751
1560 2168 1577.200938345103 2297.879358637585 1682 2284 1664.799061654897 2154.120641362415
1674 2154 1691.0975137418263 2283.098429081801 1790 2270 1772.9024862581737 2140.901570918199
1762 2164 1773.7309347671455 2252.576928374955 1914 2234 1902.2690652328545 2145.423071625045
1910 2118 1927.3578235937543 2249.0639542140425 2026 2236 2008.642176406246 2104.9360457859575
2010 2124 2024.2875660159948 2231.881318647823 2114 2220 2099.712433984005 2112.118681352177
2126 2110 2143.928407255512 2245.3722680136343 2260 2230 2242.071592744488 2094.6277319863657
2258 2110 2272.4219687995574 2218.896155569969 2400 2202 2385.5780312004426 2093.103844430031
2392 2080 2409.9628821232704 2215.6325778655614 2528 2200 2510.0371178767296 2064.367422134438
2528 2084 2543.149437709966 2198.389064946018 2682 2180 2666.850562290034 2065.610935053982
2668 2058 2685.3733126838974 2189.180907897224 2800 2174 2782.6266873161026 2042.8190921027763
2786 2038 2804.238681065341 2175.7150566809846 2938 2158 2919.761318934659 2020.2849433190156
1316 2354 1333.0250673188357 2482.5514068923803 1458 2466 1440.9749326811643 2337.4485931076197
1458 2330 1474.0217994663562 2450.9760187009088 1572 2438 1555.9782005336438 2317.0239812990912
1576 2318 1592.320080873516 2441.2282561706425 1662 2432 1645.679919126484 2308.7717438293575
1674 2310 1691.9129181653686 2445.2553143304526 1792 2432 1774.0870818346314 2296.7446856695474
1882 2286 1896.7012644291012 2397.0050368709567 2010 2382 1995.2987355708988 2270.9949631290433
2014 2248 2033.804036864381 2397.5346099599965 2136 2384 2116.195963135619 2234.4653900400035
2116 2278 2128.4773894551704 2372.2131939197507 2266 2354 2253.5226105448296 2259.7868060802493
2282 2240 2300.5524515626435 2380.0842478338996 2422 2364 2403.4475484373565 2223.9157521661004
2406 2224 2424.188717107439 2361.337793145875 2540 2346 2521.811282892561 2208.662206854125
2534 2230 2549.773482017098 2349.1010447662843 2694 2330 2678.226517982902 2210.8989552337157
2684 2218 2701.6146367582087 2351.0030768607185 2830 2334 2812.3853632417913 2200.9969231392815
2822 2194 2841.64715161573 2342.350014383539 2950 2328 2930.35284838427 2179.649985616461
1340 2496 1359.1075461342582 2640.2756079503097 1482 2624 1462.8924538657418 2479.7243920496903
1466 2484 1484.5369624725008 2623.9672941507188 1590 2610 1571.4630375274992 2470.0327058492812
1596 2470 1613.9354006304577 2605.425072984764 1670 2598 1652.0645993695423 2462.574927015236
1678 2478 1693.9993170012672 2598.8062600465973 1836 2580 1820.0006829987328 2459.1937399534027
1828 2448 1847.161006779633 2592.679273970984 1958 2578 1938.838993220367 2433.320726029016
1932 2452 1947.604604365777 2569.82589799221 2052 2556 2036.3953956342225 2438.17410200779
2040 2426 2058.5024876047423 2565.7069842987908 2162 2552 2143.4975123952577 2412.2930157012092
2134 2434 2147.9203348733176 2539.108461474233 2262 2524 2248.0796651266824 2418.891538525767
2270 2400 2289.0540854888836 2543.871941929636 2424 2526 2404.9459145111164 2382.128058070364
2418 2390 2434.9216427155593 2517.770477336597 2554 2502 2537.0783572844407 2374.229522663403
2552 2372 2568.714793509006 2498.20861822503 2676 2484 2659.285206490994 2357.79138177497
2672 2370 2688.018302778883 2490.949616215344 2816 2474 2799.981697221117 2353.050383784656
2820 2330 2840.02987184855 2481.23982524031 2940 2468 2919.97012815145 2316.76017475969
1358 2654 1374.488958524837 2778.5034029447165 1484 2764 1467.511041475163 2639.4965970552835
1474 2644 1492.6403870757774 2784.748223706502 1604 2770 1585.3596129242226 2629.251776293498
1602 2628 1619.2698880806206 2758.39997834144 1728 2744 1710.7301119193794 2613.60002165856
1724 2624 1741.4612481970307 2755.8448837698256 1846 2742 1828.5387518029693 2610.1551162301744
1816 2622 1829.9358239634605 2727.225415157415 1960 2710 1946.0641760365393 2604.774584842585
1958 2588 1975.0440530964515 2716.6947630611267 2086 2702 2068.9559469035485 2573.3052369388733
2068 2572 2086.292141710716 2710.1187227016585 2208 2694 2189.707858289284 2555.8812772983415
2194 2560 2211.4612481970307 2691.8448837698256 2316 2678 2298.5387518029693 2546.1551162301744
2304 2552 2321.7715220068603 2686.187672437176 2444 2670 2426.2284779931397 2535.812327562824
2438 2544 2454.7837432445235 2670.729237928886 2566 2656 2549.2162567554765 2529.270762071114
2568 2536 2582.8581496777524 2648.189632447414 2690 2634 2675.1418503222476 2521.810367552586
2712 2512 2730.1042782817785 2648.700219758838 2826 2636 2807.8957217182215 2499.299780241162
1380 2798 1398.486998514599 2937.590030615609 1486 2926 1467.513001485401 2786.409969384391
1472 2800 1484.4119364071255 2893.71897670146 1588 2880 1575.5880635928745 2786.28102329854
1608 2782 1622.9685676559752 2895.023366974328 1676 2888 1661.0314323440248 2774.976633025672
1706 2760 1723.8939323877526 2895.1119581617063 1838 2880 1820.1060676122474 2744.8880418382937
1838 2756 1853.0495097941625 2869.6345378757997 1956 2856 1940.9504902058372 2742.3654621242003
1966 2736 1982.9406284931752 2863.9138335053435 2088 2850 2071.059371506825 2722.0861664946565
2082 2722 2100.1007815943058 2858.673817273273 2226 2842 2207.8992184056942 2705.326182726727
2238 2710 2255.5027164397357 2842.1579985928834 2302 2836 2284.4972835602643 2703.8420014071166
2304 2722 2319.202898355341 2836.7927309666925 2446 2820 2430.797101644659 2705.2072690333075
2466 2690 2482.3735415188908 2813.631922191317 2540 2806 2523.6264584811092 2682.368077808683
2570 2674 2589.2799204730522 2819.577157209949 2722 2802 2702.7200795269478 2656.422842790051
2708 2682 2722.7357392968597 2793.2653467228847 2838 2778 2823.2642607031403 2666.7346532771153
1384 2966 1400.3475623663287 3089.4357610514407 1532 3072 1515.6524376336713 2948.5642389485593
1510 2942 1526.8182181122825 3068.989547780814 1640 3054 1623.1817818877175 2927.010452219186
1620 2928 1636.282109318284 3050.94154383315 1734 3038 1717.717890681716 2915.05845616685
1742 2922 1760.0163427686452 3058.0362438862358 1866 3044 1847.9836572313548 2907.9637561137642
1850 2910 1865.3667769789383 3026.0301315142797 1926 3018 1910.6332230210617 2901.9698684857203
1954 2888 1972.659372853393 3028.891579875248 2070 3016 2051.340627146607 2875.108420124752
2062 2886 2078.8871678478 3013.510167484669 2196 2998 2179.1128321522 2870.489832515331
2192 2882 2207.883899995321 3001.9347792931976 2298 2990 2282.116100004679 2870.0652207068024
2274 2878 2289.570129498018 2995.565588140282 2392 2982 2376.429870501982 2864.434411859718
2378 2862 2395.530197932548 2994.3655034736817 2504 2980 2486.469802067452 2847.6344965263183
2494 2854 2508.6323146935833 2964.4844171671007 2618 2950 2603.3676853064167 2839.5155828328993
2592 2834 2609.009578228693 2962.4344532091995 2718 2948 2700.990421771307 2819.5655467908005
2698 2800 2718.060850028836 2951.4737326066725 2850 2934 2829.939149971164 2782.5262673933275
1424 3120 1438.7737108520919 3231.552059060377 1526 3220 1511.2262891479081 3108.447940939623
1524 3110 1539.1874092651979 3224.675777283511 1650 3210 1634.8125907348021 3095.324222716489
1644 3090 1661.0095782286926 3218.4344532091995 1770 3204 1752.9904217713074 3075.5655467908005
1748 3086 1762.6323146935833 3196.4844171671007 1872 3182 1857.3676853064167 3071.5155828328993
1876 3056 1892.2701169156142 3178.8509926355337 1944 3172 1927.7298830843858 3049.1490073644663
1938 3062 1951.6755141115327 3165.2598900251733 2082 3148 2068.3244858884673 3044.7401099748267
2080 3032 2094.4064797094147 3140.779201886787 2206 3126 2191.5935202905853 3017.220798113213
2182 3022 2197.413244249367 3138.3809925638243 2306 3124 2290.586755750633 3007.6190074361757
2298 3014 2312.337529973897 3122.258582182932 2420 3108 2405.662470026103 2999.741417817068
2386 2988 2404.483501827126 3127.5636281300444 2522 3112 2503.516498172874 2972.4363718699556
2500 3004 2513.882363318086 3108.8217491367404 2656 3090 2642.117636681914 2985.1782508632596
2636 2968 2655.0385963987405 3111.7549882464546 2774 3096 2754.9614036012595 2952.2450117535454
1414 3262 1435.9864435956072 3428.013338088144 1572 3410 1550.0135564043928 3243.986661911856
1556 3244 1576.553988239879 3399.1972779903567 1646 3390 1625.446011760121 3234.8027220096433
1630 3244 1646.5389224827388 3368.8806664798262 1774 3352 1757.4610775172612 3227.1193335201738
1752 3234 1765.625550153631 3336.882626490064 1878 3322 1864.374449846369 3219.117373509936
1854 3196 1871.1130028319694 3325.2153827649827 1986 3310 1968.8869971680306 3180.7846172350173
1950 3180 1968.6214012981613 3320.6048675377556 2094 3304 2075.3785987018387 3163.3951324622444
2090 3162 2109.405827541418 3308.527845420044 2204 3296 2184.594172458582 3149.472154579956
2172 3174 2188.244137763052 3296.654831495657 2314 3280 2297.755862236948 3157.345168504343
2290 3146 2308.1542422396806 3283.077483293947 2422 3268 2403.8457577603194 3130.922516706053
2402 3148 2417.2563590007157 3263.196396987367 2532 3248 2516.7436409992843 3132.803603012633
2540 3128 2557.3233487259954 3258.8036443621145 2654 3246 2636.6766512740046 3115.1963556378855
2644 3128 2659.826942662473 3247.5047107869586 2792 3230 2776.173057337527 3110.4952892130414
1438 3440 1455.1819525674869 3569.7360024688387 1574 3554 1556.8180474325131 3424.2639975311613
1568 3408 1584.783743244524 3534.729237928886 1696 3520 1679.216256755476 3393.270762071114
1670 3390 1688.1042782817788 3526.700219758838 1784 3514 1765.8957217182212 3377.299780241162
1766 3394 1778.2360653808582 3486.3910249562564 1902 3470 1889.7639346191418 3377.6089750437436
1890 3366 1908.1352564620647 3502.9341271252006 2036 3486 2017.8647435379353 3349.0658728747994
2034 3352 2050.906153625416 3479.6535236534155 2154 3466 2137.093846374584 3338.3464763465845
2108 3366 2122.908113635654 3478.566895982524 2248 3462 2233.091886364346 3349.433104017476
2224 3340 2241.0940170543536 3469.0720265962364 2370 3452 2352.9059829456464 3322.9279734037636
2364 3320 2381.476737287174 3451.9618374530073 2502 3436 2484.523262712826 3304.0381625469927
2486 3308 2505.8540008222826 3457.9118734951053 2626 3442 2606.1459991777174 3292.0881265048947
2612 3282 2633.41585993385 3443.7050242885525 2752 3428 2730.58414006615 3266.2949757114475
1460 3582 1479.0041215309816 3725.4946783945265 1596 3710 1576.9958784690184 3566.5053216054735
1594 3560 1612.7972723244286 3701.9328192829594 1718 3688 1699.2027276755714 3546.0671807170406
1680 3568 1695.2563590007157 3683.196396987367 1810 3668 1794.7436409992843 3552.803603012633
1796 3544 1811.9148781756066 3664.16868665956 1934 3648 1918.0851218243934 3527.83131334044
1914 3530 1932.3990630014655 3668.9260547430067 2030 3656 2011.6009369985345 3517.0739452569933
2008 3536 2025.5112121549323 3668.2221473049353 2148 3652 2130.4887878450677 3519.7778526950647
2150 3510 2169.436805721704 3656.7617527864068 2296 3640 2276.563194278296 3493.2382472135932
2282 3502 2297.880403307848 3621.908376807632 2418 3606 2402.119596692152 3486.091623192368
2414 3502 2428.5633649580654 3611.963797463245 2534 3598 2519.4366350419346 3488.036202536755
2526 3476 2546.1143106742106 3627.877398627347 2666 3612 2645.8856893257894 3460.122601372653
1466 3718 1485.6971155736314 3866.727277918648 1612 3850 1592.3028844263686 3701.272722081352
1592 3716 1609.4042908641827 3847.4148152635867 1756 3828 1738.5957091358173 3696.5851847364133
1724 3684 1745.2624713726716 3844.5468311976597 1840 3832 1818.7375286273284 3671.4531688023403
1820 3670 1843.7311671083874 3849.187245597925 1898 3842 1874.2688328916126 3662.812754402075
1884 3670 1907.9844835853692 3851.0999657590364 2022 3836 1998.0155164146308 3654.9000342409636
2018 3680 2035.9628821232704 3815.6325778655614 2154 3800 2136.0371178767296 3664.3674221344386
2154 3674 2171.162966789871 3803.592646300092 2304 3786 2286.837033210129 3656.407353699908
2282 3642 2304.943244177658 3815.2378652300717 2420 3800 2397.056755822342 3626.7621347699283
2418 3628 2439.2244998174397 3788.260118860167 2562 3772 2540.7755001825603 3611.739881139833
# Transcript
AMM*
*E DIEDIKASAN
KATA TO TO DHMO
EPKRATHS DHM*
PYQODWROS PYQ 
SWSISTRATOS KHRY
KHRYKIWN SWSIST*
FILOKRATHS FILO
SMIKRWNIDHS ME 
ARISTANDROS LY
ONHTWR ONASANT
ARISOFWN NAYK
FEIDEKRATHS AR
KTHSWN FRYNO E
ROIKOS FILINO
MNHSISTRATOS F 
KALLIMACOS ME 
FILOSTRATOS M 
LYKWN GLAYKE
PRAOS XENOK
ADEISTOS P*
