# Baseline angle
6.318165116294742
# Boxes: x1 y1 x2 y2 x3 y3 x4 y4
662 393 657.7140731692407 515.4757575394879 787 520 791.2859268307593 397.5242424605121
772 386 768.2850062933206 492.1606243985678 878 496 881.7149937066794 389.8393756014322
871 393 867.1652888455488 502.5817012590776 1022 508 1025.8347111544513 398.4182987409224
1012 395 1007.5393167582263 522.4696420991277 1137 527 1141.4606832417737 399.5303579008724
1120 407 1116.6278854031025 503.3624219622584 1192 506 1195.3721145968975 409.6375780377415
1180 405 1176.3757013549514 508.5688987772628 1303 513 1306.6242986450486 409.4311012227372
1305 410 1301.860831769689 499.7056861288361 1396 503 1399.139168230311 413.2943138711639
1387 403 1383.2874524694648 509.09072183416197 1495 513 1498.7125475305352 406.90927816583803
1514 388 1509.1482189417475 526.6457548133052 1605 530 1609.8517810582525 391.3542451866948
647 530 641.6513759181762 682.843670011805 789 688 794.3486240818238 535.156329988195
777 532 772.3082982958972 666.0712856401001 856 669 860.6917017041028 534.9287143598999
854 535 849.3958423651985 666.569603593448 976 671 980.6041576348015 539.430396406552
950 549 946.0139576522021 662.906180718571 1063 667 1066.986042347798 553.093819281429
1053 535 1048.678603615151 658.4893447233717 1149 662 1153.321396384849 538.5106552766283
1151 542 1147.0955728254414 653.5739243446421 1245 657 1248.9044271745586 545.4260756553579
1228 568 1224.6081294496512 664.926973215796 1341 669 1344.3918705503488 572.073026784204
1327 544 1323.1618061256313 653.6812243673949 1418 657 1421.8381938743687 547.3187756326051
1411 542 1406.917147150211 658.6726627508905 1502 662 1506.082852849789 545.3273372491095
1475 547 1471.2972371740411 652.8111115765389 1591 657 1594.7027628259589 551.1888884234611
1560 547 1556.8926320595624 635.796952791561 1677 640 1680.1073679404376 551.203047208439
1677 535 1673.2703292364558 641.5800397850023 1771 645 1774.7296707635442 538.4199602149977
1764 544 1760.606906361579 640.9619244979989 1876 645 1879.393093638421 548.0380755020011
652 724 648.5027573311556 823.9381142235356 736 827 739.4972426688444 727.0618857764644
753 722 749.8021235422301 813.3833476745745 796 815 799.1978764577699 723.6166523254255
808 719 804.4567982563043 820.2514526752896 883 823 886.5432017436957 721.7485473247104
883 719 879.7620933634405 811.5272604536054 979 815 982.2379066365595 722.4727395463946
993 722 989.2095065604415 830.3181243614823 1123 835 1126.7904934395588 726.6818756385177
1115 721 1111.3573550338706 825.093168010306 1223 829 1226.6426449661294 724.906831989694
1209 719 1205.3238133840382 824.0516629017397 1261 826 1264.6761866159618 720.9483370982603
1261 728 1257.2862293813928 834.1256731163649 1368 838 1371.7137706186072 731.8743268836351
1346 723 1341.6668910063172 846.8240472734448 1461 851 1465.3331089936828 727.1759527265552
1485 707 1480.8030268709126 826.9337934723416 1597 831 1601.1969731290874 711.0662065276584
1579 710 1575.0557291909504 822.7125063853816 1669 826 1672.9442708090496 713.2874936146184
1658 707 1653.8924988444714 824.3770191332395 1786 829 1790.1075011555286 711.6229808667605
639 831 630.4930113673091 1074.0979151793047 742 1078 750.5069886326909 834.9020848206956
758 878 753.8897209407389 995.4564012313098 798 997 802.1102790592611 879.5435987686902
798 860 792.6312882371366 1013.417700799007 895 1017 900.3687117628634 863.582299200993
895 882 890.7355704826509 1003.8614447317917 1009 1008 1013.2644295173491 886.1385552682083
1007 885 1002.8919805725845 1002.3918294051953 1106 1006 1110.1080194274155 888.6081705948047
1115 894 1111.2593214438075 1000.8946013248283 1200 1004 1203.7406785561925 897.1053986751717
1189 871 1184.1174551956474 1010.5248676066687 1312 1015 1316.8825448043526 875.4751323933313
1312 889 1307.699914384263 1011.8803626539668 1454 1017 1458.300085615737 894.1196373460332
1461 880 1456.4884653310867 1008.9227856796931 1573 1013 1577.5115346689133 884.0772143203069
1553 876 1548.0365448385933 1017.8369829703506 1667 1022 1671.9634551614067 880.1630170296494
1667 869 1662.6546601255968 993.1735600954736 1772 997 1776.3453398744032 872.8264399045264
1772 869 1767.6621851983275 992.9585216639649 1826 995 1830.3378148016725 871.0414783360351
652 1066 648.1310423795312 1176.5603371607585 775 1181 778.8689576204688 1070.4396628392415
742 1060 737.9912372507197 1174.5554448084704 865 1179 869.0087627492803 1064.4445551915296
867 1069 863.752308658864 1161.8068707112284 955 1165 958.247691341136 1072.1931292887716
955 1073 951.2764446768163 1179.405283373988 1054 1183 1057.7235553231837 1076.594716626012
1072 1064 1067.899319101017 1181.182121711978 1177 1185 1181.100680898983 1067.817878288022
1166 1060 1161.921334686314 1176.552998632326 1289 1181 1293.078665313686 1064.447001367674
1274 1051 1269.5798652089027 1177.310919048141 1375 1181 1379.4201347910973 1054.689080951859
1364 1060 1360.0985372734724 1171.4892115082805 1489 1176 1492.9014627265276 1064.5107884917195
636 1236 631.0388044704389 1377.772411144236 809 1384 813.9611955295611 1242.227588855764
814 1245 809.250626612212 1380.719326641927 903 1384 907.749373387788 1248.280673358073
890 1249 885.4320167354736 1379.535875399317 1013 1384 1017.5679832645264 1253.464124600683
989 1245 984.5713035923983 1371.555578023561 1083 1375 1087.4286964076016 1248.444421976439
1078 1256 1073.6569197574424 1380.108988269359 1242 1386 1246.3430802425576 1261.891011730641
1195 1251 1191.0364915093858 1364.2622473669633 1355 1370 1358.9635084906142 1256.7377526330367
1348 1249 1344.2128440970694 1357.222750048538 1395 1359 1398.7871559029306 1250.777249951462
1404 1251 1400.0760034162886 1363.1331448598883 1482 1366 1485.9239965837114 1253.8668551401117
1476 1242 1471.2486987079546 1377.7744189343773 1592 1382 1596.7513012920454 1246.2255810656227
1577 1238 1572.6742295347497 1361.6143395802276 1698 1366 1702.3257704652503 1242.3856604197724
1671 1242 1667.3377856247178 1346.6523885255524 1763 1350 1766.6622143752822 1245.3476114744476
1754 1236 1749.304629031681 1370.1761394867087 1830 1373 1834.695370968319 1238.8238605132913
1819 1227 1814.3572218187794 1359.6732343519848 1938 1364 1942.6427781812206 1231.3267656480152
1934 1211 1929.7490244514436 1332.47698062756 2059 1337 2063.2509755485567 1215.52301937244
652 1401 647.4356859996897 1531.4310215527084 778 1536 782.5643140003103 1405.5689784472916
748 1406 743.9115499817375 1522.8326088899491 863 1527 867.0884500182625 1410.1673911100509
865 1394 860.4945807714469 1522.7480292686787 982 1527 986.5054192285531 1398.2519707313213
977 1399 972.3757546841589 1531.14363438065 1054 1534 1058.624245315841 1401.85636561935
1043 1399 1038.329090793122 1532.477113842651 1139 1536 1143.670909206878 1402.522886157349
1117 1399 1112.4210089428252 1529.850436939143 1231 1534 1235.5789910571748 1403.149563060857
1202 1417 1198.390378411816 1520.1494833908282 1337 1525 1340.609621588184 1421.8505166091718
1316 1408 1312.056247462837 1520.6976961134258 1435 1525 1438.943752537163 1412.3023038865742
1435 1403 1430.8115884874169 1522.6891344969215 1554 1527 1558.1884115125831 1407.3108655030785
1554 1399 1550.1466107968797 1509.1154500257853 1604 1511 1607.8533892031203 1400.8845499742147
1592 1403 1587.877635243308 1520.8017652579656 1765 1527 1769.122364756692 1409.1982347420344
1736 1383 1731.3523294664913 1515.8130394807963 1851 1520 1855.6476705335087 1387.1869605192037
668 1581 663.7546216199171 1702.3170344885013 769 1706 773.2453783800829 1584.6829655114987
760 1583 755.826970360467 1702.2495781002397 863 1706 867.173029639533 1586.7504218997603
861 1594 857.3598012100147 1698.0232654459005 971 1702 974.6401987899853 1597.9767345540995
966 1592 962.292344821753 1697.9509167053504 1078 1702 1081.707655178247 1596.0490832946496
1038 1578 1033.3327600573382 1711.3722599960424 1137 1715 1141.6672399426618 1581.6277400039576
1139 1592 1135.1256317553564 1702.7149525615257 1229 1706 1232.8743682446436 1595.2850474384743
1231 1599 1227.403314108722 1701.7798295585521 1348 1706 1351.596685891278 1603.2201704414479
1330 1592 1326.0538012866932 1704.7675986778318 1447 1709 1450.9461987133068 1596.2324013221682
1408 1583 1403.446693792338 1713.1164600128825 1543 1718 1547.553306207662 1587.8835399871175
1523 1576 1518.5055885640954 1704.4334677288527 1649 1709 1653.4944114359046 1580.5665322711473
1640 1581 1636.409616093381 1683.5997424092463 1705 1686 1708.590383906619 1583.4002575907537
1711 1581 1706.642429244876 1705.5230729175023 1806 1709 1810.357570755124 1584.4769270824977
661 1754 656.0402141028094 1895.732129123742 778 1900 782.9597858971906 1758.267870876258
762 1760 758.1200345868828 1870.8748987005845 876 1875 879.8799654131172 1764.1251012994155
852 1772 847.9188885101698 1888.6229011967318 973 1893 977.0811114898302 1776.3770988032682
980 1752 974.8698317721963 1898.601018826526 1072 1902 1077.1301682278036 1755.398981173474
1072 1758 1066.9815058753506 1901.4097906694803 1141 1904 1146.0184941246494 1760.5902093305197
1141 1754 1136.0377679266653 1895.8020316881477 1256 1900 1260.9622320733347 1758.1979683118523
1240 1767 1235.7306781303625 1889.0012498606034 1350 1893 1354.2693218696375 1770.9987501393966
1343 1758 1338.2824269020857 1892.8105933046522 1458 1897 1462.7175730979143 1762.1894066953478
1442 1749 1437.205372353546 1886.0125240834338 1494 1888 1498.794627646454 1750.9874759165662
1491 1749 1486.4136704143928 1880.0601446323606 1599 1884 1603.5863295856072 1752.9398553676394
1583 1765 1578.6275656437128 1889.9478190422285 1723 1895 1727.3724343562872 1770.0521809577715
1698 1754 1694.0132528360168 1867.9263217288183 1839 1873 1842.9867471639832 1759.0736782711817
659 1936 654.3425447619148 2069.0926497384194 766 2073 770.6574552380852 1939.9073502615806
751 1929 746.2002934569591 2066.1576599505365 856 2070 860.7997065430409 1932.842340049463
847 1936 842.4180444947941 2066.9351497755047 930 2070 934.5819555052059 1939.0648502244953
930 1938 925.6128885868483 2063.367234428663 1058 2068 1062.3871114131518 1942.632765571337
1038 1947 1033.7086625450656 2069.6303729402553 1130 2073 1134.2913374549344 1950.3696270597447
1130 1963 1126.0840467609062 2074.9032961564235 1186 2077 1189.9159532390938 1965.0967038435763
1200 1947 1195.6128885868482 2072.367234428663 1328 2077 1332.3871114131518 1951.632765571337
1312 1945 1307.3151185524428 2078.8763882188387 1368 2081 1372.6848814475572 1947.1236117811616
1368 1940 1363.7111087212097 2062.5604703758495 1462 2066 1466.2888912787903 1943.4395296241505
1449 1936 1444.3706757875723 2068.288770247753 1579 2073 1583.6293242124277 1940.711229752247
1575 1942 1571.0122162922432 2055.9559422727298 1658 2059 1661.9877837077568 1945.0440577272702
1646 1936 1642.2874524694648 2042.0907218341617 1754 2046 1757.7125475305352 1939.909278165838
1738 1933 1734.199721855865 2041.5977346191053 1860 2046 1863.800278144135 1937.4022653808945
1862 1931 1857.9054345413772 2048.0073653009636 1972 2052 1976.0945654586228 1934.9926346990364
1963 1920 1957.4002697748074 2080.0193443399794 2014 2082 2019.5997302251926 1921.9806556600206
863 2095 857.867903867939 2241.6561111189762 982 2246 987.132096132061 2099.3438888810238
982 2106 978.2617676199516 2212.8246987604225 1069 2216 1072.7382323800484 2109.1753012395775
1072 2109 1068.0826371285357 2220.943578176918 1184 2225 1187.9173628714643 2113.056421823082
1179 2100 1174.8416474173318 2218.830162713805 1294 2223 1298.1583525826682 2104.169837286195
1269 2104 1264.7956883424802 2224.143501165559 1375 2228 1379.2043116575198 2107.856498834441
1361 2100 1356.9604735046198 2215.4345576018336 1516 2221 1520.0395264953802 2105.5654423981664
1514 2088 1509.660775565957 2211.998803684459 1624 2216 1628.339224434043 2092.001196315541
1619 2106 1614.9767467381535 2220.9695294566136 1673 2223 1677.0232532618465 2108.0304705433864
1680 2084 1675.2873192543739 2218.6707881758407 1799 2223 1803.7126807456261 2088.3292118241593
1781 2100 1776.8159625678186 2219.5641396400656 1875 2223 1879.1840374321814 2103.4358603599344
1871 2086 1866.3423582176165 2219.0979804767107 2035 2225 2039.657641782384 2091.9020195232893
674 2302 669.4290522874427 2432.620588235679 766 2436 770.5709477125573 2305.379411764321
760 2302 755.9127730698094 2418.7976576077463 876 2423 880.0872269301906 2306.2023423922537
872 2295 867.8294165366111 2414.1796755358337 977 2418 981.1705834633889 2298.8203244641663
975 2290 970.6497677733086 2414.313365224285 1076 2418 1080.3502322266916 2293.686634775715
1076 2288 1072.4052420129792 2390.7247372661022 1166 2394 1169.5947579870208 2291.2752627338978
1153 2281 1148.4454707042662 2411.1514112950854 1287 2416 1291.5545292957338 2285.8485887049146
1283 2304 1278.84653976962 2422.6903575849933 1402 2427 1406.15346023038 2308.3096424150067
1372 2279 1367.313004103887 2412.93681124958 1512 2418 1516.686995896113 2284.06318875042
1518 2270 1512.2277729956386 2434.948657073505 1628 2439 1633.7722270043614 2274.051342926495
659 2465 654.3486602022751 2597.9178933274047 771 2602 775.6513397977249 2469.0821066725953
762 2465 757.4779758103249 2594.222536947563 894 2599 898.5220241896751 2469.777463052437
890 2454 885.2308706587606 2590.2838778954647 1020 2595 1024.7691293412395 2458.7161221045353
1009 2465 1004.7436138272686 2586.6315960283273 1101 2590 1105.2563861727315 2468.3684039716727
1101 2465 1096.8599937384126 2583.305893480762 1231 2588 1235.1400062615874 2469.694106519238
1197 2451 1192.4136704143928 2582.0601446323603 1305 2586 1309.5863295856072 2454.9398553676397
1301 2478 1297.2752215887444 2584.440234656191 1399 2588 1402.7247784112556 2481.559765343809
1404 2476 1400.4805552015603 2576.572568041479 1527 2581 1530.5194447984397 2480.427431958521
1505 2462 1500.5387984863396 2589.484452371083 1601 2593 1605.4612015136604 2465.515547628917
1604 2456 1599.4645218415321 2585.607001051795 1725 2590 1729.5354781584679 2460.392998948205
1714 2447 1709.346214026131 2579.987795891811 1824 2584 1828.653785973869 2451.012204108189
1799 2449 1794.660775565957 2572.998803684459 1909 2577 1913.339224434043 2453.001196315541
1889 2449 1884.7416859230111 2570.686688320777 2008 2575 2012.2583140769889 2453.313311679223
634 2640 630.3033526144015 2745.6363551655245 755 2750 758.6966473855985 2644.3636448344755
746 2649 742.4575030724894 2750.2313116650425 793 2752 796.5424969275106 2650.7686883349575
796 2651 792.2358962261399 2758.564006424974 919 2763 922.7641037738601 2655.435993575026
899 2629 894.6363138045158 2753.697829328517 989 2757 993.3636861954842 2632.302170671483
1004 2624 999.378200860303 2756.073731816244 1083 2759 1087.621799139697 2626.926268183756
1078 2624 1074.0083604837284 2738.06612685763 1215 2743 1218.9916395162716 2628.93387314237
1213 2624 1208.787126725976 2744.388160140979 1312 2748 1316.212873274024 2627.611839859021
1314 2620 1309.217416689968 2756.668341999696 1433 2761 1437.782583310032 2624.331658000304
1444 2615 1437.097805900611 2812.2388900669803 1516 2815 1522.902194099389 2617.7611099330197
614 2810 609.3926913728692 2941.659647168101 762 2947 766.6073086271308 2815.340352831899
757 2812 752.7147779854259 2934.455616529241 854 2938 858.2852220145741 2815.544383470759
861 2805 856.6901296796864 2928.15997291159 995 2933 999.3098703203136 2809.84002708841
991 2821 987.3377856247176 2925.6523885255524 1083 2929 1086.6622143752822 2824.3476114744476
1074 2812 1069.9973526910799 2926.3806883974557 1202 2931 1206.0026473089201 2816.6193116025443
1204 2736 1195.6787755709722 2973.789469079839 1316 2978 1324.3212244290278 2740.210530920161
1316 2783 1311.137915965284 2921.9401753428842 1370 2924 1374.862084034716 2785.0598246571158
1364 2792 1359.126016812152 2931.2802086312486 1494 2936 1498.873983187848 2796.7197913687514
1485 2814 1481.2617676199516 2920.8246987604225 1572 2924 1575.7382323800484 2817.1753012395775
1561 2805 1557.0366780536842 2918.256916628672 1664 2922 1667.9633219463158 2808.743083371328
1664 2787 1659.2777210940958 2921.945067695172 1718 2924 1722.7222789059042 2789.054932304828
1714 2794 1709.3975837251573 2925.5198420392894 1866 2931 1870.6024162748427 2799.4801579607106
1871 2774 1866.2701960213649 2909.160106126681 1976 2913 1980.7298039786351 2777.839893873319
1961 2779 1956.364042075325 2911.478336930723 2057 2915 2061.635957924675 2782.521663069277
625 2972 620.2418784514092 3107.969316355639 764 3113 768.7581215485908 2977.030683644361
744 2978 739.7832709174612 3098.498344725879 897 3104 901.2167290825388 2983.501655274121
867 2996 863.1298192914592 3106.5952884429616 989 3111 992.8701807085408 3000.4047115570384
964 2983 960.2874524694648 3089.0907218341617 1072 3093 1075.7125475305352 2986.9092781658383
1060 2954 1054.9507421292508 3098.2889034628442 1161 3102 1166.0492578707492 2957.7110965371558
1137 2972 1132.8096605831597 3091.744226789371 1283 3097 1287.1903394168403 2977.255773210629
1280 2983 1276.6154679780834 3079.7172655225786 1399 3084 1402.3845320219166 2987.2827344774214
1395 2987 1391.5359672533996 3085.989098865766 1449 3088 1452.4640327466004 2989.010901134234
1449 2990 1445.16354748559 3099.6314628132363 1570 3104 1573.83645251441 2994.3685371867637
1550 2969 1544.9886578594844 3112.2054137145547 1682 3117 1687.0113421405156 2973.7945862854453
1689 2956 1682.4343830257342 3143.620774779977 1779 3147 1785.5656169742658 2959.379225220023
625 3151 620.1541478378092 3289.4763291405825 778 3295 782.8458521621908 3156.5236708594175
748 3153 743.7637015083083 3274.0575652411253 885 3279 889.2362984916917 3157.9424347588747
876 3142 871.1971424646298 3279.2477035251895 1007 3284 1011.8028575353701 3146.7522964748105
1007 3156 1002.5003644842188 3284.5827523913285 1043 3286 1047.499635515781 3157.4172476086715
1054 3147 1049.704806736551 3269.740557525155 1200 3275 1204.295193263449 3152.259442474845
1182 3142 1177.423455118969 3272.7805343747373 1298 3277 1302.576544881031 3146.2194656252627
1289 3135 1283.7931089512451 3283.7934700716432 1404 3288 1409.2068910487549 3139.2065299283568
1395 3133 1388.6250395816853 3315.1725235517 1498 3319 1504.3749604183147 3136.8274764483
659 3328 654.4185627666809 3458.920339503549 771 3463 775.5814372333191 3332.079660496451
762 3341 757.886383404111 3458.5517755442543 885 3463 889.113616595889 3345.4482244557457
872 3330 868.1880092470311 3438.9324371691787 1013 3444 1016.811990752969 3335.0675628308213
980 3327 975.7221165138583 3449.245908836024 1083 3453 1087.2778834861417 3330.754091163976
1072 3330 1067.7485061795567 3451.4917908995153 1168 3455 1172.2514938204433 3333.5082091004847
1175 3347 1171.3942342203306 3450.039298805928 1256 3453 1259.6057657796694 3349.960701194072
1251 3336 1246.9728909296389 3451.0797140415134 1359 3455 1363.0271090703611 3339.9202859584866
1357 3345 1353.5848907762818 3442.591047577651 1451 3446 1454.4151092237182 3348.408952422349
1458 3325 1453.1150090195035 3464.5947701710747 1579 3469 1583.8849909804965 3329.4052298289253
1581 3323 1575.8673855960524 3469.6709213909317 1671 3473 1676.1326144039476 3326.3290786090683
1673 3343 1668.7584774284317 3464.2068499036013 1720 3466 1724.2415225715683 3344.7931500963987
1705 3336 1700.6681140943892 3459.789095991242 1821 3464 1825.3318859056108 3340.210904008758
1801 3341 1797.3769244430234 3444.53394749506 1925 3449 1928.6230755569766 3345.46605250494
1922 3336 1918.302316070628 3441.6659757094358 1985 3444 1988.697683929372 3338.3340242905642
1970 3323 1966.0256702610357 3436.571478168498 2064 3440 2067.974329738964 3326.428521831502
2048 3327 2044.7246959050935 3420.5959399299395 2142 3424 2145.2753040949065 3330.4040600700605
2140 3316 2135.75269371566 3437.3721267809515 2268 3442 2272.24730628434 3320.6278732190485
2252 3316 2247.647321597164 3440.3832677886912 2351 3444 2355.352678402836 3319.6167322113088
2340 3309 2335.232798563018 3445.2287856030143 2443 3449 2447.767201436982 3312.7712143969857
668 3480 663.2616344048605 3615.4047651021015 766 3619 770.7383655951395 3483.5952348978985
780 3498 776.2851928376192 3604.155293660276 829 3606 832.7148071623808 3499.844706339724
829 3483 824.195401104671 3620.297465079348 930 3624 934.804598895329 3486.702534920652
937 3509 933.4641367847366 3610.0417449820725 1018 3613 1021.5358632152636 3511.9582550179275
1009 3483 1004.459629489244 3612.746806180606 1126 3617 1130.540370510756 3487.253193819394
1117 3498 1112.7196703377142 3620.315811400429 1218 3624 1222.2803296622858 3501.684188599571
1209 3489 1204.7196703377142 3611.315811400429 1310 3615 1314.2803296622858 3492.684188599571
1323 3489 1318.7846805498316 3609.458062705385 1420 3613 1424.2153194501684 3492.541937294615
1420 3487 1415.5761959446866 3613.41577289475 1518 3617 1522.4238040553134 3490.58422710525
1527 3460 1519.894731919641 3663.041984855578 1633 3667 1640.105268080359 3463.958015144422
1628 3476 1623.3437678499868 3609.0576984562163 1736 3613 1740.6562321500132 3479.9423015437837
659 3873 654.1150090195034 4012.5947701710747 780 4017 784.8849909804966 3877.4052298289253
789 3884 784.9667754892786 3999.2544704525276 892 4003 896.0332245107214 3887.7455295474724
874 3878 869.598398074282 4003.7813190768065 933 4006 937.401601925718 3880.2186809231935
924 3866 919.0891376256917 4006.3340778356264 1081 4012 1085.9108623743084 3871.6659221643736
1065 3862 1060.4210089428252 3992.8504369391435 1179 3997 1183.5789910571748 3866.1495630608565
1159 3871 1153.7525605005687 4020.95219312263 1298 4026 1303.2474394994313 3876.04780687737
1321 3855 1313.9604469479436 4056.1640951502864 1395 4059 1402.0395530520564 3857.8359048497136
652 4068 647.5644833358527 4194.750475444823 769 4199 773.4355166641473 4072.2495245551772
760 4064 755.1260168121519 4203.280208631249 890 4208 894.8739831878481 4068.7197913687514
883 4059 878.5276041493925 4186.8043446492 1027 4192 1031.4723958506074 4064.1956553507994
1020 4050 1014.5594577684735 4205.470346915313 1144 4210 1149.4405422315265 4054.529653084687
1114 4053 1108.7317680033439 4203.546364920079 1236 4208 1241.2682319966561 4057.4536350799212
1250 4049 1244.472431971059 4206.957218690009 1360 4211 1365.527568028941 4053.042781309991
1337 4022 1331.5692424730498 4177.19073665769 1469 4182 1474.4307575269502 4026.8092633423103
1451 4037 1442.512580776462 4279.538694664058 1570 4284 1578.487419223538 4041.4613053359417
2728 308 2721.514588566603 493.3288004265425 2855 498 2861.485411433397 312.6711995734575
2696 500 2691.43253500736 630.5210651273616 2848 636 2852.56746499264 505.47893487263843
2810 491 2805.557663079307 617.9453728660843 2950 623 2954.442336920693 496.0546271339156
2728 676 2723.972890929639 791.0797140415134 2836 795 2840.027109070361 679.9202859584866
2827 670 2823.0078422118418 784.0809371295855 2935 788 2938.9921577881582 673.9190628704145
2715 861 2711.4297037744204 963.0257116220444 2825 967 2828.5702962255796 864.9742883779556
2820 855 2816.2825601171767 961.2305269629736 2924 965 2927.7174398828233 858.7694730370264
2928 833 2921.9125066396277 1006.9577902911033 3066 1012 3072.0874933603723 838.0422097088966
2736 1008 2731.254814148315 1143.5996625233627 2857 1148 2861.745185851685 1012.4003374766373
2863 1010 2858.47256518615 1139.3771523483308 2962 1143 2966.52743481385 1013.6228476516694
2952 1017 2947.2591882287165 1152.4746676665068 3048 1156 3052.7408117712835 1020.5253323334932
3033 1023 3028.6908344958715 1146.1398319013429 3139 1150 3143.3091655041285 1026.8601680986571
2693 1187 2688.1578171020255 1325.3714752939734 2849 1331 2853.8421828979745 1192.6285247060266
2833 1206 2828.942831999724 1321.9386858246298 2945 1326 2949.057168000276 1210.0613141753702
2941 1186 2936.37871913219 1318.0589215442883 3049 1322 3053.62128086781 1189.9410784557117
3049 1176 3044.3027011274235 1310.2312317791589 3152 1314 3156.6972988725765 1179.7687682208411
3118 1214 3114.6406345557098 1309.998098868274 3229 1314 3232.3593654442902 1218.001901131726
2713 1370 2708.9692216654225 1485.1845678881223 2818 1489 2822.0307783345775 1373.8154321118777
2814 1351 2808.5835878023263 1505.7808008049196 2872 1508 2877.4164121976737 1353.2191991950804
2879 1351 2873.916495663233 1496.267539364525 2952 1499 2957.083504336767 1353.732460635475
2958 1359 2953.752175443773 1480.3869370529071 3057 1484 3061.247824556227 1362.6130629470929
3040 1360 3035.348660202275 1492.917893327405 3152 1497 3156.651339797725 1364.082106672595
3165 1364 3160.5681526000685 1490.6456215982141 3285 1495 3289.4318473999315 1368.3543784017859
2713 1484 2704.6389319364807 1722.9280511205782 2821 1727 2829.3610680635193 1488.0719488794218
2840 1539 2835.30166458365 1673.2608523230701 2885 1675 2889.69833541635 1540.7391476769299
2892 1524 2886.7625317494435 1673.6672521267153 2982 1677 2987.2374682505565 1527.3327478732847
2986 1540 2982.0728524239594 1652.223188434541 3090 1656 3093.9271475760406 1543.776811565459
3087 1537 3082.822078008179 1656.3893832290512 3186 1660 3190.177921991821 1540.6106167709488
3186 1550 3182.2850062933207 1656.1606243985677 3292 1660 3295.7149937066793 1553.8393756014323
3294 1542 3290.165993661734 1651.5615602488303 3417 1656 3420.834006338266 1546.4384397511697
2739 1712 2734.3352062334825 1845.3023574316367 2840 1849 2844.6647937665175 1715.6976425683633
2829 1718 2824.5449139267 1845.309695960069 2930 1849 2934.4550860733 1721.690304039931
2922 1712 2918.0606215432385 1824.57270125657 3016 1828 3019.9393784567615 1715.42729874343
3021 1714 3017.4401932951823 1815.7259603541743 3111 1819 3114.5598067048177 1717.2740396458257
3104 1720 3100.5081679553305 1819.7834988227685 3221 1824 3224.4918320446695 1724.2165011772315
3212 1694 3207.6971364805304 1816.959744752037 3266 1819 3270.3028635194696 1696.040255247963
3274 1677 3268.9832472353096 1820.3600291153218 3373 1824 3378.0167527646904 1680.6399708846782
3373 1695 3369.0469810301474 1807.9624960990932 3513 1813 3516.9530189698526 1700.0375039009068
3494 1692 3488.843442106498 1839.3551367630337 3593 1843 3598.156557893502 1695.6448632369663
2846 1871 2841.4320167354736 2001.535875399317 2969 2006 2973.5679832645264 1875.464124600683
2967 1871 2962.651509133267 1995.2636036701265 3098 2000 3102.348490866733 1875.7363963298735
3090 1882 3085.9318242070754 1998.253247364456 3193 2002 3197.0681757929246 1885.746752635544
3210 1882 3205.253259332655 2017.6440933392298 3244 2019 3248.746740667345 1883.3559066607702
3244 1875 3239.571821864285 2001.5407677516055 3367 2006 3371.428178135715 1879.4592322483945
3345 1871 3340.5767142165732 1997.400962622794 3472 2002 3476.4232857834268 1875.599037377206
3475 1886 3471.1539493253117 1995.9057423325678 3531 1998 3534.8460506746883 1888.0942576674322
3526 1867 3521.424678207041 1997.7455830925346 3643 2002 3647.575321792959 1871.2544169074654
3640 1888 3636.280113941032 1994.3004295273793 3742 1998 3745.719886058968 1891.6995704726207
2721 2050 2716.0194216055847 2192.326300921191 2821 2196 2825.9805783944153 2053.673699078809
2831 2048 2824.7858237520204 2225.5779133682477 2894 2228 2900.2141762479796 2050.4220866317523
2892 2056 2886.9390295204166 2200.623606012917 3012 2205 3017.0609704795834 2060.376393987083
3010 2050 3004.7060831538306 2201.2803418463395 3111 2205 3116.2939168461694 2053.7196581536605
3104 2054 3098.63232478091 2207.3880802550957 3259 2213 3264.36767521909 2059.6119197449043
3242 2060 3237.4313119192884 2190.556016409564 3393 2196 3397.5686880807116 2065.443983590436
3373 2063 3368.528827237464 2190.769393366998 3518 2196 3522.471172762536 2068.230606633002
3516 2043 3509.678337184969 2223.6494774067287 3634 2228 3640.321662815031 2047.3505225932713
2779 2217 2771.878126958519 2420.516492534463 2900 2425 2907.121873041481 2221.483507465537
2900 2242 2895.351811194604 2374.827849752752 2986 2378 2990.648188805396 2245.172150247248
2965 2258 2960.7429090110836 2379.6517370385745 3085 2384 3089.2570909889164 2262.3482629614255
2719 2241 2714.45247750511 2370.9511831355326 2773 2373 2777.54752249489 2243.0488168644674
3079 2248 3074.39410100524 2379.619365147607 3171 2383 3175.60589899476 2251.380634852393
3154 2229 3148.65697308665 2381.6837238727467 3272 2386 3277.34302691335 2233.3162761272533
3247 2254 3242.976560193855 2368.9748601949045 3358 2373 3362.023439806145 2258.0251398050955
3337 2248 3333.105875801905 2359.279503815063 3468 2364 3471.894124198095 2252.720496184937
3462 2244 3457.8692601711023 2362.0410934950946 3571 2366 3575.1307398288977 2247.9589065049054
3552 2250 3547.4552554088427 2379.871801037463 3694 2385 3698.5447445911573 2255.128198962537
3668 2252 3664.733257521598 2345.351280954519 3769 2349 3772.266742478402 2255.648719045481
2672 2381 2664.05152706637 2608.1376255987043 2803 2613 2810.94847293363 2385.8623744012957
2805 2422 2800.6137799473318 2547.3417626801242 2848 2549 2852.3862200526682 2423.6582373198758
2859 2430 2854.411929054434 2561.1099061865193 2937 2564 2941.588070945566 2432.8900938134807
2935 2430 2930.5207838928472 2557.999242070462 3102 2564 3106.4792161071528 2436.000757929538
3096 2422 3091.397770269456 2553.514511300998 3191 2557 3195.602229730544 2425.485488699002
3193 2426 3188.398288541343 2557.499701029042 3317 2562 3321.601711458657 2430.500298970958
3309 2413 3304.281908630199 2547.825403576608 3395 2551 3399.718091369801 2416.174596423392
3395 2417 3390.5185242610014 2545.0638138965764 3503 2549 3507.4814757389986 2420.9361861034236
3492 2411 3487.7815295575024 2531.548106280038 3615 2536 3619.2184704424976 2415.451893719962
3600 2398 3595.595247081953 2523.871362651459 3685 2527 3689.404752918047 2401.128637348541
3692 2420 3688.5688040870464 2518.05074498458 3830 2523 3833.4311959129536 2424.94925501542
2724 2553 2716.1485241126597 2777.3658128280936 2820 2781 2827.8514758873403 2556.6341871719064
2810 2572 2805.460852577316 2701.7118548984035 2928 2706 2932.539147422684 2576.2881451015965
2898 2596 2894.1144374184096 2707.034844839643 3036 2712 3039.8855625815904 2600.965155160357
3034 2596 3030.026375077221 2709.551337158251 3100 2712 3103.973624922779 2598.448662841749
3111 2592 3106.6920575839436 2715.1048806191397 3218 2719 3222.3079424160564 2595.8951193808603
3204 2587 3199.7619601483493 2708.107326795284 3311 2712 3315.2380398516507 2590.892673204716
3331 2560 3323.9101137926905 2762.602428458896 3421 2766 3428.0898862073095 2563.397571541104
2676 2779 2672.4854475538486 2879.4327629126674 2803 2884 2806.5145524461514 2783.5672370873326
2793 2764 2789.0408655897872 2877.137252510108 2928 2882 2931.9591344102128 2768.862747489892
2919 2770 2915.029339525252 2883.4666243218894 3016 2887 3019.970660474748 2773.5333756781106
3016 2764 3012.4463087355425 2865.5512039431596 3111 2869 3114.5536912644575 2767.4487960568404
3104 2757 3099.5075164683526 2885.3783754364026 3203 2889 3207.4924835316474 2760.6216245635974
3197 2758 3193.0420886778593 2871.1023012279047 3333 2876 3336.9579113221407 2762.8976987720953
3311 2755 3306.926227038602 2871.4131935035143 3438 2876 3442.073772961398 2759.5868064964857
3457 2740 3452.291879879074 2874.540462580693 3494 2876 3498.708120120926 2741.459537419307
3488 2745 3483.6688189105744 2868.7689549809943 3576 2872 3580.3311810894256 2748.2310450190057
3578 2729 3572.8532268110744 2876.0755265054104 3685 2880 3690.1467731889256 2732.9244734945896
3688 2732 3683.104001226855 2871.9093317109005 3800 2876 3804.895998773145 2736.0906682890995
3791 2740 3786.752175443773 2861.3869370529073 3890 2865 3894.247824556227 2743.6130629470927
3896 2729 3891.5601092554516 2855.875470301679 4038 2861 4042.4398907445484 2734.124529698321
2683 2929 2678.5006962118073 3057.5732728576645 2805 3062 2809.4993037881927 2933.4267271423355
2805 2929 2800.5901681853657 3055.016498518562 2943 3060 2947.4098318146343 2933.983501481438
2937 2931 2932.6027721546834 3056.6563242199504 2971 3058 2975.3972278453166 2932.3436757800496
2975 2935 2971.01273456413 3048.9411320007744 3087 3053 3090.98726543587 2939.0588679992256
3081 2941 3077.213880640843 3049.1931295046265 3186 3053 3189.786119359157 2944.8068704953735
3176 2924 3171.027278405904 3066.1017829560183 3311 3071 3315.972721594096 2928.8982170439817
3322 2946 3317.9576956008873 3061.513939699904 3389 3064 3393.0423043991127 2948.486060300096
3386 2944 3382.5052035073 3043.86821165913 3472 3047 3475.4947964927 2947.13178834087
3466 2929 3461.86192164267 3047.2508011883115 3569 3051 3573.13807835733 2932.7491988116885
3582 2926 3577.6172626672496 3051.242239571807 3685 3055 3689.3827373327504 2929.757760428193
3686 2914 3681.4283474712574 3044.6407292459257 3806 3049 3810.5716525287426 2918.3592707540743
3812 2909 3807.0451064550975 3050.59232399493 3933 3055 3937.9548935449025 2913.40767600507
2670 3110 2665.6808632469965 3233.4247728972573 2825 3239 2829.3191367530035 3115.5752271027427
2827 3105 2822.476752722253 3234.257488229766 2958 3239 2962.523247277747 3109.742511770234
2967 3103 2962.76807558871 3223.9325703842696 3079 3228 3083.23192441129 3107.0674296157304
3083 3090 3078.5438773829264 3217.3393165039806 3126 3219 3130.4561226170736 3091.6606834960194
3120 3080 3115.0290197658624 3222.0520214018597 3285 3228 3289.9709802341376 3085.9479785981403
3283 3097 3278.548769735214 3224.199511375169 3330 3226 3334.451230264786 3098.800488624831
3335 3086 3330.47256518615 3215.3771523483306 3434 3219 3438.52743481385 3089.6228476516694
3430 3079 3425.0812808253727 3219.5585958007996 3552 3224 3556.9187191746273 3083.4414041992004
3554 3086 3549.625824283754 3210.9975805963873 3664 3215 3668.374175716246 3090.0024194036127
3649 3090 3644.921334686314 3206.552998632326 3772 3211 3776.078665313686 3094.447001367674
3765 3082 3760.7932421663363 3202.2134037299647 3869 3206 3873.2067578336637 3085.7865962700353
3853 3075 3848.034098662449 3216.9068855347564 3965 3221 3969.965901337551 3079.0931144652436
3967 3077 3962.874670795277 3194.8864780943272 4109 3200 4113.125329204723 3082.1135219056728
2679 3287 2674.647839869051 3411.3684575167354 2807 3416 2811.352160130949 3291.6315424832646
2792 3304 2788.7467114903907 3396.9668168502876 2904 3401 2907.2532885096093 3308.0331831497124
2887 3306 2883.3757013549516 3409.568898777263 3010 3414 3013.6242986450484 3310.431101222737
3001 3291 2997.1757783663106 3400.2819499912075 3132 3405 3135.8242216336894 3295.7180500087925
3122 3292 3118.13122892383 3402.555006422467 3188 3405 3191.86877107617 3294.444993577533
3180 3278 3175.4965086757043 3406.692936976229 3270 3410 3274.5034913242957 3281.307063023771
3264 3291 3260.0599167270534 3403.592842266817 3386 3408 3389.9400832729466 3295.407157733183
3371 3278 3366.884642044152 3395.601537098413 3464 3399 3468.115357955848 3281.398462901587
3457 3281 3453.3996448445055 3383.8846834051606 3571 3388 3574.6003551554945 3285.1153165948394
3563 3285 3559.2678830603118 3391.6499423494083 3655 3395 3658.7321169396882 3288.3500576505917
3645 3272 3640.9777832819273 3386.939908912702 3757 3391 3761.0222167180727 3276.060091087298
3769 3210 3761.402967792656 3427.0947641869748 3873 3431 3880.597032207344 3213.9052358130252
2672 3433 2666.7102706899336 3584.1606777277752 2805 3589 2810.2897293100664 3437.8393222722248
2805 3447 2800.3511063784194 3579.847990762999 2919 3584 2923.6488936215806 3451.152009237001
2915 3442 2909.9991473802465 3584.9056624466843 3027 3589 3032.0008526197535 3446.0943375533157
3875 3263 3870.1777595997755 3400.8015933021443 3933 3403 3937.8222404002245 3265.1984066978557
3040 3451 3035.6751208952332 3574.588867831689 3076 3576 3080.3248791047668 3452.411132168311
3076 3447 3072.304057430587 3552.6162141552772 3169 3556 3172.695942569413 3450.3837858447228
3167 3446 3162.757067796061 3567.2471319240954 3270 3571 3274.242932203939 3449.7528680759046
3257 3438 3252.499473123735 3566.608224139867 3378 3571 3382.500526876265 3442.391775860133
3311 3653 3307.5062400510733 3752.838591115218 3455 3758 3458.4937599489267 3658.161408884782
3225 3677 3222.2257264647674 3756.2783606128746 3300 3759 3302.7742735352326 3679.7216393871254
3458 3649 3454.4094295490822 3751.605073147538 3580 3756 3583.5905704509178 3653.394926852462
3576 3634 3571.4100011501764 3765.164998478969 3681 3769 3685.5899988498236 3637.835001521031
3677 3625 3672.498250035663 3753.64317542207 3797 3758 3801.501749964337 3629.35682457793
3804 3629 3800.036678053684 3742.256916628672 3907 3746 3910.963321946316 3632.743083371328
3911 3617 3906.223718674627 3753.4882548503906 3978 3756 3982.776281325373 3619.5117451496094
3977 3635 3973.6890398067053 3729.6148578521143 4099 3734 4102.310960193295 3639.3851421478857
2633 3831 2628.869778442989 3949.0262832231388 2771 3954 2775.130221557011 3835.9737167768612
2769 3823 2764.955062880445 3938.589173002601 2891 3943 2895.044937119555 3827.410826997399
2920 3834 2916.2248884334913 3941.8785679648004 3034 3946 3037.7751115665087 3838.1214320351996
3029 3834 3025.313842135163 3939.336603897654 3130 3943 3133.686157864837 3837.663396102346
3135 3847 3132.0845117035856 3930.313750281081 3266 3935 3268.9154882964144 3851.686249718919
3251 3834 3247.602014009291 3931.1017296268105 3359 3935 3362.397985990709 3837.8982703731895
3363 3819 3359.2255932496764 3926.8584269545536 3449 3930 3452.7744067503236 3822.1415730454464
3458 3832 3454.2512780991897 3939.124450028293 3565 3943 3568.7487219008103 3835.875549971707
3556 3817 3552.1525396929414 3926.946024353062 3668 3931 3671.8474603070586 3821.053975646938
3655 3814 3651.3009064382577 3919.7062577299303 3774 3924 3777.6990935617423 3818.2937422700697
3741 3791 3736.673711262863 3914.629149852183 3833 3918 3837.326288737137 3794.370850147817
3821 3775 3816.4266061112985 3905.6904908000843 3911 3909 3915.5733938887015 3778.3095091999157
3916 3791 3911.0563007920446 3932.2724317168127 3989 3935 3993.9436992079554 3793.7275682831873
# Transcript
PAMFILOS)
PRAXAGORASTRY
EIRHNAIOSTRY
FILHTOSMOYSI
DWROQEOS*
MOYSWNIOSKLEAN
SWKRATHSTIMO
EPAGAQOSDWRO
EYPOROSDIONY
ELEYSINIOSEYPO)
PTOLEMAIDOS
EYKARPOS)
EKPAGLOSEYKAR
DIOGENHS)
AGNOSFILOTIMOY
APOLLWNIOS)
ZWSIMOS)
DWNATOSOKAIEPIGONOS
EIDOTOSEYFH
**
YGINOS)
SYNETOS)
F
EY
ST
DAF
PARA
KLAGA*
BIBOYL
FILOLOG
EYTYCIDHS
ANTIOCIDO
ARTEMWN)
IFIKRATHSAR*
FIRMOSASKLH
FLWROS)
APOLLWNIOSFLW
EPIKTHTOSONH
ZWSIMIANOSASK
LEWNIDHSTROFI
ZWBIOS)
**ENHSSERA
MHNODWROSATTI


# Lines: x1 y1 x2 y2 x3 y3 x4 y4
573 441 1660 473
591 607 1878 601
591 753 1862 726
609 931 1878 940
585 1124 1539 1128
591 1290 2111 1274
621 1454 1918 1476
616 1640 1918 1649
638 1824 1862 1815
632 2006 2032 1986
820 2147 2073 2138
607 2360 1702 2356
596 2540 2098 2544
587 2693 1613 2686
580 2859 2225 2872
569 3018 1871 3023
582 3220 1599 3213
569 3375 2479 3382
585 3537 1806 3561
619 3936 1454 3934
615 4104 1712 4143
2696 397 3402 390
2713 552 3477 550
2722 724 3501 704
2678 911 3537 876
2700 1074 3621 1031
2693 1240 3630 1212
2715 1425 3643 1395
2706 1607 3765 1571
2693 1783 3774 1764
2833 1946 3825 1923
2717 2134 3741 2110
2698 2308 3795 2299
2661 2498 3883 2451
2672 2664 3574 2649
2700 2841 4036 2780
2694 3001 4032 2958
2672 3175 4122 3132
2678 3363 4178 3294
2683 3520 4252 3460
2708 3703 4232 3654
2651 3891 4275 3844