# Baseline angle
5.707507501648131
# Boxes: x1 y1 x2 y2 x3 y3 x4 y4
400 514 467.77004265682814 618.4209059806509 547 567 479.22995734317186 462.57909401934916
484 474 550.7629386953267 576.8691479478399 586 554 519.2370613046733 451.13085205216015
524 452 597.7217369475475 565.5913489314368 688 507 614.2782630524526 393.40865106856324
620 393 695.0191379616481 508.59040019363863 793 445 717.9808620383519 329.40959980636137
383 702 459.02922049734815 819.146747649802 544 764 467.97077950265185 646.853252350198
466 663 539.2499437658302 775.8644042588493 613 728 539.7500562341698 615.1355957411507
546 613 620.2116434594303 727.3462028434475 687 684 612.7883565405697 569.6537971565525
615 585 684.6118111157958 692.2587252227879 779 631 709.3881888842042 523.7412747772121
714 525 785.9706560818952 635.8932622360705 812 619 740.0293439181048 508.1067377639294
741 510 802.7064479259421 605.0780454706637 866 564 804.2935520740579 468.9219545293363
800 476 876.7187364685147 594.2091622444326 951 546 874.2812635314851 427.79083775556734
645 947 718.2408871007472 1059.8504496391377 812 999 738.7591128992527 886.1495503608623
800 830 886.547499045569 963.3534391657533 978 904 891.452500954431 770.6465608342467
892 771 974.2772899315509 897.7738490263381 1071 835 988.722710068449 708.226150973662
541 1002 631.2884754706872 1141.117581141304 727 1079 636.7115245293128 939.8824188586958
988 740 1073.1291409262187 871.1680157246385 1172 807 1086.8708590737815 675.8319842753615
709 873 814.5184868027094 1035.5841678371162 894 984 788.4815131972906 821.4158321628837
# Transcript
*SIMO
*OSEPIGO
TTALOY

