# Baseline angle
-0.010301340828031691
# Boxes: x1 y1 x2 y2 x3 y3 x4 y4
322 214 323.35160100623125 345.2016774217636 440 344 438.64839899376875 212.79832257823642
140 526 138.88178861352344 417.4537582160201 280 416 281.11821138647656 524.5462417839799
538 210 539.1617332063851 322.77096176428967 614 322 612.8382667936149 209.22903823571028
336 396 337.2849160957996 520.7284859495614 408 520 406.7150839042004 395.2715140504386
508 390 509.3326976039908 519.3666994426908 642 518 640.6673023960093 388.63330055730916
710 382 711.3301508711286 511.11948475290774 820 510 818.6698491288714 380.88051524709226
898 372 899.3314242375596 501.24309209779926 1020 500 1018.6685757624404 370.75690790220074
146 596 147.10481077192512 703.245426602923 268 702 266.89518922807486 594.754573397077
336 576 337.413404678677 713.201040738548 454 712 452.586595321323 574.798959261452
524 588 525.1247753128582 697.1834107027387 640 696 638.8752246871418 586.8165892972613
708 572 709.2500804796579 693.3469471294964 840 692 838.7499195203421 570.6530528705036
924 564 925.3261185440967 692.7280614940844 996 692 994.6738814559033 563.2719385059156
1086 554 1087.413829134154 691.2422431868453 1208 690 1206.586170865846 552.7577568131547
168 760 169.30466840899408 886.6458688252285 232 886 230.69533159100592 759.3541311747715
320 758 321.458639454006 899.5920395418943 476 898 474.541360545994 756.4079604581057
532 746 533.5157741162045 893.1381759274096 644 892 642.4842258837955 744.8618240725904
724 744 725.369443269779 876.9336492800934 816 876 814.630556730221 743.0663507199066
936 740 937.4486647502957 880.6237820069103 998 880 996.5513352497043 739.3762179930897
1094 730 1095.496870713964 875.3031979483369 1222 874 1220.503129286036 728.6968020516631
182 940 183.40809898521408 1076.686010134833 250 1076 248.59190101478592 939.3139898651668
312 946 313.1309299172751 1055.7808462030478 486 1054 484.8690700827249 944.219153796952
528 926 529.2086658036221 1043.3267703608249 658 1042 656.7913341963779 924.6732296391751
1478 906 1479.2702572483295 1029.3055324534607 1606 1028 1604.7297427516705 904.6944675465394
184 1106 185.4699026576599 1248.6853734516176 252 1248 250.5300973423401 1105.3146265483824
334 1122 335.0854829142076 1227.3692461755531 468 1226 466.9145170857924 1120.6307538244469
718 1104 719.3320609207752 1233.3048957702451 846 1232 844.6679390792248 1102.6951042297549
912 1102 913.3507520952772 1233.1192725251692 1022 1232 1020.6492479047228 1100.8807274748308
1104 1092 1105.332697603991 1221.3666994426908 1238 1220 1236.667302396009 1090.6333005573092
1288 1096 1289.3736878245495 1229.3456737630652 1420 1228 1418.6263121754505 1094.6543262369348
1492 1088 1493.432520308656 1227.0566199417694 1596 1226 1594.567479691344 1086.9433800582306
172 1288 173.24880711322677 1409.2233397846048 292 1408 290.75119288677325 1286.7766602153952
350 1286 351.2485948854882 1407.202738560456 468 1406 466.7514051145118 1284.797261439544
530 1280 531.457366087575 1421.4684321970026 674 1420 672.542633912425 1278.5315678029974
732 1292 733.1260486792893 1401.3070180476302 860 1400 858.8739513207107 1290.6929819523698
910 1276 911.2902217892625 1401.2435165532763 1032 1400 1030.7097782107376 1274.7564834467237
1104 1272 1105.3928034545283 1407.2012529662866 1222 1406 1220.6071965454717 1270.7987470337134
1320 1272 1321.2840671848455 1396.646081052967 1384 1396 1382.7159328151545 1271.353918947033
364 1454 365.3307875543441 1583.1812884253534 480 1582 478.6692124456559 1452.8187115746466
148 1444 149.5198064432363 1591.529599186233 298 1590 296.4801935567637 1442.470400813767
568 1458 569.2010256050355 1574.5851262914753 626 1574 624.7989743949645 1457.4148737085247
728 1456 729.2076046649296 1573.2237642400817 848 1572 846.7923953350704 1454.7762357599183
918 1440 919.2488071132268 1561.2233397846048 1038 1560 1036.7511928867732 1438.7766602153952
1132 1432 1133.3719900026413 1565.1808639698763 1248 1564 1246.6280099973587 1430.8191360301237
1304 1432 1305.4348548137796 1571.283233407404 1430 1570 1428.5651451862204 1430.716766592596
184 1626 185.20718020945253 1743.1825617917848 300 1742 298.79281979054747 1624.8174382082152
1478 1446 1479.2107880810072 1563.5327826023106 1628 1562 1626.7892119189928 1444.4672173976894
356 1624 357.16682667210944 1737.265391143856 480 1736 478.83317332789056 1622.734608856144
534 1622 535.2112125364844 1739.573985050608 688 1738 686.7887874635156 1620.426014949392
756 1614 757.2636781884354 1736.666894504854 822 1736 820.7363218115646 1613.333105495146
920 1618 921.2910707002166 1743.3259214498707 1050 1742 1048.7089292997834 1616.6740785501293
1118 1616 1119.3112474688883 1743.284506773835 1244 1742 1242.6887525311117 1614.715493226165
1316 1620 1317.3097618747183 1747.1402982047948 1428 1746 1426.6902381252817 1618.8597017952052
184 1786 185.43294476413303 1925.0978223900665 292 1924 290.567055235867 1784.9021776099335
556 1782 557.5338286074908 1930.890749009888 644 1930 642.4661713925092 1781.109250990112
386 1788 387.46947820218287 1930.6441710033205 450 1930 448.53052179781713 1787.3558289966795
754 1804 755.1649166224628 1917.0799801265186 860 1916 858.8350833775372 1802.9200198734814
936 1794 937.1876401239965 1909.285780140266 1062 1908 1060.8123598760035 1792.714219859734
1126 1784 1127.3928034545283 1919.2012529662866 1244 1918 1242.6071965454717 1782.7987470337134
1350 1782 1351.3027583593475 1908.460457807891 1396 1908 1394.6972416406525 1781.539542192109
188 1960 189.25008047965787 2081.346947129496 320 2080 318.74991952034213 1958.6530528705039
1315 894 1316.8117329057584 1069.8672827112694 1401 1069 1399.1882670942416 893.1327172887306
491 1086 492.6059253252547 1241.8892716978794 676 1240 674.3940746747453 1084.1107283021206
1442 1252 1443.543272741855 1401.8075034845006 1619 1400 1617.456727258145 1250.1924965154994
# Transcript
HI*
AINES
OSOTIE
IPERIT**
IWN***ID
IDWNEXEN
DHMONEIS
HSIANGNW
SQAITHS*
EIBOLEI
A***
# Lines: x1 y1 x2 y2 x3 y3 x4 y4
