# Baseline angle
0
# Boxes: x1 y1 x2 y2 x3 y3 x4 y4
569 125 569 222 644 222 644 125
677 135 677 216 783 216 783 135
820 130 820 214 901 214 901 130
949 117 949 203 1024 203 1024 117
1086 111 1086 195 1161 195 1161 111
440 288 440 365 526 365 526 288
563 279 563 351 654 351 654 279
697 260 697 348 775 348 775 260
825 258 825 339 911 339 911 258
953 251 953 338 1039 338 1039 251
1096 240 1096 331 1179 331 1179 240
1203 237 1203 314 1290 314 1290 237
1342 219 1342 302 1416 302 1416 219
319 427 319 505 419 505 419 427
461 423 461 491 542 491 542 423
567 403 567 488 657 488 657 403
716 396 716 485 776 485 776 396
822 386 822 480 911 480 911 386
966 381 966 461 1051 461 1051 381
1092 366 1092 459 1154 459 1154 366
1205 355 1205 439 1282 439 1282 355
1344 350 1344 432 1431 432 1431 350
1462 339 1462 423 1583 423 1583 339
331 548 331 626 421 626 421 548
478 545 478 632 537 632 537 545
573 533 573 616 646 616 646 533
705 520 705 612 797 612 797 520
829 521 829 614 918 614 918 521
972 506 972 606 1060 606 1060 506
1091 499 1091 576 1169 576 1169 499
1210 486 1210 582 1314 582 1314 486
1342 493 1342 570 1426 570 1426 493
1471 478 1471 567 1552 567 1552 478
1606 463 1606 560 1689 560 1689 463
332 694 332 772 420 772 420 694
460 678 460 762 547 762 547 678
594 670 594 750 669 750 669 670
707 666 707 750 804 750 804 666
846 656 846 735 911 735 911 656
1241 626 1241 714 1313 714 1313 626
1352 609 1352 718 1442 718 1442 609
1479 615 1479 696 1562 696 1562 615
1593 590 1593 688 1690 688 1690 590
1739 601 1739 678 1829 678 1829 601
338 823 338 904 435 904 435 823
472 812 472 890 560 890 560 812
599 804 599 884 685 884 685 804
997 789 997 862 1074 862 1074 789
1120 770 1120 863 1201 863 1201 770
1231 760 1231 844 1332 844 1332 760
1355 752 1355 831 1453 831 1453 752
1502 751 1502 827 1591 827 1591 751
1618 734 1618 831 1705 831 1705 734
1736 736 1736 821 1830 821 1830 736
346 947 346 1039 426 1039 426 947
480 934 480 1018 569 1018 569 934
604 942 604 1019 700 1019 700 942
735 923 735 1013 815 1013 815 923
858 911 858 998 952 998 952 911
1001 908 1001 994 1091 994 1091 908
1113 894 1113 972 1207 972 1207 894
1237 894 1237 976 1335 976 1335 894
1367 884 1367 978 1448 978 1448 884
1501 873 1501 966 1607 966 1607 873
1623 868 1623 959 1707 959 1707 868
1746 870 1746 952 1848 952 1848 870
363 1080 363 1159 448 1159 448 1080
485 1065 485 1154 570 1154 570 1065
614 1061 614 1146 688 1146 688 1061
736 1039 736 1142 838 1142 838 1039
872 1043 872 1130 971 1130 971 1043
1003 1024 1003 1112 1098 1112 1098 1024
1137 1016 1137 1104 1217 1104 1217 1016
1249 1015 1249 1093 1337 1093 1337 1015
1385 999 1385 1095 1467 1095 1467 999
1501 995 1501 1094 1584 1094 1584 995
1633 998 1633 1077 1718 1077 1718 998
372 1206 372 1291 457 1291 457 1206
492 1204 492 1283 577 1283 577 1204
616 1202 616 1278 711 1278 711 1202
766 1190 766 1279 830 1279 830 1190
871 1170 871 1271 963 1271 963 1170
1007 1167 1007 1254 1096 1254 1096 1167
1141 1157 1141 1237 1231 1237 1231 1157
1267 1156 1267 1242 1352 1242 1352 1156
1502 1129 1502 1213 1603 1213 1603 1129
1644 1132 1644 1206 1725 1206 1725 1132
364 1352 364 1430 451 1430 451 1352
520 1341 520 1419 605 1419 605 1341
636 1333 636 1414 701 1414 701 1333
752 1330 752 1410 847 1410 847 1330
871 1324 871 1395 956 1395 956 1324
1009 1299 1009 1390 1101 1390 1101 1299
1136 1295 1136 1384 1230 1384 1230 1295
1270 1294 1270 1372 1359 1372 1359 1294
1419 1280 1419 1365 1483 1365 1483 1280
1516 1280 1516 1354 1619 1354 1619 1280
1659 1266 1659 1345 1746 1345 1746 1266
386 1496 386 1562 474 1562 474 1496
514 1472 514 1559 609 1559 609 1472
628 1468 628 1548 716 1548 716 1468
738 1455 738 1542 847 1542 847 1455
883 1457 883 1536 961 1536 961 1457
1011 1445 1011 1533 1087 1533 1087 1445
1153 1428 1153 1509 1243 1509 1243 1428
1287 1432 1287 1509 1371 1509 1371 1432
1418 1405 1418 1500 1513 1500 1513 1405
1523 1401 1523 1494 1606 1494 1606 1401
1651 1395 1651 1481 1744 1481 1744 1395
402 1594 402 1684 465 1684 465 1594
502 1601 502 1692 592 1692 592 1601
649 1602 649 1693 720 1693 720 1602
760 1583 760 1675 850 1675 850 1583
907 1572 907 1656 961 1656 961 1572
1013 1575 1013 1658 1102 1658 1102 1575
1170 1556 1170 1653 1249 1653 1249 1556
1291 1553 1291 1636 1371 1636 1371 1553
1422 1541 1422 1637 1509 1637 1509 1541
1523 1535 1523 1620 1607 1620 1607 1535
1651 1524 1651 1607 1736 1607 1736 1524
1780 1508 1780 1608 1845 1608 1845 1508
384 1747 384 1834 475 1834 475 1747
515 1744 515 1830 616 1830 616 1744
634 1720 634 1810 740 1810 740 1720
779 1708 779 1797 839 1797 839 1708
889 1707 889 1800 977 1800 977 1707
1033 1702 1033 1789 1120 1789 1120 1702
1174 1680 1174 1775 1267 1775 1267 1680
1286 1677 1286 1759 1388 1759 1388 1677
1422 1679 1422 1757 1518 1757 1518 1679
1547 1669 1547 1748 1636 1748 1636 1669
1665 1660 1665 1752 1772 1752 1772 1660
1804 1642 1804 1745 1892 1745 1892 1642
405 1879 405 1977 492 1977 492 1879
531 1874 531 1957 598 1957 598 1874
641 1864 641 1947 736 1947 736 1864
774 1861 774 1939 862 1939 862 1861
902 1855 902 1934 970 1934 970 1855
1038 1842 1038 1933 1132 1933 1132 1842
1168 1827 1168 1910 1260 1910 1260 1827
1321 1814 1321 1907 1403 1907 1403 1814
1438 1815 1438 1892 1531 1892 1531 1815
1679 1786 1679 1877 1776 1877 1776 1786
413 1992 413 2089 477 2089 477 1992
522 1997 522 2082 622 2082 622 1997
659 1985 659 2064 744 2064 744 1985
788 1966 788 2067 868 2067 868 1966
924 1971 924 2055 1006 2055 1006 1971
1044 1967 1044 2045 1145 2045 1145 1967
1202 1953 1202 2035 1256 2035 1256 1953
1294 1943 1294 2032 1409 2032 1409 1943
1445 1927 1445 2019 1521 2019 1521 1927
1575 1917 1575 2015 1657 2015 1657 1917
1698 1914 1698 1994 1792 1994 1792 1914
1830 1898 1830 1984 1881 1984 1881 1898
413 2136 413 2214 508 2214 508 2136
540 2111 540 2205 630 2205 630 2111
675 2093 675 2195 767 2195 767 2093
802 2087 802 2187 885 2187 885 2087
913 2089 913 2176 1006 2176 1006 2089
1041 2087 1041 2171 1130 2171 1130 2087
1177 2060 1177 2158 1263 2158 1263 2060
1314 2072 1314 2146 1397 2146 1397 2072
1428 2050 1428 2137 1520 2137 1520 2050
1564 2044 1564 2138 1656 2138 1656 2044
1699 2038 1699 2128 1789 2128 1789 2038
414 2268 414 2349 498 2349 498 2268
553 2256 553 2338 643 2338 643 2256
685 2232 685 2327 745 2327 745 2232
797 2238 797 2317 887 2317 887 2238
921 2229 921 2326 1007 2326 1007 2229
1040 2236 1040 2322 1130 2322 1130 2236
1198 2208 1198 2301 1265 2301 1265 2208
1303 2213 1303 2284 1398 2284 1398 2213
1448 2192 1448 2278 1535 2278 1535 2192
1582 2183 1582 2267 1642 2267 1642 2183
1713 2175 1713 2259 1792 2259 1792 2175
427 2394 427 2479 503 2479 503 2394
551 2388 551 2459 635 2459 635 2388
689 2372 689 2456 783 2456 783 2372
809 2365 809 2456 903 2456 903 2365
955 2351 955 2444 1025 2444 1025 2351
1064 2344 1064 2419 1147 2419 1147 2344
1189 2343 1189 2421 1276 2421 1276 2343
1703 2286 1703 2393 1814 2393 1814 2286
436 2533 436 2622 518 2622 518 2533
557 2530 557 2609 650 2609 650 2530
684 2507 684 2596 778 2596 778 2507
814 2500 814 2592 892 2592 892 2500
957 2492 957 2582 1036 2582 1036 2492
1083 2484 1083 2569 1163 2569 1163 2484
1222 2480 1222 2555 1301 2555 1301 2480
1353 2479 1353 2552 1399 2552 1399 2479
1459 2477 1459 2550 1545 2550 1545 2477
1594 2462 1594 2536 1678 2536 1678 2462
570 2653 570 2733 662 2733 662 2653
688 2650 688 2720 772 2720 772 2650
808 2636 808 2713 894 2713 894 2636
940 2633 940 2707 1029 2707 1029 2633
1081 2615 1081 2696 1161 2696 1161 2615
1216 2604 1216 2704 1300 2704 1300 2604
1343 2607 1343 2695 1426 2695 1426 2607
1459 2601 1459 2683 1535 2683 1535 2601
1590 2590 1590 2669 1685 2669 1685 2590
1732 2580 1732 2659 1790 2659 1790 2580
574 2792 574 2863 665 2863 665 2792
697 2772 697 2869 794 2869 794 2772
813 2769 813 2852 909 2852 909 2769
1083 2768 1083 2841 1172 2841 1172 2768
953 2757 953 2836 1042 2836 1042 2757
1227 2741 1227 2834 1313 2834 1313 2741
1351 2736 1351 2818 1438 2818 1438 2736
1467 2728 1467 2808 1559 2808 1559 2728
1589 2711 1589 2807 1686 2807 1686 2711
586 2909 586 2998 678 2998 678 2909
731 2902 731 2985 790 2985 790 2902
829 2904 829 2993 914 2993 914 2904
951 2896 951 2985 1055 2985 1055 2896
1083 2872 1083 2973 1149 2973 1149 2872
1220 2878 1220 2961 1305 2961 1305 2878
1340 2873 1340 2956 1430 2956 1430 2873
1478 2861 1478 2950 1558 2950 1558 2861
1600 2848 1600 2940 1695 2940 1695 2848
1719 2833 1719 2930 1811 2930 1811 2833
457 3060 457 3148 560 3148 560 3060
592 3044 592 3136 683 3136 683 3044
714 3041 714 3121 805 3121 805 3041
830 3042 830 3114 914 3114 914 3042
979 3022 979 3103 1041 3103 1041 3022
1095 3005 1095 3100 1178 3100 1178 3005
1223 3010 1223 3095 1316 3095 1316 3010
1355 3002 1355 3087 1446 3087 1446 3002
1485 2977 1485 3072 1568 3072 1568 2977
1597 2979 1597 3068 1691 3068 1691 2979
464 3210 464 3290 557 3290 557 3210
599 3172 599 3272 690 3272 690 3172
728 3170 728 3265 813 3265 813 3170
839 3169 839 3262 920 3262 920 3169
960 3163 960 3254 1056 3254 1056 3163
1114 3143 1114 3233 1198 3233 1198 3143
1238 3137 1238 3223 1335 3223 1335 3137
472 3302 472 3394 573 3394 573 3302
608 3302 608 3390 701 3390 701 3302
723 3303 723 3384 810 3384 810 3303
868 3287 868 3377 935 3377 935 3287
962 3279 962 3379 1055 3379 1055 3279
1107 3274 1107 3365 1193 3365 1193 3274
1238 3269 1238 3357 1331 3357 1331 3269
1375 3266 1375 3351 1459 3351 1459 3266
1500 3267 1500 3337 1588 3337 1588 3267
472 3458 472 3536 578 3536 578 3458
606 3430 606 3525 688 3525 688 3430
736 3428 736 3516 821 3516 821 3428
860 3427 860 3499 943 3499 943 3427
978 3408 978 3504 1072 3504 1072 3408
1118 3415 1118 3493 1212 3493 1212 3415
1252 3396 1252 3488 1341 3488 1341 3396
1377 3390 1377 3487 1463 3487 1463 3390
484 3583 484 3666 575 3666 575 3583
603 3568 603 3654 698 3654 698 3568
743 3565 743 3643 823 3643 823 3565
870 3558 870 3643 955 3643 955 3558
992 3546 992 3627 1058 3627 1058 3546
1124 3531 1124 3630 1218 3630 1218 3531
1264 3526 1264 3621 1353 3621 1353 3526
1375 3515 1375 3599 1462 3599 1462 3515
# Transcript
*RWTHN
*N ARATON E*
MATISAIGNW
AI THS BOYLHS **
DOKEI*IBOYL
M PO**N TWN TEN
NEDRON AYTWN A
DELFOYS AYTO*
ALLISTOT*MO*
ATIMOY PAIDA*
AYTWN EKASTO*
I EN*AI DE AYTOI
AN TINOS DOKWS
EINAI PARA *O*
IWNEPAINESAI
A EK TENEDOY K*
EPI XENIA EIS *
S AYRION F
EOYSEROIAD*
* KAQAPER THI
DE TODE TO U*
QINHI TON GR
HS KAI STHSA
DE THN AN**
YNAI TON TA*
DRACMAS E*
ANALISKO