# Baseline angle
-0.012098933903172737
# Boxes: x1 y1 x2 y2 x3 y3 x4 y4
406 348 407.9138901253682 506.17895626288123 588 504 586.0861098746318 345.82104373711877
682 338 684.2610139992777 524.8680076045167 756 524 753.7389860007223 337.1319923954833
858 354 859.9564260558468 515.6944606262766 1000 514 998.0435739441532 352.3055393737234
1044 330 1046.3738975014364 526.1975894410593 1228 524 1225.6261024985636 327.8024105589406
1266 338 1268.2756517051732 526.0777829254388 1440 524 1437.7243482948268 335.9222170745612
1488 334 1490.1089179473054 508.29759176203015 1680 506 1677.8910820526946 331.70240823796985
1708 324 1710.2272606923361 508.07836843367465 1882 506 1879.7727393076639 321.92163156632535
1906 322 1908.2293099711617 506.24773697860377 2094 504 2091.7706900288385 319.75226302139623
2120 334 2122.036038673932 502.2742745179654 2310 500 2307.963961326068 331.7257254820346
438 570 440.0966222743531 743.2813804924557 546 742 543.9033777256469 568.7186195075443
646 568 648.0820876538256 740.080124958382 820 738 817.9179123461744 565.919875041618
862 572 864.0310618539274 739.862950908852 1018 738 1015.9689381460726 570.137049091148
1062 564 1064.2260896758646 747.9815864080009 1228 746 1225.7739103241354 562.0184135919991
1278 554 1280.2045289565071 736.1996387198848 1462 734 1459.7954710434929 551.8003612801152
1498 562 1500.0059880851554 727.7906571437145 1648 726 1645.9940119148446 560.2093428562855
1706 528 1708.4706795271102 732.1964184245878 1890 730 1887.5293204728898 525.8035815754122
1928 554 1929.9573043182004 715.7670471455319 2076 714 2074.042695681799 552.2329528544681
2126 556 2127.9354508447254 715.9609039509974 2290 714 2288.0645491552746 554.0390960490026
2328 548 2330.0366241821675 716.3226655308023 2522 714 2519.9633758178325 545.6773344691977
428 776 430.3488237326643 970.125295675922 606 968 603.6511762673358 773.874704324078
634 774 635.9156466500756 932.3241293013918 828 930 826.0843533499244 771.6758706986082
860 764 862.1776986630276 943.9821719162367 1026 942 1023.8223013369723 762.0178280837633
1046 770 1048.2042362023894 952.1754432134663 1228 950 1225.7957637976106 767.8245567865337
1266 776 1267.8914511436572 932.3244220555098 1460 930 1458.1085488563428 773.6755779444902
1494 784 1495.940134910612 944.3480320536925 1690 942 1688.059865089388 781.6519679463075
1726 770 1728.1316496831341 946.1763214758201 1908 944 1905.8683503168659 767.8236785241799
1946 764 1948.1275511254835 939.8375843859618 2100 938 2097.8724488745165 762.1624156140382
2168 762 2169.949399957017 923.113768472234 2262 922 2260.050600042983 760.886231527766
2332 752 2334.204528956507 934.1996387198848 2516 932 2513.795471043493 749.8003612801152
2578 754 2580.3024819986526 944.2952497290869 2770 942 2767.6975180013474 751.7047502709131
410 1000 411.8926221601288 1156.4212040811835 612 1154 610.1073778398712 997.5787959188165
646 984 648.1791624336172 1164.1031494483288 822 1162 819.8208375663828 981.8968505516712
846 998 848.1535031566093 1175.9824646703546 1012 1174 1009.8464968433907 996.0175353296454
1060 980 1062.2272606923361 1164.0783684336748 1234 1162 1231.7727393076639 977.9216315663253
1286 992 1287.8628643254701 1145.961782213351 1450 1144 1448.1371356745299 990.0382177866489
1482 978 1484.0829659161793 1150.1527114776375 1662 1148 1659.9170340838207 975.8472885223626
1718 980 1719.8191573785198 1130.349495824282 1914 1128 1912.1808426214802 977.650504175718
1948 990 1949.7389592521988 1133.7212909197563 2092 1132 2090.2610407478014 988.2787090802439
2142 974 2144.006866347509 1139.86324366297 2298 1138 2295.993133652491 972.1367563370302
2390 966 2391.948814448781 1127.065377459397 2480 1126 2478.051185551219 964.9346225406028
2600 970 2601.806861705568 1119.3332845547075 2712 1118 2710.193138294432 968.6667154452927
416 1190 418.30160373629906 1380.2226632098316 602 1378 599.6983962637009 1187.7773367901684
680 1204 682.0205227056829 1370.9919126777882 764 1370 761.9794772943171 1203.0080873222118
846 1192 848.0812093914719 1364.0075384391266 1014 1362 1011.9187906085281 1189.9924615608734
1056 1202 1057.9614028758513 1364.10578423539 1232 1362 1230.0385971241487 1199.89421576461
1288 1212 1289.7404230227885 1355.8422684518484 1442 1354 1440.2595769772115 1210.1577315481516
1498 1182 1500.4444347418664 1384.0273426337765 1668 1382 1665.5555652581336 1179.9726573662235
1722 1160 1724.4730215600534 1364.3899824759353 1922 1362 1919.5269784399466 1157.6100175240647
1942 1174 1944.3733119932008 1370.1491984282225 2122 1368 2119.6266880067997 1171.8508015717775
2174 1178 2176.1878419717864 1358.8204948540338 2244 1358 2241.8121580282136 1177.1795051459662
2326 1162 2328.277115475763 1350.198760457531 2510 1348 2507.722884524237 1159.801239542469
2564 1176 2566.2520417069904 1362.1264666923935 2742 1360 2739.7479582930096 1173.8735333076065
842 1414 843.9133046171323 1572.1305652500441 1020 1570 1018.0866953828677 1411.8694347499559
1078 1412 1080.0570138850535 1582.0078311932446 1246 1580 1243.9429861149465 1409.9921688067554
1288 1424 1289.7920343309222 1572.1078335142156 1464 1570 1462.2079656690778 1421.8921664857844
1506 1408 1508.0086228722166 1574.0084167014807 1674 1572 1671.9913771277834 1405.9915832985193
1724 1396 1726.44531300422 1598.0999291530318 1900 1596 1897.55468699578 1393.9000708469682
1968 1398 1970.167159514783 1577.111133685173 2062 1576 2059.832840485217 1396.888866314827
2136 1396 2138.1546741730813 1574.0792466960283 2310 1572 2307.8453258269187 1393.9207533039717
2342 1372 2344.18296823715 1552.4176910317685 2544 1550 2541.81703176285 1369.5823089682315
2568 1372 2570.3505802573713 1566.2704687144326 2758 1564 2755.6494197426287 1369.7295312855674
1282 1614 1284.1817972206786 1794.3209090060948 1476 1792 1473.8182027793214 1611.6790909939052
1516 1620 1517.9640376629127 1782.323543793156 1710 1780 1708.0359623370873 1617.676456206844
# Transcript
*PICREMHTO
*ITHSERECQH
*SPRYTANEIAS
WNOSOGDOHII
RIAKOSTHITH
*KKLHSIAKY
NE****