# Baseline angle
0
# Boxes: x1 y1 x2 y2 x3 y3 x4 y4
583 162 583 356 785 356 785 162
1605 156 1605 346 1757 346 1757 156
2462 165 2462 340 2638 340 2638 165
337 708 337 814 423 814 423 708
451 721 451 808 497 808 497 721
550 701 550 806 621 806 621 701
647 721 647 804 726 804 726 721
743 706 743 806 825 806 825 706
858 717 858 797 909 797 909 717
961 716 961 801 1039 801 1039 716
1075 713 1075 804 1147 804 1147 713
1157 714 1157 804 1247 804 1247 714
1270 720 1270 801 1359 801 1359 720
1381 720 1381 812 1461 812 1461 720
1478 713 1478 793 1562 793 1562 713
1586 710 1586 801 1667 801 1667 710
1693 704 1693 798 1791 798 1791 704
1805 704 1805 801 1890 801 1890 704
1902 709 1902 796 1957 796 1957 709
1979 708 1979 800 2071 800 2071 708
2085 712 2085 796 2170 796 2170 712
2197 717 2197 800 2293 800 2293 717
2317 709 2317 798 2409 798 2409 709
2407 721 2407 798 2491 798 2491 721
2507 714 2507 793 2595 793 2595 714
2629 709 2629 796 2682 796 2682 709
2721 709 2721 798 2818 798 2818 709
2831 706 2831 796 2925 796 2925 706
2925 704 2925 802 3027 802 3027 704
3039 714 3039 798 3126 798 3126 714
3141 706 3141 797 3235 797 3235 706
3239 712 3239 794 3327 794 3327 712
3334 700 3334 805 3433 805 3433 700
353 834 353 913 435 913 435 834
449 832 449 904 539 904 539 832
566 826 566 912 617 912 617 826
646 826 646 916 723 916 723 826
755 824 755 905 825 905 825 824
958 828 958 910 1047 910 1047 828
829 821 829 894 937 894 937 821
1070 822 1070 913 1165 913 1165 822
1178 829 1178 913 1229 913 1229 829
1269 826 1269 913 1346 913 1346 826
1363 818 1363 920 1455 920 1455 818
1474 829 1474 904 1587 904 1587 829
1593 809 1593 912 1678 912 1678 809
1689 820 1689 902 1777 902 1777 820
1798 830 1798 908 1882 908 1882 830
1895 816 1895 912 1994 912 1994 816
1999 821 1999 913 2091 913 2091 821
2107 812 2107 908 2194 908 2194 812
2199 821 2199 900 2286 900 2286 821
2311 821 2311 914 2405 914 2405 821
2419 824 2419 908 2498 908 2498 824
2498 814 2498 892 2621 892 2621 814
2653 813 2653 893 2698 893 2698 813
2735 814 2735 897 2825 897 2825 814
2842 806 2842 894 2939 894 2939 806
2947 813 2947 905 3034 905 3034 813
3059 813 3059 893 3110 893 3110 813
3135 813 3135 906 3226 906 3226 813
3239 821 3239 896 3321 896 3321 821
3347 821 3347 900 3430 900 3430 821
351 930 351 1024 429 1024 429 930
447 940 447 1029 527 1029 527 940
545 953 545 1034 634 1034 634 953
651 940 651 1025 727 1025 727 940
749 938 749 1025 854 1025 854 938
861 945 861 1022 939 1022 939 945
953 922 953 1026 1053 1026 1053 922
1058 944 1058 1029 1146 1029 1146 944
1170 946 1170 1037 1257 1037 1257 946
1266 946 1266 1029 1342 1029 1342 946
1369 954 1369 1029 1450 1029 1450 954
1487 930 1487 1012 1565 1012 1565 930
1593 933 1593 1026 1699 1026 1699 933
1699 930 1699 1030 1786 1030 1786 930
1795 940 1795 1028 1889 1028 1889 940
1903 936 1903 1018 1979 1018 1979 936
1997 934 1997 1029 2082 1029 2082 934
2103 930 2103 1029 2190 1029 2190 930
2205 929 2205 1010 2298 1010 2298 929
2330 938 2330 1018 2386 1018 2386 938
2417 926 2417 1016 2509 1016 2509 926
2515 941 2515 1016 2598 1016 2598 941
2651 929 2651 1020 2706 1020 2706 929
2750 933 2750 1028 2826 1028 2826 933
2849 936 2849 1022 2949 1022 2949 936
2953 928 2953 1018 3047 1018 3047 928
3058 926 3058 1010 3127 1010 3127 926
3137 933 3137 1013 3231 1013 3231 933
3253 929 3253 1014 3314 1014 3314 929
3357 929 3357 1013 3437 1013 3437 929
346 1048 346 1124 418 1124 418 1048
445 1049 445 1125 533 1125 533 1049
539 1050 539 1136 631 1136 631 1050
646 1040 646 1126 737 1126 737 1040
751 1053 751 1134 842 1134 842 1053
855 1045 855 1128 946 1128 946 1045
954 1030 954 1136 1047 1136 1047 1030
1059 1040 1059 1118 1139 1118 1139 1040
1177 1042 1177 1134 1257 1134 1257 1042
1285 1038 1285 1122 1330 1122 1330 1038
1366 1044 1366 1140 1454 1140 1454 1044
1474 1033 1474 1130 1557 1130 1557 1033
1591 1032 1591 1132 1681 1132 1681 1032
1691 1045 1691 1126 1774 1126 1774 1045
1794 1037 1794 1126 1877 1126 1877 1037
1894 1038 1894 1125 1982 1125 1982 1038
1991 1036 1991 1121 2075 1121 2075 1036
2106 1042 2106 1122 2190 1122 2190 1042
2217 1034 2217 1126 2294 1126 2294 1034
2309 1040 2309 1122 2402 1122 2402 1040
2422 1034 2422 1121 2513 1121 2513 1034
2523 1041 2523 1114 2615 1114 2615 1041
2630 1018 2630 1117 2714 1117 2714 1018
2738 1029 2738 1116 2843 1116 2843 1029
2858 1026 2858 1100 2927 1100 2927 1026
2943 1026 2943 1122 3033 1122 3033 1026
3043 1028 3043 1121 3126 1121 3126 1028
3142 1021 3142 1114 3250 1114 3250 1021
3254 1028 3254 1118 3346 1118 3346 1028
3354 1024 3354 1110 3426 1110 3426 1024
353 1150 353 1230 446 1230 446 1150
462 1146 462 1224 507 1224 507 1146
545 1144 545 1225 635 1225 635 1144
655 1145 655 1232 745 1232 745 1145
749 1146 749 1232 835 1232 835 1146
862 1148 862 1229 905 1229 905 1148
961 1144 961 1225 1043 1225 1043 1144
1062 1140 1062 1237 1151 1237 1151 1140
1166 1150 1166 1233 1255 1233 1255 1150
1279 1140 1279 1229 1354 1229 1354 1140
1374 1144 1374 1236 1454 1236 1454 1144
1481 1154 1481 1226 1565 1226 1565 1154
1585 1141 1585 1220 1663 1220 1663 1141
1694 1141 1694 1226 1794 1226 1794 1141
1806 1142 1806 1230 1885 1230 1885 1142
1890 1150 1890 1244 1971 1244 1971 1150
1991 1145 1991 1234 2099 1234 2099 1145
2117 1136 2117 1225 2203 1225 2203 1136
2218 1137 2218 1225 2311 1225 2311 1137
2321 1141 2321 1224 2405 1224 2405 1141
2411 1142 2411 1217 2495 1217 2495 1142
2530 1138 2530 1221 2613 1221 2613 1138
2619 1130 2619 1213 2733 1213 2733 1130
2745 1129 2745 1212 2822 1212 2822 1129
2855 1136 2855 1218 2938 1218 2938 1136
2946 1133 2946 1226 3042 1226 3042 1133
3054 1133 3054 1225 3130 1225 3130 1133
3147 1130 3147 1217 3251 1217 3251 1130
3251 1128 3251 1214 3338 1214 3338 1128
3350 1134 3350 1224 3438 1224 3438 1134
347 1244 347 1326 429 1326 429 1244
451 1246 451 1333 529 1333 529 1246
539 1249 539 1337 629 1337 629 1249
647 1245 647 1342 739 1342 739 1245
753 1246 753 1330 833 1330 833 1246
849 1250 849 1328 926 1328 926 1250
955 1240 955 1338 1046 1338 1046 1240
1061 1248 1061 1332 1154 1332 1154 1248
1171 1252 1171 1340 1273 1340 1273 1252
1274 1250 1274 1338 1355 1338 1355 1250
1359 1258 1359 1345 1458 1345 1458 1258
1474 1253 1474 1337 1565 1337 1565 1253
1593 1252 1593 1336 1675 1336 1675 1252
1686 1253 1686 1338 1775 1338 1775 1253
1791 1249 1791 1329 1874 1329 1874 1249
1891 1252 1891 1332 1983 1332 1983 1252
2003 1249 2003 1337 2071 1337 2071 1249
2103 1237 2103 1334 2193 1334 2193 1237
2210 1236 2210 1325 2307 1325 2307 1236
2322 1240 2322 1330 2406 1330 2406 1240
2421 1233 2421 1333 2503 1333 2503 1233
2523 1242 2523 1325 2610 1325 2610 1242
2633 1248 2633 1336 2721 1336 2721 1248
2721 1245 2721 1322 2833 1322 2833 1245
2857 1245 2857 1328 2942 1328 2942 1245
2949 1245 2949 1321 3039 1321 3039 1245
3049 1246 3049 1326 3129 1326 3129 1246
3149 1240 3149 1321 3246 1321 3246 1240
3246 1238 3246 1329 3337 1329 3337 1238
3354 1233 3354 1320 3449 1320 3449 1233
343 1356 343 1445 433 1445 433 1356
442 1348 442 1438 537 1438 537 1348
546 1357 546 1441 649 1441 649 1357
647 1353 647 1440 737 1440 737 1353
739 1369 739 1450 833 1450 833 1369
837 1357 837 1440 926 1440 926 1357
938 1353 938 1445 1051 1445 1051 1353
1061 1362 1061 1453 1147 1453 1147 1362
1181 1346 1181 1452 1261 1452 1261 1346
1271 1361 1271 1458 1367 1458 1367 1361
1369 1357 1369 1449 1453 1449 1453 1357
1473 1352 1473 1444 1558 1444 1558 1352
1573 1360 1573 1446 1671 1446 1671 1360
1689 1360 1689 1442 1787 1442 1787 1360
1791 1342 1791 1440 1889 1440 1889 1342
1887 1352 1887 1441 1971 1441 1971 1352
1979 1348 1979 1448 2089 1448 2089 1348
2091 1353 2091 1440 2186 1440 2186 1353
2201 1356 2201 1445 2299 1445 2299 1356
2303 1344 2303 1436 2406 1436 2406 1344
2409 1361 2409 1444 2502 1444 2502 1361
2518 1349 2518 1442 2615 1442 2615 1349
2623 1358 2623 1445 2722 1445 2722 1358
2730 1349 2730 1434 2827 1434 2827 1349
2837 1349 2837 1426 2918 1426 2918 1349
2931 1346 2931 1430 3019 1430 3019 1346
3053 1342 3053 1430 3109 1430 3109 1342
3131 1346 3131 1429 3210 1429 3210 1346
3234 1358 3234 1436 3338 1436 3338 1358
3354 1354 3354 1428 3441 1428 3441 1354
358 1470 358 1564 434 1564 434 1470
447 1473 447 1573 534 1573 534 1473
543 1466 543 1557 647 1557 647 1466
651 1484 651 1569 738 1569 738 1484
737 1478 737 1570 834 1570 834 1478
846 1480 846 1561 934 1561 934 1480
943 1462 943 1565 1039 1565 1039 1462
1071 1473 1071 1569 1153 1569 1153 1473
1181 1474 1181 1560 1227 1560 1227 1474
1278 1465 1278 1576 1358 1576 1358 1465
1379 1480 1379 1558 1463 1558 1463 1480
1478 1464 1478 1558 1575 1558 1575 1464
1586 1466 1586 1552 1662 1552 1662 1466
1693 1465 1693 1556 1795 1556 1795 1465
1801 1481 1801 1558 1883 1558 1883 1481
1891 1472 1891 1553 1970 1553 1970 1472
1991 1473 1991 1553 2078 1553 2078 1473
2119 1466 2119 1553 2170 1553 2170 1466
2206 1469 2206 1558 2291 1558 2291 1469
2309 1462 2309 1540 2401 1540 2401 1462
2419 1460 2419 1545 2514 1545 2514 1460
2522 1469 2522 1548 2611 1548 2611 1469
2634 1461 2634 1557 2731 1557 2731 1461
2754 1465 2754 1540 2829 1540 2829 1465
2839 1469 2839 1554 2929 1554 2929 1469
2953 1469 2953 1549 3030 1549 3030 1469
3038 1456 3038 1557 3141 1557 3141 1456
3146 1462 3146 1545 3245 1545 3245 1462
3267 1454 3267 1545 3350 1545 3350 1454
3358 1462 3358 1556 3451 1556 3451 1462
363 1573 363 1664 414 1664 414 1573
450 1576 450 1673 537 1673 537 1576
558 1578 558 1664 638 1664 638 1578
659 1577 659 1658 738 1658 738 1577
753 1573 753 1662 846 1662 846 1573
854 1573 854 1664 934 1664 934 1573
965 1581 965 1661 1014 1661 1014 1581
1051 1582 1051 1681 1146 1681 1146 1582
1165 1580 1165 1674 1251 1674 1251 1580
1269 1590 1269 1670 1361 1670 1361 1590
1381 1574 1381 1673 1463 1673 1463 1574
1470 1578 1470 1662 1559 1662 1559 1578
1581 1590 1581 1672 1673 1672 1673 1590
1691 1582 1691 1664 1771 1664 1771 1582
1815 1577 1815 1664 1867 1664 1867 1577
1894 1578 1894 1673 1983 1673 1983 1578
1986 1576 1986 1665 2075 1665 2075 1576
2095 1580 2095 1670 2181 1670 2181 1580
2207 1577 2207 1672 2298 1672 2298 1577
2313 1577 2313 1666 2397 1666 2397 1577
2418 1565 2418 1646 2495 1646 2495 1565
2518 1558 2518 1664 2622 1664 2622 1558
2635 1572 2635 1660 2719 1660 2719 1572
2733 1576 2733 1661 2827 1661 2827 1576
2841 1573 2841 1662 2922 1662 2922 1573
2946 1569 2946 1657 3033 1657 3033 1569
3049 1558 3049 1648 3137 1648 3137 1558
3155 1577 3155 1657 3250 1657 3250 1577
3254 1565 3254 1649 3331 1649 3331 1565
3345 1564 3345 1660 3441 1660 3441 1564
341 1685 341 1781 431 1781 431 1685
451 1685 451 1780 535 1780 535 1685
562 1680 562 1780 638 1780 638 1680
663 1673 663 1778 743 1778 743 1673
750 1673 750 1753 833 1753 833 1673
835 1680 835 1765 919 1765 919 1680
946 1677 946 1764 1031 1764 1031 1677
1050 1666 1050 1770 1154 1770 1154 1666
1155 1682 1155 1766 1246 1766 1246 1682
1277 1680 1277 1757 1357 1757 1357 1680
1374 1662 1374 1752 1471 1752 1471 1662
1471 1665 1471 1761 1561 1761 1561 1665
1579 1676 1579 1769 1669 1769 1669 1676
1694 1668 1694 1754 1785 1754 1785 1668
1790 1658 1790 1758 1885 1758 1885 1658
1890 1672 1890 1766 1991 1766 1991 1672
2001 1670 2001 1762 2082 1762 2082 1670
2097 1678 2097 1765 2186 1765 2186 1678
2215 1676 2215 1773 2313 1773 2313 1676
2323 1680 2323 1768 2417 1768 2417 1680
2413 1666 2413 1746 2502 1746 2502 1666
2517 1670 2517 1754 2627 1754 2627 1670
2634 1672 2634 1756 2737 1756 2737 1672
2746 1669 2746 1756 2841 1756 2841 1669
2850 1666 2850 1756 2941 1756 2941 1666
2945 1669 2945 1753 3022 1753 3022 1669
3038 1657 3038 1749 3114 1749 3114 1657
3157 1666 3157 1754 3254 1754 3254 1666
3255 1658 3255 1750 3335 1750 3335 1658
3350 1656 3350 1746 3445 1746 3445 1656
361 1784 361 1865 431 1865 431 1784
457 1773 457 1868 538 1868 538 1773
555 1774 555 1852 631 1852 631 1774
657 1781 657 1862 741 1862 741 1781
743 1770 743 1857 834 1857 834 1770
842 1782 842 1857 914 1857 914 1782
950 1769 950 1868 1047 1868 1047 1769
1059 1780 1059 1853 1146 1853 1146 1780
1173 1776 1173 1857 1250 1857 1250 1776
1271 1760 1271 1862 1370 1862 1370 1760
1374 1772 1374 1880 1474 1880 1474 1772
1482 1774 1482 1869 1570 1869 1570 1774
1589 1781 1589 1861 1671 1861 1671 1781
1686 1784 1686 1860 1766 1860 1766 1784
1805 1785 1805 1861 1883 1861 1883 1785
1897 1777 1897 1869 1973 1869 1973 1777
1993 1780 1993 1861 2075 1861 2075 1780
2101 1773 2101 1864 2185 1864 2185 1773
2214 1785 2214 1865 2294 1865 2294 1785
2333 1776 2333 1860 2387 1860 2387 1776
2419 1777 2419 1858 2507 1858 2507 1777
2525 1778 2525 1852 2613 1852 2613 1778
2631 1773 2631 1858 2726 1858 2726 1773
2731 1777 2731 1854 2815 1854 2815 1777
2827 1768 2827 1852 2923 1852 2923 1768
2939 1770 2939 1845 3034 1845 3034 1770
3053 1776 3053 1848 3130 1848 3130 1776
3150 1754 3150 1853 3247 1853 3247 1754
3250 1758 3250 1856 3339 1856 3339 1758
3354 1766 3354 1860 3451 1860 3451 1766
341 1884 341 1969 425 1969 425 1884
449 1877 449 1974 541 1974 541 1877
554 1877 554 1980 638 1980 638 1877
650 1893 650 1973 727 1973 727 1893
755 1882 755 1978 838 1978 838 1882
846 1886 846 1976 927 1976 927 1886
942 1880 942 1970 1038 1970 1038 1880
1045 1884 1045 1962 1151 1962 1151 1884
1162 1884 1162 1966 1261 1966 1261 1884
1286 1886 1286 1976 1363 1976 1363 1886
1382 1886 1382 1973 1466 1973 1466 1886
1473 1892 1473 1961 1549 1961 1549 1892
1585 1888 1585 1984 1666 1984 1666 1888
1690 1892 1690 1981 1795 1981 1795 1892
1809 1884 1809 1978 1894 1978 1894 1884
1897 1889 1897 1982 1989 1982 1989 1889
2005 1893 2005 1978 2086 1978 2086 1893
2095 1888 2095 1969 2186 1969 2186 1888
2213 1902 2213 1974 2299 1974 2299 1902
2311 1897 2311 1978 2402 1978 2402 1897
2423 1884 2423 1973 2505 1973 2505 1884
2522 1885 2522 1972 2614 1972 2614 1885
2647 1896 2647 1970 2691 1970 2691 1896
2722 1894 2722 1976 2818 1976 2818 1894
2851 1886 2851 1973 2910 1973 2910 1886
2941 1878 2941 1964 3025 1964 3025 1878
3043 1878 3043 1976 3138 1976 3138 1878
3147 1878 3147 1972 3231 1972 3231 1878
3247 1888 3247 1981 3338 1981 3338 1888
3361 1886 3361 1982 3454 1982 3454 1886
349 2006 349 2077 422 2077 422 2006
437 2005 437 2081 521 2081 521 2005
535 1998 535 2077 622 2077 622 1998
651 2002 651 2080 734 2080 734 2002
759 2001 759 2086 853 2086 853 2001
859 2010 859 2088 945 2088 945 2010
957 2010 957 2093 1049 2093 1049 2010
1058 2000 1058 2086 1154 2086 1154 2000
1175 2008 1175 2094 1257 2094 1257 2008
1275 2001 1275 2096 1370 2096 1370 2001
1375 2014 1375 2096 1465 2096 1465 2014
1493 2006 1493 2086 1581 2086 1581 2006
1583 1992 1583 2090 1679 2090 1679 1992
1702 1989 1702 2086 1795 2086 1795 1989
1799 2002 1799 2086 1898 2086 1898 2002
1913 1989 1913 2088 1966 2088 1966 1989
1990 1993 1990 2082 2079 2082 2079 1993
2093 1993 2093 2085 2195 2085 2195 1993
2233 1994 2233 2082 2274 2082 2274 1994
2310 2001 2310 2098 2406 2098 2406 2001
2423 1994 2423 2090 2515 2090 2515 1994
2530 1994 2530 2081 2613 2081 2613 1994
2634 1997 2634 2093 2709 2093 2709 1997
2735 2005 2735 2085 2826 2085 2826 2005
2843 2006 2843 2078 2941 2078 2941 2006
2953 2000 2953 2085 3042 2085 3042 2000
3051 1996 3051 2078 3134 2078 3134 1996
3147 1992 3147 2093 3249 2093 3249 1992
3266 2002 3266 2086 3349 2086 3349 2002
3377 1996 3377 2090 3467 2090 3467 1996
350 2100 350 2190 433 2190 433 2100
451 2109 451 2185 527 2185 527 2109
559 2089 559 2188 653 2188 653 2089
662 2098 662 2193 733 2193 733 2098
753 2106 753 2186 834 2186 834 2106
857 2101 857 2192 937 2192 937 2101
961 2110 961 2185 1045 2185 1045 2110
1066 2101 1066 2182 1153 2182 1153 2101
1174 2116 1174 2188 1265 2188 1265 2116
1282 2110 1282 2176 1355 2176 1355 2110
1371 2105 1371 2186 1473 2186 1473 2105
1482 2101 1482 2193 1559 2193 1559 2101
1585 2109 1585 2189 1674 2189 1674 2109
1707 2100 1707 2185 1803 2185 1803 2100
1817 2096 1817 2189 1887 2189 1887 2096
1913 2102 1913 2186 1951 2186 1951 2102
2003 2089 2003 2185 2091 2185 2091 2089
2105 2100 2105 2173 2170 2173 2170 2100
2197 2098 2197 2193 2301 2193 2301 2098
2325 2108 2325 2194 2402 2194 2402 2108
2434 2100 2434 2188 2518 2188 2518 2100
2539 2096 2539 2174 2619 2174 2619 2096
2646 2092 2646 2180 2735 2180 2735 2092
2738 2090 2738 2177 2817 2177 2817 2090
2847 2090 2847 2165 2926 2165 2926 2090
2934 2096 2934 2174 3029 2174 3029 2096
3063 2093 3063 2176 3109 2176 3109 2093
3138 2093 3138 2174 3242 2174 3242 2093
3259 2089 3259 2180 3353 2180 3353 2089
3359 2090 3359 2190 3455 2190 3455 2090
346 2206 346 2296 437 2296 437 2206
465 2212 465 2288 511 2288 511 2212
546 2200 546 2297 635 2297 635 2200
658 2212 658 2289 739 2289 739 2212
765 2212 765 2292 811 2292 811 2212
846 2197 846 2293 933 2293 933 2197
957 2208 957 2290 1063 2290 1063 2208
1079 2213 1079 2294 1131 2294 1131 2213
1169 2204 1169 2296 1257 2296 1257 2204
1279 2221 1279 2297 1367 2297 1367 2221
1371 2216 1371 2290 1446 2290 1446 2216
1470 2218 1470 2313 1565 2313 1565 2218
1595 2205 1595 2300 1639 2300 1639 2205
1693 2206 1693 2302 1782 2302 1782 2206
1801 2210 1801 2296 1882 2296 1882 2210
1913 2208 1913 2306 1969 2306 1969 2208
2001 2209 2001 2308 2086 2308 2086 2209
2114 2213 2114 2288 2190 2288 2190 2213
2203 2206 2203 2297 2295 2297 2295 2206
2319 2216 2319 2297 2411 2297 2411 2216
2433 2212 2433 2297 2518 2297 2518 2212
2533 2204 2533 2286 2613 2286 2613 2204
2626 2197 2626 2282 2713 2282 2713 2197
2737 2196 2737 2277 2814 2277 2814 2196
2837 2185 2837 2292 2938 2292 2938 2185
2938 2193 2938 2277 3051 2277 3051 2193
3055 2194 3055 2292 3137 2292 3137 2194
3161 2198 3161 2289 3247 2289 3247 2198
3279 2193 3279 2276 3331 2276 3331 2193
3373 2193 3373 2285 3454 2285 3454 2193
345 2310 345 2394 423 2394 423 2310
443 2313 443 2393 530 2393 530 2313
557 2312 557 2402 650 2402 650 2312
657 2309 657 2398 727 2398 727 2309
771 2306 771 2396 821 2396 821 2306
858 2305 858 2404 943 2404 943 2305
959 2312 959 2394 1034 2394 1034 2312
1065 2308 1065 2382 1143 2382 1143 2308
1170 2310 1170 2390 1259 2390 1259 2310
1287 2309 1287 2396 1363 2396 1363 2309
1369 2313 1369 2390 1450 2390 1450 2313
1475 2316 1475 2390 1563 2390 1563 2316
1586 2320 1586 2397 1677 2397 1677 2320
1709 2314 1709 2390 1754 2390 1754 2314
1790 2314 1790 2414 1881 2414 1881 2314
1906 2321 1906 2398 1983 2398 1983 2321
2019 2322 2019 2398 2093 2398 2093 2322
2110 2318 2110 2404 2185 2404 2185 2318
2211 2305 2211 2382 2289 2382 2289 2305
2323 2309 2323 2392 2413 2392 2413 2309
2434 2318 2434 2396 2514 2396 2514 2318
2542 2305 2542 2398 2629 2398 2629 2305
2641 2316 2641 2394 2722 2394 2722 2316
2738 2292 2738 2394 2834 2394 2834 2292
2841 2314 2841 2380 2933 2380 2933 2314
2958 2309 2958 2390 3031 2390 3031 2309
3067 2302 3067 2390 3157 2390 3157 2302
3173 2298 3173 2393 3249 2393 3249 2298
3270 2309 3270 2394 3342 2394 3342 2309
3367 2302 3367 2388 3461 2388 3461 2302
350 2410 350 2518 425 2518 425 2410
461 2412 461 2497 531 2497 531 2412
561 2426 561 2502 627 2502 627 2426
659 2430 659 2505 734 2505 734 2430
770 2420 770 2500 819 2500 819 2420
850 2425 850 2510 951 2510 951 2425
963 2430 963 2510 1061 2510 1061 2430
1077 2414 1077 2504 1151 2504 1151 2414
1197 2413 1197 2501 1237 2501 1237 2413
1278 2417 1278 2521 1369 2521 1369 2417
1382 2416 1382 2489 1471 2489 1471 2416
1479 2420 1479 2513 1555 2513 1555 2420
1603 2402 1603 2509 1686 2509 1686 2402
1711 2412 1711 2516 1789 2516 1789 2412
1811 2417 1811 2508 1889 2508 1889 2417
1911 2409 1911 2496 1989 2496 1989 2409
2013 2422 2013 2502 2089 2502 2089 2422
2099 2414 2099 2497 2207 2497 2207 2414
2219 2404 2219 2490 2306 2490 2306 2404
2317 2410 2317 2504 2415 2504 2415 2410
2437 2409 2437 2486 2499 2486 2499 2409
2490 2402 2490 2488 2562 2488 2562 2402
2555 2408 2555 2488 2641 2488 2641 2408
2643 2402 2643 2490 2733 2490 2733 2402
2743 2405 2743 2485 2817 2485 2817 2405
2818 2409 2818 2482 2889 2482 2889 2409
2886 2409 2886 2486 2967 2486 2967 2409
2965 2405 2965 2476 3037 2476 3037 2405
3069 2404 3069 2490 3143 2490 3143 2404
3159 2404 3159 2486 3253 2486 3253 2404
3271 2418 3271 2493 3349 2493 3349 2418
3379 2405 3379 2484 3450 2484 3450 2405
342 2528 342 2620 433 2620 433 2528
458 2529 458 2618 542 2618 542 2529
563 2529 563 2613 643 2613 643 2529
653 2541 653 2620 742 2620 742 2541
753 2532 753 2621 838 2621 838 2532
846 2530 846 2610 939 2610 939 2530
957 2533 957 2616 1049 2616 1049 2533
1073 2525 1073 2624 1158 2624 1158 2525
1182 2529 1182 2617 1274 2617 1274 2529
1282 2532 1282 2613 1367 2613 1367 2532
1386 2526 1386 2618 1483 2618 1483 2526
1494 2516 1494 2614 1577 2614 1577 2516
1606 2520 1606 2618 1682 2618 1682 2520
1707 2522 1707 2610 1789 2610 1789 2522
1806 2525 1806 2604 1887 2604 1887 2525
1909 2528 1909 2605 1998 2605 1998 2528
2007 2524 2007 2605 2094 2605 2094 2524
2107 2525 2107 2616 2203 2616 2203 2525
2223 2513 2223 2594 2303 2594 2303 2513
2322 2520 2322 2606 2419 2606 2419 2520
2433 2524 2433 2590 2509 2590 2509 2524
2538 2520 2538 2598 2615 2598 2615 2520
2635 2522 2635 2602 2725 2602 2725 2522
2743 2516 2743 2609 2830 2609 2830 2516
2858 2526 2858 2608 2945 2608 2945 2526
2958 2516 2958 2593 3057 2593 3057 2516
3071 2520 3071 2590 3150 2590 3150 2520
3174 2514 3174 2601 3259 2601 3259 2514
3281 2512 3281 2594 3365 2594 3365 2512
3369 2518 3369 2593 3454 2593 3454 2518
353 2629 353 2713 433 2713 433 2629
463 2630 463 2710 538 2710 538 2630
567 2633 567 2720 642 2720 642 2633
657 2633 657 2720 749 2720 749 2633
755 2634 755 2717 841 2717 841 2634
857 2634 857 2725 933 2725 933 2634
975 2629 975 2712 1057 2712 1057 2629
1087 2620 1087 2709 1141 2709 1141 2620
1177 2633 1177 2721 1277 2721 1277 2633
1293 2634 1293 2726 1375 2726 1375 2634
1394 2624 1394 2732 1469 2732 1469 2624
1487 2636 1487 2716 1565 2716 1565 2636
1599 2629 1599 2725 1689 2725 1689 2629
1710 2629 1710 2716 1794 2716 1794 2629
1809 2644 1809 2721 1886 2721 1886 2644
1914 2640 1914 2721 1961 2721 1961 2640
2013 2638 2013 2724 2101 2724 2101 2638
2115 2636 2115 2721 2203 2721 2203 2636
2223 2633 2223 2708 2290 2708 2290 2633
2322 2633 2322 2714 2407 2714 2407 2633
2423 2629 2423 2714 2531 2714 2531 2629
2543 2624 2543 2716 2629 2716 2629 2624
2661 2620 2661 2724 2738 2724 2738 2620
2777 2629 2777 2710 2823 2710 2823 2629
2867 2624 2867 2708 2945 2708 2945 2624
2957 2637 2957 2718 3050 2718 3050 2637
3062 2624 3062 2720 3158 2720 3158 2624
3179 2614 3179 2712 3258 2712 3258 2614
3271 2609 3271 2708 3354 2708 3354 2609
3385 2614 3385 2708 3466 2708 3466 2614
345 2733 345 2834 447 2834 447 2733
457 2738 457 2822 546 2822 546 2738
567 2736 567 2813 654 2813 654 2736
663 2745 663 2810 747 2810 747 2745
771 2734 771 2833 831 2833 831 2734
850 2745 850 2824 939 2824 939 2745
965 2736 965 2817 1034 2817 1034 2736
1083 2721 1083 2824 1169 2824 1169 2721
1197 2732 1197 2814 1266 2814 1266 2732
1285 2741 1285 2822 1378 2822 1378 2741
1393 2742 1393 2821 1478 2821 1478 2742
1486 2742 1486 2828 1578 2828 1578 2742
1613 2740 1613 2825 1667 2825 1667 2740
1706 2734 1706 2818 1787 2818 1787 2734
1803 2734 1803 2828 1887 2828 1887 2734
1917 2741 1917 2830 1994 2830 1994 2741
2033 2728 2033 2828 2103 2828 2103 2728
2114 2746 2114 2821 2198 2821 2198 2746
2223 2734 2223 2822 2319 2822 2319 2734
2331 2730 2331 2822 2414 2822 2414 2730
2442 2729 2442 2825 2529 2825 2529 2729
2539 2744 2539 2832 2634 2832 2634 2744
2671 2741 2671 2814 2710 2814 2710 2741
2759 2736 2759 2826 2843 2826 2843 2736
2865 2720 2865 2820 2970 2820 2970 2720
2978 2734 2978 2820 3055 2820 3055 2734
3055 2728 3055 2812 3151 2812 3151 2728
3163 2733 3163 2818 3251 2818 3251 2733
3291 2724 3291 2816 3339 2816 3339 2724
3361 2730 3361 2816 3458 2816 3458 2730
345 2838 345 2924 430 2924 430 2838
449 2848 449 2916 527 2916 527 2848
570 2833 570 2922 661 2922 661 2833
675 2830 675 2929 754 2929 754 2830
755 2854 755 2928 839 2928 839 2854
857 2840 857 2932 933 2932 933 2840
966 2840 966 2933 1055 2933 1055 2840
1055 2833 1055 2916 1145 2916 1145 2833
1170 2844 1170 2918 1261 2918 1261 2844
1294 2844 1294 2925 1365 2925 1365 2844
1375 2830 1375 2928 1469 2928 1469 2830
1490 2841 1490 2920 1577 2920 1577 2841
1601 2838 1601 2925 1695 2925 1695 2838
1707 2842 1707 2920 1787 2920 1787 2842
1815 2832 1815 2933 1893 2933 1893 2832
1919 2829 1919 2926 2017 2926 2017 2829
2029 2844 2029 2928 2103 2928 2103 2844
2113 2830 2113 2924 2207 2924 2207 2830
2222 2837 2222 2925 2309 2925 2309 2837
2334 2838 2334 2938 2421 2938 2421 2838
2454 2830 2454 2922 2503 2922 2503 2830
2530 2834 2530 2929 2610 2929 2610 2834
2637 2833 2637 2920 2719 2920 2719 2833
2767 2829 2767 2917 2835 2917 2835 2829
2863 2824 2863 2904 2942 2904 2942 2824
2966 2828 2966 2925 3058 2925 3058 2828
3063 2834 3063 2922 3153 2922 3153 2834
3165 2818 3165 2921 3258 2921 3258 2818
3259 2825 3259 2916 3346 2916 3346 2825
3359 2826 3359 2912 3449 2912 3449 2826
343 2937 343 3038 455 3038 455 2937
462 2954 462 3045 546 3045 546 2954
567 2956 567 3037 662 3037 662 2956
678 2938 678 3037 757 3037 757 2938
767 2958 767 3046 849 3046 849 2958
850 2948 850 3041 934 3041 934 2948
966 2948 966 3038 1049 3038 1049 2948
1063 2948 1063 3028 1142 3028 1142 2948
1177 2956 1177 3034 1258 3034 1258 2956
1281 2960 1281 3044 1381 3044 1381 2960
1393 2937 1393 3034 1465 3034 1465 2937
1487 2954 1487 3037 1573 3037 1573 2954
1609 2949 1609 3041 1699 3041 1699 2949
1714 2945 1714 3041 1795 3041 1795 2945
1838 2946 1838 3053 1875 3053 1875 2946
1914 2952 1914 3034 2001 3034 2001 2952
2011 2962 2011 3034 2113 3034 2113 2962
2126 2960 2126 3038 2214 3038 2214 2960
2230 2942 2230 3032 2322 3032 2322 2942
2327 2966 2327 3042 2417 3042 2417 2966
2447 2948 2447 3048 2497 3048 2497 2948
2526 2953 2526 3050 2614 3050 2614 2953
2645 2946 2645 3041 2734 3041 2734 2946
2759 2953 2759 3036 2847 3036 2847 2953
2858 2930 2858 3030 2943 3030 2943 2930
2953 2944 2953 3036 3051 3036 3051 2944
3066 2941 3066 3022 3147 3022 3147 2941
3163 2941 3163 3038 3250 3038 3250 2941
3265 2934 3265 3026 3350 3026 3350 2934
3393 2938 3393 3028 3446 3028 3446 2938
351 3058 351 3154 446 3154 446 3058
481 3046 481 3141 531 3141 531 3046
563 3060 563 3150 647 3150 647 3060
674 3053 674 3146 751 3146 751 3053
763 3068 763 3156 854 3156 854 3068
867 3058 867 3161 954 3161 954 3058
958 3054 958 3158 1062 3158 1062 3054
1075 3064 1075 3154 1171 3154 1171 3064
1187 3057 1187 3138 1259 3138 1259 3057
1274 3061 1274 3142 1363 3142 1363 3061
1403 3061 1403 3146 1459 3146 1459 3061
1489 3066 1489 3145 1579 3145 1579 3066
1595 3064 1595 3148 1703 3148 1703 3064
1727 3049 1727 3150 1806 3150 1806 3049
1819 3061 1819 3144 1910 3144 1910 3061
1909 3057 1909 3141 1986 3141 1986 3057
2014 3060 2014 3144 2098 3144 2098 3060
2126 3062 2126 3144 2205 3144 2205 3062
2218 3053 2218 3130 2298 3130 2298 3053
2325 3058 2325 3157 2421 3157 2421 3058
2447 3056 2447 3144 2529 3144 2529 3056
2550 3069 2550 3142 2623 3142 2623 3069
2643 3044 2643 3150 2726 3150 2726 3044
2749 3046 2749 3137 2845 3137 2845 3046
2858 3056 2858 3140 2943 3140 2943 3056
2974 3052 2974 3134 3031 3134 3031 3052
3063 3045 3063 3136 3151 3136 3151 3045
3171 3046 3171 3144 3255 3144 3255 3046
3274 3053 3274 3121 3354 3121 3354 3053
3375 3042 3375 3113 3447 3113 3447 3042
333 3154 333 3254 447 3254 447 3154
451 3165 451 3260 534 3260 534 3165
565 3164 565 3252 659 3252 659 3164
671 3172 671 3253 750 3253 750 3172
771 3161 771 3242 815 3242 815 3161
861 3160 861 3262 953 3262 953 3160
966 3161 966 3258 1054 3258 1054 3161
1077 3176 1077 3256 1158 3256 1158 3176
1173 3177 1173 3260 1259 3260 1259 3177
1287 3166 1287 3262 1370 3262 1370 3166
1387 3170 1387 3260 1479 3260 1479 3170
1507 3165 1507 3257 1585 3257 1585 3165
1591 3168 1591 3257 1697 3257 1697 3168
1713 3164 1713 3261 1797 3261 1797 3164
1810 3164 1810 3264 1903 3264 1903 3164
1907 3172 1907 3262 1998 3262 1998 3172
2021 3162 2021 3257 2109 3257 2109 3162
2130 3162 2130 3246 2203 3246 2203 3162
2230 3170 2230 3249 2317 3249 2317 3170
2341 3172 2341 3249 2406 3249 2406 3172
2434 3157 2434 3258 2518 3258 2518 3157
2551 3166 2551 3250 2610 3250 2610 3166
2643 3162 2643 3249 2729 3249 2729 3162
2762 3169 2762 3257 2847 3257 2847 3169
2858 3169 2858 3246 2963 3246 2963 3169
2962 3164 2962 3246 3041 3246 3041 3164
3049 3165 3049 3250 3143 3250 3143 3165
3166 3158 3166 3246 3247 3246 3247 3158
3267 3166 3267 3244 3351 3244 3351 3166
3375 3146 3375 3232 3461 3232 3461 3146
355 3288 355 3356 445 3356 445 3288
461 3272 461 3368 559 3368 559 3272
573 3270 573 3354 647 3354 647 3270
657 3270 657 3356 739 3356 739 3270
757 3270 757 3357 846 3357 846 3270
865 3272 865 3357 946 3357 946 3272
970 3278 970 3356 1022 3356 1022 3278
1066 3280 1066 3356 1177 3356 1177 3280
1187 3276 1187 3362 1266 3362 1266 3276
1315 3277 1315 3364 1357 3364 1357 3277
1394 3280 1394 3360 1482 3360 1482 3280
1501 3276 1501 3357 1578 3357 1578 3276
1607 3272 1607 3366 1699 3366 1699 3272
1723 3273 1723 3369 1803 3369 1803 3273
1839 3273 1839 3364 1891 3364 1891 3273
1914 3280 1914 3354 1998 3354 1998 3280
2030 3274 2030 3354 2109 3354 2109 3274
2123 3261 2123 3349 2213 3349 2213 3261
2230 3269 2230 3354 2319 3354 2319 3269
2334 3269 2334 3353 2419 3353 2419 3269
2445 3269 2445 3353 2533 3353 2533 3269
2542 3276 2542 3349 2618 3349 2618 3276
2663 3261 2663 3346 2713 3346 2713 3261
2739 3264 2739 3350 2854 3350 2854 3264
2887 3265 2887 3345 2934 3345 2934 3265
2953 3262 2953 3360 3041 3360 3041 3262
3071 3260 3071 3344 3149 3344 3149 3260
3154 3265 3154 3352 3263 3352 3263 3265
3278 3252 3278 3348 3362 3348 3362 3252
3390 3249 3390 3344 3467 3344 3467 3249
351 3373 351 3452 434 3452 434 3373
466 3373 466 3458 551 3458 551 3373
589 3377 589 3458 633 3458 633 3377
682 3390 682 3472 758 3472 758 3390
775 3380 775 3473 857 3473 857 3380
878 3369 878 3468 971 3468 971 3369
977 3374 977 3450 1063 3450 1063 3374
1082 3380 1082 3462 1161 3462 1161 3380
1183 3374 1183 3464 1273 3464 1273 3374
1285 3381 1285 3472 1383 3472 1383 3381
1387 3377 1387 3462 1481 3462 1481 3377
1486 3384 1486 3465 1581 3465 1581 3384
1605 3372 1605 3476 1705 3476 1705 3372
1721 3372 1721 3469 1822 3469 1822 3372
1827 3384 1827 3457 1917 3457 1917 3384
1933 3373 1933 3458 1987 3458 1987 3373
2015 3390 2015 3465 2111 3465 2111 3390
2123 3373 2123 3469 2215 3469 2215 3373
2242 3376 2242 3452 2319 3452 2319 3376
2339 3372 2339 3464 2423 3464 2423 3372
2447 3369 2447 3438 2521 3438 2521 3369
2542 3361 2542 3456 2634 3456 2634 3361
2641 3365 2641 3461 2741 3461 2741 3365
2759 3360 2759 3468 2843 3468 2843 3360
2882 3362 2882 3450 2925 3450 2925 3362
2963 3370 2963 3445 3031 3445 3031 3370
3057 3380 3057 3450 3155 3450 3155 3380
3191 3362 3191 3453 3242 3453 3242 3362
3279 3361 3279 3452 3366 3452 3366 3361
3399 3360 3399 3460 3487 3460 3487 3360
374 3472 374 3568 423 3568 423 3472
463 3480 463 3577 546 3577 546 3480
575 3490 575 3578 658 3578 658 3490
682 3486 682 3576 758 3576 758 3486
774 3486 774 3569 847 3569 847 3486
870 3482 870 3580 959 3580 959 3482
983 3477 983 3572 1070 3572 1070 3477
1093 3486 1093 3568 1135 3568 1135 3486
1183 3478 1183 3569 1266 3569 1266 3478
1277 3488 1277 3565 1375 3565 1375 3488
1385 3477 1385 3573 1477 3573 1477 3477
1497 3465 1497 3576 1590 3576 1590 3465
1615 3488 1615 3570 1714 3570 1714 3488
1739 3477 1739 3569 1786 3569 1786 3477
1814 3480 1814 3572 1899 3572 1899 3480
1917 3477 1917 3577 2013 3577 2013 3477
2022 3489 2022 3562 2110 3562 2110 3489
2129 3480 2129 3562 2214 3562 2214 3480
2226 3484 2226 3568 2338 3568 2338 3484
2341 3481 2341 3566 2431 3566 2431 3481
2443 3474 2443 3564 2529 3564 2529 3474
2546 3470 2546 3562 2629 3562 2629 3470
2653 3480 2653 3568 2759 3568 2759 3480
2778 3480 2778 3570 2839 3570 2839 3480
2861 3486 2861 3566 2947 3566 2947 3486
2961 3476 2961 3558 3046 3558 3046 3476
3058 3473 3058 3561 3166 3561 3166 3473
3179 3468 3179 3560 3271 3560 3271 3468
3290 3461 3290 3566 3386 3566 3386 3461
3407 3453 3407 3553 3450 3553 3450 3453
355 3590 355 3682 453 3682 453 3590
470 3586 470 3681 518 3681 518 3586
577 3596 577 3688 662 3688 662 3596
681 3602 681 3685 761 3685 761 3602
771 3604 771 3684 869 3684 869 3604
891 3601 891 3681 938 3681 938 3601
970 3609 970 3690 1053 3690 1053 3609
1082 3584 1082 3689 1162 3689 1162 3584
1186 3608 1186 3680 1273 3680 1273 3608
1305 3594 1305 3692 1357 3692 1357 3594
1394 3601 1394 3685 1481 3685 1481 3601
1506 3592 1506 3690 1590 3690 1590 3592
1610 3593 1610 3680 1698 3680 1698 3593
1714 3612 1714 3688 1797 3688 1797 3612
1818 3601 1818 3688 1902 3688 1902 3601
1911 3597 1911 3689 2013 3689 2013 3597
2025 3590 2025 3678 2090 3678 2090 3590
2131 3601 2131 3688 2209 3688 2209 3601
2247 3597 2247 3685 2329 3685 2329 3597
2349 3596 2349 3674 2425 3674 2425 3596
2442 3604 2442 3684 2531 3684 2531 3604
2545 3588 2545 3677 2646 3677 2646 3588
2661 3585 2661 3689 2747 3689 2747 3585
2770 3592 2770 3682 2854 3682 2854 3592
2891 3582 2891 3668 2942 3668 2942 3582
2974 3584 2974 3673 3059 3673 3059 3584
3087 3578 3087 3672 3170 3672 3170 3578
3181 3590 3181 3676 3269 3676 3269 3590
3275 3590 3275 3677 3373 3677 3373 3590
3395 3580 3395 3674 3474 3674 3474 3580
358 3814 358 3897 445 3897 445 3814
466 3810 466 3886 535 3886 535 3810
778 3809 778 3901 874 3901 874 3809
891 3806 891 3900 941 3900 941 3806
958 3810 958 3886 1042 3886 1042 3810
1087 3810 1087 3896 1170 3896 1170 3810
1186 3810 1186 3905 1277 3905 1277 3810
1289 3809 1289 3901 1373 3901 1373 3809
1394 3802 1394 3908 1479 3908 1479 3802
1493 3808 1493 3896 1594 3896 1594 3808
1609 3798 1609 3892 1655 3892 1655 3798
1819 3805 1819 3901 1913 3901 1913 3805
1919 3810 1919 3893 2038 3893 2038 3810
2037 3804 2037 3898 2126 3898 2126 3804
2123 3805 2123 3896 2215 3896 2215 3805
2234 3796 2234 3890 2330 3890 2330 3796
2663 3789 2663 3882 2715 3882 2715 3789
2734 3789 2734 3881 2773 3881 2773 3789
2786 3788 2786 3890 2825 3890 2825 3788
2843 3782 2843 3874 2886 3874 2886 3782
2893 3786 2893 3877 2927 3877 2927 3786
2941 3788 2941 3878 2979 3878 2979 3788
3171 3785 3171 3877 3266 3877 3266 3785
3291 3785 3291 3876 3338 3876 3338 3785
3375 3784 3375 3880 3470 3880 3470 3784
357 3926 357 4005 441 4005 441 3926
443 3922 443 4004 557 4004 557 3922
579 3924 579 4005 658 4005 658 3924
665 3913 665 4006 762 4006 762 3913
785 3921 785 4020 861 4020 861 3921
957 3933 957 4013 1038 4013 1038 3933
1066 3925 1066 4018 1153 4018 1153 3925
1171 3920 1171 4021 1259 4021 1259 3920
1279 3933 1279 4024 1369 4024 1369 3933
1390 3921 1390 4024 1441 4024 1441 3921
1467 3929 1467 4020 1549 4020 1549 3929
1590 3926 1590 4012 1675 4012 1675 3926
1719 3920 1719 4004 1799 4004 1799 3920
2125 3913 2125 4008 2206 4008 2206 3913
2234 3921 2234 4000 2315 4000 2315 3921
2330 3901 2330 4013 2446 4013 2446 3901
2550 3906 2550 4002 2642 4002 2642 3906
2659 3910 2659 3998 2754 3998 2754 3910
2762 3902 2762 4008 2863 4008 2863 3902
2877 3912 2877 4006 2925 4006 2925 3912
2930 3904 2930 4005 3006 4005 3006 3904
3009 3905 3009 4001 3097 4001 3097 3905
3114 3910 3114 3996 3201 3996 3201 3910
3209 3896 3209 4004 3295 4004 3295 3896
3303 3908 3303 4001 3385 4001 3385 3908
3397 3910 3397 3998 3475 3998 3475 3910
361 4026 361 4133 457 4133 457 4026
471 4040 471 4136 554 4136 554 4040
567 4037 567 4126 646 4126 646 4037
799 4041 799 4160 874 4160 874 4041
894 4038 894 4129 946 4129 946 4038
961 4041 961 4145 1035 4145 1035 4041
1269 4056 1269 4145 1375 4145 1375 4056
1387 4045 1387 4136 1482 4136 1482 4045
1489 4042 1489 4138 1591 4138 1591 4042
1594 4046 1594 4145 1686 4145 1686 4046
1709 4041 1709 4132 1790 4132 1790 4041
1813 4050 1813 4132 1890 4132 1890 4050
1914 4048 1914 4142 2005 4142 2005 4048
2259 4025 2259 4130 2349 4130 2349 4025
2357 4038 2357 4116 2437 4116 2437 4038
2461 4037 2461 4126 2541 4126 2541 4037
2549 4033 2549 4116 2635 4116 2635 4033
2655 4032 2655 4113 2726 4113 2726 4032
2745 4032 2745 4120 2825 4120 2825 4032
2853 4036 2853 4117 2946 4117 2946 4036
2950 4028 2950 4106 3033 4106 3033 4028
3051 4024 3051 4108 3090 4108 3090 4024
3134 4029 3134 4105 3197 4105 3197 4029
3218 4017 3218 4120 3307 4120 3307 4017
564 3802 564 3897 653 3897 653 3802
672 3811 672 3893 758 3893 758 3811
1721 3798 1721 3886 1805 3886 1805 3798
2355 3798 2355 3879 2443 3879 2443 3798
2576 3797 2576 3866 2645 3866 2645 3797
360 3700 360 3782 441 3782 441 3700
475 3712 475 3783 553 3783 553 3712
572 3717 572 3777 662 3777 662 3717
679 3715 679 3783 768 3783 768 3715
785 3712 785 3782 860 3782 860 3712
889 3715 889 3791 958 3791 958 3715
986 3717 986 3788 1053 3788 1053 3717
1200 3715 1200 3780 1274 3780 1274 3715
1302 3715 1302 3780 1390 3780 1390 3715
1391 3719 1391 3776 1476 3776 1476 3719
1505 3703 1505 3780 1603 3780 1603 3703
1617 3710 1617 3776 1698 3776 1698 3710
1728 3723 1728 3783 1810 3783 1810 3723
1836 3709 1836 3773 1911 3773 1911 3709
1930 3697 1930 3764 1999 3764 1999 3697
2025 3696 2025 3766 2112 3766 2112 3696
2125 3709 2125 3786 2208 3786 2208 3709
2267 3706 2267 3776 2329 3776 2329 3706
2360 3694 2360 3772 2423 3772 2423 3694
2452 3703 2452 3773 2493 3773 2493 3703
2546 3713 2546 3778 2641 3778 2641 3713
2691 3707 2691 3778 2758 3778 2758 3707
2776 3696 2776 3763 2845 3763 2845 3696
2870 3694 2870 3769 2962 3769 2962 3694
2995 3701 2995 3776 3073 3776 3073 3701
3096 3690 3096 3772 3174 3772 3174 3690
3192 3696 3192 3761 3262 3761 3262 3696
3290 3688 3290 3764 3378 3764 3378 3688
3394 3688 3394 3769 3469 3769 3469 3688
670 4048 670 4119 753 4119 753 4048
875 3914 875 4000 943 4000 943 3914
# Transcript
QEO
EISTOIERONELEYSINADETOISSFONDY
LOISTWNKIONWNTOYPROSTWIOYEISTO
YSARMOYSPOLOYSPOHSAIKAIEMPOLIA
CALKADYOEISEKASTONTONARMONEMPO
LIAKAIENAPOLONTAMENKATWTAPRWTA
EGDAKTYLAPANTACHITETRAGWNATADE
ANWTATWPENTEDAKTYLAPANTACHITAD
EALLAAMEIBOMENATOISONAPOTOYMEG
ISTOYEISTOELACISTONTOYSDEPOLOY
SSTROGGYLOYSTOYMENKATWMHKOSPEN
TEDAKTYLOYSPACOSDEDIDAKTYLOYST
OYSDEANWMHKOSMENPALASTIAIOYSPA
COSDEDAKTYLOYKAIHMISEOSDAKTYLO
TOYSDEALLOYSAMEIBOMENOYSTWIMHK
EIKAITWIPACEITOISONAPOTOYMEGIS
TOYEISTONELACISTONCALKOYDEERGA
SETAIMARIEWSKEKRAMENOYTHNDWDEKAT
HNTAENDEKAMERHCALKOYTODEDWDEKA
TONKATTITEROYKAIAPODWSEITAMENE
MPOLIAORQAKAIASTRAFHKAIEYGWNIA
TOYSDEPOLOYSTORNEYSEISTROGGYLO
YSPROSTOPARADEIGMAKAIENARMOSEI
EISTAEMPOLIAARMOTTONTASKAIORQO
YSKAIENTORNOYSPANTACHIOPWSANTO
AYTOPOIWSINPERIAGOMENOIMISQWSE
TAIDEKATAMNANKAIAPOSTHSEITWIAE
IPARONTITWNEPISTATWNHTWIDHMOSI
WIHTWIARCITEKTONIAPODWSEIDETAE
RGAMHEP*KWLYWNTOYSERGAZOMENOYS
TOYSKIONASEMISQWQHHM*A:IIIII**MIS
QWTHSBLEPAIOSS*EOY*LAM:EGGYHT
HSKHFIS*WNKEFAL**NOSAFDNAIOS
# Lines: x1 y1 x2 y2 x3 y3 x4 y4
