# Baseline angle
6.696568927899934
# Boxes: x1 y1 x2 y2 x3 y3 x4 y4
1001 199 950.847547760213 313.3310500676888 1039 352 1089.152452239787 237.6689499323112
1074 219 1019.943165278967 342.23175440040006 1122 387 1176.056834721033 263.76824559959994
1171 257 1125.726984294044 360.2075440826918 1221 402 1266.273015705956 298.7924559173082
1255 293 1208.7642544811074 398.40225053330096 1258 420 1304.2357455188926 314.59774946669904
1307 314 1265.3537552463797 408.93970247540585 1343 443 1384.6462447536203 348.06029752459415
1419 363 1373.9458103296759 465.708692893595 1443 496 1488.0541896703241 393.291307106405
1480 384 1434.591592230987 487.51619333210704 1536 532 1581.408407769013 428.4838066678931
1576 428 1530.0035627251284 532.8567066644191 1601 564 1646.9964372748716 459.143293335581
1633 456 1591.173232495637 551.3512348079593 1677 589 1718.826767504363 493.64876519204074
1717 488 1675.9089783042007 581.6739770245555 1761 619 1802.0910216957993 525.3260229754445
1793 512 1747.145782190982 616.5324931884089 1828 652 1873.854217809018 547.4675068115911
1876 530 1828.7385729039852 637.7404662438067 1900 669 1947.2614270960148 561.2595337561933
881 297 839.7352829562545 391.06994513051393 949 439 990.2647170437455 344.93005486948607
1936 568 1889.4619944729006 674.0913036620794 1985 716 2031.5380055270994 609.9086963379206
990 334 944.1840854758713 438.4451743318656 1007 466 1052.8159145241289 361.5548256681344
1048 358 998.6803823469444 470.4324618914132 1098 514 1147.3196176530555 401.5675381085868
1146 395 1098.512919465557 503.25488165949855 1180 539 1227.487080534443 430.74511834050145
1224 424 1175.6937396844182 534.1223413825841 1278 579 1326.3062603155818 468.8776586174159
1328 467 1280.9259230575242 574.3133696846583 1360 609 1407.0740769424758 501.6866303153418
1398 503 1350.8876197726352 610.4006885412016 1448 653 1495.1123802273648 545.5993114587984
1509 546 1457.1435753018611 664.2155452767835 1541 701 1592.8564246981389 582.7844547232165
1577 566 1531.5204824980601 669.678300070112 1628 712 1673.4795175019399 608.321699929888
1649 604 1602.6493446264399 709.664207102931 1706 755 1752.3506553735601 649.335792897069
1749 638 1701.4677887778712 746.3577647426368 1785 783 1832.5322112221288 674.6422352573632
1833 675 1790.8901241298752 770.9966285084662 1914 825 1956.1098758701248 729.0033714915338
749 379 701.009654498218 488.40215980061555 789 527 836.990345501782 417.59784019938445
829 426 788.4642013620216 518.408251573705 881 559 921.5357986379784 466.59174842629494
912 444 864.0356335434592 553.3429361457489 959 595 1006.9643664565408 485.6570638542511
990 483 953.406887128157 566.4202283844504 1014 593 1050.593112871843 509.5797716155496
1053 502 1005.2216531310535 610.9188728381138 1051 631 1098.7783468689465 522.0811271618862
1079 519 1033.539634140505 622.6346406418403 1121 661 1166.460365859495 557.3653593581597
1157 533 1107.1251592891235 646.6981873422636 1199 687 1248.8748407108765 573.3018126577364
1237 591 1194.2118332486452 688.5429080070551 1291 731 1333.7881667513548 633.4570919929449
1335 622 1288.8749980648681 727.1497916872391 1382 768 1428.1250019351319 662.8502083127609
1426 667 1381.2042702161416 769.1194895964414 1463 805 1507.7957297838584 702.8805104035586
1501 705 1461.1986166046404 795.7340270418144 1496 811 1535.8013833953596 720.2659729581856
1542 715 1502.2382504554744 805.6436749337578 1576 838 1615.7617495445256 747.3563250662422
1616 739 1571.5981221656648 840.2216370498729 1660 879 1704.4018778343352 777.7783629501271
1698 786 1660.9815592965413 870.3898355609674 1749 909 1786.0184407034587 824.6101644390326
597 487 554.1024202308292 584.7923336016034 664 633 706.8975797691708 535.2076663983966
703 529 662.715833845691 620.8346125031464 752 660 792.284166154309 568.1653874968536
798 561 756.3988859340654 655.8368193922674 832 689 873.6011140659346 594.1631806077326
862 590 818.9533733621793 688.1321113042086 903 725 946.0466266378207 626.8678886957914
943 626 900.4757899719627 722.9411737348198 969 753 1011.5242100280373 656.0588262651802
1008 640 970.0899392165313 726.4224352735714 1017 747 1054.9100607834687 660.5775647264286
1030 665 990.0577277047317 756.0552072663113 1072 792 1111.9422722952681 700.9447927336887
1112 673 1059.768874994783 792.0697383950804 1128 822 1180.231125005217 702.9302616049196
1164 737 1130.9119208230288 812.4299075733895 1212 848 1245.0880791769712 772.5700924266105
1242 740 1194.2216531310535 848.9188728381138 1240 869 1287.7783468689465 760.0811271618862
1289 750 1235.1496670749505 872.7609984129798 1336 917 1389.8503329250495 794.2390015870202
1379 778 1323.5291285891735 904.4552916823927 1400 938 1455.4708714108265 811.5447083176073
1457 811 1399.0825829194616 943.0326089014862 1456 968 1513.9174170805384 835.9673910985138
1482 874 1450.0798218660043 946.7674783868737 1519 977 1550.9201781339957 904.2325216131263
1557 861 1513.307888928987 960.6036029213358 1594 996 1637.692111071013 896.3963970786642
554 607 500.54351902447337 728.8631458664112 608 776 661.4564809755266 654.1368541335888
666 642 616.2154206644948 755.4924211759868 704 794 753.7845793355052 680.5075788240132
740 683 691.6417815939362 793.2407886923174 780 832 828.3582184060638 721.7592113076826
1629 901 1587.2060389436747 996.2764469264976 1696 1044 1737.7939610563255 948.7235530735023
823 709 779.7140651181581 807.6776551730903 842 835 885.2859348818419 736.3223448269097
858 752 818.7223637803685 841.5400562209124 895 875 934.2776362196315 785.4599437790876
928 762 883.0620507502883 864.4437030724516 955 896 999.9379492497117 793.5562969275484
1004 779 950.3999689926751 901.1903925939347 991 919 1044.6000310073248 796.8096074060653
1027 812 987.28338114316 902.5407918506194 1059 934 1098.71661885684 843.4592081493805
1096 846 1058.542576659333 931.3905711906746 1142 968 1179.457423340667 882.6094288093254
1151 834 1088.791175891489 975.815601554171 1169 1011 1231.208824108511 869.184398445829
1243 894 1195.0547851859037 1003.2992767174771 1281 1041 1328.9452148140963 931.7007232825227
1323 927 1272.6410459642293 1041.801806055109 1362 1081 1412.3589540357707 966.198193944891
1407 967 1363.9793524074203 1065.0728876493417 1455 1105 1498.0206475925797 1006.9271123506581
1498 1000 1459.553867801155 1087.64450129615 1490 1101 1528.446132198845 1013.3554987038499
1521 1014 1478.0764411855882 1111.8515572564702 1581 1157 1623.9235588144118 1059.1484427435298
484 738 435.57749926380603 848.3873312037276 535 892 583.422500736194 781.6126687962724
586 765 524.113918108085 906.0798557456075 606 942 667.886081891915 800.9201442543925
650 797 598.0273348812486 915.4805350979268 679 951 730.9726651187514 832.5194649020732
715 843 670.2097670529934 945.1069586213598 711 963 755.7902329470066 860.8930413786402
752 868 709.9995371476908 963.7472029139178 820 1012 862.0004628523092 916.2527970860822
841 893 795.4493727651336 996.8404068081171 887 1037 932.5506272348664 933.1595931918829
924 922 879.6487496902018 1023.1062229916528 925 1043 969.3512503097982 941.8937770083472
974 927 926.7070970218925 1034.812220873755 1032 1081 1079.2929029781076 973.187779126245
1058 978 1015.0572895431436 1075.8952166847419 1127 1125 1169.9427104568563 1027.1047833152581
1180 1028 1132.3515483572587 1136.6227545637803 1213 1172 1260.6484516427413 1063.3772454362197
1246 1070 1206.3613182788833 1160.3631208860193 1299 1201 1338.6386817211167 1110.6368791139807
1331 1100 1287.0494290425213 1200.1928062184893 1355 1230 1398.9505709574787 1129.8071937815107
414 874 368.33313234452123 978.1053966292604 457 1017 502.66686765547877 912.8946033707396
490 901 458.26717201954335 973.3403818277252 535 1007 566.7328279804566 934.6596181722748
566 933 521.6624044957949 1034.0750945384627 599 1068 643.3375955042051 966.9249054615372
628 966 592.0523715613492 1047.9487367673235 656 1076 691.9476284386508 994.0512632326768
686 987 648.729926812872 1071.963474631526 740 1112 777.270073187128 1027.036525368474
758 1024 728.7711726165892 1090.6320863238168 798 1121 827.2288273834108 1054.3679136761832
852 1032 809.392355999388 1129.1313756745014 898 1168 940.607644000612 1070.8686243254986
937 1078 897.5869717173116 1167.8487054703276 980 1204 1019.4130282826884 1114.1512945296724
# Transcript
NYSIOSARCELAO
*ARNEYSEKATOM
YPYRIDHSNEIKOM
EPENGRAFOIAFRODE
MHTROBIOS)ESTIA
HFAISTIWNKOL*
KYDAQHAL*
# Lines: x1 y1 x2 y2 x3 y3 x4 y4
