# Baseline angle
0.2334886970847172
# Boxes: x1 y1 x2 y2 x3 y3 x4 y4
1727 124 1727.6213375475022 325.39298858559164 1855 325 1854.3786624524978 123.60701141440835
2448 247 2483.766068921995 96.61266986455118 2313 56 2277.233931078005 206.38733013544882
2565 474 2603.8735508470622 310.5464894248106 2446 273 2407.1264491529378 436.4535105751894
2252 202 2280.3902068489415 82.62631598353232 2139 49 2110.6097931510585 168.37368401646768
1879 18 1854.4738910296544 121.12612366502147 2081 175 2105.5261089703454 71.87387633497855
1697 359 1658.3734656350452 521.4148683546927 1808 557 1846.6265343649548 394.58513164530734
1884 388 1846.8846340533883 544.060784982677 1998 580 2035.1153659466117 423.93921501732297
2053 425 2017.7924583879374 573.0388631811496 2169 609 2204.2075416120624 460.9611368188502
2240 460 2201.68497646287 621.1050436208902 2340 654 2378.31502353713 492.8949563791098
2407 497 2368.9294508272496 657.0770903664877 2541 698 2579.0705491727504 537.9229096335123
2599 723 2561.631740905974 880.1241371037108 2641 899 2678.368259094026 741.8758628962892
2734 730 2697.8908086067527 881.8300738843803 2871 923 2907.1091913932473 771.1699261156197
264 511 217.6519389730115 705.8819471886995 441 759 487.3480610269885 564.1180528113005
513 560 474.384426535809 722.3687805219672 620 757 658.6155734641911 594.6312194780329
673 601 635.1010120628756 760.355718492022 806 801 843.8989879371244 641.644281507978
901 636 861.250534349873 803.1365121638279 970 829 1009.749465650127 661.8634878361721
1227 688 1187.4718158538608 854.2060790579233 1359 895 1398.5281841461392 728.7939209420767
1428 717 1389.4476498226627 879.1029424917087 1553 918 1591.5523501773373 755.8970575082913
1838 791 1794.8547344573722 972.4149971888727 1873 991 1916.1452655426278 809.5850028111273
1958 815 1919.8965681249588 975.215353864664 2104 1019 2142.103431875041 858.784646135336
2725 928 2680.7460986205424 1114.0765322308398 2836 1151 2880.2539013794576 964.9234677691603
2892 973 2855.6218703231184 1125.960891770328 3045 1171 3081.3781296768816 1018.0391082296719
234 740 199.73159647785604 884.0900235622529 418 936 452.26840352214396 791.9099764377471
508 757 469.076728884576 920.6625718066282 563 943 601.9232711154239 779.3374281933718
1055 846 1011.7973878358257 1027.6561253185941 1152 1061 1195.2026121641743 879.3438746814059
1216 881 1173.35337302803 1060.3183473303893 1336 1099 1378.64662697197 919.6816526696107
1438 932 1395.539708341012 1110.5348541740568 1490 1133 1532.460291658988 954.4651458259432
1567 946 1531.7266929833554 1094.3153901775024 1707 1136 1742.2733070166444 987.6846098224976
1769 985 1731.4015619899371 1143.0919815909451 1895 1182 1932.5984380100629 1023.9080184090549
1950 1009 1910.407321508143 1175.4772615712288 2085 1217 2124.592678491857 1050.5227384287712
2138 1056 2100.5743942844274 1213.3652652334322 2242 1247 2279.4256057155726 1089.6347347665678
2300 1063 2255.9821542018863 1248.0839778430682 2407 1284 2451.0178457981137 1098.9160221569318
2467 1113 2430.376124899875 1266.9941895077777 2607 1309 2643.623875100125 1155.0058104922223
2664 1132 2626.1739251916288 1291.0491371120852 2832 1340 2869.8260748083712 1180.9508628879148
2885 1178 2846.91976098535 1338.1178337161662 3002 1375 3040.08023901465 1214.8821662838338
3053 1220 3013.2273414894817 1387.2340323123258 3151 1420 3190.7726585105183 1252.7659676876742
35 887 -7.6065965455075855 1066.150029448629 202 1116 244.60659654550756 936.8499705513711
263 934 219.58198299714525 1116.5618485239618 377 1154 420.4180170028548 971.4381514760383
450 963 410.19191666946244 1130.3829847765965 602 1176 641.8080833305376 1008.6170152234035
965 1060 927.5925029093623 1217.2891230171228 1124 1264 1161.407497090638 1106.7108769828774
1187 1096 1144.9641627240528 1272.7501301785574 1310 1312 1352.0358372759472 1135.2498698214426
1369 1134 1330.3077002304635 1296.6913953510455 1504 1338 1542.6922997695365 1175.3086046489545
1552 1157 1514.658268313944 1314.0125960207702 1687 1355 1724.341731686056 1197.9874039792298
1778 1189 1738.5645872954262 1354.8159984639312 1794 1368 1833.4354127045738 1202.1840015360688
1899 1213 1856.384984671457 1392.1854283152602 2028 1433 2070.615015328543 1253.8145716847398
3005 1425 2965.322176419762 1591.835275266938 3130 1631 3169.677823580238 1464.164724733062
384 1180 344.97426760111097 1344.0933957502984 538 1390 577.025732398889 1225.9066042497016
599 1214 562.6037616981832 1367.0370339866377 697 1399 733.3962383018168 1245.9629660133623
963 1272 928.3387537382422 1417.7418285426231 1085 1455 1119.661246261758 1309.2581714573769
1151 1303 1112.3941163777083 1465.3280371722888 1275 1504 1313.6058836222917 1341.6719628277112
1342 1339 1303.9210320442141 1499.1124892331188 1438 1531 1476.0789679557859 1370.8875107668812
2792 1600 2759.0311732341106 1738.6256299464633 2933 1780 2965.9688267658894 1641.3743700535367
206 1332 165.65912433764942 1501.6232426163033 306 1535 346.3408756623506 1365.3767573836967
564 1403 524.8381311855042 1567.6658151604938 665 1601 704.1618688144958 1436.3341848395062
1108 1501 1070.4125228907008 1659.0458937582196 1230 1697 1267.5874771092992 1538.9541062417804
1327 1565 1289.4808304130108 1722.7586777957729 1383 1745 1420.5191695869892 1587.2413222042271
1476 1566 1441.1891143041435 1712.371024751638 1591 1748 1625.8108856958565 1601.628975248362
2062 1664 2021.8770712940582 1832.7068304448414 2103 1852 2143.122928705942 1683.2931695551583
2373 1712 2335.571852166699 1869.3759541995264 2519 1913 2556.428147833301 1755.6240458004736
2572 1754 2534.4028330488013 1912.086637107898 2677 1946 2714.5971669511987 1787.913362892102
2767 1795 2727.5046985561517 1961.067815559747 2887 1999 2926.4953014438483 1832.932184440253
2961 1819 2911.174807168722 2028.5024124603124 3031 2057 3080.825192831278 1847.4975875396876
3112 1841 3071.272158263343 2012.2503376961367 3230 2050 3270.727841736657 1878.7496623038633
131 1519 87.67808898628982 1701.1577469955268 251 1740 294.3219110137102 1557.8422530044732
321 1579 279.4459637286398 1753.724278053336 453 1795 494.5540362713602 1620.275721946664
537 1620 499.39441426576576 1778.1220359745291 604 1803 641.6055857342342 1644.8779640254709
693 1642 657.4906374020118 1791.3079445652738 837 1834 872.5093625979882 1684.6920554347262
904 1666 867.4225106206576 1819.7991492107817 986 1848 1022.5774893793424 1694.2008507892183
1070 1699 1031.4134960615077 1861.2465504729323 1228 1908 1266.5865039384923 1745.7534495270677
1420 1764 1376.6548961258984 1946.255267144025 1569 1992 1612.3451038741016 1809.744732855975
1634 1793 1596.3480285449832 1951.3170762715251 1759 1990 1796.6519714550168 1831.6829237284749
1831 1824 1789.5446118355126 1998.3094875588072 1927 2031 1968.4553881644874 1856.6905124411928
2183 1882 2142.413378914406 2052.656540353753 2270 2083 2310.586621085594 1912.343459646247
2337 1915 2299.346757486119 2073.3224207545722 2483 2117 2520.653242513881 1958.6775792454278
2541 1956 2500.402418013642 2126.7026281864787 2632 2158 2672.597581986358 1987.2973718135217
2728 1978 2681.442889428651 2173.7609479788316 2817 2206 2863.557110571349 2010.2390520211684
2915 2045 2880.372907499397 2190.5982205613996 3004 2220 3038.627092500603 2074.4017794386004
3105 2064 3065.2092328645467 2231.3101745286353 3148 2251 3187.7907671354533 2083.6898254713647
105 1762 66.63017195905223 1923.3354827845176 225 1961 263.36982804094777 1799.6645172154824
671 1846 633.3261067434557 2004.4092519369763 804 2045 841.6738932565443 1886.5907480630237
864 1889 822.3937013425498 2063.9440282508695 974 2100 1015.6062986574502 1925.0559717491308
1051 1911 1013.1971180520203 2069.951616963587 1190 2112 1227.8028819479798 1953.0483830364128
1264 1932 1219.600272363036 2118.689694990713 1305 2139 1349.399727636964 1952.3103050092866
1401 1963 1362.040033005693 2126.8168687539455 1531 2167 1569.9599669943073 2003.183131246054
1598 1978 1547.6162798587895 2189.8508794146114 1687 2223 1737.3837201412105 2011.1491205853883
1763 2028 1718.905427896541 2213.4065926721464 1898 2256 1942.094572103459 2070.5934073278536
1982 2069 1943.3540859512461 2231.496355054049 2059 2259 2097.6459140487536 2096.503644945951
2126 2100 2085.036102681999 2272.242892083908 2248 2311 2288.963897318001 2138.757107916092
3199 2266 3155.954174994096 2446.9968747259954 3362 2496 3405.045825005904 2315.0031252740046
825 2086 783.3705084821584 2261.0415483993675 964 2304 1005.6294915178416 2128.9584516006325
1012 2122 971.0896361269532 2294.017797403328 1135 2333 1175.9103638730467 2160.982202596672
1202 2136 1160.1176153347437 2312.1049005204013 1269 2338 1310.8823846652563 2161.8950994795987
1351 2172 1307.700010787817 2354.065571330076 1463 2391 1506.299989212183 2208.934428669924
1533 2223 1495.5402405232721 2380.508873214656 1670 2422 1707.4597594767279 2264.491126785344
1718 2232 1678.1286933826088 2399.6488228068547 1852 2441 1891.8713066173912 2273.3511771931453
1903 2278 1859.7425833320076 2459.8865644822213 2020 2498 2063.2574166679924 2316.1134355177787
2085 2319 2043.5020392913223 2493.4884944066616 2176 2525 2217.497960708678 2350.5115055933384
2275 2326 2228.559646160459 2521.270015267993 2383 2558 2429.440353839541 2362.729984732007
2448 2371 2409.46957162419 2533.010766826258 2565 2570 2603.53042837581 2407.989233173742
2635 2376 2587.700568923465 2574.8822191233685 2769 2618 2816.299431076535 2419.1177808766315
614 2256 564.9242753980798 2462.351086932191 698 2494 747.0757246019202 2287.648913067809
789 2292 748.4314875393411 2462.5803981374434 931 2506 971.5685124606589 2335.4196018625566
1000 2323 956.6174078171643 2505.412896059691 1060 2530 1103.3825921828357 2347.587103940309
1139 2343 1101.9162456968152 2498.9278659675474 1262 2537 1299.0837543031848 2381.0721340324526
1348 2376 1308.7723657809224 2540.9423421568463 1473 2580 1512.2276342190776 2415.0576578431537
1533 2422 1497.148785989624 2572.745343831158 1658 2611 1693.851214010376 2460.254656168842
1715 2419 1668.4660822890428 2614.6634278303336 1775 2640 1821.5339177109572 2444.3365721696664
1847 2470 1809.8930528364237 2626.025386116046 1999 2671 2036.1069471635763 2514.974613883954
2052 2506 2015.2387174254038 2660.57195340102 2160 2695 2196.761282574596 2540.42804659898
2236 2544 2199.3664350579757 2698.034932857456 2359 2736 2395.6335649420243 2581.965067142544
2421 2551 2379.338896838731 2726.1744674144966 2551 2767 2592.661103161269 2591.8255325855034
2613 2599 2569.6258266001996 2781.3774971930598 2711 2815 2754.3741733998004 2632.6225028069402
2819 2626 2767.074770855884 2844.3325373187095 2875 2870 2926.925229144116 2651.6674626812905
2966 2666 2920.778683434776 2856.144269930423 3122 2904 3167.221316565224 2713.855730069577
1115 2544 1072.2463061381218 2723.7685366915493 1233 2762 1275.7536938618782 2582.2314633084507
1286 2561 1242.6026337398084 2743.4750173415578 1413 2784 1456.3973662601916 2601.5249826584422
1475 2578 1427.3271058676505 2778.4525374043824 1581 2815 1628.6728941323495 2614.5474625956176
1653 2623 1607.619354158778 2813.814209489116 1785 2856 1830.380645841222 2665.185790510884
2385 2777 2340.63776067177 2963.532066075047 2515 3005 2559.36223932823 2818.467933924953
1917 182 1880.9004984486523 333.78933053470206 2071 379 2107.0995015513477 227.210669465298
2121 206 2082.5134152272444 367.8264154953561 2222 401 2260.4865847727556 239.17358450464388
2291 245 2254.399317760266 398.89666935927966 2402 434 2438.600682239734 280.10333064072034
2611 528 2576.4238988266234 673.3838148469139 2743 713 2777.5761011733766 567.6161851530861
1665 552 1623.2537517503506 727.5324811102057 1785 766 1826.7462482496494 590.4675188897943
1852 588 1815.8166244191355 740.1419997473643 1975 778 2011.1833755808645 625.8580002526357
2039 612 1998.2721582633428 783.2503376961365 2157 821 2197.727841736657 649.7496623038634
2234 641 2191.9119003379624 817.9698803760903 2335 852 2377.0880996620376 675.0301196239097
2407 686 2367.7626759390228 850.9830855065247 2515 886 2554.2373240609772 721.0169144934753
1646 749 1605.119976711516 920.8902228712458 1799 967 1839.880023288484 795.1097771287542
2215 845 2173.79162831762 1018.2708453383104 2303 1049 2344.20837168238 875.7291546616896
2354 862 2310.044106429876 1046.8234842958573 2500 1092 2543.955893570124 907.176515704143
2565 907 2524.219895877253 1078.4700878936696 2661 1111 2701.780104122747 939.5299121063304
2126 1262 2087.888149341923 1422.2507527312953 2234 1457 2272.111850658077 1296.7492472687047
2294 1272 2252.3608186402585 1447.0822917490457 2416 1486 2457.6391813597415 1310.9177082509543
2476 1310 2437.437959980763 1472.143685841387 2584 1507 2622.562040019237 1344.856314158613
2678 1330 2631.474501072078 1525.6280289637025 2776 1560 2822.525498927922 1364.3719710362975
2858 1363 2811.0340015528177 1560.4802187241157 2973 1599 3019.9659984471823 1401.5197812758843
1528 1358 1488.3963606073794 1524.5233494039544 1667 1567 1706.6036393926206 1400.4766505960456
1730 1397 1691.4476498226627 1559.1029424917087 1855 1598 1893.5523501773373 1435.8970575082913
1915 1423 1875.044819353092 1591.001492019517 2018 1625 2057.955180646908 1456.998507980483
2109 1457 2069.5607741188337 1622.8320319130726 2188 1651 2227.4392258811663 1485.1679680869274
2248 1486 2206.8219689021826 1659.1432708062282 2366 1697 2407.1780310978174 1523.8567291937718
2431 1529 2393.7227626596623 1685.7414135074644 2563 1726 2600.2772373403377 1569.2585864925356
2632 1562 2591.379225153251 1732.8001483349765 2752 1771 2792.620774846749 1600.1998516650235
434 1375 393.9841381839664 1543.2566410836812 477 1563 517.0158618160335 1394.7433589163188
1696 1599 1658.1132440225033 1758.3042861762494 1804 1793 1841.8867559774967 1633.6957138237506
1869 1634 1833.2132803353416 1784.4741613178526 1991 1822 2026.7867196646584 1671.5258386821474
2198 1699 2162.8653715166906 1846.732281801213 2349 1891 2384.1346284833094 1743.267718198787
335 1781 291.304625930475 1964.7280652765407 427 1997 470.695374069525 1813.2719347234593
511 1826 476.92889269160156 1969.260442573195 623 2004 657.0711073083985 1860.739557426805
268 1978 227.35603229285977 2148.8976684834743 417 2194 457.64396770714023 2023.1023315165257
79 1951 44.638032606439594 2095.4834361245935 215 2136 249.36196739356038 1991.5165638754067
2349 2110 2301.3271058676505 2310.4525374043824 2455 2347 2502.6728941323495 2146.5474625956176
2529 2172 2489.471815853861 2338.206079057923 2661 2379 2700.528184146139 2212.793920942077
2740 2225 2703.764362033046 2377.361749944897 2841 2410 2877.235637966954 2257.638250055103
2891 2225 2853.1886992689847 2383.9870158302188 2992 2417 3029.8113007310153 2258.0129841697812
3050 2244 3002.476745301749 2443.823341195368 3163 2482 3210.523254698251 2282.176658804632
765 2491 723.6613685673203 2664.8185548479687 880 2702 921.3386314326797 2528.1814451520313
950 2518 912.2957661588931 2676.5368264690583 1053 2710 1090.704233841107 2551.4631735309417
1859 2664 1818.8074927128841 2832.9993908903357 1987 2873 2027.1925072871159 2704.0006091096643
2056 2700 2005.2415457441107 2913.426542178672 2138 2945 2188.7584542558893 2731.573457821328
2227 2734 2182.134037865656 2922.650093865719 2356 2964 2400.865962134344 2775.349906134281
2599 2822 2551.0168660986897 3023.7570176551376 2695 3058 2742.9831339013103 2856.2429823448624
2774 2861 2736.328648861184 3019.398562970882 2865 3050 2902.671351138816 2891.601437029118
2932 2890 2893.0716446491197 3053.6839497388164 3071 3096 3109.9283553508803 2932.3160502611836
3158 2906 3114.753544232771 3087.840476649496 3271 3125 3314.246455767229 2943.159523350504
3347 2928 3304.139239248214 3108.21872605271 3463 3146 3505.860760751786 2965.78127394729
3520 2971 3474.3516869340074 3162.939682892017 3647 3204 3692.6483130659926 3012.060317107983
674 2038 629.5100430391988 2225.069086618611 789 2263 833.4899569608012 2075.930913381389
1310 1742 1271.3772788116376 1904.3988349055512 1358 1925 1396.6227211883624 1762.6011650944488
2018 1848 1974.9689490714518 2028.9347534441283 2114 2062 2157.031050928548 1881.0652465558717
# Transcript
THN
POSQE
*GETHNA
AQHNAIW
*AUAI*YTWITHMPRO
**LI*NHITONPRAMMA
SKATHSAIENAKROP
**SEPETAMENALLA
*HIB**HIENAIDEKAIG*
*KAIOIKIASEPICAREI
EKGONOISKAIPROSODO*
OL*NKAITONDHMON
**IOIDEPRYTANEIS
**YONTESPROSAPONTW*
