# Baseline angle
-6.589154682148153
# Boxes: x1 y1 x2 y2 x3 y3 x4 y4
1309 699 1338.3756457105746 791.9935680266383 1408 770 1378.6243542894254 677.0064319733617
1410 664 1442.943716791095 768.2888996771967 1523 743 1490.056283208905 638.7111003228033
1513 645 1540.9244755384846 733.3996437450722 1615 710 1587.0755244615154 621.6003562549278
1612 616 1637.3088197548057 696.119343579066 1701 676 1675.6911802451943 595.880656420934
1697 581 1724.6071848318727 668.3952064230737 1805 643 1777.3928151681273 555.6047935769263
1820 526 1851.9606953481432 627.1769792677716 1919 606 1887.0393046518568 504.8230207322284
1914 514 1939.0822611325125 593.4021339945749 2010 571 1984.9177388674875 491.59786600542515
2018 480 2046.695426666689 570.840219754609 2119 548 2090.304573333311 457.1597802453909
1110 877 1136.4432423972905 960.710550057189 1221 934 1194.5567576027095 850.289449942811
1220 856 1247.8337434541659 944.1124160075648 1321 921 1293.1662565458341 832.8875839924352
1334 830 1360.171046144335 912.8488668446662 1442 887 1415.828953855665 804.1511331553338
1441 789 1471.1922344694412 884.5786176642068 1549 860 1518.8077655305588 764.4213823357932
1562 757 1589.2893509482549 843.389049582519 1657 822 1629.7106490517451 735.610950417481
1644 728 1666.860139832218 800.367633703472 1744 776 1721.139860167782 703.632366296528
1745 684 1774.088417973067 776.0843001109569 1844 754 1814.911582026933 661.9156998890431
1843 652 1873.706020829242 749.2050951643795 1944 727 1913.293979170758 629.7949048356205
1953 623 1978.172993216831 702.6893617320825 2050 680 2024.8270067831688 600.3106382679175
2051 592 2078.259287979151 678.2938801762018 2152 655 2124.740712020849 568.7061198237982
2152 558 2177.883275229821 639.9378794104289 2241 620 2215.116724770179 538.0621205895711
2246 533 2273.682342254633 620.6331299388668 2339 600 2311.317657745367 512.3668700611332
465 1214 487.70873863268514 1285.8883476347742 557 1264 534.2912613673149 1192.1116523652258
556 1193 580.5228371420493 1270.6311828663704 649 1249 624.4771628579507 1171.3688171336296
650 1154 675.7329603843006 1235.4620323788424 769 1206 743.2670396156994 1124.5379676211576
761 1126 786.0521981634085 1205.3069645882576 863 1181 837.9478018365915 1101.6930354117424
854 1092 882.1360026762256 1181.0692686264047 952 1159 923.8639973237744 1069.9307313735953
978 1042 1004.276266536199 1125.1819597667766 1065 1106 1038.723733463801 1022.8180402332234
1067 1012 1095.9676229196446 1103.701902967132 1171 1080 1142.0323770803554 988.298097032868
1162 971 1192.7817214290087 1068.4447381987286 1267 1045 1236.2182785709915 947.5552618012716
1256 952 1281.7023542381903 1033.3651434539695 1362 1008 1336.2976457618097 926.6348565460305
1368 919 1395.3349885789173 1005.5335232105507 1473 981 1445.6650114210827 894.4664767894493
1482 891 1508.3981479436343 974.5677959477132 1602 945 1575.6018520563657 861.4322040522868
1584 862 1611.2136503484885 948.1494065481701 1675 928 1647.7863496515115 841.8505934518299
1672 830 1696.7043013106863 908.2056383413858 1767 886 1742.2956986893137 807.7943616586142
1771 790 1797.6397380504793 874.3325902353629 1881 848 1854.3602619495207 763.6674097646371
1879 760 1905.8362337036685 844.9546304135367 1988 819 1961.1637662963315 734.0453695864633
1985 727 2008.58545332976 801.6637360849771 2074 781 2050.4145466702403 706.3362639150228
2086 697 2112.594100419817 781.1881166073313 2186 758 2159.405899580183 673.8118833926687
2181 663 2204.177973715836 736.3737905440266 2294 708 2270.822026284164 634.6262094559734
2286 626 2310.4777426883934 703.4884287568946 2388 679 2363.5222573116066 601.5115712431054
2397 605 2420.8576495827156 680.5254192975 2489 659 2465.1423504172844 583.4745807025
393 1345 422.7686370169529 1439.237648382986 490 1418 460.2313629830471 1323.762351617014
489 1317 515.41263625118 1400.613661132316 587 1378 560.58736374882 1294.386338867684
592 1285 618.579068935265 1369.1405319041726 695 1345 668.420931064735 1260.8594680958274
702 1247 726.6892698261344 1325.158053638227 800 1302 775.3107301738656 1223.841946361773
785 1223 810.8231492916127 1304.7475405977943 886 1281 860.1768507083873 1199.2524594022057
896 1199 919.6010279913183 1273.7130403066917 1001 1248 977.3989720086817 1173.2869596933083
999 1157 1023.3719791195226 1234.1536163162284 1103 1209 1078.6280208804774 1131.8463836837716
1095 1123 1120.0527413404147 1202.3086841068134 1216 1172 1190.9472586595853 1092.6913158931866
1209 1094 1235.6848325041356 1178.4753443448387 1310 1155 1283.3151674958644 1070.5246556551613
1295 1069 1320.0371666788565 1148.259379885099 1400 1123 1374.9628333211435 1043.740620114901
1394 1028 1417.888255728826 1103.6223082223732 1499 1078 1475.111744271174 1002.377691777627
1519 996 1545.0191017677955 1078.3678612574126 1600 1061 1573.9808982322047 978.6321387425876
1605 969 1627.9358404319846 1041.607276737821 1709 1016 1686.0641595680154 943.392723262179
1711 933 1733.4821800103919 1004.1711380502829 1810 980 1787.5178199896081 908.8288619497171
1795 890 1829.001895656807 997.6387436024149 1907 973 1872.998104343193 865.3612563975851
1901 870 1926.687322753638 951.3175587508109 2010 925 1984.312677246362 843.6824412491891
2015 818 2046.3867830501345 917.3601629549644 2133 890 2101.613216949866 790.6398370450355
2115 790 2144.7235425632966 884.0948942735101 2221 860 2191.2764574367034 765.9051057264899
2215 756 2241.3981479436343 839.5677959477131 2335 810 2308.6018520563657 726.4322040522869
2319 726 2344.550953038657 806.8858573852715 2417 784 2391.449046961343 703.1141426147285
2435 703 2459.2511840661 779.7712191724034 2544 753 2519.7488159339 676.2287808275966
2535 667 2561.5033683354986 750.9008888698236 2634 728 2607.4966316645014 644.0991111301764
304 1468 331.9395070230366 1556.4472284482308 403 1534 375.0604929769634 1445.5527715517692
408 1453 429.3483005449135 1520.5816510907157 504 1497 482.6516994550865 1429.4183489092843
507 1417 532.6116221538716 1498.0779157164618 612 1473 586.3883778461284 1391.9220842835382
630 1384 656.0046134602497 1466.3219960728097 733 1442 706.9953865397503 1359.6780039271903
733 1355 757.7499389413489 1433.3501119694174 838 1408 813.2500610586511 1329.6498880305826
832 1323 855.9634131515861 1398.8602317381662 922 1378 898.0365868484139 1302.1397682618338
916 1284 945.058355003963 1375.9891307046396 1021 1352 991.941644996037 1260.0108692953604
1019 1247 1047.4688680443958 1337.123010170118 1127 1312 1098.5311319556042 1221.876989829882
1128 1221 1153.0521981634085 1300.3069645882576 1230 1276 1204.9478018365915 1196.6930354117424
1220 1195 1245.29433144726 1275.073478394463 1331 1248 1305.70566855274 1167.926521605537
1321 1166 1347.3068726823096 1249.2788486916497 1421 1226 1394.6931273176904 1142.7211513083503
1431 1134 1457.4883368509466 1217.853304166665 1533 1194 1506.5116631490534 1110.146695833335
1528 1094 1553.0226783713108 1173.2135147004963 1655 1141 1629.9773216286892 1061.7864852995037
1641 1055 1667.594100419817 1139.188116607331 1741 1116 1714.405899580183 1031.811883392669
1736 1031 1761.4301579852345 1111.5034602414466 1839 1087 1813.5698420147653 1006.4965397585534
1833 1009 1858.6266536384237 1090.1255004196205 1935 1066 1909.3733463615763 984.8744995803795
1936 960 1970.9849170997586 1070.75066401184 2062 1042 2027.0150829002412 931.2493359881599
2042 930 2070.861859350774 1021.3670905264657 2148 997 2119.138140649226 905.6329094735343
2158 896 2183.4296148082285 976.5017407228909 2242 958 2216.5703851917715 877.4982592771091
2249 857 2274.339425900916 937.2162325039391 2351 913 2325.660574099084 832.7837674960609
2351 833 2378.440752147788 919.868335651217 2454 896 2426.559247852212 809.131664348783
2462 805 2485.903287213378 880.6698929255317 2564 856 2540.096712786622 780.3301070744683
2562 766 2587.475795615897 846.6479338694784 2675 819 2649.524204384103 738.3520661305216
146 1654 172.82065904211024 1738.9053261918225 239 1718 212.17934095788976 1633.0946738081775
236 1631 259.0265725163031 1703.8945044753286 341 1678 317.9734274836969 1605.1054955246714
336 1592 361.8682437452688 1673.8902947072702 428 1653 402.1317562547312 1571.1097052927298
456 1542 478.55679425614574 1613.4073420475202 521 1600 498.4432057438542 1528.5926579524798
542 1537 567.7324172072942 1618.4603128602866 642 1595 616.2675827927058 1513.5396871397134
662 1490 687.157961732279 1569.6417770289238 762 1546 736.842038267721 1466.3582229710762
769 1449 796.7574996773932 1536.87105345466 847 1521 819.2425003226068 1433.12894654534
851 1433 874.4496267917854 1507.2337542379935 948 1484 924.5503732082146 1409.7662457620065
949 1400 975.1103770291204 1482.6568085134759 1050 1459 1023.8896229708796 1376.3431914865241
1048 1369 1072.5083488345037 1446.5853176817677 1163 1418 1138.4916511654963 1340.4146823182323
1165 1336 1189.0090507822486 1412.0047053661979 1265 1388 1240.9909492177514 1311.9952946338021
1245 1299 1274.2548506571522 1391.6111708828134 1349 1368 1319.7451493428478 1275.3888291171866
1355 1265 1381.6993208116814 1349.5212095294416 1434 1333 1407.3006791883186 1248.4787904705584
1455 1250 1480.8838184068272 1331.9395989289849 1563 1306 1537.1161815931728 1224.0604010710151
1584 1198 1610.6542263580252 1282.3784554199658 1672 1263 1645.3457736419748 1178.6215445800342
1662 1170 1690.0914513995758 1258.9282340354846 1788 1228 1759.9085486004242 1139.0717659645154
1777 1136 1804.8482317617118 1224.1582811921676 1856 1208 1828.1517682382882 1119.8417188078324
1875 1113 1903.0452705919072 1201.7820408888972 1972 1180 1943.9547294080928 1091.2179591111028
1972 1084 1997.0371666788565 1163.259379885099 2077 1138 2051.9628333211435 1058.7406201149008
2088 1052 2112.9007969638756 1130.8276785195596 2182 1109 2157.0992030361244 1030.1723214804404
2185 1004 2210.732417207294 1085.4603128602866 2285 1062 2259.267582792706 980.5396871397132
2296 975 2319.5999416373056 1049.70960126958 2363 1036 2339.4000583626944 961.2903987304201
2377 955 2401.3719791195226 1032.1536163162284 2481 1007 2456.6280208804774 929.8463836837717
2489 916 2515.564037450713 1000.092947201014 2595 975 2568.435962549287 890.907052798986
2593 865 2622.9957388162525 959.9565774860329 2702 935 2672.0042611837475 840.0434225139671
3245 662 3275.645351714028 759.013036833189 3339 739 3308.354648285972 641.986963166811
3340 643 3367.3650515480213 729.6286926168681 3439 707 3411.6349484519787 620.3713073831319
68 1785 93.88381840682723 1866.9395989289849 176 1841 150.11618159317277 1759.0604010710151
170 1759 193.47968976088936 1833.3289236443109 261 1812 237.52031023911064 1737.6710763556891
265 1729 290.7023542381902 1810.3651434539695 371 1785 345.2976457618098 1703.6348565460305
374 1693 396.5879435792625 1764.505950490949 471 1741 448.4120564207375 1669.494049509051
465 1652 490.9289128604833 1734.0823530384607 564 1711 538.0710871395167 1628.9176469615393
575 1628 600.7023542381901 1709.3651434539695 681 1684 655.2976457618099 1602.6348565460305
662 1585 690.1215143686799 1674.023403441802 782 1645 753.8784856313201 1555.976596558198
783 1565 809.594100419817 1649.188116607331 883 1626 856.405899580183 1541.811883392669
876 1543 900.4627112038412 1620.4408440537359 981 1595 956.5372887961588 1517.5591559462641
972 1503 994.4972114949439 1574.2187227534416 1068 1551 1045.502788505056 1479.7812772465584
1063 1472 1090.1240046181824 1557.865617847774 1191 1526 1163.8759953818176 1440.134382152226
1184 1433 1209.127898763175 1512.5466076226064 1290 1487 1264.872101236825 1407.4533923773936
1286 1408 1311.4301579852345 1488.5034602414466 1389 1464 1363.5698420147655 1383.4965397585534
1382 1370 1406.1003260435734 1446.2936526222613 1502 1416 1477.8996739564266 1339.7063473777387
1486 1341 1511.4757956158971 1421.6479338694783 1599 1394 1573.5242043841029 1313.3520661305217
1601 1304 1628.0627923259617 1389.671839998028 1703 1366 1675.9372076740383 1280.328160001972
1704 1263 1728.4777426883932 1340.4884287568946 1806 1316 1781.5222573116068 1238.5115712431054
1825 1233 1850.03662350185 1312.2576603665432 1911 1293 1885.96337649815 1213.7423396334568
1907 1210 1931.8857654793233 1288.780093816401 2004 1266 1979.1142345206767 1187.219906183599
2010 1171 2034.6742383415824 1249.1104689350684 2111 1225 2086.325761658418 1146.8895310649316
2103 1136 2128.8687869222754 1217.8920142258262 2214 1191 2188.1312130777246 1109.1079857741738
2201 1094 2231.6002572603716 1190.8702827237132 2304 1168 2273.3997427396284 1071.1297172762868
2310 1068 2334.8557025102195 1146.6849244100838 2413 1122 2388.1442974897805 1043.3150755899162
2395 1040 2422.8192551466204 1128.066550822962 2518 1098 2490.18074485338 1009.9334491770381
2517 1006 2545.4081989291813 1095.9309518389275 2618 1073 2589.5918010708187 983.0690481610724
2624 972 2650.4432423972903 1055.710550057189 2735 1029 2708.5567576027097 945.289449942811
3153 805 3180.1384929257283 890.911483032377 3259 866 3231.8615070742717 780.088516967623
3270 782 3293.812555129059 857.3826651880241 3371 833 3347.187444870941 757.6173348119759
3366 736 3393.8342866311723 824.1141355261204 3486 795 3458.1657133688277 706.8858644738796
3473 708 3500.3349885789175 794.5335232105507 3578 770 3550.6650114210825 683.4664767894493
3557 674 3583.7004071656943 758.5246485665533 3674 730 3647.2995928343057 645.4753514334467
3667 651 3690.888255728826 726.622308222373 3772 701 3748.111744271174 625.377691777627
115 1872 140.38397717756578 1952.357267094859 189 1937 163.61602282243422 1856.642732905141
189 1859 213.40204208862667 1936.2487857225456 287 1913 262.59795791137327 1835.7512142774544
295 1823 321.74550161935 1907.6674026760293 403 1882 376.25449838065 1797.3325973239707
394 1801 417.8125551290595 1876.382665188024 495 1852 471.1874448709405 1776.617334811976
516 1763 540.2055464354377 1839.626745544372 615 1816 590.7944535645623 1739.373254455628
622 1733 645.5553903606559 1807.5685666786599 717 1785 693.4446096393441 1710.4314333213401
715 1700 741.9570287570912 1785.3370275573616 819 1761 792.0429712429088 1675.6629724426384
838 1662 863.1724500398248 1741.6876422135267 916 1725 890.8275499601752 1645.3123577864733
912 1633 940.8774340123323 1724.4163947481802 1034 1695 1005.1225659876677 1603.5836052518198
1017 1601 1044.2598311561571 1687.2955996947576 1137 1658 1109.7401688438429 1571.7044003052424
1129 1569 1156.5164527475542 1656.107978685566 1236 1631 1208.4835472524458 1543.892021314434
1230 1532 1256.9570287570912 1617.3370275573616 1334 1593 1307.0429712429088 1507.6629724426384
1327 1497 1353.8807849803184 1582.0956650044568 1408 1565 1381.1192150196816 1479.9043349955432
1414 1471 1440.9570287570912 1556.3370275573616 1518 1532 1491.0429712429088 1446.6629724426384
1519 1436 1545.3374788284198 1519.3757376165229 1632 1492 1605.6625211715802 1408.6242623834771
1631 1410 1655.7198759722446 1488.2549425631003 1742 1461 1717.2801240277554 1382.7450574368997
1725 1369 1753.8317963816698 1460.2719211201484 1837 1434 1808.1682036183302 1342.7280788798516
1839 1345 1864.535921554105 1425.8382726821128 1940 1402 1914.464078445895 1321.1617273178872
1945 1310 1970.8838184068272 1391.9395989289849 2053 1366 2027.1161815931728 1284.0604010710151
2040 1267 2069.9050067319336 1361.6693497485253 2148 1337 2118.0949932680664 1242.3306502514747
2145 1244 2170.0978357940708 1323.4514382162893 2257 1296 2231.9021642059292 1216.5485617837107
2254 1212 2275.922756019929 1281.4001869220788 2350 1258 2328.077243980071 1188.5998130779212
2345 1181 2369.402042088627 1258.2487857225456 2443 1235 2418.597957911373 1157.7512142774544
2432 1160 2454.87517131677 1232.4152184066306 2529 1209 2506.12482868323 1136.5847815933694
2560 1112 2581.2119308299325 1179.1499497251764 2645 1159 2623.7880691700675 1091.8500502748236
2649 1066 2678.254850657152 1158.6111708828134 2753 1135 2723.745149342848 1042.3888291171866
3084 955 3108.129845835671 1031.387102510023 3179 1009 3154.870154164329 932.6128974899772
3191 924 3214.721823044741 999.0954374505164 3291 975 3267.278176955259 899.9045625494836
3306 877 3333.5314842321063 964.1555633887245 3410 940 3382.4685157678937 852.8444366112755
3402 847 3426.2055464354376 923.6267455443718 3501 900 3476.7944535645624 823.3732544556282
3597 773 3624.637247800977 860.4903758293908 3699 837 3671.362752199023 749.5096241706092
3694 753 3716.9358404319846 825.6072767378209 3798 800 3775.0641595680154 727.3927232621791
3807 720 3832.6416851229756 801.1730851227793 3906 778 3880.3583148770244 696.8269148772207
3900 690 3925.188567878389 769.738665953797 4013 742 3987.811432121611 662.261334046203
148 1986 176.18164030688814 2075.2137422544365 256 2050 227.81835969311186 1960.7862577455635
262 1964 285.9628699745798 2039.8585122196105 333 2025 309.0371300254202 1949.1414877803895
331 1933 357.44324239729036 2016.710550057189 442 1990 415.55675760270964 1906.289449942811
422 1900 451.07392966552135 1992.038434926354 543 1963 513.9260703344786 1870.961565073646
534 1871 564.645894891034 1968.014756351745 647 1942 616.354105108966 1844.985243648255
651 1840 676.0677728249668 1919.3562688099719 769 1890 743.9322271750332 1810.6437311900281
773 1800 798.8376375991585 1881.7934057823973 852 1865 826.1623624008415 1783.2065942176027
865 1783 888.903287213378 1858.6698929255317 967 1834 943.096712786622 1758.3301070744683
956 1745 979.9789878131445 1820.9095359598807 1062 1795 1038.0210121868556 1719.0904640401193
1046 1703 1069.5709650222143 1777.6178709003743 1157 1750 1133.4290349777857 1675.3821290996257
1160 1673 1187.3349885789173 1759.5335232105508 1265 1735 1237.6650114210827 1648.4664767894492
1245 1643 1271.4282109127385 1726.6629653540303 1359 1699 1332.5717890872615 1615.3370346459697
1355 1612 1379.3870106040747 1689.2012010193869 1456 1665 1431.6129893959253 1587.7987989806131
1440 1587 1463.5564767146686 1661.5720057157716 1573 1627 1549.4435232853314 1552.4279942842284
1550 1536 1582.3542298315278 1638.4227791426752 1666 1612 1633.6457701684722 1509.5772208573248
1666 1517 1695.8749437628296 1611.5741803422081 1780 1585 1750.1250562371704 1490.4258196577919
1766 1493 1789.6010279913182 1567.7130403066917 1871 1542 1847.3989720086818 1467.2869596933083
1856 1454 1881.5815591847675 1534.9827463101446 1967 1508 1941.4184408152325 1427.0172536898554
1986 1410 2012.4131794281861 1493.6153806508719 2103 1465 2076.586820571814 1381.3846193491281
2088 1379 2114.3068726823094 1462.2788486916497 2188 1439 2161.6931273176906 1355.7211513083503
2187 1351 2210.026572516303 1423.8945044753286 2292 1398 2268.973427483697 1325.1054955246714
2278 1318 2300.2099837574365 1388.3094548377599 2374 1365 2351.7900162425635 1294.6905451622401
2385 1269 2409.221121096996 1345.6760497660862 2500 1317 2475.778878903004 1240.3239502339138
2483 1235 2512.043323519411 1326.941546001481 2591 1302 2561.956676480589 1210.058453998519
2580 1224 2604.1604519817815 1300.4839914348959 2688 1274 2663.8395480182185 1197.5160085651041
2683 1185 2709.352510312972 1268.4233223196813 2793 1242 2766.647489687028 1158.5766776803187
3361 988 3387.1404399982243 1070.751977919793 3456 1049 3429.8595600017757 966.2480220802069
3466 970 3490.689269826134 1048.158053638227 3564 1025 3539.310730173866 946.8419463617729
3551 935 3577.8061707345646 1019.8594610072196 3666 992 3639.1938292654354 907.1405389927804
3651 898 3673.995966370193 970.7976155504556 3743 949 3720.004033629807 876.2023844495444
3740 853 3765.3694888700197 933.3114019102563 3836 911 3810.6305111299803 830.6885980897437
3831 832 3855.1303890126774 908.3888220285786 3945 880 3920.8696109873226 803.6111779714214
3932 803 3957.0521981634083 882.3069645882575 4034 858 4008.9478018365917 778.6930354117425
4030 762 4056.9269657879872 847.2418581510444 4140 821 4113.073034212012 735.7581418489556
4147 745 4170.510295907 819.4258125691839 4251 794 4227.489704093 719.5741874308161
4247 694 4274.940050200043 782.4489479667867 4365 754 4337.059949799957 665.5510520332133
174 2110 196.7844392324516 2182.127990669123 270 2159 247.2155607675484 2086.872009330877
281 2072 305.8095217025505 2150.538731263496 355 2135 330.1904782974495 2056.461268736504
356 2044 382.579068935265 2128.1405319041723 459 2104 432.420931064735 2019.8594680958274
452 2003 480.4838995289477 2093.1705948732765 557 2069 528.5161004710523 1978.8294051267233
578 1976 604.5339744816089 2059.9977777946965 690 2033 663.4660255183911 1949.0022222053033
678 1948 702.4777426883932 2025.4884287568946 780 2001 755.5222573116068 1923.5115712431054
797 1907 821.7794587334465 1985.443561857179 877 1968 852.2205412665535 1889.556438142821
888 1874 911.2982255922524 1947.7544681692957 977 1927 953.7017744077476 1853.2455318307043
988 1830 1018.4037616071826 1926.2482425455394 1092 1903 1061.5962383928174 1806.7517574544606
1086 1805 1111.9745504911457 1887.2268266664923 1195 1861 1169.0254495088543 1778.7731733335077
1188 1779 1214.8813281573248 1864.0973845230126 1288 1841 1261.1186718426752 1755.9026154769874
1288 1757 1311.0716669699593 1830.0372585848047 1384 1807 1360.9283330300407 1733.9627414151953
1388 1719 1413.0221351943044 1798.2117951819405 1496 1772 1470.9778648056956 1692.7882048180595
1489 1684 1512.223068169492 1757.5165446535025 1593 1732 1569.776931830508 1658.4834553464975
1599 1630 1630.2504133351533 1728.928461589425 1706 1705 1674.7495866648467 1606.071538410575
1706 1610 1731.2637253011496 1689.9765894695902 1804 1667 1778.7362746988504 1587.0234105304098
1798 1582 1825.289894125261 1668.3907691010747 1912 1641 1884.710105874739 1554.6092308989253
1893 1541 1925.6865520226913 1644.4748011678325 2000 1621 1967.3134479773087 1517.5251988321675
1990 1525 2014.6441753724782 1603.0152995287513 2097 1577 2072.3558246275215 1498.9847004712487
2113 1494 2139.594100419817 1578.188116607331 2213 1555 2186.405899580183 1470.811883392669
2208 1473 2230.6636441790292 1544.745593525298 2309 1520 2286.3363558209708 1448.254406474702
2332 1431 2357.081717955506 1510.400414476019 2409 1494 2383.918282044494 1414.599585523981
2410 1389 2439.920038216486 1483.716934451684 2515 1460 2485.079961783514 1365.283065548316
2512 1361 2537.309362931812 1441.1210630976218 2620 1415 2594.690637068188 1334.8789369023782
2624 1337 2650.549005966161 1421.0453624978552 2733 1395 2706.450994033839 1310.9546375021448
3152 1161 3179.7430113698474 1248.8251882700572 3252 1226 3224.2569886301526 1138.1748117299428
3256 1125 3279.4195638226815 1199.1385848316763 3359 1174 3335.5804361773185 1099.8614151683237
3363 1083 3387.6441753724785 1161.0152995287513 3470 1135 3445.3558246275215 1056.9847004712487
3473 1065 3495.300715841755 1135.5966825752678 3570 1112 3547.699284158245 1041.4033174247322
3582 1036 3606.5835062572637 1113.823241197561 3682 1090 3657.4164937427363 1012.1767588024392
3693 1001 3718.308819754806 1081.119343579066 3782 1061 3756.691180245194 980.880656420934
3778 971 3800.482180010392 1042.171138050283 3877 1018 3854.517819989608 946.828861949717
3860 948 3882.6636441790292 1019.7455935252982 3961 995 3938.3363558209708 923.2544064747018
3956 895 3987.2504133351536 993.9284615894251 4063 970 4031.7495866648464 871.0715384105749
4069 883 4094.173536393838 962.6910812506383 4185 934 4159.826463606162 854.3089187493617
4177 842 4202.248693816598 921.9290047664315 4278 898 4252.751306183402 818.0709952335685
300 2179 334.37985547863303 2287.8352392556044 413 2263 378.62014452136697 2154.1647607443956
407 2162 432.324394416364 2242.1686478007805 512 2217 486.675605583636 2136.8313521992195
507 2106 536.2398191726 2198.563586179655 614 2174 584.7601808274 2081.436413820345
601 2095 628.940050200043 2183.448947966787 719 2155 691.059949799957 2066.551052033213
709 2064 734.8993930683855 2145.988903150699 833 2115 807.1006069316145 2033.0110968493009
822 2016 849.1991620409426 2102.1035413635673 935 2075 907.8008379590574 1988.896458636433
924 1982 948.7950333950049 2060.4928660788937 1020 2038 995.2049666049952 1959.5071339211067
1028 1931 1055.8031373080557 2019.0155270826917 1116 2000 1088.1968626919443 1911.9844729173083
1117 1914 1145.4538365598437 2004.0754254669594 1228 1978 1199.5461634401563 1887.9245745330406
1217 1882 1245.318010021869 1971.6454436199758 1336 1943 1307.681989978131 1853.3545563800242
1327 1851 1352.7930863225088 1932.6523711914772 1434 1907 1408.2069136774912 1825.3476288085228
1416 1836 1440.5840494342701 1913.8249607161167 1535 1884 1510.4159505657299 1806.1750392838833
1525 1801 1550.5965906693195 1882.0303310133033 1633 1856 1607.4034093306805 1774.9696689866967
1630 1772 1655.9444875220415 1854.131657260175 1745 1826 1719.0555124779585 1743.868342739825
1727 1727 1756.346125918477 1819.900118138877 1851 1790 1821.653874081523 1697.099881861123
1843 1709 1866.9183186979299 1784.7174776286904 1942 1761 1918.0816813020701 1685.2825223713096
1932 1668 1956.8106080565633 1746.542170300608 2044 1719 2019.1893919434367 1640.457829699392
2028 1630 2051.3138002538108 1703.8037723910102 2133 1678 2109.6861997461892 1604.19622760899
2135 1593 2162.6979169161914 1680.6824341605811 2244 1655 2216.3020830838086 1567.3175658394189
2249 1577 2276.0176978723057 1662.5290858885521 2360 1636 2332.9823021276943 1550.4709141114479
2350 1534 2373.706791560189 1609.0478527473579 2453 1584 2429.293208439811 1508.9521472526421
2473 1495 2497.9759543866357 1574.0656020353529 2552 1557 2527.0240456133643 1477.9343979646471
2552 1470 2576.069719897463 1546.1967636973882 2659 1520 2634.930280102537 1443.8032363026118
3201 1283 3224.7212798677347 1358.0937179319608 3282 1340 3258.2787201322653 1264.9062820680392
3290 1263 3314.039656928359 1339.101594291071 3403 1311 3378.960343071641 1234.898405708929
3400 1220 3428.9525914350925 1311.6543182639734 3507 1287 3478.0474085649075 1195.3456817360266
3499 1179 3527.7560957819032 1270.0322780857994 3607 1245 3578.2439042180968 1153.9677219142006
3614 1147 3641.1535244102806 1232.9590677355354 3717 1209 3689.8464755897194 1123.0409322644646
3710 1119 3735.339425900916 1199.216232503939 3812 1175 3786.660574099084 1094.783767496061
3811 1073 3839.5896630978186 1163.505407313943 3914 1140 3885.4103369021814 1049.494592686057
3908 1043 3933.9138813759314 1125.034768335302 4010 1101 3984.0861186240686 1018.965231664698
3994 1029 4016.482180010392 1100.171138050283 4093 1076 4070.517819989608 1004.828861949717
4097 981 4125.876890835326 1072.4146752296242 4200 1049 4171.123109164674 957.5853247703757
4216 943 4248.278529231761 1045.1831361083262 4328 1020 4295.721470768239 917.8168638916737
4298 915 4325.093941649078 1000.7704484414569 4432 967 4404.906058350922 881.2295515585431
4418 888 4449.008823228308 986.1636673017754 4535 959 4503.991176771692 860.8363326982246
4506 852 4534.938103127547 943.6084530793705 4635 912 4606.061896872453 820.3915469206295
316 2286 345.51201542555555 2379.4252693921776 426 2354 396.48798457444445 2260.5747306078224
440 2244 466.50282515849227 2327.899169351268 520 2311 493.49717484150773 2227.100830648732
529 2216 556.3049256098133 2302.4383538042334 640 2276 612.6950743901867 2189.5616461957666
645 2200 667.9208089474325 2272.5596920346625 752 2246 729.0791910525675 2173.4403079653375
766 2153 791.0967494400583 2232.4479991791777 840 2217 814.9032505599417 2137.5520008208223
862 2119 890.4989310134997 2209.218179576435 964 2186 935.5010689865003 2095.781820423565
955 2088 979.9464345945379 2166.9721521475913 1059 2142 1034.0535654054622 2063.0278478524087
1044 2049 1070.1710461443347 2131.848866844666 1152 2106 1125.828953855665 2023.1511331553338
1139 2028 1164.6271968154301 2109.1272199381765 1260 2079 1234.3728031845699 1997.8727800618235
1258 1987 1283.4301579852347 2067.5034602414466 1361 2043 1335.5698420147655 1962.4965397585534
1370 1955 1392.7688645708931 2027.0786864474087 1450 2009 1427.2311354291069 1936.9213135525913
1454 1930 1481.7129484007435 2017.7300188637398 1560 1993 1532.2870515992565 1905.2699811362602
1549 1909 1574.097835794071 1988.4514382162893 1661 1961 1635.902164205929 1881.5485617837107
1657 1876 1681.0546884129108 1952.1491789942297 1767 1925 1742.9453115870892 1848.8508210057703
1778 1837 1803.0221351943044 1916.2117951819405 1886 1890 1860.9778648056956 1810.7882048180595
1865 1795 1894.043323519411 1886.941546001481 1973 1862 1943.956676480589 1770.058453998519
1966 1773 1994.333041506421 1862.6930283231345 2082 1835 2053.666958493579 1745.3069716768657
2058 1733 2085.622216316425 1820.4427911262321 2163 1796 2135.377783683575 1708.5572088737679
2173 1716 2195.9358404319846 1788.607276737821 2277 1763 2254.0641595680154 1690.392723262179
2281 1688 2304.7824921599554 1763.2874957817069 2388 1737 2364.2175078400446 1661.7125042182931
2385 1640 2408.631090960422 1714.8082097130089 2484 1691 2460.368909039578 1616.1917902869911
2492 1591 2518.6842893271296 1675.473624826283 2574 1658 2547.3157106728704 1573.526375173717
2583 1571 2612.4669209718995 1664.2825152827018 2702 1636 2672.5330790281005 1542.7174847172982
2898 1479 2921.193005200388 1552.421375247185 3008 1525 2984.806994799612 1451.578624752815
3002 1433 3030.8468278662217 1524.319505823307 3111 1499 3082.1531721337783 1407.680494176693
3098 1399 3124.881871334331 1484.0991040415686 3217 1455 3190.118128665669 1369.9008959584314
3219 1387 3242.3288317383626 1460.8513570941686 3321 1436 3297.6711682616374 1362.1486429058314
3330 1347 3355.3700320470266 1427.313121428812 3445 1399 3419.6299679529734 1318.686878571188
3438 1319 3462.674238341582 1397.1104689350684 3539 1373 3514.325761658418 1294.8895310649316
3531 1283 3556.4000950161308 1363.4082908351293 3640 1337 3614.5999049838692 1256.5917091648707
3633 1260 3657.2511840661 1336.7712191724036 3742 1310 3717.7488159339 1233.2287808275964
3745 1209 3770.2637253011494 1288.9765894695902 3843 1266 3817.7362746988506 1186.0234105304098
3833 1170 3861.7104581512413 1260.8878044577677 3931 1239 3902.2895418487587 1148.1121955422323
3937 1159 3959.3613849569697 1229.788740906458 4041 1204 4018.6386150430303 1133.211259093542
4025 1110 4057.3692613160797 1212.4703638458338 4138 1187 4105.630738683921 1084.5296361541662
4140 1084 4166.427667735732 1167.6612458354746 4235 1146 4208.572332264268 1062.3387541645254
4249 1060 4273.7349074567965 1138.302527266259 4357 1112 4332.2650925432035 1033.697472733741
4349 1027 4371.649155871483 1098.6997283406952 4472 1067 4449.350844128517 995.3002716593047
4460 987 4489.829306132167 1081.4297067141763 4564 1058 4534.170693867833 963.5702932858237
4554 967 4583.768637016952 1061.2376483829862 4651 1040 4621.231362983048 945.7623516170138
4653 937 4680.288807771249 1023.3873300639632 4729 1008 4701.711192228751 921.6126699360368
1319 2548 1343.65920685703 2626.0628842319097 1423 2601 1398.34079314297 2522.9371157680903
1417 2520 1441.0090507822486 2596.004705366198 1517 2572 1492.9909492177514 2495.995294633802
1512 2492 1539.6071848318727 2579.3952064230734 1620 2554 1592.3928151681273 2466.6047935769266
1613 2449 1641.2874038757586 2538.5485546951027 1719 2514 1690.7125961242414 2424.4514453048973
1718 2408 1748.3286041844221 2504.010319029746 1837 2476 1806.6713958155779 2379.989680970254
1835 2378 1859.7037581336801 2456.20391882283 1911 2440 1886.2962418663199 2361.79608117717
1928 2344 1958.9481541130938 2441.971608970585 2038 2417 2007.0518458869062 2319.028391029415
2024 2335 2049.672291269086 2416.2699740476523 2136 2389 2110.327708730914 2307.7300259523477
2119 2282 2155.285229249322 2396.867021743264 2253 2366 2216.714770750678 2251.132978256736
2238 2253 2263.687322753638 2334.317558750811 2347 2308 2321.312677246362 2226.682441249189
2340 2219 2371.9762700097017 2320.226283489486 2455 2294 2423.0237299902983 2192.773716510514
3158 1956 3185.033272533864 2041.5783901102664 3285 2010 3257.966727466136 1924.4216098897336
3267 1931 3293.74550161935 2015.6674026760293 3375 1990 3348.25449838065 1905.3325973239707
3389 1903 3413.6130260493615 1980.9166910853223 3464 1965 3439.3869739506385 1887.0833089146777
3513 1868 3536.857106405709 1943.5236997789443 3586 1928 3562.142893594291 1852.4763002210557
3600 1832 3625.3544573854683 1912.2638172070979 3699 1889 3673.6455426145317 1808.7361827929021
3709 1793 3731.3307788108586 1863.691851981585 3800 1842 3777.6692211891414 1771.308148018415
3792 1765 3816.6441753724785 1843.0152995287513 3899 1817 3874.3558246275215 1738.9847004712487
3892 1734 3918.4888800279527 1817.8550236852209 4013 1788 3986.5111199720473 1704.1449763147791
4003 1703 4030.168555894832 1789.0066524386941 4103 1766 4075.8314441051675 1679.9933475613059
4116 1677 4141.309362931813 1757.1210630976216 4224 1731 4198.690637068187 1650.8789369023784
4215 1632 4241.276809713206 1715.1836792853326 4321 1690 4294.723190286794 1606.8163207146674
4309 1595 4336.652822462535 1682.5396800511055 4427 1654 4399.347177537465 1566.4603199488945
4415 1569 4441.941997272539 1654.2894428542031 4522 1629 4495.058002727461 1543.7105571457969
4536 1553 4558.527274464048 1624.3138921597588 4626 1603 4603.472725535952 1531.6861078402412
4619 1522 4646.713491577751 1609.7317383822956 4744 1579 4716.286508422249 1491.2682616177044
4728 1490 4753.943944345036 1572.1299377416192 4824 1550 4798.056055654964 1467.8700622583808
1558 2589 1580.4064794106255 2659.9314950159337 1653 2637 1630.5935205893745 2566.0685049840663
1646 2558 1672.2617782286534 2641.136094582174 1755 2615 1728.7382217713466 2531.863905417826
1745 2528 1774.1641185728336 2620.323943145306 1848 2597 1818.8358814271664 2504.676056854694
1859 2490 1882.2987687692587 2563.7561876878517 1967 2537 1943.7012312307413 2463.2438123121483
1949 2460 1977.0307822843613 2548.7361757042945 2068 2520 2039.9692177156385 2431.263824295706
2076 2419 2100.96146607909 2498.0197368507497 2177 2474 2152.03853392091 2394.9802631492503
2166 2399 2191.8081178070606 2480.699955894636 2270 2456 2244.1918821929394 2374.300044105364
2262 2351 2294.29410389332 2453.232440330041 2390 2423 2357.70589610668 2320.767559669959
2385 2320 2414.1490870882817 2412.2763584421473 2491 2388 2461.8509129117183 2295.7236415578527
3299 2040 3320.907724535377 2109.35260221892 3398 2085 3376.092275464623 2015.64739778108
3423 2004 3446.1473675697257 2077.2769016191537 3523 2053 3499.8526324302743 1979.7230983808465
3519 1970 3544.142930247727 2049.5941923257656 3622 2025 3596.857069752273 1945.4058076742347
3610 1943 3636.9570287570914 2028.3370275573616 3714 2004 3687.0429712429086 1918.6629724426384
3724 1901 3750.6848325041356 1985.4753443448387 3825 1962 3798.3151674958644 1877.5246556551613
3827 1866 3851.6436321954716 1944.0135800101955 3915 1924 3890.3563678045284 1845.9864199898045
3919 1841 3944.6422282999824 1922.174804641335 4037 1893 4011.3577717000176 1811.825195358665
4041 1805 4069.19667179144 1894.2613269575952 4146 1870 4117.80332820856 1780.7386730424048
4247 1747 4271.976497563642 1826.0673215539086 4345 1803 4320.023502436358 1723.9326784460914
4347 1705 4375.378135960077 1794.8357824326104 4454 1770 4425.621864039923 1680.1642175673896
4442 1685 4466.765513602907 1763.3994161911319 4563 1733 4538.234486397093 1654.6005838088681
4547 1652 4576.436314825789 1745.1856263578286 4653 1721 4623.563685174211 1627.8143736421714
4641 1622 4664.978987813144 1697.9095359598807 4747 1672 4723.021012186856 1596.0904640401193
4756 1583 4783.394571340119 1669.7221425046296 4830 1655 4802.605428659881 1568.2778574953704
1782 2622 1807.0221351943044 2701.2117951819405 1890 2675 1864.9778648056956 2595.7882048180595
1885 2574 1913.3024353603107 2663.596139398261 1988 2640 1959.6975646396893 2550.403860601739
2005 2549 2029.6892698261343 2627.158053638227 2103 2604 2078.310730173866 2525.841946361773
2093 2514 2122.1490870882817 2606.2763584421473 2199 2582 2169.8509129117183 2489.7236415578527
2195 2501 2220.218630847494 2580.8338353601143 2302 2555 2276.781369152506 2475.1661646398857
2313 2457 2337.250640889094 2533.7694996538476 2403 2513 2378.749359110906 2436.2305003461524
3445 2104 3471.171046144335 2186.848866844666 3553 2161 3526.828953855665 2078.151133155334
3556 2073 3579.4646582763376 2147.281338941152 3650 2125 3626.5353417236624 2050.718661058848
3664 2035 3690.5339744816088 2118.9977777946965 3776 2092 3749.4660255183912 2008.0022222053033
3761 2005 3785.689269826134 2083.158053638227 3859 2060 3834.310730173866 1981.841946361773
3951 1937 3975.629143887926 2014.9677148255926 4061 1988 4036.370856112074 1910.0322851744074
4066 1906 4092.473305366395 1989.8057194635062 4171 1965 4144.526694633605 1881.1942805364938
4167 1876 4191.749938941349 1954.3501119694176 4272 1929 4247.250061058651 1850.6498880305824
4270 1842 4294.1293026586645 1918.385382991467 4346 1902 4321.8706973413355 1825.614617008533
4365 1817 4388.434595307233 1891.186169534835 4465 1867 4441.565404692767 1792.813830465165
4472 1785 4496.281247035204 1861.8663885787207 4575 1837 4550.718752964796 1760.1336114212793
4581 1754 4601.9402777539835 1820.289986031209 4682 1795 4661.0597222460165 1728.710013968791
1941 2691 1965.3107668273017 2767.9598384664823 2019 2751 1994.6892331726983 2674.0401615335177
2035 2659 2059.7649704259006 2737.397696672576 2137 2713 2112.2350295740994 2634.602303327424
2147 2624 2170.2676194461424 2697.6575792444223 2223 2681 2199.7323805538576 2607.3424207555777
2238 2608 2257.7306976887385 2670.460856037293 2332 2647 2312.2693023112615 2584.539143962707
2346 2562 2368.224472064982 2632.355320022363 2420 2616 2397.775527935018 2545.644679977637
3595 2171 3618.721823044741 2246.0954374505163 3695 2222 3671.278176955259 2146.9045625494837
3701 2140 3722.3783635140176 2207.676820497033 3791 2186 3769.6216364859824 2118.323179502967
3815 2101 3840.776968483944 2182.601347451207 3887 2168 3861.223031516056 2086.398652548793
3880 2066 3907.1835873793843 2152.054237141853 3977 2130 3949.8164126206157 2043.9457628581472
3995 2037 4020.445732646793 2117.552764463161 4114 2088 4088.5542673532073 2007.4472355368387
4106 2005 4131.626653638424 2086.1255004196205 4208 2062 4182.373346361576 1980.8744995803795
4198 1984 4221.978987813144 2059.909535959881 4304 2034 4280.021012186856 1958.0904640401193
4296 1946 4324.650332213033 2036.6974656451332 4406 2011 4377.349667786967 1920.3025343548668
4393 1913 4418.309362931813 1993.1210630976216 4501 1967 4475.690637068187 1886.8789369023784
4510 1891 4532.754376263348 1963.0328212628058 4612 1938 4589.245623736652 1865.9671787371942
2164 2729 2188.4331914117433 2806.3473941659745 2294 2773 2269.5668085882567 2695.6526058340255
2266 2690 2294.3024353603105 2779.596139398261 2369 2756 2340.6975646396895 2666.403860601739
2371 2662 2395.0686335434502 2738.1933246602766 2440 2724 2415.9313664565498 2647.8066753397234
3812 2222 3836.1454204972297 2298.4364067317374 3923 2271 3898.8545795027703 2194.5635932682626
3920 2185 3947.0627923259617 2270.6718399980277 4022 2247 3994.9372076740383 2161.3281600019723
4019 2151 4047.0458137689134 2239.783760407453 4135 2212 4106.954186231087 2123.216239592547
4124 2113 4151.199162040943 2199.1035413635673 4237 2172 4209.800837959057 2085.8964586364327
4239 2078 4266.78864900051 2165.969661898089 4349 2140 4321.21135099949 2052.030338101911
2219 2830 2243.2356094045417 2906.721914950689 2312 2885 2287.7643905954583 2808.278085049311
2313 2804 2333.1236889951165 2867.7049363936408 2405 2845 2384.8763110048835 2781.2950636063592
2406 2778 2428.3613849569697 2848.788740906458 2510 2823 2487.6386150430303 2752.211259093542
4159 2211 4186.002666387753 2296.4815011853934 4273 2269 4245.997333612247 2183.5184988146066
4265 2174 4289.976497563642 2253.067321553908 4363 2230 4338.023502436358 2150.932678446092
2343 2899 2370.6367046239707 2986.488656310835 2426 2969 2398.3632953760293 2881.511343689165
# Transcript
LHSTONDE
******MHDEKATENEIG**
*DHMOSIOYOPWSANODHMOS
ENEGKASWNKAILABOYSWNMH
*RATONDETONNOMONOFEILETW
HNEIHOIDHMOSIOIOIENTHIAKRID
TONDETONNOMONMASTIGOYSQWEK*SAYTWN
IONANATIQENAITAANAQHMATA**CR*HARGRAPO
SIOYSMIAMMENDWREANWNLAMBAN***TOYDHMOYAN
TIQENAICRYSAHARGYRAKAIEANSALLOILABWS**
ROYNTONDENOMONTONDEKAIT*ITHSEXETASEWST
EIKAISTHSAIENAKROPOLHIEDETHNANAGRAFHNMERI
THSSKIROFORTHIISTAMENOYNOMO
GOSLYKOFR*ADHSEIPEOPWSLI
*ORHSOI**TAKAAKAITAL**
*ISIDI**TOISMHDEKA*
**WRI***LEYOY
NAPSE
I*
