# Baseline angle
-0.06315605527311519
# Boxes: x1 y1 x2 y2 x3 y3 x4 y4
249 437 257.24622397837663 567.3953699539785 390 559 381.75377602162337 428.60463004602144
426 435 433.60762876945853 555.2974319479201 549 548 541.3923712305416 427.70256805207987
579 420 586.3643884873879 536.4511373709762 720 528 712.6356115126121 411.5488626290239
741 414 747.8766697196892 522.7389688300362 807 519 800.1233302803108 410.2610311699637
566 557 571.2227880092727 639.5865725265415 707 631 701.7772119907273 548.4134274734585
743 534 748.9333378623402 627.8223103872217 841 622 835.0666621376598 528.1776896127783
855 526 860.7595607204868 617.0744181688025 941 612 935.2404392795132 520.9255818311975
441 570 447.2012244074792 668.0583298369335 543 662 536.7987755925209 563.9416701630665
450 690 455.12569483999505 771.0512637887301 535 766 529.874305160005 684.9487362112699
608 657 614.5306073189784 760.2667751464575 682 756 675.4693926810216 652.7332248535425
735 652 741.5831372905456 756.0974177647195 838 750 831.4168627094544 645.9025822352805
860 635 866.0879440110497 731.267056735489 981 724 974.9120559889503 627.732943264511
987 614 994.1779152432513 727.5024850278583 1097 721 1089.8220847567488 607.4975149721417
1110 623 1116.658821642185 728.2941945024897 1232 721 1225.341178357815 615.7058054975103
285 802 290.32735569034725 886.2400737526438 389 880 383.67264430965275 795.7599262473562
598 771 604.3670347754758 871.6802455566401 710 865 703.6329652245242 764.3197544433599
741 772 746.3983107135604 857.3620668644279 847 851 841.6016892864396 765.6379331355721
870 758 875.2770635432742 841.4448172642708 993 834 987.7229364567258 750.5551827357292
1005 746 1010.8384825175567 838.3223877792994 1095 833 1089.1615174824433 740.6776122207006
1125 737 1130.7954112028424 828.6413124130096 1220 823 1214.2045887971576 731.3586875869904
1252 727 1257.197395804706 809.1850522771441 1355 803 1349.802604195294 720.8149477228559
1370 712 1376.4636356826936 814.2077702840294 1443 810 1436.5363643173064 707.7922297159706
285 904 292.096501942249 1016.2151179212643 422 1008 414.903498057751 895.7848820787357
607 902 611.965359741923 980.5159270716395 715 974 710.034640258077 895.4840729283605
764 872 771.0989934461815 984.2545154173613 870 978 862.9010065538185 865.7454845826387
886 866 893.5710323456049 985.7187423270834 984 980 976.4289676543951 860.2812576729166
1010 863 1016.7626433817617 969.9359003519621 1079 966 1072.2373566182382 859.0640996480379
1265 843 1271.0864521280537 939.2434659822296 1354 934 1347.9135478719463 837.7565340177704
1368 830 1374.4459565725456 931.928215167137 1484 925 1477.5540434274544 823.071784832863
1516 815 1522.8813990481158 923.8137524560224 1599 919 1592.1186009518842 810.1862475439776
625 1028 630.6694347041297 1117.6492791868664 720 1112 714.3305652958703 1022.3507208131338
470 1035 477.76323453910425 1157.7579850390248 553 1153 545.2367654608956 1030.2420149609752
770 1005 777.3198252896776 1120.7464712514268 884 1114 876.6801747103224 998.2535287485733
626 1148 632.8629739964696 1256.5224019625 736 1250 729.1370260035304 1141.4775980375
793 1139 799.4292770833341 1240.6644667930818 889 1235 882.5707229166659 1133.3355332069182
917 1119 924.0775846285434 1230.9159834173201 986 1227 978.9224153714566 1115.0840165826799
1125 1113 1131.0042928855532 1207.944303499006 1225 1202 1218.9957071144468 1107.055696500994
1284 1095 1290.4404813026213 1196.8416361645213 1367 1192 1360.5595186973787 1090.1583638354787
1543 1063 1550.739334217534 1185.3800555428868 1620 1181 1612.260665782466 1058.6199444571132
1683 1066 1689.9682876190423 1176.187698565232 1772 1171 1765.0317123809577 1060.812301434768
1833 1040 1839.8542612811148 1148.3846300871578 1925 1143 1918.1457387188852 1034.6153699128422
1970 1040 1977.122147826254 1152.6206495368695 2066 1147 2058.8778521737463 1034.3793504631305
481 1273 487.71633462161697 1379.2036321129456 570 1374 563.2836653783829 1267.7963678870544
642 1271 646.995734954354 1349.9962423132306 726 1345 721.004265045646 1266.0037576867694
786 1253 792.0035469440554 1347.9325081223762 870 1343 863.9964530559446 1248.0674918776238
909 1252 914.414244261274 1337.6140198618534 1019 1331 1013.585755738726 1245.3859801381466
1027 1226 1033.5034695519776 1328.8376527775927 1110 1324 1103.4965304480224 1221.1623472224073
1155 1222 1161.5027236104795 1324.825857400963 1222 1321 1215.4972763895205 1218.174142599037
1533 1190 1539.724301395474 1296.3296086116582 1624 1291 1617.275698604526 1184.6703913883418
1695 1184 1700.998817615629 1278.8577244963903 1762 1275 1756.001182384371 1180.1422755036097
1813 1167 1818.8917584306218 1260.1648257741913 1948 1252 1942.1082415693782 1158.8351742258087
1970 1159 1976.0672811349098 1254.9403201120776 2070 1249 2063.9327188650905 1153.0596798879224
2106 1156 2111.961221570839 1250.263228132716 2211 1244 2205.038778429161 1149.736771867284
2251 1142 2257.0513475871962 1237.6883671146525 2347 1232 2340.9486524128038 1136.3116328853475
648 1397 654.5592369689753 1500.7194882685815 745 1495 738.4407630310247 1391.2805117314185
497 1407 504.0830598984678 1519.002562419936 599 1513 591.9169401015322 1400.997437580064
329 1428 334.90620009533944 1521.3931880183573 436 1515 430.09379990466056 1421.6068119816427
800 1383 806.8335984049749 1491.0578934637463 871 1487 864.1664015950251 1378.9421065362537
924 1373 931.0631429638258 1484.6876211731542 1021 1479 1013.9368570361742 1367.3123788268458
1044 1360 1051.9753536672456 1486.1121689977479 1117 1482 1109.0246463327544 1355.8878310022521
1154 1361 1160.5751705166888 1464.9714412660069 1255 1459 1248.4248294833112 1355.0285587339931
1845 1309 1850.9691883446958 1403.3892046314286 1952 1397 1946.0308116553042 1302.6107953685714
1988 1289 1994.1223026104092 1385.8103602264364 2086 1380 2079.877697389591 1283.1896397735636
1541 1343 1546.4222110351309 1428.739996360566 1653 1422 1647.5777889648691 1336.260003639434
1702 1320 1707.8583994521987 1412.6373290260813 1797 1407 1791.1416005478013 1314.3626709739187
2113 1288 2118.961221570839 1382.263228132716 2218 1376 2212.038778429161 1281.736771867284
2254 1265 2260.508198880404 1367.9124364035788 2354 1362 2347.491801119596 1259.0875635964212
2386 1256 2392.3662888339777 1356.6684501800105 2482 1351 2475.6337111660223 1250.3315498199895
2524 1255 2530.1606445966972 1352.4166519667403 2600 1348 2593.8393554033028 1250.5833480332597
513 1548 518.5275246577035 1635.4052929632976 604 1630 598.4724753422965 1542.5947070367024
663 1528 669.0234638786974 1623.247449369158 752 1618 745.9765361213026 1522.752550630842
803 1523 808.5434582054171 1610.6572459607232 898 1605 892.4565417945829 1517.3427540392768
923 1523 928.7005558580589 1613.1413898050873 1010 1608 1004.2994441419411 1517.8586101949127
1041 1504 1046.7483565011996 1594.8972487973633 1140 1589 1134.2516434988004 1498.1027512026367
1158 1497 1163.2205501847786 1579.5511863966524 1251 1574 1245.7794498152214 1491.4488136033476
1275 1477 1282.1587442501075 1590.1993391577062 1396 1583 1388.8412557498925 1469.8006608422938
1425 1473 1431.2203954006231 1571.3614757070852 1516 1566 1509.7796045993769 1467.6385242929148
1550 1464 1555.414244261274 1549.6140198618534 1660 1543 1654.585755738726 1457.3859801381466
1701 1449 1706.5912588485578 1537.4131049529992 1808 1531 1802.4087411514422 1442.5868950470008
1995 1429 2000.334576522706 1513.3542548747268 2085 1508 2079.6654234772936 1423.6457451252734
2139 1400 2145.5042154934754 1502.8494481542225 2238 1497 2231.4957845065246 1394.1505518457775
2279 1415 2283.7836158262126 1490.6420583545075 2373 1485 2368.2163841737874 1409.3579416454925
2418 1396 2424.1008937927713 1492.4718282263952 2479 1489 2472.8991062072287 1392.5281717736048
2525 1385 2531.2642126568353 1484.0543464500051 2627 1478 2620.7357873431647 1378.9456535499949
2674 1366 2680.187782363698 1463.845774335605 2741 1460 2734.812217636302 1362.154225664395
2787 1365 2793.508198880404 1467.9124364035788 2887 1462 2880.491801119596 1359.0875635964212
2948 1362 2953.3704270050616 1446.9211491189335 3047 1441 3041.6295729949384 1356.0788508810665
1015 1114 1021.1382361581227 1211.0623132238618 1117 1205 1110.861763841877 1107.9376867761382
828 1640 834.407868265696 1741.3259347930407 887 1738 880.592131734304 1636.6740652069593
941 1627 947.2482791091219 1725.8023934525797 1039 1720 1032.751720890878 1621.1976065474203
1059 1635 1064.1926664762798 1717.110268651158 1145 1712 1139.8073335237202 1629.889731348842
1185 1607 1191.7282847824022 1713.3925968610145 1277 1708 1270.2717152175978 1601.6074031389855
1432 1589 1437.9293544754119 1682.7593221378654 1529 1677 1523.0706455245881 1583.2406778621346
1571 1587 1576.4373986413464 1672.9801539813616 1671 1667 1665.5626013586536 1581.0198460186384
1725 1570 1731.3934266009785 1671.097572548875 1812 1666 1805.6065733990215 1564.902427451125
1861 1556 1866.6774014779865 1645.775255685579 1958 1640 1952.3225985220135 1550.224744314421
2134 1533 2139.90943754077 1626.4443808910837 2226 1621 2220.09056245923 1527.5556191089163
2280 1532 2285.351256011918 1616.6180032487816 2390 1610 2384.648743988082 1525.3819967512184
2403 1518 2408.921387701555 1611.6333456391526 2498 1606 2492.078612298445 1512.3666543608474
2532 1503 2537.7563232750563 1594.023225296076 2633 1588 2627.2436767249437 1496.976774703924
2656 1493 2661.961221570839 1587.263228132716 2761 1581 2755.038778429161 1486.736771867284
2799 1488 2804.2715882733496 1571.358238261655 2889 1566 2883.7284117266504 1482.641761738345
2947 1462 2953.8024772510457 1569.5657828455255 3026 1565 3019.1975227489543 1457.4342171544745
644 1792 649.9579841254086 1886.2120352599895 764 1879 758.0420158745914 1784.7879647400105
947 1742 954.0862973438982 1854.0537552926626 1034 1849 1026.9137026561018 1736.9462447073374
1071 1742 1078.0225631530438 1853.0459433029612 1142 1849 1134.9774368469562 1737.9540566970388
1174 1738 1179.6502637109857 1827.3461333167145 1280 1821 1274.3497362890143 1731.6538666832855
1314 1728 1320.031430652554 1823.3734258678705 1405 1818 1398.968569347446 1722.6265741321295
1432 1720 1438.6301919921882 1824.8414813803656 1531 1819 1524.3698080078118 1714.1585186196344
1575 1705 1581.9179954719693 1814.392442076859 1683 1808 1676.0820045280307 1698.607557923141
1738 1690 1744.7434723886176 1796.63275448181 1818 1792 1811.2565276113824 1685.36724551819
1864 1687 1870.280892146047 1786.3180948240602 1986 1779 1979.719107853953 1679.6819051759398
2017 1685 2023.0154971048405 1780.1214728704454 2104 1775 2097.9845028951595 1679.8785271295546
2150 1668 2155.465282349845 1754.4210717268559 2257 1748 2251.534717650155 1661.5789282731441
2287 1641 2293.756168490901 1747.833514606509 2386 1742 2379.243831509099 1635.166485393491
2429 1639 2435.246787226126 1737.77880269932 2495 1734 2488.753212773874 1635.22119730068
2543 1626 2549.6859594091857 1731.7233168713542 2656 1725 2649.3140405908143 1619.2766831286458
2675 1627 2680.5825461332033 1715.2753330776566 2764 1710 2758.4174538667967 1621.7246669223434
2806 1625 2811.654247097914 1714.4091215660706 2913 1708 2907.345752902086 1618.5908784339294
2976 1605 2982.352846790197 1705.455894678682 3037 1702 3030.647153209803 1601.544105321318
3388 1571 3393.3823771658467 1656.1101138670028 3490 1650 3484.6176228341533 1564.8898861329972
3508 1555 3514.095164843409 1651.381237857572 3615 1645 3608.904835156591 1548.618762142428
3788 1545 3792.73979857 1619.949187611588 3871 1615 3866.26020143 1540.050812388412
349 1926 355.67400924840064 2031.5343521232853 459 2025 452.32599075159936 1919.4656478767147
502 1926 507.81607407898235 2017.9680490364208 618 2011 612.1839259210176 1919.0319509635792
666 1897 672.637412824547 2001.9556625024486 751 1997 744.362587175453 1892.0443374975514
810 1894 815.3656976766352 1978.8463654929476 892 1974 886.6343023233648 1889.1536345070524
1066 1885 1071.0913362406354 1965.5079602977826 1174 1959 1168.9086637593646 1878.4920397022174
1319 1851 1325.1422195450511 1948.1253014732183 1422 1942 1415.8577804549489 1844.8746985267817
1186 1860 1191.941304636197 1953.9482868859345 1286 1948 1280.058695363803 1854.0517131140655
1442 1850 1448.1143358365525 1946.6843837277238 1538 1941 1531.8856641634475 1844.3156162722762
1577 1830 1583.7250473369718 1936.341403988288 1684 1930 1677.2749526630282 1823.658596011712
1728 1807 1735.433851627605 1924.5495397295008 1839 1918 1831.566148372395 1800.4504602704992
1884 1809 1890.1740866404782 1906.629207468069 1995 1900 1988.8259133595218 1802.370792531931
2037 1796 2043.7307762863345 1902.4319943571113 2098 1899 2091.2692237136657 1792.5680056428887
2166 1780 2172.1063690626956 1876.5584072290112 2260 1871 2253.8936309373044 1774.4415927709888
2324 1774 2330.1399817205574 1871.089915343329 2379 1868 2372.8600182794426 1770.910084656671
2420 1763 2426.7203180085453 1869.2666203623019 2510 1864 2503.2796819914547 1757.7333796376981
2555 1759 2560.602463067845 1847.5902743244385 2649 1842 2643.397536932155 1753.4097256755615
2677 1751 2683.280146204549 1850.3062994474303 2783 1844 2776.719853795451 1744.6937005525697
2816 1756 2821.15830787692 1837.5669651602107 2925 1831 2919.84169212308 1749.4330348397893
2969 1726 2975.401393374835 1827.2235490475875 3058 1822 3051.598606625165 1720.7764509524125
3257 1704 3262.3903439397036 1789.2360903657154 3361 1783 3355.6096560602964 1697.7639096342846
3389 1692 3395.4220562509754 1793.550285670999 3499 1787 3492.5779437490246 1685.449714329001
3532 1679 3538.3901891555483 1780.0463796761483 3634 1774 3627.6098108444517 1672.9536203238517
3665 1672 3670.9062000953395 1765.3931880183573 3772 1759 3766.0937999046605 1665.6068119816427
3795 1652 3801.312013299976 1751.8102054422811 3909 1745 3902.687986700024 1645.1897945577189
3924 1644 3930.520149041189 1747.101401151648 4027 1741 4020.479850958811 1637.898598848352
4036 1637 4041.45333218906 1723.2321069787868 4140 1717 4134.54666781094 1630.7678930212132
4164 1628 4170.2530084375485 1726.8771770785659 4279 1720 4272.7469915624515 1621.1228229214341
516 2044 522.17010325355 2141.5662192187124 626 2135 619.82989674645 2037.4337807812876
671 2020 676.8703496129839 2112.82629377415 769 2107 763.1296503870161 2014.1737062258499
813 2017 819.0361599809805 2112.4482094938567 921 2106 914.9638400190195 2010.5517905061433
1086 1989 1092.565711859836 2092.8218740140346 1153 2089 1146.434288140164 1985.1781259859654
1200 1974 1206.5154197127627 2077.026617525662 1286 2072 1279.4845802872373 1968.9733824743382
1317 1974 1323.1063690626956 2070.558407229011 1411 2065 1404.8936309373044 1968.4415927709888
1454 1960 1460.9531000128268 2069.9475409444362 1555 2064 1548.0468999871732 1954.0524590555638
1585 1955 1590.5992256224147 2043.5390814517118 1694 2037 1688.4007743775853 1948.4609185482882
1762 1935 1768.7865437033322 2042.3138298481 1837 2038 1830.2134562966678 1930.6861701519
1893 1939 1898.5880214031274 2027.3619120802725 2015 2020 2009.4119785968726 1931.6380879197275
2048 1913 2054.2993171976927 2012.6094453175824 2143 2007 2136.7006828023073 1907.3905546824176
2178 1919 2183.217312739348 2001.4999935239257 2286 1995 2280.782687260652 1912.5000064760743
2309 1902 2315.0871980695515 1998.2552613588593 2414 1992 2407.9128019304485 1895.7447386411407
2438 1891 2443.7914278159137 1982.5783241636532 2532 1977 2526.2085721840863 1885.4216758363468
2554 1884 2558.8528252869914 1960.7364493468247 2697 1952 2692.1471747130086 1875.2635506531753
2710 1869 2715.6838763688475 1958.8776414310323 2777 1955 2771.3161236311525 1865.1223585689677
2829 1860 2834.866366226055 1952.7633055247939 2926 1947 2920.133633773945 1854.2366944752061
2983 1854 2988.9652049577676 1948.3262163820725 3089 1942 3083.0347950422324 1847.6737836179275
3546 1808 3551.929354475412 1901.7593221378654 3643 1896 3637.070645524588 1802.2406778621346
3671 1792 3676.8081073051253 1883.8420725377082 3785 1877 3779.1918926948747 1785.1579274622918
3808 1774 3814.2953338107645 1873.5464570682261 3902 1868 3895.7046661892355 1768.4535429317739
3949 1777 3954.6998099165608 1867.1295944284575 4020 1863 4014.3001900834392 1772.8704055715425
4047 1760 4052.29225114949 1843.6849748850664 4158 1837 4152.70774885051 1753.3150251149336
4184 1748 4190.315996686905 1847.8731936916372 4299 1841 4292.684003313095 1741.1268063083628
4358 1741 4363.858399452199 1833.6373290260813 4453 1828 4447.141600547801 1735.3626709739187
4508 1722 4514.987458612186 1832.490844435384 4586 1828 4579.012541387814 1717.509155564616
528 2166 533.2915052079917 2249.6731795084365 623 2244 617.7084947920083 2160.3268204915635
688 2144 693.7324229534861 2234.6452957999377 783 2229 777.2675770465139 2138.3547042000623
822 2138 828.2330915029063 2236.562235831784 932 2230 925.7669084970937 2131.437764168216
979 2120 985.9364205236152 2229.6837925703812 1060 2225 1053.0635794763848 2115.3162074296188
1097 2124 1103.0122596594101 2219.0702799977184 1199 2213 1192.9877403405899 2117.9297200022816
1213 2121 1218.184699702423 2202.9842921524455 1297 2198 1291.815300297577 2116.0157078475545
1337 2094 1343.6613131461174 2199.3335919985866 1428 2194 1421.3386868538826 2088.6664080014134
1455 2092 1461.697163628473 2197.9004862427937 1555 2192 1548.302836371527 2086.0995137572063
1602 2075 1608.4803151719052 2177.4715186580847 1695 2172 1688.5196848280948 2069.5284813419153
1775 2055 1781.2714334891944 2154.168527572088 1863 2149 1856.7285665108056 2049.831472427912
1923 2050 1929.3926806594804 2151.085777172245 1994 2147 1987.6073193405196 2045.9142228277547
2047 2039 2053.3662888339777 2139.66845018001 2143 2134 2136.6337111660223 2033.3315498199895
2179 2033 2184.9062000953395 2126.393188018357 2286 2120 2280.0937999046605 2026.6068119816427
2327 2021 2332.7164894057723 2111.3933428025125 2418 2106 2412.2835105942277 2015.6066571974875
2457 2012 2462.603209009343 2100.602069701068 2567 2094 2561.396790990657 2005.397930298932
2588 1988 2594.788035586328 2095.3374206013596 2695 2089 2688.211964413672 1981.6625793986404
2701 1983 2707.4340064117605 2084.739250419068 2814 2078 2807.5659935882395 1976.260749580932
2832 1962 2839.004138101398 2072.754592809439 2930 2067 2922.995861898602 1956.2454071905609
2992 1960 2998.4220562509754 2061.550285670999 3102 2055 3095.5779437490246 1953.449714329001
3434 1932 3439.8312616851977 2024.2082066572166 3538 2018 3532.1687383148023 1925.7917933427834
3554 1921 3559.480469956061 2007.6612293476517 3649 2002 3643.519530043939 1915.3387706523483
3682 1903 3687.6893516387713 1992.964220433648 3782 1987 3776.3106483612287 1897.035779566352
3817 1906 3822.4142442612742 1991.6140198618534 3927 1985 3921.5857557387258 1899.3859801381466
3962 1894 3968.4556689088367 1996.0817937853167 4033 1992 4026.5443310911633 1889.9182062146833
4069 1881 4075.579153903617 1985.0344295153632 4171 1979 4164.420846096383 1874.9655704846368
4213 1868 4219.205207794407 1966.1213180862899 4316 1960 4309.794792205593 1861.8786819137101
4374 1853 4380.519403099691 1956.089605775018 4461 1951 4454.480596900309 1847.910394224982
391 2311 397.3710181624042 2411.743233805996 504 2405 497.6289818375958 2304.256766194004
548 2279 554.8821449896136 2387.8255478326523 647 2382 640.1178550103864 2273.1744521673477
688 2267 694.0712645218381 2363.0033083614335 789 2357 782.9287354781619 2260.9966916385665
842 2270 847.3074387557052 2353.925132505862 941 2348 935.6925612442948 2264.074867494138
1219 2241 1224.027602049781 2320.5001483080814 1311 2315 1305.972397950219 2235.4998516919186
1350 2219 1355.7523398881278 2309.9602370467196 1450 2304 1444.2476601118722 2213.0397629532804
1753 2177 1759.2044618529096 2275.1095227096603 1840 2270 1833.7955381470904 2171.8904772903397
1907 2162 1913.4133435356205 2263.4125137956567 1999 2258 1992.5866564643795 2156.5874862043433
2051 2169 2056.3791397204163 2254.0589209942764 2168 2247 2162.6208602795837 2161.9410790057236
2185 2150 2191.028193207124 2245.3222329951436 2291 2239 2284.971806792876 2143.6777670048564
2338 2135 2343.5235412707752 2222.3423047139413 2428 2217 2422.4764587292248 2129.6576952860587
2472 2133 2477.911929044702 2226.4837783871803 2533 2223 2527.088070955298 2129.5162216128197
2597 2121 2603.25226249605 2219.8653817019363 2696 2214 2689.74773750395 2115.1346182980637
2718 2119 2724.41010609019 2220.36132092293 2825 2214 2818.58989390981 2112.63867907707
2849 2111 2854.7794776551286 2202.389359415584 2940 2197 2934.2205223448714 2105.610640584416
3022 2090 3028.2794002630512 2189.294504070801 3112 2184 3105.7205997369488 2084.705495929199
3567 2050 3571.988514121995 2128.882061191148 3665 2123 3660.011485878005 2044.1179388088522
3688 2038 3693.662213871771 2127.535098064783 3797 2121 3791.337786128229 2031.4649019352166
3973 2010 3978.8384825175567 2102.3223877793 4063 2097 4057.1615174824433 2004.6776122207007
4082 2014 4087.032331378208 2093.574931934067 4191 2087 4185.967668621793 2007.4250680659327
4211 1987 4217.870194828829 2095.6365830845834 4307 2090 4300.129805171171 1981.363416915417
4383 1983 4388.811344750556 2074.8932654104347 4482 2069 4476.188655249444 1977.1067345895651
415 2428 420.2596381125645 2511.169273513586 502 2506 496.7403618874355 2422.830726486414
561 2407 567.1023856757672 2503.4954189796545 654 2498 647.8976143242328 2401.5045810203455
686 2397 692.5009780480452 2499.798255281496 800 2493 793.4990219519548 2390.201744718504
863 2380 869.1718488159844 2477.59382133818 926 2474 919.8281511840156 2376.40617866182
974 2370 980.2569918244767 2468.9401653279224 1090 2462 1083.7430081755233 2363.0598346720776
1113 2365 1119.1940035751204 2462.9441487148506 1229 2456 1222.8059964248796 2358.0558512851494
1243 2355 1249.14944037741 2452.239482595301 1332 2447 1325.85055962259 2349.760517404699
1364 2338 1370.4994861650491 2440.7746645282364 1446 2436 1439.5005138349509 2333.2253354717636
1472 2318 1479.3509464436067 2434.2385818696475 1578 2428 1570.6490535563933 2311.7614181303525
1600 2317 1607.5478779655325 2436.3526082075755 1708 2430 1700.4521220344675 2310.6473917924245
1765 2315 1770.3233723034189 2399.1770855032873 1868 2393 1862.6766276965811 2308.8229144967127
1925 2300 1930.9492714100538 2394.0742633846467 2027 2388 2021.0507285899462 2293.9257366153533
2196 2284 2201.9963261116964 2378.8183270002933 2294 2373 2288.0036738883036 2278.1816729997067
2342 2276 2346.810753593213 2352.071180723372 2427 2347 2422.189246406787 2270.928819276628
2476 2254 2482.4531774049046 2356.04239628922 2578 2350 2571.5468225950954 2247.95760371078
2595 2238 2601.6931802415443 2343.8374979934374 2694 2338 2687.3068197584557 2232.1625020065626
2725 2242 2730.3472726249893 2326.5550149994256 2834 2320 2828.6527273750107 2235.4449850005744
2868 2216 2874.2634667153375 2315.0425510733753 2954 2310 2947.7365332846625 2210.9574489266247
3016 2211 3022.3862057686197 2311.983391426792 3117 2306 3110.6137942313803 2205.016608573208
3302 2184 3308.524132428118 2287.164389401004 3406 2281 3399.475867571882 2177.835610598996
3438 2177 3444.9570833997554 2287.0105291937925 3540 2281 3533.0429166002446 2170.9894708062075
3843 2148 3849.5233864866195 2251.1525940243746 3931 2246 3924.4766135133805 2142.8474059756254
3946 2131 3951.5999715639123 2219.550876828341 4071 2212 4065.4000284360877 2123.449123171659
4078 2125 4083.804123918197 2216.779084288352 4191 2210 4185.195876081802 2118.220915711648
4222 2113 4228.430023024832 2214.6762621697117 4334 2208 4327.569976975168 2106.3237378302883
4386 2099 4392.960320845185 2209.0617220665195 4473 2204 4466.039679154815 2093.9382779334805
4532 2079 4538.980983721325 2189.3884586899303 4640 2183 4633.019016278675 2072.6115413100697
413 2539 419.24031233526506 2637.676416953867 509 2632 502.75968766473494 2533.323583046133
550 2533 556.4213103094773 2634.5384902943692 644 2629 637.5786896905227 2527.4615097056308
691 2539 696.5083536645594 2626.102147093146 793 2620 787.4916463354406 2532.897852906854
834 2510 840.6262086052599 2614.7784931310093 932 2609 925.3737913947401 2504.2215068689907
980 2503 986.2721794306923 2602.1803229487177 1084 2596 1077.7278205693078 2496.8196770512823
1129 2486 1135.337659183981 2586.215737057886 1202 2582 1195.662340816019 2481.784262942114
1247 2483 1252.445365415203 2569.106130480074 1349 2563 1343.554634584797 2476.893869519926
1374 2460 1381.4355971900393 2577.577141848968 1438 2574 1430.5644028099607 2456.422858151032
1490 2455 1496.6931802415447 2560.8374979934374 1589 2555 1582.3068197584553 2449.1625020065626
1628 2455 1634.8734322742587 2563.6877759573094 1709 2559 1702.1265677257413 2450.3122240426906
1761 2425 1768.1428107023937 2537.947386160281 1878 2531 1870.8571892976063 2418.052613839719
2088 2408 2094.7116052931906 2514.1288484869597 2160 2510 2153.2883947068094 2403.8711515130403
2216 2417 2221.406277487417 2502.4880433631406 2324 2496 2318.593722512583 2410.5119566368594
2360 2390 2366.5632203559035 2493.782476517938 2458 2488 2451.4367796440965 2384.217523482062
2491 2386 2497.0832146826233 2482.192273109503 2595 2476 2588.9167853173767 2379.807726890497
2624 2373 2629.61441322863 2461.779239072507 2721 2456 2715.38558677137 2367.220760927493
2752 2360 2758.1917657506265 2457.908762584961 2820 2454 2813.8082342493735 2356.091237415039
2866 2354 2872.1143358365525 2450.6843837277243 2962 2445 2955.8856641634475 2348.3156162722757
3026 2339 3031.3345765227064 2423.3542548747264 3116 2418 3110.6654234772936 2333.6457451252736
3181 2318 3187.0418889303432 2413.53879986268 3243 2410 3236.9581110696568 2314.46120013732
3316 2309 3322.9730169474688 2419.262482191218 3422 2413 3415.0269830525312 2302.737517808782
3451 2318 3456.4692657367737 2404.4840599762124 3559 2398 3553.5307342632263 2311.5159400237876
3852 2287 3857.4891826714156 2373.799001222994 3965 2367 3959.5108173285844 2280.200998777006
3991 2276 3996.524287212273 2363.354100090571 4097 2357 4091.475712787727 2269.645899909429
4110 2256 4116.236328948336 2354.613428704511 4205 2349 4198.763671051664 2250.386571295489
4234 2250 4239.673418091058 2339.7122674362226 4330 2334 4324.326581908942 2244.2877325637774
4360 2233 4366.815919294827 2340.7783383468536 4474 2334 4467.184080705173 2226.2216616531464
4561 2221 4567.634175379117 2325.904469629722 4661 2320 4654.365824620883 2215.095530370278
425 2671 432.2354282226832 2785.411922638314 502 2781 494.7645717773168 2666.588077361686
575 2665 581.0712645218381 2761.0033083614335 676 2755 669.9287354781619 2658.9966916385665
684 2650 690.1581530927648 2747.3772544706435 791 2741 784.8418469072352 2643.6227455293565
840 2644 845.3975647720624 2729.350271487798 930 2724 924.6024352279376 2638.649728512202
1000 2628 1006.4994861650492 2730.7746645282364 1082 2726 1075.5005138349509 2623.2253354717636
1124 2613 1130.169357312052 2710.5544238420825 1218 2705 1211.830642687948 2607.4455761579175
1249 2604 1255.3264549646938 2704.038567686447 1335 2699 1328.6735450353062 2598.961432313553
1375 2597 1380.9724257901262 2691.4403975041555 1467 2686 1461.0275742098738 2591.5596024958445
1503 2582 1509.3822223816912 2682.9204031774357 1603 2677 1596.6177776183088 2576.0795968225643
1649 2586 1654.7675274943438 2677.200394667515 1737 2672 1731.2324725056562 2580.799605332485
1768 2572 1773.981138505481 2666.5781693794975 1878 2660 1872.018861494519 2565.4218306205025
1927 2563 1931.9820392311344 2641.7796754456945 2055 2634 2050.0179607688656 2555.2203245543055
2095 2548 2101.0513475871962 2643.6883671146525 2191 2638 2184.9486524128038 2542.3116328853475
2230 2536 2235.893503993056 2629.1924278936585 2318 2624 2312.106496006944 2530.8075721063415
2365 2526 2371.0792312956946 2622.1292848601465 2468 2616 2461.9207687043054 2519.8707151398535
2514 2514 2520.352846790197 2614.455894678682 2575 2611 2568.647153209803 2510.544105321318
2634 2501 2640.1048771796995 2597.5348164757515 2696 2594 2689.8951228203005 2497.4651835242485
2745 2499 2751.355084614691 2599.491280808571 2854 2593 2847.644915385309 2492.508719191429
2881 2485 2886.2715882733496 2568.358238261655 2971 2563 2965.7284117266504 2479.641761738345
3025 2467 3031.80795252097 2574.6523618481415 3137 2568 3130.19204747903 2460.3476381518585
3192 2459 3198.2124286267663 2557.235499208373 3281 2552 3274.7875713732337 2453.764500791627
3323 2462 3328.4142442612742 2547.614019861853 3433 2541 3427.5857557387258 2455.385980138147
3471 2443 3477.276162817621 2542.243311198074 3576 2536 3569.723837182379 2436.756688801926
3730 2433 3735.4301778089875 2518.8659728592784 3844 2512 3838.5698221910125 2426.1340271407216
3874 2401 3880.851023835685 2509.3334372144313 3981 2503 3974.148976164315 2394.6665627855687
4022 2393 4028.0354140394825 2488.436414117227 4114 2483 4107.964585960518 2387.563585882773
4133 2391 4138.1854456439205 2472.9960875290753 4233 2467 4227.8145543560795 2385.0039124709247
4286 2375 4291.315405529562 2459.0511090045748 4387 2453 4381.684594470438 2368.9488909954252
4416 2366 4421.7483565012 2456.897248797363 4515 2451 4509.2516434988 2360.102751202637
4555 2347 4561.666042474544 2452.4083756245727 4663 2446 4656.333957525456 2340.5916243754273
430 2805 436.23632894833673 2903.613428704511 525 2898 518.7636710516633 2799.386571295489
580 2789 587.1413188193977 2901.9237954070213 665 2897 657.8586811806023 2784.0762045929787
705 2784 710.9373212492686 2877.8852986365778 804 2872 798.0626787507314 2778.1147013634222
854 2782 859.4685197952756 2868.4722645995826 946 2863 940.5314802047244 2776.5277354004174
991 2760 997.9770003343971 2870.3254704405745 1098 2864 1091.0229996656028 2753.6745295594255
1133 2744 1139.158153092765 2841.3772544706435 1240 2835 1233.841846907235 2737.6227455293565
1266 2740 1271.6343301632721 2829.094180319289 1368 2823 1362.3656698367279 2733.905819680711
1392 2725 1398.148694435912 2822.2276872186712 1465 2818 1458.851305564088 2720.7723127813288
1491 2717 1496.6853682518433 2806.901232184292 1590 2801 1584.3146317481567 2711.098767815708
1652 2707 1658.3408966294114 2807.266929930613 1710 2804 1703.6591033705886 2703.733070069387
1795 2694 1801.3854598271216 2794.971596050162 1880 2790 1873.6145401728784 2689.028403949838
1950 2685 1955.552170920772 2772.795017836065 2063 2766 2057.4478290792285 2678.204982163935
2102 2670 2108.5592369689753 2773.7194882685817 2199 2768 2192.4407630310247 2664.2805117314183
2243 2662 2248.2755716602783 2745.4212265110114 2334 2740 2328.7244283397217 2656.5787734889886
2384 2646 2390.4491940179764 2747.9794080398638 2485 2742 2478.5508059820236 2640.0205919601362
2515 2646 2520.0985570729945 2726.622141419866 2609 2721 2603.9014429270055 2640.377858580134
2643 2630 2648.2683508279197 2713.3070453889286 2748 2707 2742.7316491720803 2623.6929546110714
2890 2623 2894.5291713248553 2694.6185944061244 3015 2687 3010.4708286751447 2615.3814055938756
3053 2603 3059.089689573484 2699.294658854956 3127 2695 3120.910310426516 2598.705341145044
3182 2595 3187.524287212273 2682.354100090571 3288 2676 3282.475712787727 2588.645899909429
3319 2566 3325.7243013954735 2672.3296086116584 3410 2667 3403.2756986045265 2560.6703913883416
3475 2566 3480.789935932918 2657.5547334103935 3537 2654 3531.210064067082 2562.4452665896065
3873 2532 3878.263621499493 2615.2322617629425 3961 2610 3955.736378500507 2526.7677382370575
3998 2514 4004.193257633622 2611.932353338221 4098 2606 4091.806742366378 2508.067646661779
4131 2502 4137.098402288839 2598.4324307302986 4223 2593 4216.901597711161 2496.5675692697014
4267 2485 4273.524132428118 2588.164389401004 4371 2582 4364.475867571882 2478.835610598996
4421 2484 4426.564121081557 2571.9839825841345 4537 2565 4531.435878918443 2477.0160174158655
4592 2463 4598.750693220976 2569.7469356038932 4658 2566 4651.249306779024 2459.2530643961068
428 2932 433.85516200676835 3024.586136153355 538 3018 532.1448379932317 2925.413863846645
576 2916 581.7722568227699 3007.275178293501 681 3001 675.2277431772301 2909.724821706499
701 2899 707.2066996774037 2997.1449088395493 836 2989 829.7933003225963 2890.8550911604507
861 2893 866.7523398881281 2983.9602370467196 961 2978 955.2476601118719 2887.0397629532804
1151 2862 1157.604799787622 2966.439961130968 1212 2963 1205.395200212378 2858.560038869032
1241 2864 1246.3520019534158 2948.6297986254117 1367 2941 1361.6479980465842 2856.3702013745883
1390 2847 1394.2692515535728 2914.508551455125 1513 2907 1508.7307484464272 2839.491448544875
1537 2826 1543.356830177125 2926.5188829280382 1599 2923 1592.643169822875 2822.4811170719618
1665 2821 1671.7123512346886 2927.1406438635895 1753 2922 1746.2876487653114 2815.8593561364105
1802 2810 1807.9669505202019 2904.3538185015395 1861 2901 1855.0330494797981 2806.6461814984605
1956 2797 1962.2945878692665 2896.5346616915963 2034 2892 2027.7054121307335 2792.4653383084037
2107 2793 2112.8272782982694 2885.14521840786 2210 2879 2204.1727217017306 2786.85478159214
2631 2747 2636.005939552705 2826.1576049418322 2765 2818 2759.994060447295 2738.8423950581678
2800 2732 2805.8210570868473 2824.0468440286145 2854 2821 2848.1789429131527 2728.9531559713855
2521 2748 2526.7635441074153 2839.1374064181587 2608 2834 2602.2364558925847 2742.8625935818413
2914 2733 2920.0871980695515 2829.2552613588596 3019 2823 3012.9128019304485 2726.7447386411404
3074 2729 3079.4486028606334 2815.157323352801 3161 2810 3155.5513971393666 2723.842676647199
3201 2707 3207.5121822673323 2809.975424652935 3302 2804 3295.4878177326677 2701.024575347065
3339 2689 3346.8269687299585 2812.765797028726 3438 2807 3430.1730312700415 2683.234202971274
3751 2664 3757.0042928855532 2758.944303499006 3851 2753 3844.9957071144468 2658.055696500994
3891 2639 3897.456414850335 2741.0935891619465 3978 2736 3971.543585149665 2633.9064108380535
4030 2626 4036.667788036978 2731.4359777440395 4091 2728 4084.332211963022 2622.5640222559605
4144 2621 4149.914166869196 2714.51916451707 4253 2708 4247.085833130804 2614.48083548293
4299 2605 4306.020071649112 2716.0065458068643 4401 2710 4393.979928350888 2598.9934541931357
4444 2605 4449.543458205417 2692.6572459607232 4539 2687 4533.456541794583 2599.3427540392768
437 3037 443.10313161726526 3133.5072143562847 546 3127 539.8968683827347 3030.4927856437153
585 3025 591.0832146826233 3121.192273109503 689 3115 682.9167853173767 3018.807726890497
745 3011 751.2659582192698 3110.081948569472 800 3107 793.7340417807302 3007.918051430528
872 3002 877.8471952329115 3094.4601596546418 980 3088 974.1528047670885 2995.5398403453582
1012 2988 1018.5400659758312 3091.4163423984296 1120 3085 1113.459934024169 2981.5836576015704
1145 2987 1151.260229269907 3085.991358200649 1246 3080 1239.739770730093 2981.008641799351
1250 2976 1255.714743843338 3066.3657406830453 1388 3058 1382.285256156662 2967.6342593169547
1395 2944 1401.6628050291135 3049.357182751846 1518 3042 1511.3371949708865 2936.642817248154
1549 2941 1555.9516081298307 3050.923950191177 1618 3047 1611.0483918701693 2937.076049808823
1669 2939 1676.1029768331098 3051.3175036667176 1776 3045 1768.8970231668902 2932.6824963332824
1800 2918 1806.917249530471 3027.380646700229 1892 3022 1885.082750469529 2912.619353299771
1967 2909 1973.2403123352651 3007.676416953867 2063 3002 2056.759687664735 2903.323583046133
2538 2864 2545.294433085111 2979.3449510020296 2614 2975 2606.705566914889 2859.6550489979704
2661 2858 2667.181307472837 2955.743388590152 2758 2950 2751.818692527163 2852.256611409848
2782 2854 2788.4452106310473 2955.916419790507 2882 2950 2875.5547893689527 2848.083580209493
2914 2844 2920.0082762724815 2939.0072917483626 3015 2933 3008.9917237275185 2837.9927082516374
3075 2836 3081.4317685872666 2937.703864289179 3140 2934 3133.5682314127334 2832.296135710821
3203 2825 3209.6461255399017 2930.093434377791 3306 2924 3299.3538744600983 2818.906565622209
3757 2790 3762.981138505481 2884.5781693794975 3867 2878 3861.018861494519 2783.4218306205025
3901 2757 3908.693025457389 2878.6477873038702 3998 2873 3990.306974542611 2751.3522126961298
4023 2763 4028.5825461332033 2851.275333077657 4112 2846 4106.417453866797 2757.724666922343
4131 2738 4137.616496268969 2842.62491451283 4274 2834 4267.383503731031 2729.37508548717
4307 2732 4313.596833013765 2836.3139846322556 4366 2833 4359.403166986235 2728.6860153677444
4448 2712 4454.760151877829 2818.8965028558655 4548 2813 4541.239848122171 2706.1034971441345
4579 2703 4585.201224407479 2801.0583298369334 4681 2795 4674.798775592521 2696.9416701630666
719 3132 725.0672811349098 3227.9403201120776 819 3222 812.9327188650902 3126.0596798879224
879 3116 885.805714696476 3223.616975718252 943 3220 936.194285303524 3112.383024281748
1009 3108 1015.9643042321139 3218.1247103158753 1097 3213 1090.0356957678862 3102.8752896841247
1124 3104 1129.8367369551224 3196.294785659832 1261 3188 1255.1632630448776 3095.705214340168
1297 3089 1303.096910405843 3185.408839977039 1357 3182 1350.903089594157 3085.591160022961
1553 3069 1558.263621499493 3152.2322617629425 1641 3147 1635.736378500507 3063.7677382370575
1813 3056 1818.4996409492046 3142.964375217803 1897 3138 1891.5003590507954 3051.035624782197
1929 3036 1936.0917726138225 3148.140334295278 2049 3141 2041.9082273861775 3028.859665704722
2109 3020 2115.7290307239 3126.4043922376445 2217 3120 2210.2709692761 3013.5956077623555
2416 2993 2423.16447319947 3106.2899295265297 2491 3102 2483.83552680053 2988.7100704734703
2536 2998 2542.9610667866837 3108.0735174431493 2639 3102 2632.0389332133163 2991.9264825568507
2671 2994 2676.93010041691 3087.771117514495 2784 3081 2778.06989958309 2987.228882485505
2808 2978 2813.8312616851977 3070.2082066572166 2912 3064 2906.1687383148023 2971.7917933427834
2927 2964 2933.2442957221933 3062.739405203223 3024 3057 3017.7557042778067 2958.260594796777
3059 2961 3064.5275246577035 3048.405292963298 3150 3043 3144.4724753422965 2955.594707036702
3232 2946 3237.6303467763437 3035.031192069933 3333 3029 3327.3696532236563 2939.968807930067
3511 2921 3516.355239398846 3005.680991498138 3622 2999 3616.644760601154 2914.319008501862
3780 2900 3786.276162817621 2999.243311198074 3885 2993 3878.723837182379 2893.756688801926
3925 2889 3931.484298558834 2991.534506907441 4019 2986 4012.515701441166 2883.465493092559
4045 2878 4051.944387297472 2987.8097690690943 4128 2983 4121.0556127025275 2873.1902309309057
4165 2875 4170.890266547626 2968.1412350209316 4268 2962 4262.109733452374 2868.8587649790684
4607 2838 4613.672517365405 2943.5107613700256 4685 2939 4678.327482634595 2833.4892386299744
447 3262 453.56720374283196 3365.845464767294 546 3360 539.4327962571681 3256.154535232706
605 3144 611.636666883049 3248.9438671258185 674 3245 667.363333116951 3140.0561328741815
570 3257 574.4527410317174 3327.4100222917245 660 3322 655.5472589682826 3251.5899777082755
713 3244 718.5354914315602 3331.53126946201 806 3326 800.4645085684398 3238.46873053799
997 3223 1003.4795692304073 3325.459723281455 1074 3321 1067.5204307695926 3218.540276718545
1121 3215 1126.7364063404145 3305.708284049294 1217 3300 1211.2635936595855 3209.291715950706
1268 3213 1273.623125943985 3301.91701094785 1383 3295 1377.376874056015 3206.08298905215
1413 3200 1418.5362373730582 3287.54306483864 1522 3281 1516.4637626269418 3193.45693516136
1564 3179 1569.2795550472065 3262.4842147603676 1656 3257 1650.7204449527935 3173.5157852396324
1815 3170 1820.7436271727731 3260.822465171377 1897 3256 1891.2563728272269 3165.177534828623
1953 3163 1958.2875218210634 3246.6101912590802 2047 3241 2041.7124781789366 3157.3898087409198
2275 3139 2281.189274246694 3236.8693650888645 2374 3231 2367.810725753306 3133.1306349111355
2259 3010 2266.5359278047476 3129.163643459506 2364 3123 2356.4640721952524 3003.836356540494
2418 3120 2424.56794968433 3223.8572601439237 2533 3217 2526.43205031567 3113.1427398560763
2552 3112 2558.6812300807596 3217.6485332453685 2648 3212 2641.3187699192404 3106.3514667546315
2703 3112 2708.4366526998483 3197.968358604732 2787 3193 2781.5633473001517 3107.031641395268
2815 3093 2821.536082588903 3196.353354149073 2922 3190 2915.463917411097 3086.646645850927
2948 3096 2953.6973184126286 3186.090196932361 3050 3180 3044.3026815873714 3089.909803067639
3078 3067 3085.095756000751 3179.2033225446344 3199 3172 3191.904243999249 3059.7966774553656
3222 3065 3228.650854868328 3170.168218003777 3342 3163 3335.349145131672 3057.831781996223
3534 3033 3540.1031316172653 3129.5072143562847 3643 3123 3636.8968683827347 3026.4927856437153
3778 3026 3783.949271410054 3120.0742633846467 3880 3114 3874.050728589946 3019.9257366153533
3926 3011 3932.2323455614087 3109.5504404551543 4020 3104 4013.7676544385913 3005.4495595448457
4055 3014 4060.918150256125 3107.582152766426 4165 3101 4159.081849743876 3007.417847233574
4201 2990 4207.1541697058365 3087.314266221287 4307 3081 4300.8458302941635 2983.685733778713
4643 2962 4649.868702945832 3070.6129923313233 4707 3067 4700.131297054168 2958.3870076686767
457 3396 462.4964035037743 3482.913182345077 556 3477 550.5035964962258 3390.086817654923
709 3360 715.7091137892583 3466.0894509908626 812 3460 805.2908862107417 3353.9105490091374
863 3344 870.3947636998191 3460.9314526125677 980 3454 972.6052363001809 3337.0685473874323
1028 3348 1034.6127665614786 3452.565937629681 1091 3449 1084.3872334385214 3344.434062370319
1290 3340 1295.6694347041298 3429.6492791868664 1385 3424 1379.3305652958702 3334.3507208131336
1447 3327 1453.5617284729076 3430.7588857646783 1513 3427 1506.4382715270924 3323.2411142353217
1572 3307 1578.689196854616 3412.7745097440807 1670 3407 1663.310803145384 3301.2254902559193
1813 3284 1820.2170031710373 3398.120572144792 1917 3392 1909.7829968289627 3277.879427855208
1977 3278 1983.6023082836896 3382.4005636348716 2069 3377 2062.3976917163104 3272.5994363651284
2128 3284 2133.441382028275 3370.043142230718 2229 3364 2223.558617971725 3277.956857769282
2293 3274 2298.963713074771 3368.302625628813 2367 3364 2361.036286925229 3269.697374371187
2575 3239 2581.2370748898347 3337.6252240811405 2686 3331 2679.7629251101653 3232.3747759188595
2848 3218 2853.980392563983 3312.5663740028676 2942 3307 2936.019607436017 3212.4336259971324
2961 3211 2967.416580981051 3312.463706668383 3038 3308 3031.583419018949 3206.536293331617
3087 3214 3092.003701728211 3293.122218811943 3173 3288 3167.996298271789 3208.877781188057
3544 3175 3549.2531632217037 3258.066887768133 3661 3251 3655.7468367782963 3167.933112231867
3819 3144 3825.475585843479 3246.3967350320986 3895 3242 3888.524414156521 3139.6032649679014
3946 3129 3952.4763317849765 3231.408530408728 4038 3226 4031.5236682150235 3123.591469591272
4092 3123 4098.486790062766 3225.5739044035377 4155 3222 4148.513209937234 3119.4260955964623
4227 3113 4233.677246693831 3218.585544996012 4322 3213 4315.322753306169 3107.414455003988
470 3514 477.17716930175334 3627.4906896512284 564 3622 556.8228306982467 3508.5093103487716
599 3511 605.8350902879708 3619.0814842170057 702 3613 695.1649097120292 3504.9185157829943
730 3515 735.4373986413464 3600.9801539813616 830 3595 824.5626013586536 3509.0198460186384
876 3496 882.0600603025509 3591.8261389899944 990 3585 983.9399396974491 3489.1738610100056
1013 3500 1018.4884367299176 3586.787205846364 1110 3581 1104.5115632700824 3494.212794153636
1154 3477 1160.6692799199743 3582.4595684972996 1247 3577 1240.3307200800257 3471.5404315027004
1296 3461 1303.3621506628938 3577.415751241087 1389 3572 1381.6378493371062 3455.584248758913
1429 3464 1434.5003868907027 3550.9761705944334 1529 3545 1523.4996131092973 3458.0238294055666
1563 3460 1568.4851992844872 3546.7360129736376 1675 3540 1669.5148007155128 3453.2639870263624
1697 3432 1703.351101227762 3532.4282925592147 1805 3526 1798.648898772238 3425.5717074407853
1830 3418 1836.5798998451153 3522.046224891993 1948 3515 1941.4201001548847 3410.953775108007
1981 3411 1987.677246693831 3516.585544996012 2076 3511 2069.322753306169 3405.414455003988
2134 3401 2140.469110952618 3503.2943492866452 2240 3497 2233.530889047382 3394.7056507133548
2302 3393 2308.2873670369077 3492.420480569513 2394 3487 2387.7126329630923 3387.579519430487
3412 3307 3417.322626361921 3391.1652901266575 3499 3386 3493.677373638079 3301.8347098733425
3850 3263 3856.6877049716204 3368.7509189908214 3916 3365 3909.3122950283796 3259.2490810091786
3561 3286 3567.4969946611172 3388.7352670321397 3674 3382 3667.5030053388828 3279.2647329678603
3948 3252 3954.5042154934754 3354.8494481542225 4047 3349 4040.4957845065246 3246.1505518457775
4090 3250 4095.314659588064 3334.0393136279454 4175 3329 4169.685340411936 3244.9606863720546
4238 3230 4244.520149041189 3333.1014011516477 4341 3327 4334.479850958811 3223.8985988483523
4361 3230 4366.902216708411 3323.330199769001 4467 3317 4461.097783291589 3223.669800230999
4499 3221 4504.894249934554 3314.204223270288 4603 3308 4597.105750065446 3214.795776729712
479 3646 486.3653881083243 3762.4669441138135 557 3758 549.6346118916757 3641.5330558861865
613 3645 618.7802235966268 3736.4011547922137 720 3730 714.2197764033732 3638.5988452077863
754 3625 760.2211413421211 3723.3732710837153 861 3717 854.7788586578789 3618.6267289162847
878 3614 884.6548382552568 3719.2312062531337 999 3712 992.3451617447432 3606.7687937468663
1020 3620 1024.8147369801418 3696.1341689727283 1106 3691 1101.1852630198582 3614.8658310272717
1158 3607 1163.2803009887045 3690.4960101369975 1266 3684 1260.7196990112955 3600.5039898630025
1292 3589 1297.8623828391271 3681.7003172754376 1388 3676 1382.1376171608729 3583.2996827245624
1426 3578 1431.8367369551224 3670.294785659832 1563 3662 1557.1632630448776 3569.705214340168
1594 3569 1599.3266097488493 3653.2282783760143 1682 3648 1676.6733902511507 3563.7717216239857
1755 3554 1760.2491798347755 3637.0038995187765 1871 3630 1865.7508201652245 3546.9961004812235
2736 3488 2741.902216708411 3581.330199769001 2842 3575 2836.097783291589 3481.669800230999
2877 3465 2883.5233864866195 3568.1525940243746 2965 3563 2958.4766135133805 3459.8474059756254
2996 3457 3002.5393200343333 3560.4045470217998 3088 3555 3081.4606799656667 3451.5954529782002
3398 3428 3403.226025454703 3510.6377653992686 3524 3503 3518.773974545297 3420.3622346007314
3561 3402 3567.3040465261192 3501.684228943568 3673 3495 3666.6959534738808 3395.315771056432
3961 3392 3967.4379897986887 3493.8022386684243 4075 3487 4068.5620102013113 3385.1977613315757
4106 3383 4112.158153092765 3480.3772544706435 4213 3474 4206.841846907235 3376.6227455293565
4230 3352 4237.047955357611 3463.4474635523584 4339 3457 4331.952044642389 3345.5525364476416
4381 3352 4387.27616281762 3451.243311198074 4486 3445 4479.72383718238 3345.756688801926
4511 3341 4517.748947658542 3447.719333484426 4624 3441 4617.251052341458 3334.280666515574
502 3782 507.85441606527036 3874.574340776725 596 3869 590.1455839347298 3776.425659223275
625 3773 630.5043702776311 3860.039158843789 726 3854 720.4956297223689 3766.960841156211
765 3758 770.85117861984 3850.523147903998 874 3844 868.14882138016 3751.476852096002
892 3736 898.2920963653343 3835.495264195499 1001 3829 994.7079036346657 3729.504735804501
1034 3742 1040.1621364796933 3839.44024272 1142 3833 1135.8378635203067 3735.55975728
1172 3720 1177.7291855080557 3810.594102927211 1282 3804 1276.2708144919443 3713.405897072789
1310 3702 1316.8191567402573 3809.8295312195805 1409 3804 1402.1808432597427 3696.1704687804195
1442 3698 1447.8862831606975 3791.078246771576 1544 3785 1538.1137168393025 3691.921753228424
1589 3690 1593.669589488285 3763.8389898764335 1686 3758 1681.330410511715 3684.1610101235665
1742 3676 1748.1135898950545 3772.6725883510944 1822 3768 1815.8864101049455 3671.3274116489056
1872 3654 1878.7051304023298 3760.0264627415063 1974 3754 1967.2948695976702 3647.9735372584937
2014 3633 2021.1970862363953 3746.80563089801 2113 3741 2105.802913763605 3627.19436910199
2130 3653 2134.97656396121 3731.693096443079 2225 3726 2220.02343603879 3647.306903556921
2448 3604 2454.1900201881917 3701.8811604654943 2563 3695 2556.8099798118083 3597.1188395345057
2591 3598 2597.5121822673323 3700.975424652935 2692 3695 2685.4878177326677 3592.024575347065
2711 3597 2716.3686814426273 3681.8935469994667 2857 3673 2851.6313185573727 3588.1064530005333
2878 3584 2883.9963261116964 3678.8183270002933 2976 3673 2970.0036738883036 3578.1816729997067
3003 3580 3008.866366226055 3672.763305524794 3100 3667 3094.133633773945 3574.236694475206
3436 3546 3441.5123370514875 3633.1651353425023 3539 3627 3533.4876629485125 3539.8348646574977
3577 3526 3584.5869658933184 3645.9706953245086 3679 3640 3671.4130341066816 3520.0293046754914
3706 3529 3712.0911814564797 3625.3182496082154 3812 3619 3805.9088185435203 3522.6817503917846
3985 3509 3991.4325145287644 3610.7156596658087 4066 3606 4059.5674854712356 3504.2843403341913
4133 3494 4140.362896604392 3610.427546617717 4242 3604 4234.637103395608 3487.572453382283
4283 3495 4288.6933350256995 3585.027208683004 4384 3579 4378.3066649743005 3488.972791316996
4414 3485 4419.500386890703 3571.9761705944334 4514 3566 4508.499613109297 3479.0238294055666
4561 3469 4566.7754942681995 3560.326371166228 4651 3555 4645.2245057318005 3463.673628833772
505 3914 510.602463067845 4002.5902743244383 599 3997 593.397536932155 3908.4097256755617
635 3883 641.6055457291199 3987.451756507598 712 3983 705.3944542708801 3878.548243492402
767 3887 772.8790623283387 3979.9640656494926 883 3973 877.1209376716613 3880.0359343505074
929 3868 935.7123512346885 3974.1406438635895 1017 3969 1010.2876487653115 3862.8593561364105
1047 3860 1052.77225682277 3951.275178293501 1152 3945 1146.22774317723 3853.724821706499
1188 3845 1194.4412272441193 3946.8534315411507 1287 3941 1280.5587727558807 3839.1465684588493
1726 3797 1732.259483328409 3895.979562824019 1811 3891 1804.740516671591 3792.020437175981
1999 3788 2005.4419731856174 3889.865226917781 2114 3883 2107.5580268143826 3781.134773082219
2287 3766 2294.036005196825 3877.2584988042895 2393 3871 2385.963994803175 3759.7415011957105
2612 3724 2619.3925258753247 3840.896066482678 2681 3837 2673.6074741246753 3720.103933517322
2741 3721 2747.0911814564797 3817.3182496082154 2847 3811 2840.9088185435203 3714.6817503917846
2900 3728 2905.752339888128 3818.9602370467196 3000 3813 2994.247660111872 3722.0397629532804
3048 3702 3054.567203742832 3805.845464767294 3147 3800 3140.432796257168 3696.154535232706
3158 3715 3162.800295315424 3790.9058067285623 3272 3784 3267.199704684576 3708.0941932714377
3434 3686 3439.21332935242 3768.4370052745694 3541 3762 3535.78667064758 3679.5629947254306
3590 3678 3595.3903439397036 3763.2360903657154 3694 3757 3688.6096560602964 3671.7639096342846
4004 3649 4010.4491940179764 3750.9794080398638 4105 3745 4098.550805982024 3643.0205919601362
4148 3637 4154.406122703262 3738.298332673574 4254 3732 4247.593877296738 3630.701667326426
4288 3620 4295.2050530102515 3733.931607396723 4389 3728 4381.7949469897485 3614.068392603277
4423 3615 4429.8973325958295 3724.0657054534477 4510 3719 4503.1026674041705 3609.9342945465523
4566 3613 4572.717080563115 3719.2154274895756 4671 3713 4664.282919436885 3606.7845725104244
4687 3607 4693.902061924256 3716.140489079434 4791 3710 4784.097938075744 3600.859510920566
503 4041 508.83449913062833 4133.259399529943 592 4128 586.1655008693716 4035.740600470057
627 4033 633.6030542251875 4137.412359011501 735 4131 728.3969457748125 4026.587640988499
761 4017 767.6421421529734 4122.030446128435 863 4116 856.3578578470266 4010.9695538715655
915 4005 922.2361741641812 4119.423718014943 1008 4114 1000.7638258358188 3999.576281985056
1075 3988 1081.6326834961205 4092.8808788764627 1143 4089 1136.3673165038795 3984.1191211235373
1181 3980 1187.7409808846853 4086.5933569857134 1292 4080 1285.2590191153147 3973.4066430142866
2142 3907 2147.98835933784 4001.6923505015807 2238 3996 2232.01164066216 3901.3076494984193
2281 3911 2286.169512096207 3992.7441345316497 2377 3987 2371.830487903793 3905.2558654683503
2743 3864 2750.1420647608957 3976.935590783651 2844 3971 2836.8579352391043 3858.064409216349
2906 3852 2912.0082762724815 3947.0072917483626 3007 3941 3000.9917237275185 3845.9927082516374
3046 3841 3051.7371522819126 3931.720079425924 3158 3925 3152.2628477180874 3834.279920574076
3185 3816 3191.524132428118 3919.164389401004 3289 3913 3282.475867571882 3809.835610598996
3451 3803 3457.122302610409 3899.8103602264364 3549 3894 3542.877697389591 3797.1896397735636
3762 3778 3768.9969172690394 3888.640411687356 3874 3882 3867.0030827309606 3771.359588312644
3891 3768 3897.2131745682645 3866.2472945850022 3996 3860 3989.7868254317355 3761.7527054149978
4028 3777 4033.5011328322007 3863.987965971063 4144 3857 4138.498867167799 3770.012034028937
4171 3753 4178.386796925963 3869.8054761138546 4286 3863 4278.613203074037 3746.1945238861454
4312 3741 4318.709113789258 3847.0894509908626 4415 3841 4408.290886210742 3734.9105490091374
4434 3736 4440.975508451401 3846.301879687315 4509 3842 4502.024491548599 3731.698120312685
4554 3732 4559.803377976699 3823.767288911722 4651 3818 4645.196622023301 3726.232711088278
4709 3724 4715.453923346403 3826.05419166585 4827 3819 4820.546076653597 3716.94580833415
# Transcript
**
AGEI
*TWKO
*AI PARA
O* KALESAI 
Y*O EPI *ENI*
*ION
**ATINOS *IPEN*
BOYLHI **RI WN AS****
EGEI EIN** DE ASTYKR
* EKGONOYS AY*O KAI EINA
***INOS *N APO*RAUHTAI **
**A*RIAS EPIMELEISQAI ** AY*O
HM BO*LHN THN AIEI BOY LE* OYSAN EAN
*EHT*I EINAI DE AYTWI KA * ** ELEIAN OI
*ONTI AQHNHSI THN DE UHF** DONAI PER
AYTO* *OS **YTANEIS TOS ***A T*N AKA*
ANTIDA PRYTAN *Y ONTAS E* TH* *RWTHI E
KKLHSIAI EIN*I DE KAI TOIS M**A ASTYK
RATOS EKPEPTWKOSI ISOTELE*AN KAQAP
ER AQHNAIOIS ARCEDA*WI ARI**OXENWI
DAMO*IMWI NIKA**RWI PATR**LEI ARC*
LAI MENWNI ECE *RATEI H***ARCWI EL
*INIKWI *O *E UHFISMA TOD* A*AGRA**I
TON *RAMMA*EA *HS BOYLHS *N *THLH* *I
Q*NHI *AI S*HSAI *N *KRO**L *I EIS ** *
HN ANAGRAFHN THS **** ** *ON**I TON TA
IAN TO* DHMO D****AS E* *WN **TA UHF*
SMATA ANALISKO*ENWN T** DHM*I KALE*
AI DE AS***R*T* K*I TOS M*TA **TYKRAT
OS EPI X**** ** TO **YTAN*O* ES AYRION