# Baseline angle
0
# Boxes: x1 y1 x2 y2 x3 y3 x4 y4
1108 298 1108 456 1230 456 1230 298
1232 286 1232 476 1424 476 1424 286
1404 312 1404 486 1488 486 1488 312
1494 302 1494 514 1706 514 1706 302
1696 322 1696 526 1870 526 1870 322
1846 324 1846 516 1962 516 1962 324
1956 340 1956 526 2132 526 2132 340
2132 326 2132 522 2344 522 2344 326
2358 348 2358 538 2548 538 2548 348
2546 328 2546 548 2736 548 2736 328
2724 376 2724 542 2798 542 2798 376
2828 386 2828 580 2998 580 2998 386
3040 404 3040 584 3230 584 3230 404
3214 402 3214 600 3434 600 3434 402
898 678 898 826 1052 826 1052 678
1048 676 1048 832 1206 832 1206 676
1200 686 1200 846 1352 846 1352 686
1400 706 1400 864 1544 864 1544 706
1546 730 1546 860 1692 860 1692 730
1692 740 1692 862 1818 862 1818 740
2098 774 2098 882 2210 882 2210 774
2196 782 2196 900 2248 900 2248 782
2240 790 2240 900 2344 900 2344 790
2334 768 2334 898 2440 898 2440 768
2772 812 2772 934 2890 934 2890 812
2876 818 2876 942 2966 942 2966 818
2946 818 2946 944 3064 944 3064 818
3038 816 3038 952 3132 952 3132 816
3116 830 3116 954 3246 954 3246 830
3234 828 3234 938 3330 938 3330 828
3316 806 3316 946 3412 946 3412 806
3398 834 3398 938 3512 938 3512 834
3486 826 3486 942 3590 942 3590 826
1094 848 1094 980 1230 980 1230 848
1228 860 1228 1000 1350 1000 1350 860
1350 878 1350 1006 1468 1006 1468 878
1438 884 1438 1008 1576 1008 1576 884
1568 878 1568 1006 1700 1006 1700 878
1694 874 1694 1004 1826 1004 1826 874
2734 924 2734 1042 2808 1042 2808 924
2810 936 2810 1062 2866 1062 2866 936
2856 944 2856 1064 2960 1064 2960 944
2928 924 2928 1078 3064 1078 3064 924
3028 930 3028 1090 3130 1090 3130 930
3122 942 3122 1084 3218 1084 3218 942
3214 926 3214 1110 3340 1110 3340 926
3350 940 3350 1092 3500 1092 3500 940
3482 948 3482 1078 3624 1078 3624 948
1202 976 1202 1100 1334 1100 1334 976
1334 988 1334 1112 1460 1112 1460 988
1466 1006 1466 1130 1608 1130 1608 1006
1596 1000 1596 1148 1694 1148 1694 1000
1686 996 1686 1130 1754 1130 1754 996
1764 996 1764 1152 1868 1152 1868 996
1882 1020 1882 1150 2024 1150 2024 1020
2018 1038 2018 1156 2166 1156 2166 1038
2586 1054 2586 1188 2714 1188 2714 1054
2694 1048 2694 1196 2834 1196 2834 1048
650 1082 650 1214 722 1214 722 1082
718 1088 718 1212 842 1212 842 1088
832 1090 832 1228 962 1228 962 1090
970 1092 970 1218 1110 1218 1110 1092
1094 1106 1094 1240 1230 1240 1230 1106
1194 1106 1194 1254 1334 1254 1334 1106
1326 1112 1326 1240 1448 1240 1448 1112
1426 1124 1426 1256 1560 1256 1560 1124
1558 1136 1558 1268 1654 1268 1654 1136
1634 1136 1634 1270 1796 1270 1796 1136
1796 1148 1796 1266 1862 1266 1862 1148
1860 1148 1860 1274 1996 1274 1996 1148
1966 1138 1966 1282 2100 1282 2100 1138
2482 1184 2482 1310 2586 1310 2586 1184
2586 1182 2586 1310 2720 1310 2720 1182
2714 1182 2714 1316 2778 1316 2778 1182
2766 1198 2766 1342 2892 1342 2892 1198
2812 1056 2812 1196 3010 1196 3010 1056
2976 1082 2976 1226 3112 1226 3112 1082
3070 1214 3070 1330 3172 1330 3172 1214
3090 1076 3090 1226 3248 1226 3248 1076
3146 1208 3146 1330 3326 1330 3326 1208
3240 1076 3240 1232 3402 1232 3402 1076
3316 1208 3316 1338 3450 1338 3450 1208
3464 1224 3464 1326 3526 1326 3526 1224
490 1216 490 1350 646 1350 646 1216
630 1210 630 1360 764 1360 764 1210
738 1212 738 1362 854 1362 854 1212
842 1224 842 1366 974 1366 974 1224
956 1232 956 1370 1084 1370 1084 1232
1074 1242 1074 1374 1138 1374 1138 1242
1122 1232 1122 1380 1256 1380 1256 1232
1368 1274 1368 1394 1494 1394 1494 1274
1474 1256 1474 1392 1604 1392 1604 1256
1590 1266 1590 1410 1718 1410 1718 1266
1858 1282 1858 1412 2006 1412 2006 1282
2000 1284 2000 1424 2054 1424 2054 1284
2478 1322 2478 1442 2598 1442 2598 1322
2598 1318 2598 1438 2728 1438 2728 1318
2712 1306 2712 1432 2850 1432 2850 1306
2840 1324 2840 1454 2986 1454 2986 1324
2874 1206 2874 1328 3074 1328 3074 1206
2972 1310 2972 1446 3104 1446 3104 1310
3084 1318 3084 1460 3164 1460 3164 1318
3146 1344 3146 1466 3266 1466 3266 1344
3252 1340 3252 1476 3346 1476 3346 1340
3334 1340 3334 1474 3472 1474 3472 1340
3432 1334 3432 1486 3542 1486 3542 1334
3520 1336 3520 1476 3644 1476 3644 1336
502 1354 502 1502 600 1502 600 1354
580 1352 580 1512 726 1512 726 1352
732 1336 732 1498 876 1498 876 1336
864 1352 864 1508 994 1508 994 1352
1000 1380 1000 1522 1140 1522 1140 1380
1128 1380 1128 1522 1232 1522 1232 1380
1222 1248 1222 1392 1402 1392 1402 1248
1426 1412 1426 1562 1544 1562 1544 1412
1688 1290 1688 1410 1882 1410 1882 1290
1728 1416 1728 1562 1888 1562 1888 1416
1888 1422 1888 1574 2044 1574 2044 1422
2414 1454 2414 1584 2538 1584 2538 1454
2680 1452 2680 1582 2784 1582 2784 1452
2778 1452 2778 1590 2912 1590 2912 1452
2882 1458 2882 1608 3038 1608 3038 1458
3252 1490 3252 1626 3328 1626 3328 1490
3312 1486 3312 1622 3446 1622 3446 1486
3452 1496 3452 1622 3582 1622 3582 1496
478 1484 478 1624 606 1624 606 1484
600 1496 600 1634 662 1634 662 1496
670 1496 670 1640 802 1640 802 1496
792 1484 792 1648 948 1648 948 1484
938 1508 938 1638 1092 1638 1092 1508
1062 1526 1062 1660 1176 1660 1176 1526
1158 1534 1158 1654 1226 1654 1226 1534
1216 1534 1216 1680 1342 1680 1342 1534
1350 1546 1350 1692 1488 1692 1488 1546
1498 1538 1498 1700 1628 1700 1628 1538
1530 1422 1530 1556 1734 1556 1734 1422
1622 1552 1622 1694 1678 1694 1678 1552
1668 1564 1668 1698 1776 1698 1776 1564
1762 1552 1762 1692 1824 1692 1824 1552
1822 1570 1822 1690 2022 1690 2022 1570
2034 1592 2034 1710 2190 1710 2190 1592
2180 1574 2180 1714 2308 1714 2308 1574
2296 1562 2296 1718 2356 1718 2356 1562
2350 1578 2350 1720 2446 1720 2446 1578
2426 1584 2426 1724 2490 1724 2490 1584
2488 1594 2488 1726 2684 1726 2684 1594
2522 1448 2522 1604 2688 1604 2688 1448
2696 1584 2696 1720 2858 1720 2858 1584
2874 1592 2874 1734 3000 1734 3000 1592
2994 1606 2994 1730 3094 1730 3094 1606
3026 1480 3026 1612 3252 1612 3252 1480
3098 1586 3098 1750 3336 1750 3336 1586
3316 1598 3316 1756 3456 1756 3456 1598
460 1612 460 1772 592 1772 592 1612
596 1634 596 1784 742 1784 742 1634
730 1628 730 1798 810 1798 810 1628
790 1642 790 1792 928 1792 928 1642
894 1642 894 1788 1030 1788 1030 1642
1016 1668 1016 1802 1136 1802 1136 1668
1122 1650 1122 1844 1272 1844 1272 1650
1264 1682 1264 1842 1340 1842 1340 1682
1328 1670 1328 1832 1438 1832 1438 1670
1426 1690 1426 1830 1548 1830 1548 1690
1522 1692 1522 1836 1662 1836 1662 1692
1642 1696 1642 1832 1748 1832 1748 1696
1732 1706 1732 1832 1798 1832 1798 1706
1784 1684 1784 1838 1942 1838 1942 1684
1916 1690 1916 1840 1998 1840 1998 1690
1984 1734 1984 1850 2106 1850 2106 1734
2054 1720 2054 1848 2204 1848 2204 1720
2174 1714 2174 1846 2266 1846 2266 1714
2256 1714 2256 1846 2386 1846 2386 1714
2368 1714 2368 1858 2510 1858 2510 1714
2496 1724 2496 1862 2558 1862 2558 1724
2552 1736 2552 1892 2672 1892 2672 1736
2636 1732 2636 1882 2772 1882 2772 1732
2760 1740 2760 1894 2916 1894 2916 1740
2898 1738 2898 1902 3028 1902 3028 1738
3010 1712 3010 1922 3192 1922 3192 1712
3188 1734 3188 1894 3374 1894 3374 1734
474 1748 474 1942 594 1942 594 1748
588 1774 588 1942 754 1942 754 1774
714 1770 714 1950 870 1950 870 1770
828 1796 828 1946 952 1946 952 1796
1764 1814 1764 1970 1890 1970 1890 1814
1890 1832 1890 1992 2056 1992 2056 1832
2042 1846 2042 1992 2156 1992 2156 1846
2150 1842 2150 2012 2280 2012 2280 1842
2264 1842 2264 1990 2420 1990 2420 1842
2410 1842 2410 2000 2536 2000 2536 1842
2526 1868 2526 2008 2652 2008 2652 1868
2706 1868 2706 2010 2874 2010 2874 1868
604 1916 604 2056 724 2056 724 1916
726 1922 726 2042 848 2042 848 1922
532 2036 532 2212 652 2212 652 2036
626 2046 626 2214 766 2214 766 2046
742 2074 742 2222 868 2222 868 2074
836 2066 836 2238 956 2238 956 2066
956 2078 956 2230 1104 2230 1104 2078
1086 2078 1086 2234 1208 2234 1208 2078
1202 2070 1202 2234 1316 2234 1316 2070
530 2208 530 2348 680 2348 680 2208
666 2218 666 2382 768 2382 768 2218
758 2220 758 2364 816 2364 816 2220
814 2236 814 2356 936 2356 936 2236
972 2248 972 2380 1052 2380 1052 2248
1052 2216 1052 2392 1188 2392 1188 2216
1174 2248 1174 2390 1268 2390 1268 2248
1262 2222 1262 2388 1360 2388 1360 2222
546 2318 546 2500 670 2500 670 2318
700 2354 700 2496 762 2496 762 2354
774 2358 774 2502 908 2502 908 2358
892 2372 892 2522 1054 2522 1054 2372
1058 2368 1058 2542 1236 2542 1236 2368
1230 2402 1230 2534 1410 2534 1410 2402
1400 2400 1400 2532 1538 2532 1538 2400
534 2486 534 2674 654 2674 654 2486
650 2504 650 2650 710 2650 710 2504
706 2498 706 2658 842 2658 842 2498
824 2526 824 2662 990 2662 990 2526
1222 2544 1222 2680 1404 2680 1404 2544
510 2648 510 2798 622 2798 622 2648
606 2654 606 2798 722 2798 722 2654
678 2658 678 2806 812 2806 812 2658
802 2668 802 2812 948 2812 948 2668
942 2666 942 2822 1082 2822 1082 2666
980 2552 980 2684 1198 2684 1198 2552
1082 2696 1082 2828 1192 2828 1192 2696
1200 2680 1200 2830 1318 2830 1318 2680
1302 2696 1302 2846 1448 2846 1448 2696
1430 2718 1430 2844 1526 2844 1526 2718
508 2794 508 2936 642 2936 642 2794
632 2820 632 2944 740 2944 740 2820
736 2822 736 2954 780 2954 780 2822
780 2820 780 2950 882 2950 882 2820
874 2826 874 2966 998 2966 998 2826
992 2838 992 2970 1110 2970 1110 2838
1104 2840 1104 2970 1184 2970 1184 2840
1162 2828 1162 2978 1306 2978 1306 2828
1266 2840 1266 2988 1400 2988 1400 2840
1376 2858 1376 2994 1486 2994 1486 2858
1476 2866 1476 3002 1548 3002 1548 2866
496 2906 496 3048 618 3048 618 2906
626 2928 626 3064 760 3064 760 2928
754 2940 754 3062 884 3062 884 2940
916 2962 916 3078 986 3078 986 2962
982 2952 982 3084 1118 3084 1118 2952
1100 2968 1100 3092 1216 3092 1216 2968
1206 2974 1206 3102 1324 3102 1324 2974
1318 2982 1318 3118 1418 3118 1418 2982
1412 2978 1412 3132 1486 3132 1486 2978
1480 2992 1480 3116 1522 3116 1522 2992
476 3032 476 3170 600 3170 600 3032
592 3038 592 3170 704 3170 704 3038
700 3060 700 3182 806 3182 806 3060
814 3056 814 3196 958 3196 958 3056
956 3044 956 3204 1058 3204 1058 3044
1054 3062 1054 3218 1186 3218 1186 3062
1172 3080 1172 3224 1278 3224 1278 3080
1270 3086 1270 3230 1348 3230 1348 3086
1332 3114 1332 3246 1440 3246 1440 3114
1428 3112 1428 3250 1510 3250 1510 3112
602 3174 602 3308 664 3308 664 3174
654 3166 654 3306 794 3306 794 3166
780 3170 780 3308 908 3308 908 3170
476 3278 476 3422 598 3422 598 3278
466 3164 466 3304 614 3304 614 3164
604 3300 604 3428 674 3428 674 3300
672 3284 672 3438 724 3438 724 3284
706 3298 706 3442 814 3442 814 3298
790 3298 790 3450 956 3450 956 3298
900 3198 900 3338 1018 3338 1018 3198
940 3320 940 3452 1052 3452 1052 3320
1040 3298 1040 3442 1180 3442 1180 3298
1172 3318 1172 3464 1296 3464 1296 3318
474 3420 474 3554 594 3554 594 3420
582 3420 582 3562 710 3562 710 3420
694 3428 694 3562 812 3562 812 3428
804 3414 804 3560 944 3560 944 3414
952 3428 952 3584 1030 3584 1030 3428
1028 3430 1028 3578 1216 3578 1216 3430
1212 3446 1212 3596 1346 3596 1346 3446
1330 3458 1330 3600 1440 3600 1440 3458
476 3534 476 3674 602 3674 602 3534
592 3540 592 3688 716 3688 716 3540
698 3546 698 3680 812 3680 812 3546
830 3540 830 3684 968 3684 968 3540
976 3558 976 3688 1076 3688 1076 3558
1064 3562 1064 3716 1262 3716 1262 3562
1230 3576 1230 3724 1354 3724 1354 3576
1342 3582 1342 3720 1452 3720 1452 3582
454 3670 454 3810 572 3810 572 3670
542 3686 542 3830 684 3830 684 3686
644 3684 644 3826 762 3826 762 3684
738 3694 738 3832 860 3832 860 3694
858 3702 858 3842 918 3842 918 3702
902 3714 902 3844 1022 3844 1022 3714
1002 3714 1002 3860 1110 3860 1110 3714
1080 3704 1080 3860 1226 3860 1226 3704
1206 3704 1206 3858 1328 3858 1328 3704
1304 3718 1304 3862 1436 3862 1436 3718
1428 3732 1428 3864 1482 3864 1482 3732
438 3822 438 3976 564 3976 564 3822
554 3832 554 3964 652 3964 652 3832
634 3824 634 3976 760 3976 760 3824
734 3822 734 3988 866 3988 866 3822
838 3856 838 3998 964 3998 964 3856
936 3856 936 3998 1082 3998 1082 3856
1052 3838 1052 4006 1190 4006 1190 3838
1174 3866 1174 4004 1314 4004 1314 3866
1284 3850 1284 4006 1422 4006 1422 3850
1398 3864 1398 4012 1486 4012 1486 3864
460 3946 460 4066 562 4066 562 3946
536 3944 536 4090 646 4090 646 3944
642 3954 642 4092 756 4092 756 3954
722 3978 722 4116 866 4116 866 3978
856 3988 856 4116 972 4116 972 3988
958 3996 958 4136 1090 4136 1090 3996
1086 3992 1086 4134 1196 4134 1196 3992
444 4084 444 4236 588 4236 588 4084
584 4090 584 4246 776 4246 776 4090
780 4112 780 4242 852 4242 852 4112
868 4120 868 4246 972 4246 972 4120
974 4134 974 4260 1140 4260 1140 4134
1140 4118 1140 4280 1288 4280 1288 4118
1268 4148 1268 4300 1408 4300 1408 4148
468 4220 468 4368 588 4368 588 4220
570 4232 570 4364 678 4364 678 4232
688 4254 688 4394 846 4394 846 4254
842 4256 842 4398 986 4398 986 4256
980 4268 980 4412 1036 4412 1036 4268
1028 4262 1028 4416 1144 4416 1144 4262
1154 4280 1154 4424 1298 4424 1298 4280
1286 4290 1286 4434 1420 4434 1420 4290
468 4388 468 4522 584 4522 584 4388
564 4374 564 4522 698 4522 698 4374
690 4386 690 4534 790 4534 790 4386
770 4380 770 4562 900 4562 900 4380
880 4390 880 4552 1014 4552 1014 4390
980 4396 980 4556 1146 4556 1146 4396
1140 4414 1140 4556 1202 4556 1202 4414
1188 4414 1188 4564 1376 4564 1376 4414
1364 4432 1364 4566 1510 4566 1510 4432
462 4550 462 4694 590 4694 590 4550
550 4550 550 4706 678 4706 678 4550
668 4566 668 4712 816 4712 816 4566
808 4558 808 4708 964 4708 964 4558
954 4560 954 4716 1068 4716 1068 4560
1042 4582 1042 4712 1180 4712 1180 4582
1170 4546 1170 4752 1304 4752 1304 4546
1282 4584 1282 4738 1410 4738 1410 4584
1406 4600 1406 4732 1498 4732 1498 4600
490 4688 490 4856 664 4856 664 4688
652 4708 652 4868 776 4868 776 4708
786 4720 786 4874 840 4874 840 4720
832 4708 832 4866 926 4866 926 4708
908 4730 908 4880 1030 4880 1030 4730
1022 4716 1022 4892 1202 4892 1202 4716
1186 4722 1186 4896 1312 4896 1312 4722
1280 4738 1280 4882 1396 4882 1396 4738
1384 4750 1384 4884 1472 4884 1472 4750
1456 4762 1456 4878 1538 4878 1538 4762
482 4932 482 5106 650 5106 650 4932
628 4950 628 5130 766 5130 766 4950
766 4954 766 5126 860 5126 860 4954
840 4982 840 5126 1060 5126 1060 4982
1056 4972 1056 5134 1150 5134 1150 4972
1130 4980 1130 5128 1264 5128 1264 4980
1244 4990 1244 5128 1370 5128 1370 4990
1356 4958 1356 5150 1528 5150 1528 4958
1532 4984 1532 5144 1638 5144 1638 4984
1634 4994 1634 5152 1764 5152 1764 4994
1764 5010 1764 5172 1888 5172 1888 5010
1884 4986 1884 5190 2018 5190 2018 4986
2010 5030 2010 5198 2254 5198 2254 5030
2242 5038 2242 5214 2418 5214 2418 5038
2412 5028 2412 5212 2580 5212 2580 5028
2582 5038 2582 5214 2750 5214 2750 5038
2742 5052 2742 5232 2936 5232 2936 5052
2946 5068 2946 5232 3122 5232 3122 5068
3112 5052 3112 5218 3274 5218 3274 5052
3274 5050 3274 5222 3394 5222 3394 5050
3380 5054 3380 5202 3436 5202 3436 5054
3434 5070 3434 5216 3572 5216 3572 5070
1524 2096 1524 2268 1688 2268 1688 2096
1680 2108 1680 2262 1840 2262 1840 2108
1840 2118 1840 2270 2026 2270 2026 2118
2024 2142 2024 2276 2180 2276 2180 2142
2172 2136 2172 2268 2304 2268 2304 2136
2296 2128 2296 2270 2384 2270 2384 2128
2380 2144 2380 2298 2430 2298 2430 2144
2426 2158 2426 2298 2520 2298 2520 2158
2518 2160 2518 2288 2610 2288 2610 2160
1534 2274 1534 2414 1676 2414 1676 2274
1670 2274 1670 2404 1730 2404 1730 2274
1746 2268 1746 2414 1904 2414 1904 2268
1900 2282 1900 2428 2040 2428 2040 2282
2044 2262 2044 2428 2198 2428 2198 2262
1550 2418 1550 2542 1694 2542 1694 2418
1712 2416 1712 2556 1794 2556 1794 2416
1784 2414 1784 2558 1920 2558 1920 2414
1920 2428 1920 2568 1982 2568 1982 2428
1972 2432 1972 2568 2096 2568 2096 2432
2094 2426 2094 2580 2210 2580 2210 2426
2210 2402 2210 2578 2308 2578 2308 2402
1552 2566 1552 2712 1710 2712 1710 2566
1706 2566 1706 2726 1812 2726 1812 2566
1800 2574 1800 2720 1928 2720 1928 2574
1916 2562 1916 2734 2152 2734 2152 2562
2120 2578 2120 2732 2288 2732 2288 2578
2270 2594 2270 2746 2410 2746 2410 2594
2414 2600 2414 2760 2552 2760 2552 2600
1548 2710 1548 2850 1690 2850 1690 2710
1686 2734 1686 2864 1752 2864 1752 2734
1754 2728 1754 2866 1884 2866 1884 2728
1870 2732 1870 2868 1974 2868 1974 2732
1958 2730 1958 2874 2072 2874 2072 2730
2060 2754 2060 2886 2180 2886 2180 2754
2154 2754 2154 2914 2270 2914 2270 2754
2254 2752 2254 2884 2342 2884 2342 2752
2320 2748 2320 2886 2376 2886 2376 2748
2354 2756 2354 2894 2460 2894 2460 2756
2454 2766 2454 2900 2574 2900 2574 2766
2556 2774 2556 2906 2612 2906 2612 2774
1546 2850 1546 2992 1714 2992 1714 2850
1722 2860 1722 3012 1896 3012 1896 2860
1896 2862 1896 3000 2054 3000 2054 2862
2050 2888 2050 3016 2164 3016 2164 2888
2166 2888 2166 3054 2260 3054 2260 2888
2250 2882 2250 3034 2382 3034 2382 2882
2366 2898 2366 3040 2510 3040 2510 2898
2470 2912 2470 3066 2604 3066 2604 2912
1538 2990 1538 3118 1670 3118 1670 2990
1876 3022 1876 3126 1952 3126 1952 3022
1950 3020 1950 3140 2002 3140 2002 3020
2006 3024 2006 3146 2178 3146 2178 3024
2184 3034 2184 3158 2320 3158 2320 3034
2316 3016 2316 3164 2444 3164 2444 3016
1506 3110 1506 3246 1618 3246 1618 3110
1614 3122 1614 3252 1726 3252 1726 3122
1706 3124 1706 3254 1822 3254 1822 3124
1674 3008 1674 3128 1876 3128 1876 3008
1804 3140 1804 3260 1928 3260 1928 3140
1902 3134 1902 3260 2012 3260 2012 3134
2010 3146 2010 3270 2112 3270 2112 3146
2090 3140 2090 3280 2222 3280 2222 3140
2212 3150 2212 3284 2352 3284 2352 3150
2342 3170 2342 3290 2432 3290 2432 3170
2416 3158 2416 3292 2540 3292 2540 3158
2520 3188 2520 3296 2590 3296 2590 3188
1536 3226 1536 3374 1660 3374 1660 3226
1646 3234 1646 3374 1824 3374 1824 3234
1814 3254 1814 3370 1876 3370 1876 3254
1882 3246 1882 3384 1980 3384 1980 3246
1964 3262 1964 3394 2090 3394 2090 3262
2082 3266 2082 3394 2236 3394 2236 3266
2232 3268 2232 3400 2358 3400 2358 3268
2350 3274 2350 3402 2468 3402 2468 3274
1516 3356 1516 3498 1640 3498 1640 3356
1632 3364 1632 3514 1756 3514 1756 3364
1738 3364 1738 3514 1896 3514 1896 3364
1874 3380 1874 3516 2014 3516 2014 3380
1984 3364 1984 3512 2136 3512 2136 3364
2150 3370 2150 3522 2304 3522 2304 3370
2292 3384 2292 3520 2404 3520 2404 3384
1514 3470 1514 3624 1670 3624 1670 3470
1666 3508 1666 3626 1836 3626 1836 3508
1834 3512 1834 3632 1930 3632 1930 3512
1922 3506 1922 3618 1976 3618 1976 3506
1970 3526 1970 3632 2116 3632 2116 3526
2120 3522 2120 3634 2220 3634 2220 3522
2220 3520 2220 3642 2326 3642 2326 3520
1524 3610 1524 3748 1634 3748 1634 3610
1640 3624 1640 3740 1792 3740 1792 3624
1810 3614 1810 3740 1918 3740 1918 3614
1908 3616 1908 3750 2026 3750 2026 3616
2012 3616 2012 3758 2132 3758 2132 3616
2126 3638 2126 3774 2258 3774 2258 3638
2256 3646 2256 3778 2384 3778 2384 3646
2368 3636 2368 3776 2488 3776 2488 3636
1514 3744 1514 3882 1662 3882 1662 3744
1662 3746 1662 3882 1786 3882 1786 3746
1788 3740 1788 3882 1938 3882 1938 3740
1928 3766 1928 3900 2046 3900 2046 3766
2046 3766 2046 3910 2160 3910 2160 3766
2154 3756 2154 3924 2296 3924 2296 3756
2280 3780 2280 3922 2444 3922 2444 3780
2436 3792 2436 3932 2540 3932 2540 3792
1538 3884 1538 4022 1680 4022 1680 3884
1674 3880 1674 4020 1772 4020 1772 3880
1774 3886 1774 4034 1892 4034 1892 3886
1880 3904 1880 4046 1978 4046 1978 3904
1968 3904 1968 4048 2162 4048 2162 3904
2140 3932 2140 4072 2254 4072 2254 3932
2264 3940 2264 4076 2306 4076 2306 3940
2302 3932 2302 4066 2378 4066 2378 3932
2380 3922 2380 4068 2504 4068 2504 3922
2494 3948 2494 4070 2544 4070 2544 3948
1538 4022 1538 4154 1696 4154 1696 4022
1714 4032 1714 4158 1826 4158 1826 4032
1818 4040 1818 4180 1954 4180 1954 4040
1940 4036 1940 4166 2062 4166 2062 4036
2052 4056 2052 4190 2174 4190 2174 4056
1532 4152 1532 4286 1640 4286 1640 4152
1638 4156 1638 4294 1772 4294 1772 4156
1760 4164 1760 4306 1960 4306 1960 4164
1954 4172 1954 4320 2076 4320 2076 4172
2100 4178 2100 4318 2184 4318 2184 4178
2174 4176 2174 4330 2302 4330 2302 4176
2300 4188 2300 4330 2414 4330 2414 4188
1540 4290 1540 4434 1670 4434 1670 4290
1656 4292 1656 4436 1774 4436 1774 4292
1762 4280 1762 4454 1942 4454 1942 4280
1930 4298 1930 4446 2076 4446 2076 4298
2070 4320 2070 4464 2206 4464 2206 4320
2204 4332 2204 4472 2344 4472 2344 4332
2342 4332 2342 4478 2470 4478 2470 4332
1518 4472 1518 4634 1660 4634 1660 4472
1654 4476 1654 4650 1786 4650 1786 4476
1780 4480 1780 4658 1940 4658 1940 4480
1932 4468 1932 4686 2102 4686 2102 4468
2096 4498 2096 4694 2276 4694 2276 4498
2282 4550 2282 4710 2414 4710 2414 4550
1516 4710 1516 4878 1662 4878 1662 4710
1650 4720 1650 4874 1794 4874 1794 4720
1768 4722 1768 4906 1930 4906 1930 4722
1930 4758 1930 4950 2086 4950 2086 4758
2672 2022 2672 2174 2842 2174 2842 2022
2844 2024 2844 2174 2990 2174 2990 2024
2982 2034 2982 2194 3112 2194 3112 2034
3096 2040 3096 2178 3242 2178 3242 2040
3246 2048 3246 2194 3312 2194 3312 2048
3308 2062 3308 2208 3532 2208 3532 2062
3530 2052 3530 2208 3672 2208 3672 2052
2668 2166 2668 2312 2816 2312 2816 2166
2816 2162 2816 2320 3000 2320 3000 2162
3012 2172 3012 2334 3188 2334 3188 2172
3182 2192 3182 2344 3300 2344 3300 2192
3308 2190 3308 2332 3440 2332 3440 2190
3436 2200 3436 2354 3562 2354 3562 2200
3544 2186 3544 2388 3650 2388 3650 2186
2652 2326 2652 2504 2770 2504 2770 2326
2756 2340 2756 2494 2866 2494 2866 2340
2860 2340 2860 2496 2984 2496 2984 2340
2966 2346 2966 2502 3112 2502 3112 2346
3098 2350 3098 2502 3180 2502 3180 2350
3176 2348 3176 2504 3364 2504 3364 2348
3342 2366 3342 2538 3532 2538 3532 2366
3508 2396 3508 2532 3620 2532 3620 2396
2640 2514 2640 2692 2798 2692 2798 2514
2810 2524 2810 2680 2902 2680 2902 2524
2898 2524 2898 2686 3038 2686 3038 2524
3048 2520 3048 2684 3180 2684 3180 2520
3196 2528 3196 2704 3360 2704 3360 2528
3350 2528 3350 2702 3502 2702 3502 2528
3474 2542 3474 2706 3598 2706 3598 2542
2622 2740 2622 2904 2750 2904 2750 2740
2720 2748 2720 2916 2906 2916 2906 2748
2886 2772 2886 2924 3016 2924 3016 2772
2996 2740 2996 2918 3146 2918 3146 2740
3120 2744 3120 2918 3238 2918 3238 2744
3242 2790 3242 2930 3414 2930 3414 2790
3414 2782 3414 2944 3550 2944 3550 2782
2608 2932 2608 3078 2772 3078 2772 2932
2784 2926 2784 3060 2932 3060 2932 2926
2938 2948 2938 3090 3104 3090 3104 2948
3138 2932 3138 3096 3228 3096 3228 2932
3206 2926 3206 3102 3356 3102 3356 2926
3350 2936 3350 3102 3484 3102 3484 2936
2598 3094 2598 3250 2782 3250 2782 3094
2770 3088 2770 3240 2904 3240 2904 3088
2926 3096 2926 3266 3100 3266 3100 3096
3082 3100 3082 3280 3230 3280 3230 3100
3202 3118 3202 3272 3338 3272 3338 3118
3322 3122 3322 3270 3452 3270 3452 3122
3410 3122 3410 3278 3554 3278 3554 3122
3548 3114 3548 3264 3662 3264 3662 3114
2598 3262 2598 3432 2726 3432 2726 3262
2702 3276 2702 3438 2886 3438 2886 3276
2880 3274 2880 3442 3036 3442 3036 3274
3048 3290 3048 3444 3130 3444 3130 3290
3110 3320 3110 3456 3242 3456 3242 3320
3230 3314 3230 3460 3378 3460 3378 3314
3358 3326 3358 3462 3490 3462 3490 3326
3482 3322 3482 3480 3608 3480 3608 3322
2560 3444 2560 3622 2708 3622 2708 3444
2702 3466 2702 3616 2802 3616 2802 3466
2794 3464 2794 3620 2950 3620 2950 3464
2942 3466 2942 3634 3074 3634 3074 3466
3092 3492 3092 3632 3290 3632 3290 3492
3300 3508 3300 3632 3510 3632 3510 3508
3500 3498 3500 3632 3630 3632 3630 3498
2576 3644 2576 3782 2678 3782 2678 3644
2688 3662 2688 3784 2820 3784 2820 3662
2808 3650 2808 3796 2968 3796 2968 3650
2970 3668 2970 3798 3130 3798 3130 3668
3130 3676 3130 3800 3362 3800 3362 3676
3356 3686 3356 3828 3546 3828 3546 3686
2570 3782 2570 3928 2702 3928 2702 3782
2680 3778 2680 3924 2922 3924 2922 3778
2914 3800 2914 3946 2982 3946 2982 3800
2992 3788 2992 3956 3150 3956 3150 3788
3134 3810 3134 3960 3314 3960 3314 3810
3294 3802 3294 3970 3458 3970 3458 3802
3452 3824 3452 3982 3556 3982 3556 3824
2568 3932 2568 4096 2720 4096 2720 3932
2704 3932 2704 4094 2840 4094 2840 3932
2828 3932 2828 4092 2942 4092 2942 3932
2936 3948 2936 4106 3102 4106 3102 3948
3096 3956 3096 4122 3214 4122 3214 3956
3232 3966 3232 4126 3400 4126 3400 3966
3388 3984 3388 4130 3518 4130 3518 3984
3518 3990 3518 4150 3606 4150 3606 3990
2600 4108 2600 4264 2736 4264 2736 4108
2742 4100 2742 4262 2856 4262 2856 4100
2854 4110 2854 4274 2996 4274 2996 4110
3006 4134 3006 4282 3064 4282 3064 4134
3072 4130 3072 4296 3254 4296 3254 4130
3260 4140 3260 4302 3420 4302 3420 4140
3416 4156 3416 4296 3534 4296 3534 4156
2542 4302 2542 4470 2770 4470 2770 4302
2754 4308 2754 4478 2890 4478 2890 4308
2886 4320 2886 4482 3086 4482 3086 4320
3236 4336 3236 4498 3300 4498 3300 4336
3288 4324 3288 4524 3456 4524 3456 4324
3428 4348 3428 4536 3596 4536 3596 4348
2574 4466 2574 4636 2744 4636 2744 4466
2710 4466 2710 4640 2814 4640 2814 4466
2816 4462 2816 4646 2976 4646 2976 4462
2944 4472 2944 4654 3102 4654 3102 4472
3078 4270 3078 4558 3248 4558 3248 4270
3078 4482 3078 4686 3314 4686 3314 4482
3304 4522 3304 4668 3530 4668 3530 4522
3514 4522 3514 4690 3648 4690 3648 4522
2590 4610 2590 4774 2730 4774 2730 4610
2750 4616 2750 4780 2812 4780 2812 4616
2830 4628 2830 4786 2960 4786 2960 4628
2960 4638 2960 4784 3036 4784 3036 4638
3064 4646 3064 4796 3236 4796 3236 4646
3218 4654 3218 4792 3388 4792 3388 4654
3384 4644 3384 4806 3502 4806 3502 4644
2552 4740 2552 4936 2752 4936 2752 4740
2756 4780 2756 4926 2810 4926 2810 4780
2806 4766 2806 4922 2962 4922 2962 4766
2964 4792 2964 4936 3120 4936 3120 4792
3120 4798 3120 4962 3268 4962 3268 4798
3244 4796 3244 4942 3350 4942 3350 4796
3346 4802 3346 4952 3398 4952 3398 4802
3396 4810 3396 4968 3546 4968 3546 4810
3544 4808 3544 4992 3652 4992 3652 4808
# Transcript
KAISAROS NEIKHS
*QH TYCH **AIOL***OS ARCONTO*
*TEYONT**RIOY)SFHT
*****DOTRIBOYS APOLL*
IOY TOY TERTIOY ANIEWSPAI
DEYTAI APOLLWNI*EXANDROSQRA
SEAS QE**SWNE**SQEODWROS
DIONYSIOSEISIWN EISIWNOS PA*
ANIEYS FILOYS IDIOYS KAI SYNEFH
BOYS *ANEQHKEN
EG
BASSOS)
NEIKIAS)
FILHMWN
FILTWN
AGAQOKLHS
NEIKOKRATHS
ANTIOCOS FI
ALEXANDROS
DIDAS
ARISTEAS
EYKARPOS
EYKARPOS
LOYKIOS AYDI
OS ALEXANDR**
GLAYKOS
EPIKTAS
SKHNIKOS
STEFANIWN
SYNTROFOS
NEIKOMACOS
QYRWROS ARESKWN DHMHTRIO*
DHMHTRIOS
OINOY
HRAIOS )
QREPTOS
DIOSKOYRIDHS
MHNOFANH*
ZWSIMOS
AGAQOKLHS PE
EPIGONOS
EYDOXOS
ZWSIMOS
EPAGAQOS
XENOKLHS
HRAS PEIRAI
PYQAS
EYPOROS
EYPLOYS
QEOFAS
EYAS
MOSCIWN
OMHROS )
KALLIPPO*
HRAKLAS
APOLLWN***
MHTRAS
MENELAOS
ANTIOCOS
ARTEMWN
BACCWN
EPIKTAS
EYKARPOS
YGEINOS
PAMFILO*
ARTEMWN
EISIGAS
DIONYSIOS
# Lines: x1 y1 x2 y2 x3 y3 x4 y4
1072 368 3442 520
864 728 3628 880
1048 928 3638 1008
1184 1028 3498 1150
630 1138 3560 1272
460 1272 3654 1406
488 1402 3596 1520
462 1544 3472 1676
434 1680 3374 1842
444 1870 2896 1944
580 1980 888 2010
506 2104 1356 2134
510 2246 1370 2294
524 2408 1470 2468
512 2564 1340 2606
484 2702 1512 2776
488 2850 1502 2920
472 2956 1488 3046
454 3082 1470 3212
430 3198 1012 3256
448 3330 1314 3376
440 3460 1408 3520
444 3598 1382 3646
418 3756 1474 3788
430 3876 1464 3944
450 4012 1156 4054
420 4146 1360 4204
434 4294 1338 4334
448 4466 1434 4492
454 4616 1448 4656
464 4768 1470 4820
440 5022 3564 5148
1514 2178 2566 2226
1498 2328 2144 2338
1584 2460 2272 2472
1526 2622 2496 2646
1554 2764 2552 2834
1604 2916 2538 2978
1548 3044 2378 3086
1554 3156 2542 3250
1526 3298 2386 3330
1524 3412 2318 3454
1536 3546 2324 3570
1504 3682 2398 3684
1568 3812 2464 3844
1526 3946 2514 4022
1520 4082 2118 4106
1512 4196 2406 4266
1520 4366 2412 4420
1538 4522 2350 4598
1524 4722 2046 4852
2656 2082 3642 2148
2668 2234 3600 2302
2628 2434 3554 2468
2620 2614 3538 2642
2670 2836 3498 2852
2686 2998 3456 3016
2650 3150 3608 3180
2654 3338 3550 3384
2598 3530 3534 3566
2620 3696 3490 3728
2602 3862 3464 3896
2622 4002 3524 4056
2592 4182 3564 4216
2512 4362 3640 4380
2534 4544 3578 4580
2572 4678 3546 4782
2522 4910 3646 4920