# Baseline angle
0
# Boxes: x1 y1 x2 y2 x3 y3 x4 y4
1059 574 1059 677 1148 677 1148 574
681 723 681 824 774 824 774 723
763 727 763 816 861 816 861 727
851 716 851 815 949 815 949 716
954 726 954 821 1025 821 1025 726
1006 712 1006 835 1072 835 1072 712
1081 707 1081 800 1174 800 1174 707
638 854 638 980 718 980 718 854
718 846 718 980 808 980 808 846
801 860 801 961 891 961 891 860
882 852 882 963 960 963 960 852
1019 841 1019 957 1099 957 1099 841
1096 853 1096 957 1184 957 1184 853
1186 834 1186 955 1286 955 1286 834
913 1003 913 1108 1002 1108 1002 1003
992 992 992 1099 1066 1099 1066 992
1056 997 1056 1092 1120 1092 1120 997
1117 999 1117 1098 1229 1098 1229 999
1230 986 1230 1086 1291 1086 1291 986
1291 986 1291 1083 1345 1083 1345 986
1047 1099 1047 1196 1140 1196 1140 1099
1131 1093 1131 1189 1221 1189 1221 1093
1208 1097 1208 1187 1293 1187 1293 1097
949 1225 949 1327 1054 1327 1054 1225
1030 1199 1030 1311 1174 1311 1174 1199
811 2072 811 2189 933 2189 933 2072
927 2039 927 2173 1030 2173 1030 2039
1009 2044 1009 2179 1102 2179 1102 2044
1108 2050 1108 2176 1216 2176 1216 2050
1192 2039 1192 2161 1301 2161 1301 2039
777 1375 777 1497 903 1497 903 1375
824 2198 824 2317 931 2317 931 2198
922 2204 922 2301 963 2301 963 2204
973 2198 973 2301 1130 2301 1130 2198
1124 2186 1124 2301 1265 2301 1265 2186
780 2338 780 2464 908 2464 908 2338
898 2345 898 2444 1003 2444 1003 2345
992 2333 992 2455 1037 2455 1037 2333
1028 2328 1028 2456 1110 2456 1110 2328
1093 2311 1093 2454 1208 2454 1208 2311
1187 2309 1187 2431 1249 2431 1249 2309
729 2493 729 2614 852 2614 852 2493
867 2493 867 2611 949 2611 949 2493
925 2484 925 2597 1018 2597 1018 2484
997 2489 997 2592 1081 2592 1081 2489
1073 2475 1073 2615 1152 2615 1152 2475
1146 2481 1146 2590 1230 2590 1230 2481
1228 2490 1228 2592 1306 2592 1306 2490
1295 2493 1295 2591 1342 2591 1342 2493
608 2619 608 2747 716 2747 716 2619
700 2615 700 2736 793 2736 793 2615
767 2614 767 2736 869 2736 869 2614
866 2623 866 2740 940 2740 940 2623
1063 2609 1063 2715 1155 2715 1155 2609
1154 2604 1154 2701 1269 2701 1269 2604
1265 2590 1265 2721 1358 2721 1358 2590
949 2723 949 2788 1048 2788 1048 2723
1059 2712 1059 2787 1127 2787 1127 2712
1120 2727 1120 2785 1228 2785 1228 2727
726 2774 726 2901 880 2901 880 2774
851 2766 851 2900 951 2900 951 2766
944 2771 944 2893 1045 2893 1045 2771
1059 2778 1059 2869 1176 2869 1176 2778
1185 2769 1185 2880 1248 2880 1248 2769
624 2961 624 3071 727 3071 727 2961
725 2955 725 3044 808 3044 808 2955
800 2955 800 3043 934 3043 934 2955
925 2946 925 3035 1022 3035 1022 2946
1034 2933 1034 3053 1122 3053 1122 2933
1123 2922 1123 3034 1284 3034 1284 2922
1250 2928 1250 3046 1350 3046 1350 2928
1332 2926 1332 3033 1399 3033 1399 2926
651 3086 651 3187 826 3187 826 3086
816 3098 816 3203 926 3203 926 3098
944 3089 944 3204 1043 3204 1043 3089
1032 3081 1032 3189 1144 3189 1144 3081
1126 3084 1126 3181 1259 3181 1259 3084
1246 3094 1246 3190 1356 3190 1356 3094
1352 3080 1352 3195 1429 3195 1429 3080
616 3217 616 3379 737 3379 737 3217
734 3233 734 3376 808 3376 808 3233
815 3245 815 3397 914 3397 914 3245
918 3240 918 3371 1019 3371 1019 3240
1010 3242 1010 3362 1052 3362 1052 3242
1043 3238 1043 3370 1132 3370 1132 3238
1139 3229 1139 3383 1261 3383 1261 3229
1240 3241 1240 3375 1357 3375 1357 3241
599 3445 599 3570 651 3570 651 3445
656 3445 656 3566 768 3566 768 3445
742 3438 742 3545 864 3545 864 3438
868 3442 868 3552 960 3552 960 3442
545 3570 545 3689 659 3689 659 3570
629 3561 629 3652 734 3652 734 3561
734 3534 734 3713 807 3713 807 3534
817 3547 817 3667 855 3667 855 3547
848 3542 848 3651 954 3651 954 3542
929 3530 929 3637 1034 3637 1034 3530
1001 3496 1001 3639 1099 3639 1099 3496
1163 3529 1163 3644 1261 3644 1261 3529
1250 3442 1250 3685 1352 3685 1352 3442
1340 3528 1340 3635 1395 3635 1395 3528
641 3682 641 3785 738 3785 738 3682
527 3696 527 3807 645 3807 645 3696
760 3661 760 3781 825 3781 825 3661
830 3670 830 3811 933 3811 933 3670
929 3679 929 3801 1027 3801 1027 3679
1001 3648 1001 3772 1099 3772 1099 3648
1094 3656 1094 3773 1173 3773 1173 3656
1177 3645 1177 3762 1285 3762 1285 3645
1281 3638 1281 3800 1374 3800 1374 3638
1368 3640 1368 3756 1420 3756 1420 3640
550 3799 550 3887 603 3887 603 3799
613 3791 613 3874 697 3874 697 3791
694 3793 694 3874 793 3874 793 3793
782 3778 782 3863 863 3863 863 3778
599 3869 599 3960 702 3960 702 3869
710 3855 710 3987 752 3987 752 3855
753 3849 753 3951 836 3951 836 3849
820 3849 820 3941 922 3941 922 3849
893 3844 893 3945 1017 3945 1017 3844
1010 3841 1010 3931 1112 3931 1112 3841
1085 3821 1085 3928 1194 3928 1194 3821
1182 3835 1182 3933 1292 3933 1292 3835
1253 3831 1253 3943 1332 3943 1332 3831
1326 3822 1326 3942 1386 3942 1386 3822
792 3950 792 4020 865 4020 865 3950
856 3950 856 4028 906 4028 906 3950
909 3943 909 4024 982 4024 982 3943
967 3939 967 4023 1046 4023 1046 3939
1036 3936 1036 4032 1123 4032 1123 3936
1124 3932 1124 4003 1230 4003 1230 3932
1222 3935 1222 4012 1289 4012 1289 3935
1289 3931 1289 4004 1356 4004 1356 3931
1340 3914 1340 4000 1404 4000 1404 3914
1397 3916 1397 3986 1459 3986 1459 3916
586 4100 586 4221 623 4221 623 4100
631 4095 631 4200 733 4200 733 4095
707 4087 707 4203 803 4203 803 4087
795 4109 795 4202 945 4202 945 4109
957 4076 957 4191 1057 4191 1057 4076
1058 4065 1058 4170 1164 4170 1164 4065
1159 4068 1159 4172 1238 4172 1238 4068
1235 4069 1235 4179 1331 4179 1331 4069
1301 4052 1301 4176 1387 4176 1387 4052
1367 4050 1367 4154 1443 4154 1443 4050
636 4220 636 4312 738 4312 738 4220
733 4210 733 4321 858 4321 858 4210
1103 4184 1103 4311 1232 4311 1232 4184
1201 4180 1201 4297 1296 4297 1296 4180
1287 4179 1287 4292 1365 4292 1365 4179
636 4325 636 4439 724 4439 724 4325
719 4322 719 4454 814 4454 814 4322
1086 4298 1086 4430 1193 4430 1193 4298
1181 4320 1181 4406 1279 4406 1279 4320
1285 4295 1285 4404 1368 4404 1368 4295
990 4416 990 4524 1099 4524 1099 4416
1098 4414 1098 4532 1168 4532 1168 4414
1183 4417 1183 4538 1238 4538 1238 4417
1216 4407 1216 4516 1346 4516 1346 4407
606 4545 606 4661 708 4661 708 4545
678 4551 678 4655 815 4655 815 4551
814 4541 814 4647 881 4647 881 4541
873 4539 873 4643 980 4643 980 4539
1001 4541 1001 4647 1088 4647 1088 4541
1084 4537 1084 4659 1175 4659 1175 4537
1163 4532 1163 4634 1288 4634 1288 4532
1261 4512 1261 4643 1344 4643 1344 4512
1346 4513 1346 4653 1418 4653 1418 4513
541 4664 541 4777 668 4777 668 4664
641 4666 641 4768 768 4768 768 4666
764 4660 764 4778 824 4778 824 4660
822 4647 822 4768 934 4768 934 4647
924 4656 924 4747 1038 4747 1038 4656
1032 4652 1032 4753 1126 4753 1126 4652
562 4783 562 4876 640 4876 640 4783
647 4786 647 4896 714 4896 714 4786
706 4784 706 4883 748 4883 748 4784
760 4777 760 4880 835 4880 835 4777
902 4778 902 4875 989 4875 989 4778
975 4768 975 4871 1082 4871 1082 4768
1075 4763 1075 4885 1109 4885 1109 4763
1120 4770 1120 4880 1202 4880 1202 4770
1183 4775 1183 4869 1288 4869 1288 4775
1273 4760 1273 4863 1356 4863 1356 4760
636 4896 636 4991 722 4991 722 4896
712 4883 712 4990 840 4990 840 4883
830 4884 830 4983 915 4983 915 4884
911 4887 911 4986 968 4986 968 4887
1218 4854 1218 4947 1324 4947 1324 4854
1313 4859 1313 4956 1391 4956 1391 4859
1379 4852 1379 4955 1438 4955 1438 4852
710 5002 710 5114 818 5114 818 5002
804 4977 804 5102 910 5102 910 4977
896 4992 896 5114 989 5114 989 4992
973 4988 973 5097 1080 5097 1080 4988
1082 4972 1082 5088 1187 5088 1187 4972
1168 4973 1168 5085 1248 5085 1248 4973
1236 4979 1236 5084 1309 5084 1309 4979
1301 4978 1301 5083 1421 5083 1421 4978
704 5120 704 5218 799 5218 799 5120
807 5103 807 5228 897 5228 897 5103
895 5111 895 5210 944 5210 944 5111
933 5112 933 5216 1009 5216 1009 5112
1005 5108 1005 5200 1085 5200 1085 5108
1064 5103 1064 5203 1154 5203 1154 5103
1146 5092 1146 5206 1252 5206 1252 5092
1248 5091 1248 5203 1298 5203 1298 5091
1300 5096 1300 5208 1413 5208 1413 5096
821 5237 821 5337 930 5337 930 5237
836 5325 836 5403 876 5403 876 5325
865 5319 865 5420 965 5420 965 5319
967 5289 967 5434 1068 5434 1068 5289
1712 716 1712 842 1816 842 1816 716
1807 710 1807 816 1928 816 1928 710
2011 731 2011 817 2117 817 2117 731
2098 713 2098 814 2217 814 2217 713
2213 713 2213 821 2292 821 2292 713
2388 649 2388 858 2472 858 2472 649
2483 714 2483 812 2573 812 2573 714
2572 707 2572 813 2627 813 2627 707
1370 854 1370 980 1478 980 1478 854
1565 883 1565 976 1665 976 1665 883
1657 880 1657 987 1767 987 1767 880
1746 876 1746 963 1818 963 1818 876
1824 880 1824 960 1891 960 1891 880
2049 864 2049 948 2147 948 2147 864
2132 861 2132 961 2228 961 2228 861
2208 854 2208 950 2310 950 2310 854
2375 856 2375 949 2455 949 2455 856
2451 856 2451 944 2517 944 2517 856
2514 837 2514 951 2601 951 2601 837
2585 838 2585 937 2663 937 2663 838
2674 790 2674 970 2743 970 2743 790
2735 815 2735 932 2831 932 2831 815
2818 828 2818 916 2909 916 2909 828
2904 823 2904 920 2997 920 2997 823
1390 987 1390 1080 1489 1080 1489 987
1558 992 1558 1092 1660 1092 1660 992
1657 972 1657 1111 1741 1111 1741 972
1747 982 1747 1078 1838 1078 1838 982
1829 969 1829 1072 1898 1072 1898 969
1887 973 1887 1056 1987 1056 1987 973
1990 959 1990 1055 2066 1055 2066 959
2063 955 2063 1056 2158 1056 2158 955
2145 956 2145 1071 2247 1071 2247 956
2242 954 2242 1047 2322 1047 2322 954
2328 954 2328 1038 2422 1038 2422 954
2418 943 2418 1031 2514 1031 2514 943
2522 932 2522 1027 2603 1027 2603 932
2598 945 2598 1021 2734 1021 2734 945
2729 936 2729 1018 2830 1018 2830 936
1682 1086 1682 1169 1764 1169 1764 1086
1765 1070 1765 1145 1857 1145 1857 1070
1879 1065 1879 1147 1959 1147 1959 1065
1507 1191 1507 1305 1620 1305 1620 1191
1626 1199 1626 1315 1741 1315 1741 1199
1747 1178 1747 1290 1835 1290 1835 1178
1870 1175 1870 1295 1955 1295 1955 1175
2058 1170 2058 1268 2173 1268 2173 1170
2172 1167 2172 1272 2279 1272 2279 1167
2276 1155 2276 1274 2377 1274 2377 1155
2373 1164 2373 1271 2441 1271 2441 1164
2446 1143 2446 1244 2602 1244 2602 1143
2744 1129 2744 1231 2858 1231 2858 1129
2843 1108 2843 1238 2947 1238 2947 1108
1386 1315 1386 1415 1529 1415 1529 1315
1535 1316 1535 1418 1596 1418 1596 1316
1596 1310 1596 1419 1706 1419 1706 1310
1711 1305 1711 1427 1829 1427 1829 1305
1820 1297 1820 1422 1919 1422 1919 1297
1920 1286 1920 1406 2021 1406 2021 1286
2018 1284 2018 1414 2082 1414 2082 1284
2092 1272 2092 1392 2196 1392 2196 1272
2200 1262 2200 1382 2296 1382 2296 1262
2292 1269 2292 1381 2348 1381 2348 1269
2357 1264 2357 1373 2456 1373 2456 1264
2449 1260 2449 1378 2518 1378 2518 1260
2533 1259 2533 1373 2618 1373 2618 1259
2632 1243 2632 1361 2744 1361 2744 1243
2728 1242 2728 1361 2834 1361 2834 1242
1376 1458 1376 1565 1490 1565 1490 1458
1680 1442 1680 1551 1786 1551 1786 1442
1784 1434 1784 1565 1888 1565 1888 1434
1893 1439 1893 1540 2053 1540 2053 1439
2059 1440 2059 1538 2187 1538 2187 1440
1517 1555 1517 1679 1571 1679 1571 1555
1580 1550 1580 1683 1692 1683 1692 1550
1706 1546 1706 1669 1847 1669 1847 1546
1830 1557 1830 1666 1944 1666 1944 1557
1923 1545 1923 1665 2032 1665 2032 1545
2024 1533 2024 1656 2125 1656 2125 1533
2121 1524 2121 1636 2223 1636 2223 1524
2235 1520 2235 1637 2374 1637 2374 1520
1414 1696 1414 1820 1565 1820 1565 1696
1637 1702 1637 1808 1738 1808 1738 1702
1748 1674 1748 1799 1828 1799 1828 1674
1821 1689 1821 1790 1900 1790 1900 1689
1899 1674 1899 1785 1955 1785 1955 1674
1945 1662 1945 1782 2045 1782 2045 1662
2024 1677 2024 1786 2133 1786 2133 1677
2119 1668 2119 1781 2213 1781 2213 1668
2221 1657 2221 1777 2313 1777 2313 1657
2302 1665 2302 1763 2398 1763 2398 1665
2396 1661 2396 1775 2472 1775 2472 1661
2460 1650 2460 1751 2572 1751 2572 1650
2739 1632 2739 1750 2837 1750 2837 1632
2831 1624 2831 1754 2955 1754 2955 1624
1389 1864 1389 1967 1485 1967 1485 1864
1459 1863 1459 1968 1547 1968 1547 1863
1552 1848 1552 1965 1643 1965 1643 1848
1643 1852 1643 1964 1741 1964 1741 1852
1741 1839 1741 1965 1840 1965 1840 1839
1837 1842 1837 1952 1971 1952 1971 1842
1971 1844 1971 1943 2109 1943 2109 1844
2106 1829 2106 1938 2218 1938 2218 1829
2213 1821 2213 1932 2307 1932 2307 1821
2307 1816 2307 1916 2482 1916 2482 1816
2463 1807 2463 1908 2570 1908 2570 1807
2727 1781 2727 1903 2843 1903 2843 1781
2821 1770 2821 1887 2938 1887 2938 1770
1521 1988 1521 2108 1596 2108 1596 1988
1595 1994 1595 2088 1698 2088 1698 1994
1685 1985 1685 2090 1805 2090 1805 1985
1912 1975 1912 2092 1994 2092 1994 1975
1988 1962 1988 2076 2083 2076 2083 1962
2093 1961 2093 2067 2178 2067 2178 1961
2170 1960 2170 2068 2259 2068 2259 1960
2257 1960 2257 2069 2364 2069 2364 1960
2359 1957 2359 2074 2406 2074 2406 1957
2411 1955 2411 2068 2497 2068 2497 1955
2491 1954 2491 2058 2598 2058 2598 1954
2693 1927 2693 2036 2781 2036 2781 1927
2777 1926 2777 2035 2868 2035 2868 1926
2848 1922 2848 2032 2944 2032 2944 1922
1402 2104 1402 2296 1500 2296 1500 2104
1507 2141 1507 2259 1576 2259 1576 2141
1564 2155 1564 2256 1651 2256 1651 2155
1627 2139 1627 2238 1742 2238 1742 2139
1731 2128 1731 2236 1819 2236 1819 2128
1823 2113 1823 2235 1933 2235 1933 2113
1937 2115 1937 2225 2017 2225 2017 2115
2016 2109 2016 2224 2098 2224 2098 2109
2104 2110 2104 2216 2181 2216 2181 2110
2164 2101 2164 2211 2246 2211 2246 2101
2240 2100 2240 2211 2312 2211 2312 2100
2311 2104 2311 2207 2378 2207 2378 2104
2391 2101 2391 2194 2462 2194 2462 2101
2464 2097 2464 2193 2539 2193 2539 2097
2550 2092 2550 2186 2620 2186 2620 2092
1416 2291 1416 2413 1523 2413 1523 2291
1524 2300 1524 2404 1606 2404 1606 2300
2725 2077 2725 2193 2829 2193 2829 2077
1610 2283 1610 2393 1650 2393 1650 2283
1650 2287 1650 2401 1754 2401 1754 2287
1745 2272 1745 2392 1844 2392 1844 2272
1828 2291 1828 2375 1981 2375 1981 2291
1970 2279 1970 2373 2039 2373 2039 2279
2048 2259 2048 2382 2135 2382 2135 2259
2132 2252 2132 2370 2207 2370 2207 2252
2200 2244 2200 2384 2278 2384 2278 2244
2286 2255 2286 2371 2356 2371 2356 2255
2369 2264 2369 2366 2453 2366 2453 2264
2448 2257 2448 2359 2542 2359 2542 2257
2542 2260 2542 2356 2586 2356 2586 2260
2573 2249 2573 2342 2661 2342 2661 2249
2658 2228 2658 2362 2772 2362 2772 2228
1433 2432 1433 2571 1479 2571 1479 2432
1497 2428 1497 2545 1598 2545 1598 2428
1595 2430 1595 2539 1683 2539 1683 2430
1674 2430 1674 2537 1768 2537 1768 2430
1775 2428 1775 2525 1826 2525 1826 2428
1813 2420 1813 2524 1914 2524 1914 2420
1912 2419 1912 2533 2011 2533 2011 2419
2020 2408 2020 2518 2135 2518 2135 2408
2127 2409 2127 2526 2223 2526 2223 2409
2212 2415 2212 2524 2262 2524 2262 2415
2263 2401 2263 2516 2365 2516 2365 2401
2360 2396 2360 2514 2398 2514 2398 2396
2409 2396 2409 2506 2490 2506 2490 2396
2502 2393 2502 2493 2567 2493 2567 2393
1421 2595 1421 2702 1562 2702 1562 2595
1538 2581 1538 2696 1619 2696 1619 2581
1632 2583 1632 2700 1680 2700 1680 2583
1680 2575 1680 2704 1772 2704 1772 2575
1763 2584 1763 2691 1878 2691 1878 2584
1873 2583 1873 2677 2020 2677 2020 2583
2011 2579 2011 2675 2143 2675 2143 2579
2150 2559 2150 2672 2240 2672 2240 2559
2248 2552 2248 2655 2348 2655 2348 2552
2342 2549 2342 2651 2470 2651 2470 2549
2479 2554 2479 2645 2559 2645 2559 2554
2576 2548 2576 2647 2630 2647 2630 2548
2619 2532 2619 2638 2739 2638 2739 2532
1432 2719 1432 2835 1555 2835 1555 2719
1547 2725 1547 2813 1712 2813 1712 2725
1719 2710 1719 2801 1824 2801 1824 2710
1816 2711 1816 2792 1847 2792 1847 2711
1983 2695 1983 2789 2067 2789 2067 2695
2072 2686 2072 2777 2166 2777 2166 2686
2169 2688 2169 2773 2249 2773 2249 2688
2247 2672 2247 2776 2340 2776 2340 2672
2340 2664 2340 2758 2448 2758 2448 2664
2462 2652 2462 2796 2552 2796 2552 2652
2571 2654 2571 2753 2653 2753 2653 2654
1408 2847 1408 2930 1535 2930 1535 2847
1530 2833 1530 2921 1626 2921 1626 2833
1614 2833 1614 2925 1709 2925 1709 2833
1700 2824 1700 2925 1809 2925 1809 2824
1798 2817 1798 2907 1883 2907 1883 2817
1879 2783 1879 2956 1986 2956 1986 2783
1991 2804 1991 2899 2079 2899 2079 2804
2082 2801 2082 2905 2153 2905 2153 2801
2161 2798 2161 2889 2263 2889 2263 2798
2258 2787 2258 2891 2354 2891 2354 2787
2367 2780 2367 2873 2467 2873 2467 2780
2462 2775 2462 2869 2546 2869 2546 2775
2543 2776 2543 2874 2679 2874 2679 2776
2651 2777 2651 2850 2735 2850 2735 2777
2725 2767 2725 2866 2823 2866 2823 2767
1427 2931 1427 3047 1543 3047 1543 2931
1526 2935 1526 3021 1639 3021 1639 2935
1630 2934 1630 3020 1730 3020 1730 2934
1720 2926 1720 3026 1777 3026 1777 2926
1778 2929 1778 3017 1871 3017 1871 2929
1860 2925 1860 3018 1948 3018 1948 2925
1953 2923 1953 3016 2006 3016 2006 2923
2007 2906 2007 3002 2080 3002 2080 2906
2067 2916 2067 2998 2173 2998 2173 2916
2266 2895 2266 2998 2360 2998 2360 2895
2350 2891 2350 2987 2428 2987 2428 2891
2406 2878 2406 2980 2499 2980 2499 2878
2497 2882 2497 2980 2581 2980 2581 2882
2719 2876 2719 2975 2760 2975 2760 2876
2760 2872 2760 2978 2837 2978 2837 2872
2835 2871 2835 2968 2928 2968 2928 2871
2938 2848 2938 2952 3008 2952 3008 2848
3002 2839 3002 2943 3085 2943 3085 2839
1458 3042 1458 3157 1583 3157 1583 3042
1575 3032 1575 3136 1665 3136 1665 3032
1655 3030 1655 3146 1730 3146 1730 3030
1725 3039 1725 3138 1789 3138 1789 3039
1777 3024 1777 3130 1881 3130 1881 3024
1867 3022 1867 3131 1944 3131 1944 3022
1938 3020 1938 3129 2039 3129 2039 3020
2034 3010 2034 3121 2122 3121 2122 3010
2112 3003 2112 3104 2213 3104 2213 3003
2201 3009 2201 3105 2249 3105 2249 3009
2262 3001 2262 3100 2349 3100 2349 3001
2354 3003 2354 3103 2432 3103 2432 3003
2427 2982 2427 3091 2520 3091 2520 2982
1460 3159 1460 3268 1580 3268 1580 3159
1566 3145 1566 3262 1648 3262 1648 3145
1640 3159 1640 3258 1737 3258 1737 3159
1716 3145 1716 3257 1796 3257 1796 3145
1804 3152 1804 3245 1886 3245 1886 3152
1872 3151 1872 3255 1959 3255 1959 3151
1949 3148 1949 3250 2056 3250 2056 3148
2053 3138 2053 3240 2155 3240 2155 3138
2158 3123 2158 3232 2251 3232 2251 3123
2237 3125 2237 3216 2339 3216 2339 3125
2330 3114 2330 3215 2387 3215 2387 3114
2387 3112 2387 3216 2456 3216 2456 3112
2461 3116 2461 3220 2549 3220 2549 3116
2754 3096 2754 3199 2851 3199 2851 3096
2843 3079 2843 3197 2933 3197 2933 3079
2935 3077 2935 3199 3021 3199 3021 3077
1449 3276 1449 3375 1591 3375 1591 3276
1580 3277 1580 3375 1676 3375 1676 3277
1665 3258 1665 3368 1728 3368 1728 3258
1727 3288 1727 3375 1871 3375 1871 3288
1866 3270 1866 3360 1957 3360 1957 3270
1960 3261 1960 3362 2048 3362 2048 3261
2025 3259 2025 3358 2113 3358 2113 3259
2104 3236 2104 3392 2203 3392 2203 3236
2199 3232 2199 3351 2306 3351 2306 3232
2311 3240 2311 3346 2448 3346 2448 3240
2442 3232 2442 3327 2546 3327 2546 3232
2535 3221 2535 3325 2619 3325 2619 3221
1445 3411 1445 3513 1607 3513 1607 3411
1607 3408 1607 3504 1723 3504 1723 3408
1711 3396 1711 3512 1808 3512 1808 3396
1808 3401 1808 3498 1907 3498 1907 3401
1912 3392 1912 3503 1967 3503 1967 3392
1952 3381 1952 3482 2069 3482 2069 3381
2061 3384 2061 3472 2160 3472 2160 3384
2178 3373 2178 3474 2258 3474 2258 3373
2272 3370 2272 3468 2363 3468 2363 3370
2344 3343 2344 3468 2427 3468 2427 3343
2432 3360 2432 3463 2530 3463 2530 3360
2535 3327 2535 3490 2627 3490 2627 3327
2768 3338 2768 3450 2869 3450 2869 3338
2867 3328 2867 3431 2963 3431 2963 3328
2954 3320 2954 3428 3048 3428 3048 3320
3043 3306 3043 3424 3144 3424 3144 3306
3133 3304 3133 3432 3227 3432 3227 3304
1459 3525 1459 3642 1583 3642 1583 3525
1571 3521 1571 3645 1670 3645 1670 3521
1665 3515 1665 3630 1758 3630 1758 3515
1762 3517 1762 3632 1888 3632 1888 3517
1874 3505 1874 3619 1973 3619 1973 3505
1975 3501 1975 3618 2085 3618 2085 3501
2085 3500 2085 3608 2167 3608 2167 3500
2168 3500 2168 3639 2287 3639 2287 3500
1487 3647 1487 3781 1597 3781 1597 3647
1599 3648 1599 3778 1675 3778 1675 3648
1675 3650 1675 3759 1845 3759 1845 3650
1840 3650 1840 3751 1946 3751 1946 3650
1947 3647 1947 3757 2096 3757 2096 3647
1446 3780 1446 3892 1598 3892 1598 3780
1573 3780 1573 3890 1714 3890 1714 3780
1713 3762 1713 3869 1819 3869 1819 3762
1813 3765 1813 3877 1907 3877 1907 3765
1903 3759 1903 3860 2002 3860 2002 3759
1995 3768 1995 3856 2151 3856 2151 3768
2143 3749 2143 3834 2238 3834 2238 3749
2251 3745 2251 3837 2293 3837 2293 3745
2293 3738 2293 3840 2394 3840 2394 3738
2391 3730 2391 3840 2498 3840 2498 3730
2501 3716 2501 3845 2559 3845 2559 3716
1498 3903 1498 4004 1608 4004 1608 3903
1607 3898 1607 4010 1701 4010 1701 3898
1707 3895 1707 4002 1800 4002 1800 3895
1805 3888 1805 3997 1903 3997 1903 3888
1901 3885 1901 3983 2003 3983 2003 3885
2007 3861 2007 3980 2104 3980 2104 3861
2104 3852 2104 3980 2208 3980 2208 3852
2203 3847 2203 3989 2309 3989 2309 3847
2299 3842 2299 3964 2408 3964 2408 3842
2408 3844 2408 3954 2498 3954 2498 3844
2511 3836 2511 3956 2610 3956 2610 3836
2608 3831 2608 3922 2688 3922 2688 3831
2687 3816 2687 3940 2815 3940 2815 3816
1504 4010 1504 4172 1608 4172 1608 4010
1616 4021 1616 4162 1671 4162 1671 4021
1671 4024 1671 4135 1752 4135 1752 4024
1757 4013 1757 4127 1858 4127 1858 4013
1863 4000 1863 4117 1976 4117 1976 4000
1971 4000 1971 4114 2085 4114 2085 4000
2077 3994 2077 4106 2175 4106 2175 3994
2171 3976 2171 4098 2293 4098 2293 3976
2285 3991 2285 4085 2323 4085 2323 3991
2320 3984 2320 4085 2421 4085 2421 3984
2423 3980 2423 4082 2544 4082 2544 3980
2530 3960 2530 4077 2631 4077 2631 3960
2634 3965 2634 4060 2719 4060 2719 3965
2711 3951 2711 4077 2770 4077 2770 3951
2773 3949 2773 4050 2871 4050 2871 3949
2858 3925 2858 4063 2973 4063 2973 3925
1506 4168 1506 4258 1626 4258 1626 4168
1627 4164 1627 4255 1794 4255 1794 4164
1794 4146 1794 4236 1896 4236 1896 4146
1880 4128 1880 4236 1920 4236 1920 4128
1922 4133 1922 4226 2074 4226 2074 4133
2071 4125 2071 4220 2171 4220 2171 4125
2176 4116 2176 4208 2282 4208 2282 4116
2277 4080 2277 4247 2383 4247 2383 4080
2386 4093 2386 4210 2432 4210 2432 4093
2431 4098 2431 4191 2533 4191 2533 4098
2525 4112 2525 4199 2672 4199 2672 4112
2664 4079 2664 4188 2784 4188 2784 4079
2773 4082 2773 4183 2875 4183 2875 4082
2874 4064 2874 4178 2975 4178 2975 4064
1519 4266 1519 4380 1631 4380 1631 4266
1624 4255 1624 4370 1733 4370 1733 4255
1715 4250 1715 4373 1815 4373 1815 4250
1810 4250 1810 4373 1896 4373 1896 4250
1887 4247 1887 4359 1986 4359 1986 4247
1986 4228 1986 4348 2087 4348 2087 4228
2072 4242 2072 4333 2187 4333 2187 4242
2187 4224 2187 4338 2293 4338 2293 4224
2331 4228 2331 4333 2435 4333 2435 4228
1504 4388 1504 4509 1610 4509 1610 4388
1584 4386 1584 4519 1691 4519 1691 4386
1685 4370 1685 4546 1784 4546 1784 4370
1791 4381 1791 4500 1861 4500 1861 4381
1858 4372 1858 4493 1957 4493 1957 4372
1944 4383 1944 4485 2059 4485 2059 4383
2053 4368 2053 4482 2163 4482 2163 4368
2160 4352 2160 4477 2215 4477 2215 4352
2218 4354 2218 4472 2314 4472 2314 4354
2314 4357 2314 4450 2413 4450 2413 4357
2419 4338 2419 4450 2514 4450 2514 4338
2499 4333 2499 4452 2591 4452 2591 4333
2584 4338 2584 4436 2733 4436 2733 4338
2739 4320 2739 4431 2821 4431 2821 4320
2812 4317 2812 4408 2846 4408 2846 4317
2853 4333 2853 4422 2977 4422 2977 4333
2958 4300 2958 4416 3053 4416 3053 4300
3032 4280 3032 4399 3141 4399 3141 4280
1527 4520 1527 4640 1648 4640 1648 4520
1648 4525 1648 4623 1748 4623 1748 4525
1751 4522 1751 4618 1800 4618 1800 4522
1809 4507 1809 4617 1915 4617 1915 4507
1924 4511 1924 4614 1963 4614 1963 4511
1975 4485 1975 4610 2074 4610 2074 4485
2063 4494 2063 4588 2161 4588 2161 4494
2181 4480 2181 4607 2283 4607 2283 4480
1529 4656 1529 4757 1635 4757 1635 4656
1602 4644 1602 4765 1712 4765 1712 4644
1715 4618 1715 4787 1803 4787 1803 4618
1821 4629 1821 4739 1893 4739 1893 4629
1897 4617 1897 4733 2011 4733 2011 4617
2023 4613 2023 4722 2132 4722 2132 4613
2102 4603 2102 4727 2187 4727 2187 4603
2201 4601 2201 4711 2305 4711 2305 4601
2314 4596 2314 4704 2418 4704 2418 4596
2409 4576 2409 4680 2502 4680 2502 4576
1664 4786 1664 4890 1826 4890 1826 4786
1821 4784 1821 4882 1917 4882 1917 4784
1911 4765 1911 4880 2037 4880 2037 4765
2028 4756 2028 4874 2087 4874 2087 4756
2083 4751 2083 4863 2269 4863 2269 4751
2259 4745 2259 4829 2365 4829 2365 4745
1541 4910 1541 5043 1654 5043 1654 4910
1645 4912 1645 5037 1744 5037 1744 4912
1728 4909 1728 5034 1848 5034 1848 4909
1835 4900 1835 5029 1925 5029 1925 4900
1526 5054 1526 5190 1657 5190 1657 5054
1664 5048 1664 5184 1719 5184 1719 5048
1715 5037 1715 5162 1888 5162 1888 5037
3169 908 3169 1015 3297 1015 3297 908
3217 1005 3217 1090 3297 1090 3297 1005
3288 990 3288 1089 3394 1089 3394 990
3288 1100 3288 1187 3390 1187 3390 1100
3396 1091 3396 1192 3509 1192 3509 1091
3403 1198 3403 1313 3507 1313 3507 1198
3496 1189 3496 1310 3598 1310 3598 1189
3324 1326 3324 1427 3488 1427 3488 1326
3489 1330 3489 1435 3580 1435 3580 1330
3572 1324 3572 1430 3634 1430 3634 1324
3627 1346 3627 1423 3793 1423 3793 1346
3199 1476 3199 1581 3325 1581 3325 1476
3318 1471 3318 1569 3409 1569 3409 1471
3388 1470 3388 1555 3499 1555 3499 1470
3480 1462 3480 1566 3572 1566 3572 1462
3574 1463 3574 1559 3665 1559 3665 1463
3648 1449 3648 1569 3704 1569 3704 1449
3227 1588 3227 1714 3327 1714 3327 1588
3318 1600 3318 1713 3422 1713 3422 1600
3404 1583 3404 1702 3508 1702 3508 1583
3507 1583 3507 1693 3587 1693 3587 1583
3579 1578 3579 1706 3630 1706 3630 1578
3644 1579 3644 1697 3742 1697 3742 1579
3752 1576 3752 1691 3849 1691 3849 1576
3849 1565 3849 1686 3963 1686 3963 1565
3969 1551 3969 1673 4072 1673 4072 1551
4062 1559 4062 1664 4194 1664 4194 1559
3224 1723 3224 1857 3337 1857 3337 1723
4140 1570 4140 1665 4234 1665 4234 1570
3332 1730 3332 1844 3485 1844 3485 1730
3502 1722 3502 1848 3555 1848 3555 1722
3548 1709 3548 1851 3661 1851 3661 1709
3660 1719 3660 1833 3755 1833 3755 1719
3772 1709 3772 1829 3860 1829 3860 1709
3214 1870 3214 2009 3384 2009 3384 1870
3370 1879 3370 2000 3477 2000 3477 1879
3477 1879 3477 1983 3651 1983 3651 1879
3661 1871 3661 1978 3769 1978 3769 1871
3762 1865 3762 1979 3850 1979 3850 1865
3854 1849 3854 1985 3955 1985 3955 1849
4143 1855 4143 1958 4253 1958 4253 1855
4228 1840 4228 1950 4341 1950 4341 1840
4333 1832 4333 1945 4431 1945 4431 1832
4419 1829 4419 1944 4542 1944 4542 1829
3225 2007 3225 2149 3356 2149 3356 2007
3342 2015 3342 2135 3446 2135 3446 2015
3432 2012 3432 2135 3530 2135 3530 2012
3542 2008 3542 2139 3665 2139 3665 2008
3640 2008 3640 2136 3738 2136 3738 2008
4096 1976 4096 2111 4195 2111 4195 1976
4189 1970 4189 2108 4303 2108 4303 1970
4305 1984 4305 2096 4394 2096 4394 1984
4379 1955 4379 2094 4513 2094 4513 1955
3240 2178 3240 2287 3415 2287 3415 2178
3399 2157 3399 2308 3450 2308 3450 2157
3451 2180 3451 2295 3554 2295 3554 2180
3555 2136 3555 2292 3635 2292 3635 2136
3648 2159 3648 2292 3746 2292 3746 2159
3754 2168 3754 2261 3848 2261 3848 2168
3861 2148 3861 2271 3922 2271 3922 2148
4282 2132 4282 2241 4408 2241 4408 2132
4407 2127 4407 2244 4505 2244 4505 2127
4505 2100 4505 2230 4623 2230 4623 2100
3253 2317 3253 2448 3374 2448 3374 2317
3373 2318 3373 2443 3491 2443 3491 2318
3479 2304 3479 2431 3600 2431 3600 2304
3604 2311 3604 2432 3686 2432 3686 2311
3679 2306 3679 2426 3736 2426 3736 2306
3746 2306 3746 2421 3889 2421 3889 2306
3887 2308 3887 2415 4002 2415 4002 2308
4205 2266 4205 2404 4264 2404 4264 2266
4263 2272 4263 2391 4383 2391 4383 2272
3250 2476 3250 2588 3362 2588 3362 2476
3357 2484 3357 2594 3538 2594 3538 2484
3536 2474 3536 2580 3632 2580 3632 2474
3626 2472 3626 2591 3677 2591 3677 2472
3679 2464 3679 2586 3781 2586 3781 2464
3773 2461 3773 2578 3871 2578 3871 2461
3872 2452 3872 2568 3984 2568 3984 2452
4002 2450 4002 2560 4090 2560 4090 2450
4075 2453 4075 2554 4176 2554 4176 2453
4168 2436 4168 2551 4323 2551 4323 2436
4312 2421 4312 2530 4403 2530 4403 2421
4397 2392 4397 2546 4509 2546 4509 2392
4512 2407 4512 2532 4581 2532 4581 2407
4587 2426 4587 2520 4687 2520 4687 2426
3253 2604 3253 2738 3362 2738 3362 2604
3365 2618 3365 2722 3461 2722 3461 2618
3459 2602 3459 2719 3568 2719 3568 2602
3562 2597 3562 2722 3626 2722 3626 2597
3623 2599 3623 2717 3739 2717 3739 2599
3739 2580 3739 2692 3848 2692 3848 2580
3855 2570 3855 2684 3930 2684 3930 2570
4469 2546 4469 2653 4578 2653 4578 2546
4587 2541 4587 2634 4667 2634 4667 2541
4671 2524 4671 2629 4797 2629 4797 2524
1104 3513 1104 3635 1183 3635 1183 3513
818 4779 818 4877 912 4877 912 4779
1840 2700 1840 2793 1992 2793 1992 2700
2167 2905 2167 3007 2263 3007 2263 2905
2586 2885 2586 2976 2672 2976 2672 2885
1466 4757 1466 4895 1661 4895 1661 4757
# Transcript
*****Y*
***ADHS)A**
**RKOYBER
****LERNAI
**NOY
****HM**
*O*****
**
******
******
******
NDROY
EIWN
PEIRAI
NELEYSEI
KALL**TOY
MAR
AZHNI
NOMOYPAI
MOSAPOL
HRETIDAS
*IDOS
NOFILOYKHFI
*TTIKOYKHFI
*IDOS
*PIGONOYGAR
EISAGWGEYS
**ISTWNOSGAR
*OSGAR
*S)KOL
ERIK
*YMENEKMYR
ONIDOS
*ARISTONIKOS
*SPAIPAI
*NOYSKYDA
*OFILOYKYQ
*S
IOY
EP*NGR*FOI
N**OSTR**OSA*OLLOFANO**
S*NFOROSLEONTEWS
***LOS*
*YKAR*OSERM**OY
DIONYSIOSIEROKL****
A**STWN*
*ILAGAQHM****
M*NEKRATHSEYT**OY
EYSCHMWNSWS**OY
*YHM*ROSEPIKT*TOY
FILHTOSBERYLLAN*Y
HLIODWROSBAKCIOY
IOYLIOSNEIKIAS
ARISTWNEYPORO*
ZWSIMOSSYNFO***
TELESFOROSESMOY
ANTIOCIANOSEYTY*IANOY
PERIKLHSDIOGE****
EYARESTOSDIOG**OYS
MARWNEYFHMOY
MOYNICOSSYNF**ONTOS
EYTYCOS)
ERWS)
APOLLWNIOS)
QALLOSEYTYCOY
FILHTOSDIONYSIOY
ZWSIMOSFILWNOS
HDYLALOS)
EYFRANTIKOSZWSIMOY
NEIKIAS)
EYFROSYNOS**
PWLLIWN
ELEY**
DIO
***
A**
EY*
QH**
**AY*
*WSIM**
QEOTEI***
KASSIOSNHRE
ZWILOS******
LEWNEY**GELO
LEONT****YKOY
MIQRHSI****TOY
ONHSIMO**IL**
SWSIKLHSEPAFRO*
YGEINOS*****NOY
# Lines: x1 y1 x2 y2 x3 y3 x4 y4
955 635 1171 638
582 789 1185 783
577 919 1274 923
836 1054 1317 1064
979 1161 1309 1172
887 1285 1198 1292
712 1461 950 1461
756 2126 1303 2116
762 2274 1302 2273
706 2412 1292 2391
645 2537 1386 2558
565 2710 1359 2671
941 2759 1263 2761
640 2847 1286 2833
579 3004 1397 2999
611 3151 1446 3147
571 3315 1378 3293
575 3503 968 3484
498 3627 1400 3574
501 3740 1441 3713
530 3835 918 3831
546 3928 1419 3881
774 4005 1484 3977
529 4164 1457 4133
588 4277 1413 4251
601 4388 1426 4356
974 4483 1371 4472
585 4621 1439 4594
467 4730 1148 4708
536 4840 1381 4817
597 4952 1455 4906
672 5061 1463 5038
710 5195 1450 5182
767 5270 968 5269
810 5372 1167 5362
1668 775 2613 749
1299 959 3042 876
1362 1053 2797 986
1643 1143 1979 1136
1413 1256 2979 1178
1359 1388 3136 1282
1378 1516 2330 1455
1320 1639 3071 1540
1370 1772 2963 1684
1370 1912 2911 1837
1352 2074 2920 1976
1384 2210 2938 2127
1400 2364 2856 2276
1411 2493 2672 2432
1413 2672 2755 2581
1443 2789 2941 2666
1383 2898 2880 2844
1456 3016 3082 2912
1463 3112 3077 3008
1491 3247 3024 3146
1440 3340 2672 3264
1459 3469 3242 3365
1427 3600 2317 3560
1491 3714 2055 3708
1483 3850 2594 3780
1509 3944 2813 3880
1514 4090 2933 4005
1512 4208 2968 4124
1522 4324 2429 4272
1528 4453 3120 4344
1547 4588 2267 4554
1535 4701 2549 4642
1549 4845 2399 4783
1555 4980 2138 4941
1549 5120 1859 5101
3119 943 3333 933
3163 1053 3511 1018
3186 1157 3541 1136
3210 1260 3738 1240
3194 1386 3800 1346
3165 1543 3890 1480
3178 1661 4143 1586
3199 1786 4378 1724
3211 1952 4599 1855
3202 2090 4669 1983
3199 2242 4811 2109
3224 2392 4816 2276
3263 2541 4896 2426
3267 2671 4872 2557