# Baseline angle
6.2684031086481085
# Boxes: x1 y1 x2 y2 x3 y3 x4 y4
3265 402 3272.9036298861743 605.2262739502348 3433 599 3425.0963701138257 395.77372604976506
3419 385 3427.7482303903284 609.9435122202078 3632 602 3623.2517696096716 377.05648777979223
3212 614 3219.3891084818274 803.9963695418827 3425 796 3417.6108915181726 606.0036304581173
3163 929 3168.965257634027 1082.3848496925532 3256 1079 3250.034742365973 925.6151503074468
3260 932 3266.2560712948753 1092.8625501364302 3417 1087 3410.7439287051247 926.1374498635697
3406 910 3411.944981474216 1062.8634881830217 3537 1058 3531.055018525784 905.1365118169786
3523 897 3527.4395926027455 1011.1553786686309 3660 1006 3655.5604073972545 891.8446213313691
3110 1170 3115.3625006562875 1307.8861413208822 3241 1303 3235.6374993437125 1165.1138586791178
3209 1137 3215.678693267118 1308.7294416717466 3363 1303 3356.321306732882 1131.2705583282534
3358 1118 3364.708030682072 1290.48379550845 3480 1286 3473.291969317928 1113.51620449155
3465 1124 3470.474466192301 1264.7651145297243 3593 1260 3587.525533807699 1119.2348854702757
3544 1164 3548.40593461612 1277.289929842067 3633 1274 3628.59406538388 1160.710070157933
3624 1126 3629.2198975520296 1260.2193833945337 3712 1257 3706.7801024479704 1122.7806166054663
2907 2153 2914.762326935206 2352.5929469046896 3110 2345 3102.237673064794 2145.4070530953104
3177 2119 3184.663086513049 2316.0411749327363 3340 2310 3332.336913486951 2112.9588250672637
3321 2113 3328.8850739914556 2315.7491456689577 3451 2311 3443.1149260085444 2108.2508543310423
3600 2098 3607.883997166695 2300.721457241363 3755 2295 3747.116002833305 2092.278542758637
3025 2634 3031.8747971333814 2810.771866307256 3206 2804 3199.1252028666186 2627.228133692744
3196 2622 3203.0020748172033 2802.0445612351095 3307 2798 3299.9979251827967 2617.9554387648905
3395 2590 3401.7382348658866 2763.260436599022 3537 2758 3530.2617651341134 2584.739563400978
3120 2866 3126.0487525239455 3021.531756318561 3294 3015 3287.9512474760545 2859.468243681439
3289 2852 3295.588304044204 3021.4052608532393 3486 3014 3479.411695955796 2844.5947391467607
3476 2794 3483.969212321706 2998.9125970956247 3636 2993 3628.030787678294 2788.0874029043753
1113 3145 1115.6740327665027 3325.8822948300653 1243 3324 1240.3259672334973 3143.1177051699347
1217 3138 1219.929444987322 3336.159401232122 1366 3334 1363.070555012678 3135.840598767878
1344 3150 1346.6362475551782 3328.3263516790994 1504 3326 1501.3637524448218 3147.6736483209006
1480 3140 1482.8503786050278 3332.81103420667 1673 3330 1670.1496213949722 3137.18896579333
1668 3140 1670.9048325555987 3336.4945176946994 1772 3335 1769.0951674444013 3138.5054823053006
1766 3159 1768.5383903897882 3330.706900764726 1884 3329 1881.4616096102118 3157.293099235274
1900 3162 1902.4518950932468 3327.8560122017934 2028 3326 2025.5481049067532 3160.1439877982066
2003 3089 2007.1859673285007 3372.155608991725 2153 3370 2148.8140326714993 3086.844391008275
2384 3105 2387.114452941687 3315.6740808450886 2568 3313 2564.885547058313 3102.3259191549114
2918 3137 2920.5051158422248 3306.4560769909417 3019 3305 3016.4948841577752 3135.5439230090583
3009 3137 3011.371954721041 3297.448524995461 3177 3295 3174.628045278959 3134.551475004539
3168 3111 3170.590159439695 3286.2087668097724 3320 3284 3317.409840560305 3108.7912331902276
3315 3082 3317.431293399399 3246.4624310507693 3484 3244 3481.568706600601 3079.5375689492307
3473 3063 3475.7798965552993 3251.0433458451407 3614 3249 3611.2201034447007 3060.9566541548593
3606 3078 3608.084501154251 3219.0040135185013 3676 3218 3673.915498845749 3076.9959864814987
3699 3042 3701.3438463296716 3200.5471607345185 3806 3199 3803.6561536703284 3040.4528392654815
614 3385 616.5919074195183 3560.327007171533 774 3558 771.4080925804817 3382.672992828467
729 3374 731.8157930725969 3564.471530161565 899 3562 896.1842069274031 3371.528469838435
856 3375 859.0342162887293 3580.246552021097 1011 3578 1007.9657837112707 3372.753447978903
1001 3390 1003.8390167361792 3582.0424718552295 1142 3580 1139.1609832638208 3387.9575281447705
1131 3420 1133.4451994547073 3585.4030923724113 1296 3583 1293.5548005452927 3417.5969076275887
1278 3396 1280.7544879169384 3582.3246036992764 1438 3580 1435.2455120830616 3393.6753963007236
1444 3406 1446.367584771484 3566.152924091061 1592 3564 1589.632415228516 3403.847075908939
1572 3385 1574.7539731387087 3571.2897820363983 1662 3570 1659.2460268612913 3383.7102179636017
1659 3418 1661.234345867026 3569.1401105231416 1806 3567 1803.765654132974 3415.8598894768584
1806 3398 1808.5459600182392 3570.218940774988 1891 3569 1888.4540399817608 3396.781059225012
1881 3393 1883.6344995753557 3571.2081113173394 2033 3569 2030.3655004246443 3390.7918886826606
1996 3407 1998.578953137395 3581.4507276032095 2232 3578 2229.421046862605 3403.5492723967905
2212 3372 2214.7450925253906 3557.689061754816 2329 3556 2326.2549074746094 3370.310938245184
2321 3393 2323.490632077757 3561.476337106078 2491 3559 2488.509367922243 3390.523662893922
2489 3386 2491.3856422788717 3547.3744062718833 2652 3545 2649.6143577211283 3383.6255937281167
3305 3356 3307.4462919420967 3521.4769925985115 3475 3519 3472.5537080579033 3353.5230074014885
612 3625 614.4067587509495 3787.802809085785 804 3785 801.5932412490505 3622.197190914215
798 3636 800.2186140486206 3786.0759472673008 873 3785 870.7813859513794 3634.9240527326992
872 3639 874.5171332035068 3809.268979478042 1028 3807 1025.482866796493 3636.731020521958
1036 3652 1038.4423589874955 3817.210951784551 1188 3815 1185.5576410125045 3649.789048215449
1198 3655 1200.5860079876163 3829.927945950593 1331 3828 1328.4139920123837 3653.072054049407
1315 3670 1317.5605993492554 3843.2092038047285 1467 3841 1464.4394006507446 3667.7907961952715
1467 3663 1469.4511618175393 3828.806410493695 1524 3828 1521.5488381824607 3662.193589506305
1529 3673 1531.4818921786425 3840.885135297278 1659 3839 1656.5181078213575 3671.114864702722
1664 3673 1666.1624121182265 3819.2742234175107 1820 3817 1817.8375878817735 3670.7257765824893
1811 3641 1813.645346665974 3819.941852005901 1945 3818 1942.354653334026 3639.058147994099
1945 3654 1947.3667107815725 3814.0938039101807 2089 3812 2086.6332892184273 3651.9061960898193
2088 3626 2090.8709802988756 3820.204615357694 2240 3818 2237.1290197011244 3623.795384642306
2241 3628 2243.6522608019914 3807.409551880503 2339 3806 2336.3477391980086 3626.590448119497
2329 3638 2331.1615381283154 3784.2151032366305 2481 3782 2478.8384618716846 3635.7848967633695
2472 3634 2474.2237172738855 3784.421149879799 2638 3782 2635.7762827261145 3631.578850120201
2753 3594 2755.696023228492 3776.369817824848 2916 3774 2913.303976771508 3591.630182175152
2913 3604 2915.564095308901 3777.4456845282484 3081 3775 3078.435904691099 3601.5543154717516
3068 3578 3070.8548892687886 3771.1161535838514 3214 3769 3211.1451107312114 3575.8838464161486
3208 3575 3210.795332092953 3764.0874674833226 3352 3762 3349.204667907047 3572.9125325166774
3353 3572 3355.3967078669684 3734.1229270056647 3499 3732 3496.6032921330316 3569.8770729943353
3486 3564 3488.46790834006 3730.939212403197 3552 3730 3549.53209165994 3563.060787596803
3545 3561 3547.174351696234 3708.0818643321727 3688 3706 3685.825648303766 3558.9181356678273
3670 3548 3672.1332890227422 3692.3042205029064 3828 3690 3825.8667109772578 3545.6957794970936
3788 3511 3790.6190640377017 3688.163989679157 3937 3686 3934.3809359622983 3508.836010320843
620 3849 622.7197616703039 4032.97558118139 824 4030 821.2802383296961 3846.02441881861
816 3868 818.3971448619238 4030.152487096105 964 4028 961.6028551380762 3865.847512903895
956 3886 958.1608826358816 4032.170763100971 1105 4030 1102.8391173641185 3883.829236899029
1084 3862 1086.5769088768204 4036.312445623791 1243 4034 1240.4230911231796 3859.687554376209
1232 3871 1234.5147297312503 4041.106398980622 1377 4039 1374.4852702687497 3868.893601019378
1364 3892 1366.3189524695408 4048.8632402515323 1560 4046 1557.6810475304592 3889.1367597484677
1553 3865 1555.4853881382883 4033.121616020798 1699 4031 1696.5146118617117 3862.878383979202
1716 3852 1718.6452688827 4030.936590433463 1782 4030 1779.3547311173 3851.063409566537
1779 3847 1781.7575468816285 4033.5315243323566 1953 4031 1950.2424531183715 3844.4684756676434
1921 3858 1923.6717070775203 4038.7249759050837 2108 4036 2105.3282929224797 3855.2750240949163
2100 3874 2102.522595640453 4044.6384806085425 2281 4042 2278.477404359547 3871.3615193914575
611 4055 613.9135724547128 4252.0857195035 755 4250 752.0864275452872 4052.9142804965
753 4070 755.6768732337149 4251.074435417926 896 4249 893.3231267662851 4067.9255645820745
897 4094 899.3656182941832 4254.019903684081 1036 4252 1033.6343817058168 4091.9800963159196
998 4079 1000.503664143154 4248.35787824684 1160 4246 1157.4963358568461 4076.64212175316
1137 4066 1139.512107761516 4235.929038437982 1270 4234 1267.487892238484 4064.070961562018
1244 4057 1246.9882688874504 4259.138485624552 1324 4258 1321.0117311125496 4055.8615143754478
1328 4082 1330.810986128084 4272.146369166725 1476 4270 1473.189013871916 4079.8536308332746
1443 4113 1445.351275243919 4272.049682271998 1584 4270 1581.648724756081 4110.950317728002
1553 4087 1555.754924911894 4273.354163789716 1715 4271 1712.245075088106 4084.6458362102835
1696 4079 1698.827295655649 4270.2496109857875 1851 4268 1848.172704344351 4076.7503890142125
1832 4074 1834.6607822036276 4253.985973644084 1969 4252 1966.3392177963724 4072.0140263559165
1992 4100 1994.4201500280285 4263.708648744549 2110 4262 2107.5798499719717 4098.291351255451
2091 4095 2093.564095308901 4268.445684528249 2259 4266 2256.435904691099 4092.5543154717516
2243 4102 2245.3934304048003 4263.901226327364 2374 4262 2371.6065695951997 4100.098773672636
2374 4082 2376.3886234602874 4243.576065332524 2483 4242 2480.6113765397126 4080.4239346674754
2470 4084 2472.390589937588 4245.709085739504 2588 4244 2585.609410062412 4082.2909142604954
2588 4071 2590.665152153185 4251.281574548484 2745 4249 2742.334847846815 4068.7184254515164
3051 4038 3053.7688309672026 4225.2948251113585 3209 4223 3206.2311690327974 4035.705174888641
3201 4058 3203.705996329199 4241.04443833253 3342 4239 3339.294003670801 4055.95556166747
3334 4038 3336.61258689664 4214.725849894995 3521 4212 3518.38741310336 4035.2741501050045
3513 4023 3515.666463138052 4203.370254819803 3676 4201 3673.333536861948 4020.629745180196
3673 3998 3675.53868667054 4169.7269423823855 3860 4167 3857.46131332946 3995.2730576176154
614 4287 616.8636291679027 4480.707355392652 800 4478 797.1363708320973 4284.292644607348
790 4289 792.6270706611085 4466.705589779859 908 4465 905.3729293388915 4287.294410220141
904 4287 906.6579417364156 4466.793833056224 1028 4465 1025.3420582635845 4285.206166943776
1017 4286 1019.7220873592863 4470.132900106372 1164 4468 1161.2779126407138 4283.867099893628
1129 4330 1131.258006525564 4482.740612307245 1249 4481 1246.741993474436 4328.259387692755
1214 4298 1216.8382205295418 4489.988613246787 1419 4487 1416.1617794704582 4295.011386753213
1412 4302 1414.457576027671 4468.240293377514 1566 4466 1563.542423972329 4299.759706622486
1609 4316 1611.3758876756422 4476.714565809421 1795 4474 1792.6241123243578 4313.285434190579
1790 4305 1792.8460086554705 4497.515433302269 1963 4495 1960.1539913445295 4302.484566697731
1944 4297 1946.6547420575218 4476.5773939503615 2121 4474 2118.3452579424784 4294.4226060496385
2116 4298 2118.7377413944173 4483.191801789774 2267 4481 2264.2622586055827 4295.808198210226
2238 4316 2240.2207990233987 4466.223747719501 2323 4465 2320.7792009766013 4314.776252280499
2315 4294 2317.486917620633 4462.225076337338 2468 4460 2465.513082379367 4291.774923662662
2464 4286 2466.5323502436827 4457.2983210710045 2622 4455 2619.4676497563173 4283.7016789289955
606 4486 608.9701484491327 4686.912746543387 806 4684 803.0298515508673 4483.087253456613
808 4540 810.1267340984067 4683.860819146306 936 4682 933.8732659015933 4538.139180853694
2649 4270 2651.7929286206963 4458.924886985903 2782 4457 2779.2070713793037 4268.075113014097
945 4535 947.2047857765858 4684.140547518096 1092 4682 1089.7952142234142 4532.859452481904
1072 4534 1074.299365479808 4689.538297754169 1246 4687 1243.700634520192 4531.461702245831
1241 4521 1243.6334070879664 4699.134211091239 1388 4697 1385.3665929120336 4518.865788908761
1372 4548 1374.3280515803367 4705.4787405783345 1542 4703 1539.6719484196633 4545.5212594216655
1513 4545 1515.319967173656 4701.931878905194 1646 4700 1643.680032826344 4543.068121094806
1633 4562 1635.148646777122 4707.34308056865 1726 4706 1723.851353222878 4560.65691943135
1708 4535 1710.591033429607 4710.267886990653 1864 4708 1861.408966570393 4532.732113009347
1990 4526 1992.8042127062706 4715.688187764905 2107 4714 2104.195787293729 4524.311812235095
1843 4540 1845.4341338666109 4704.654571638629 2025 4702 2022.5658661333891 4537.345428361371
656 4721 658.4815329669609 4888.860836779277 852 4886 849.5184670330391 4718.139163220723
843 4756 845.1904427263216 4904.170326106015 992 4902 989.8095572736784 4753.829673893985
977 4745 979.4899765853232 4913.431996970418 1144 4911 1141.5100234146769 4742.568003029582
1104 4764 1106.161538128315 4910.21510323663 1256 4908 1253.838461871685 4761.78489676337
1249 4750 1251.3706437361739 4910.359844724141 1411 4908 1408.6293562638261 4747.640155275859
1411 4750 1413.3402096558223 4908.301161538217 1569 4906 1566.6597903441777 4747.698838461783
1569 4738 1571.495938948155 4906.835315091702 1628 4906 1625.504061051845 4737.164684908298
1628 4735 1630.6581602338936 4914.808613101443 1753 4913 1750.3418397661064 4733.191386898557
1748 4737 1750.5266693092583 4907.914039895284 1880 4906 1877.4733306907417 4735.085960104716
1870 4740 1872.7140807358799 4923.59130000567 2048 4921 2045.2859192641201 4737.40869999433
2056 4745 2058.469297108201 4912.033154246955 2196 4910 2193.530702891799 4742.966845753045
2164 4705 2167.855343896714 4965.790914805737 2289 4964 2285.144656103286 4703.209085194263
712 4922 714.6901237965898 5103.970756603908 848 5102 845.3098762034102 4920.029243396092
846 4930 848.6131646057999 5106.764928458218 968 5105 965.3868353942001 4928.235071541782
971 4943 973.4864028424035 5111.1902546744595 1054 5110 1051.5135971575965 4941.8097453255405
1048 4946 1050.5210661581082 5116.535020292003 1222 5114 1219.4789338418918 4943.464979707997
1220 4967 1222.0408942942988 5105.054270719033 1361 5103 1358.9591057057012 4964.945729280967
1329 4970 1331.3045316360024 5125.887757267012 1459 5124 1456.6954683639976 4968.112242732988
1444 4985 1446.0874194047371 5126.2014156788 1595 5124 1592.9125805952629 4982.7985843212
1584 4958 1586.4479621386456 5123.5899713878325 1694 5122 1691.5520378613544 4956.4100286121675
1672 4977 1674.2308499073802 5127.903629799622 1803 5126 1800.7691500926198 4975.096370200378
1798 4974 1800.4810181887312 5141.826015116398 1924 5140 1921.5189818112688 4972.173984883602
2024 4993 2026.2441004702553 5144.799950985603 2148 5143 2145.7558995297445 4991.200049014397
2139 4972 2141.518225690896 5142.342879704142 2300 5140 2297.481774309104 4969.657120295858
2305 4972 2307.046793726201 5110.453331939973 2473 5108 2470.953206273799 4969.546668060027
2457 4958 2459.715095439995 5141.659938659332 2572 5140 2569.284904560005 4956.340061340668
2598 4946 2601.0367604751896 5151.418650991299 2697 5150 2693.9632395248104 4944.581349008701
2694 4943 2696.748806982514 5128.9403225235565 2828 5127 2825.251193017486 4941.0596774764435
2806 4937 2808.648187133186 5116.133992593762 2953 5114 2950.351812866814 4934.866007406238
652 5150 654.7027966503053 5332.827999226668 846 5330 843.2972033496947 5147.172000773332
832 5172 834.401514811481 5334.448088000505 1000 5332 997.598485188519 5169.551911999495
996 5191 998.308168309852 5347.133756463313 1075 5346 1072.6918316901479 5189.866243536687
1068 5188 1070.6366845501339 5366.3559117695395 1230 5364 1227.3633154498661 5185.6440882304605
1216 5194 1218.4483991336012 5359.6195314782735 1328 5358 1325.5516008663988 5192.3804685217265
1323 5182 1325.6742512639805 5362.897074875285 1454 5361 1451.3257487360195 5180.102925124715
1454 5215 1456.5204106656747 5385.490680156343 1625 5383 1622.4795893343253 5212.509319843657
1620 5212 1622.5884114598725 5387.0905264480125 1764 5385 1761.4115885401275 5209.9094735519875
1760 5210 1762.5040233548357 5379.3821767648415 1856 5378 1853.4959766451643 5208.6178232351585
1833 5223 1835.2010713194625 5371.889286749357 1963 5370 1960.7989286805375 5221.110713250643
1945 5214 1947.4499286159462 5379.722991794813 2064 5378 2061.550071384054 5212.277008205187
2051 5220 2053.314145525028 5376.538079256692 2225 5374 2222.685854474972 5217.461920743308
2208 5207 2210.8681398316635 5401.012474769834 2347 5399 2344.1318601683365 5204.987525230166
2321 5226 2323.2632504650323 5379.095333392525 2465 5377 2462.7367495349677 5223.904666607475
3627 5164 3629.605454263145 5340.243369975174 3849 5337 3846.394545736855 5160.756630024826
2696 5212 2698.513637243861 5382.032498754522 2836 5380 2833.486362756139 5209.967501245478
691 5354 694.0233691981107 5558.512811332535 864 5556 860.9766308018893 5351.487188667465
# Transcript
**************OS
****Z***********
****************OQEN
****************TOSGAR
***********
**************
*********
***************YEY*Y
***********
**OYE***
**DHS
***RODWROS)L*KONOEYS
GLYKWNEISIDWROY**K
DIONYSIOSSPOROYCOLLEIDHS
PTOLEMAIDOS
EYCARISTOSSYNETOYOLWNH
STRATWNPOPLIOYR
AKAMANTIDOS
ASKLHPIADHS)*****
KARPODWROSZWPYROY
DEIOSSWKRATOYSSS
A******

