# Baseline angle
0.09806977764068736
# Boxes: x1 y1 x2 y2 x3 y3 x4 y4
850 61 837.6953916043059 186.06539840837297 959 198 971.3046083956941 72.93460159162703
1033 61 1019.411042752122 199.1196619597368 1130 210 1143.588957247878 71.8803380402632
1197 81 1183.8951070532487 214.1995789527162 1314 227 1327.1048929467513 93.8004210472838
1368 100 1355.0915647283507 231.20276145013025 1475 243 1487.9084352716493 111.79723854986975
1543 125 1530.3247966454496 253.83216649127397 1654 266 1666.6752033545504 137.16783350872603
1730 127 1717.823167758529 250.76666746780938 1832 262 1844.176832241471 138.23333253219062
655 217 643.407820859416 334.82418879301434 757 346 768.592179140584 228.1758112069856
829 235 817.8007362096196 348.8305537878425 911 358 922.1992637903804 244.16944621215748
986 245 973.9589574921469 367.3864856214189 1092 379 1104.041042507853 256.61351437858104
1201 256 1187.3934422851933 394.29855504904486 1286 404 1299.6065577148067 265.70144495095514
1356 286 1345.5659668655162 392.05266490455983 1467 404 1477.4340331344838 297.94733509544017
1512 288 1500.5404639767548 404.4759895019324 1638 418 1649.4595360232452 301.5240104980676
1728 308 1715.2960359828471 437.1244930417174 1836 449 1848.7039640171529 319.8755069582826
468 380 455.98127788349416 502.15961869914804 556 512 568.0187221165058 389.84038130085196
623 400 611.7528017719487 514.3177647052482 700 523 711.2471982280513 408.6822352947517
797 410 785.9797404564898 522.0111348570091 918 535 929.0202595435102 422.9888651429909
982 423 969.8998628588024 545.9871299999601 1092 558 1104.1001371411976 435.01287000003987
1161 442 1149.5596377518232 558.2811051349702 1289 572 1300.4403622481768 455.7188948650298
1364 464 1352.7160275299514 578.6915421615187 1427 586 1438.2839724700486 471.30845783848133
1524 465 1510.965361882267 597.4855011130395 1628 609 1641.034638117733 476.51449888696044
1713 486 1701.3279791428636 604.6357088161722 1827 617 1838.6720208571364 498.36429118382785
64 538 52.026065704886065 659.7043903370508 177 672 188.97393429511396 550.2956096629492
252 563 240.85511091854562 676.2778832422641 360 688 371.1448890814543 574.7221167577359
423 572 411.21937676370885 691.7395553897734 546 705 557.7806232362911 585.2604446102266
623 584 610.5772023376169 710.2666871654553 740 723 752.4227976623831 596.7333128345447
793 609 781.6617998597228 724.2427181895415 891 735 902.3382001402772 619.7572818104585
973 608 960.5100941248778 734.9487824498235 1083 747 1095.4899058751223 620.0512175501765
1155 626 1142.35985054061 754.4758748302135 1229 763 1241.64014945939 634.5241251697865
1325 646 1313.3088053677955 764.8305931831345 1437 777 1448.6911946322045 658.1694068168655
1511 651 1498.177846716158 781.3257817987999 1627 794 1639.822153283842 663.6742182012001
55 719 41.54840579387934 855.7234888356921 146 866 159.45159420612066 729.2765111643079
397 755 384.37273108312047 883.3449555738682 513 896 525.6272689168795 767.6550444261318
578 792 569.0643738597307 882.822690761302 703 896 711.9356261402693 805.177309238698
781 782 769.2336835756615 901.5941393733294 875 912 886.7663164243385 792.4058606266706
934 800 921.9781312672152 922.1916012544566 1042 934 1054.0218687327847 811.8083987455434
1119 815 1107.395087355603 932.9536135318041 1240 946 1251.604912644397 828.0463864681959
1327 824 1314.3838912787942 952.2315221127327 1434 964 1446.6161087212058 835.7684778872673
1503 838 1490.7145653793743 962.8705140414107 1614 975 1626.2854346206257 850.1294859585893
1679 861 1666.4637329953464 988.420002089575 1774 999 1786.5362670046536 871.579997910425
1839 877 1827.6298925808414 992.5670272952935 1954 1005 1965.3701074191586 889.4329727047065
572 934 559.2193408825738 1063.9040305095666 672 1075 684.7806591174262 945.0959694904333
738 964 726.607572189494 1079.7938942175642 871 1094 882.392427810506 978.2061057824355
947 986 936.2161189898677 1095.6085573428443 1052 1107 1062.7838810101323 997.3914426571557
1111 988 1099.083587030091 1109.119737236164 1230 1122 1241.916412969909 1000.8802627638361
1478 1020 1465.9797045753546 1142.1756099768024 1576 1153 1588.0202954246454 1030.8243900231976
1674 1042 1661.580348953896 1168.2347046101468 1771 1179 1783.419651046104 1052.7652953898532
1833 1049 1820.238514657642 1178.7091461426044 1935 1190 1947.761485342358 1060.2908538573956
389 1100 377.7672556225986 1214.1708541712487 498 1226 509.2327443774014 1111.8291458287513
550 1129 539.5659668655162 1235.0526649045598 661 1247 671.4340331344838 1140.9473350954402
741 1148 732.0610802047545 1238.8561678341662 825 1248 833.9389197952455 1157.1438321658338
1101 1154 1089.5324503973602 1270.5574404077593 1216 1283 1227.4675496026398 1166.4425595922407
1280 1183 1269.3423218359515 1291.325817679935 1388 1303 1398.6576781640485 1194.674182320065
1458 1197 1446.177735558596 1317.162801196562 1536 1326 1547.822264441404 1205.837198803438
1649 1202 1636.7433260419766 1326.5781874909671 1763 1339 1775.2566739580234 1214.4218125090329
1857 1247 1845.8438036841746 1360.392811220955 1913 1367 1924.1561963158254 1253.607188779045
1267 1361 1256.5579532861216 1467.1341158103867 1367 1478 1377.4420467138784 1371.8658841896133
1447 1365 1434.2081806869 1495.0174639707022 1556 1507 1568.7918193131 1376.9825360292978
1623 1380 1609.7098095738208 1515.0829629941666 1741 1528 1754.2901904261792 1392.9170370058334
1254 1529 1241.5181077042723 1655.8673315439967 1375 1669 1387.4818922957277 1542.1326684560033
1417 1539 1403.716249845076 1674.0175033659941 1556 1689 1569.283750154924 1553.9824966340059
1604 1551 1590.7432901608415 1685.7426626107604 1695 1696 1708.2567098391585 1561.2573373892396
# Transcript
ERGETA
AIPROXE
**SIANEINA
SATELEIAN**
A*YLIANKAIA
*HMAS*NKA
NTO*KAIEI
OYS
KAI

# Lines: x1 y1 x2 y2 x3 y3 x4 y4
