# Baseline angle
0
# Boxes: x1 y1 x2 y2 x3 y3 x4 y4
1279 70 1279 245 1435 245 1435 70
1459 67 1459 238 1603 238 1603 67
921 305 921 490 1070 490 1070 305
1092 252 1092 506 1283 506 1283 252
1303 274 1303 463 1454 463 1454 274
1466 247 1466 446 1646 446 1646 247
717 468 717 732 871 732 871 468
904 506 904 706 1087 706 1087 506
235 1001 235 1212 376 1212 376 1001
412 986 412 1190 556 1190 556 986
609 970 609 1152 782 1152 782 970
804 948 804 1152 895 1152 895 948
950 922 950 1130 1089 1130 1089 922
1178 910 1178 1109 1295 1109 1295 910
1382 888 1382 1087 1451 1087 1451 888
1502 883 1502 1051 1677 1051 1677 883
64 1145 64 1392 201 1392 201 1145
259 1231 259 1375 364 1375 364 1231
412 1207 412 1390 604 1390 604 1207
635 1171 635 1351 739 1351 739 1171
789 1164 789 1342 952 1342 952 1164
967 1147 967 1320 1152 1320 1152 1147
1173 1123 1173 1318 1303 1318 1303 1123
1370 1109 1370 1296 1521 1296 1521 1109
1540 1061 1540 1282 1708 1282 1708 1061
60 1428 60 1598 242 1598 242 1428
268 1423 268 1577 415 1577 415 1423
441 1409 441 1567 621 1567 621 1409
640 1387 640 1565 748 1565 748 1387
784 1363 784 1531 957 1531 957 1363
986 1356 986 1524 1168 1524 1168 1356
1202 1332 1202 1517 1334 1517 1334 1332
1389 1327 1389 1483 1557 1483 1557 1327
1576 1298 1576 1464 1732 1464 1732 1298
47 1620 47 1807 232 1807 232 1620
278 1622 278 1759 431 1759 431 1622
453 1586 453 1752 640 1752 640 1586
669 1584 669 1747 801 1747 801 1584
835 1558 835 1750 976 1750 976 1558
1017 1538 1017 1697 1173 1697 1173 1538
1219 1538 1219 1714 1372 1714 1372 1538
1403 1505 1403 1670 1581 1670 1581 1505
1612 1483 1612 1680 1744 1680 1744 1483
290 1788 290 1975 439 1975 439 1788
491 1779 491 1971 652 1971 652 1779
669 1759 669 1954 820 1954 820 1759
842 1774 842 1932 1015 1932 1015 1774
1046 1745 1046 1949 1185 1949 1185 1745
1216 1738 1216 1903 1396 1903 1396 1738
1478 1702 1478 1860 1567 1860 1567 1702
1615 1709 1615 1899 1780 1899 1780 1709
347 1999 347 2184 508 2184 508 1999
535 2004 535 2163 686 2163 686 2004
717 1980 717 2158 854 2158 854 1980
885 1949 885 2151 1051 2151 1051 1949
1101 1973 1101 2127 1188 2127 1188 1973
1233 1966 1233 2098 1389 2098 1389 1966
1454 1923 1454 2064 1612 2064 1612 1923
1634 1925 1634 2098 1792 2098 1792 1925
503 2211 503 2388 717 2388 717 2211
739 2184 739 2381 885 2381 885 2184
907 2170 907 2369 1068 2369 1068 2170
1087 2148 1087 2333 1231 2333 1231 2148
1291 2127 1291 2343 1387 2343 1387 2127
1425 2100 1425 2323 1631 2323 1631 2100
931 2403 931 2568 1084 2568 1084 2403
# Transcript
AM
FHTT
EN
OLHIKAIT
EINIASEGR
ANDROTIWN
SEPESTATE
PENENAIA
IKELIWTH
METOIK*
*S***