# Baseline angle
6.299576440090256
# Boxes: x1 y1 x2 y2 x3 y3 x4 y4
1072 281 1070.1749982334793 392.33082337426754 1172 394 1173.8250017665207 282.66917662573246
1159 290 1157.144639645668 403.182792309055 1268 405 1269.855360354332 291.817207690945
1250 288 1248.0299222652236 408.18091179280975 1359 410 1360.9700777347764 289.81908820719025
1355 292 1352.9074141746203 419.65428899554695 1435 421 1437.0925858253797 293.34571100445305
1070 408 1067.9595338631964 532.4748247618114 1161 534 1163.0404661368036 409.52517523818864
1159 416 1156.9966085804554 538.2131508968665 1266 540 1268.0033914195446 417.7868491031335
1259 419 1256.9579219921288 543.5731539450492 1344 545 1346.0420780078712 420.42684605495083
1340 427 1338.112131896433 542.165866821493 1450 544 1451.887868103567 428.83413317850705
1437 432 1435.0457731720742 551.2139568324002 1544 553 1545.9542268279258 433.7860431675998
1050 571 1048.1430277746003 684.2811214922929 1153 686 1154.8569722253997 572.7188785077071
1142 562 1139.8646970672712 692.2601663270622 1246 694 1248.1353029327288 563.7398336729378
952 566 950.0299222652237 686.1809117928098 1061 688 1062.9700777347764 567.8190882071902
1240 564 1237.899622623107 692.1295980397676 1352 694 1354.100377376893 565.8704019602324
1342 566 1339.7803382746388 701.4063168760292 1437 703 1439.2196617253612 567.5936831239708
1433 582 1430.7969951170228 716.3901973240008 1529 718 1531.2030048829772 583.6098026759992
1503 575 1500.7523974934284 712.1107920359602 1616 714 1618.2476025065716 576.8892079640398
1615 595 1613.1406099679991 708.4286152671496 1709 710 1710.8593900320009 596.5713847328504
794 712 791.8657716479829 842.1946135382369 902 844 904.1342283520171 713.8053864617631
902 714 899.7746967259027 849.7504690173614 976 851 978.2253032740973 715.2495309826386
959 708 956.6814718010452 849.4374813993744 1052 851 1054.318528198955 709.5625186006256
1046 701 1043.8555631312227 831.8173650320762 1116 833 1118.1444368687773 702.1826349679238
1116 720 1114.0245493616658 840.5086757369355 1205 842 1206.9754506383342 721.4913242630645
1202 710 1199.808279055849 843.7018417160983 1279 845 1281.191720944151 711.2981582839017
1265 712 1262.8649657124492 842.2437781298559 1370 844 1372.1350342875508 713.7562218701441
1342 714 1339.7158600665252 853.3396895064924 1441 855 1443.2841399334748 715.6603104935076
1424 712 1421.785173887841 847.111329326316 1537 849 1539.214826112159 713.888670673684
1520 712 1517.5680976464907 860.3536598970977 1618 862 1620.4319023535093 713.6463401029023
1607 721 1604.7811442101722 856.3571522844104 1705 858 1707.2188557898278 722.6428477155896
1702 721 1699.7150541309913 860.3888540981113 1798 862 1800.2849458690087 722.6111459018887
1792 742 1789.9133243685344 869.2937486570085 1894 871 1896.0866756314656 743.7062513429915
1887 720 1884.719084650014 859.1429798147788 1937 860 1939.280915349986 720.8570201852212
1939 723 1936.5686349368464 871.3208835026851 2039 873 2041.4313650631536 724.6791164973149
2042 740 2040.0250866520214 860.475899342523 2133 862 2134.9749133479786 741.524100657477
2124 736 2121.816875701542 869.177419405497 2233 871 2235.183124298458 737.822580594503
811 1835 808.2556464775053 2002.414159752781 966 2005 968.7443535224947 1837.585840247219
961 1870 958.5329017627686 2020.5007190320748 1172 2024 1174.4670982372315 1873.4992809679252
1122 850 1119.7658305936777 986.2913308504073 1224 988 1226.2341694063223 851.7086691495927
1209 861 1206.9796839342475 984.245607320863 1253 985 1255.0203160657525 861.754392679137
1244 848 1241.6691132815074 990.1913897961022 1352 992 1354.3308867184926 849.8086102038978
1342 861 1339.7024269662757 1001.1591506920454 1452 1003 1454.2975730337243 862.8408493079546
1442 855 1439.7153227761694 994.3724659009051 1539 996 1541.2846772238306 856.6275340990949
1541 877 1538.9855941281612 999.8850669823246 1607 1001 1609.0144058718388 878.1149330176754
1587 868 1584.8501893863101 999.1451803014402 1698 1001 1700.1498106136899 869.8548196985598
1689 870 1686.7507856223608 1007.209121219198 1796 1009 1798.2492143776392 871.790878780802
1774 881 1771.7900095010432 1015.8163417766027 1905 1018 1907.2099904989568 883.1836582233973
751 963 748.4609023310278 1117.892909859076 877 1120 879.5390976689722 965.1070901409239
876 961 873.3072305584336 1125.2673692629814 918 1126 920.6927694415664 961.7326307370186
911 968 908.4281267779694 1124.892321243482 976 1126 978.5718732220306 969.107678756518
961 966 958.2913788102289 1131.2343755486293 1066 1133 1068.7086211897713 967.7656244513707
1508 1009 1505.6766361878426 1150.732468949088 1583 1152 1585.3233638121574 1010.2675310509122
1542 1013 1539.670456507397 1155.1094488100705 1655 1157 1657.329543492603 1014.8905511899293
1633 1015 1630.7631441418987 1151.4552128224705 1725 1153 1727.2368558581013 1016.5447871775298
1710 1009 1707.4713803343202 1163.2537188427923 1814 1165 1816.5286196656798 1010.7462811572075
1805 1022 1802.8810852644774 1151.26043497224 1909 1153 1911.1189147355226 1023.7395650277599
1899 1020 1896.8434732568626 1151.5548852315976 1985 1153 1987.1565267431374 1021.4451147684025
1968 1015 1965.5562764173087 1164.0747918994127 2083 1166 2085.4437235826913 1016.9252081005873
2086 1018 2083.3373188183587 1180.4318911758767 2240 1183 2242.6626811816413 1020.5681088241233
2209 1031 2206.604366428216 1177.1411506237716 2320 1179 2322.395633571784 1032.8588493762284
2298 1026 2295.4179174198553 1183.5151240625594 2386 1185 2388.5820825801447 1027.4848759374406
2344 1024 2341.32818488231 1186.9890898808908 2464 1189 2466.67181511769 1026.0109101191092
923 1124 920.630158048003 1268.5677810414911 1008 1270 1010.369841951997 1125.4322189585089
1016 1124 1013.6366055322726 1268.1744643085399 1125 1270 1127.3633944677272 1125.8255356914601
2512 1044 2509.8378308667725 1175.8990886981678 2638 1178 2640.1621691332275 1046.1009113018322
747 1126 744.8856522325019 1254.9818356197331 868 1257 870.1143477674981 1128.0181643802669
858 1137 855.9186981134466 1263.9659333876443 919 1265 921.0813018865534 1138.0340666123557
1132 1135 1129.682009091401 1276.4047050049617 1227 1278 1229.317990908599 1136.5952949950383
1225 1139 1222.8149951852965 1272.292136785941 1327 1274 1329.1850048147035 1140.707863214059
1316 1137 1313.532366155121 1287.533392776011 1403 1289 1405.467633844879 1138.466607223989
1394 1148 1391.781950145706 1283.3079876927916 1495 1285 1497.218049854294 1149.6920123072084
1488 1144 1485.4912617601935 1297.0408895990504 1544 1298 1546.5087382398065 1144.9591104009496
1540 1153 1537.8010247946916 1287.1443743659065 1651 1289 1653.1989752053084 1154.8556256340935
1608 1155 1605.695978640652 1295.5525187502346 1755 1298 1757.304021359348 1157.4474812497654
1773 1168 1770.903383655598 1295.9001632788795 1899 1298 1901.096616344402 1170.0998367211205
1897 1157 1894.537470413501 1307.2220170290916 2003 1309 2005.462529586499 1158.7779829709084
1990 1161 1987.5680976464907 1309.3536598970975 2088 1311 2090.4319023535095 1162.6463401029025
2075 1183 2072.6855014787134 1324.19165844128 2183 1326 2185.3144985212866 1184.80834155872
2548 1189 2545.5686349368466 1337.320883502685 2648 1339 2650.4313650631534 1190.679116497315
2655 1178 2652.3889020579327 1337.2851520113154 2757 1339 2759.6110979420673 1179.7148479886846
745 1255 742.7518602030726 1392.1435684303729 856 1394 858.2481397969274 1256.8564315696271
849 1261 846.6914125139816 1401.8310667775033 918 1403 920.3085874860184 1262.1689332224967
918 1263 915.6366055322726 1407.1744643085399 1027 1409 1029.3633944677272 1264.8255356914601
1162 1274 1159.816875701542 1407.177419405497 1271 1409 1273.183124298458 1275.822580594503
1269 1279 1266.7808755649946 1414.3735404816166 1366 1416 1368.2191244350054 1280.6264595183834
1540 1279 1537.5955002959909 1425.6820124568176 1679 1428 1681.4044997040091 1281.3179875431824
2764 1176 2761.3322145599786 1338.743266922796 2899 1341 2901.6677854400214 1178.256733077204
1060 972 1057.4531116208684 1127.3681675780588 1157 1129 1159.5468883791316 973.6318324219415
1144 996 1141.747830525404 1133.3893913884672 1240 1135 1242.252169474596 997.6106086115328
1025 1274 1022.9152057261338 1401.178979951326 1073 1402 1075.084794273866 1274.821020048674
1079 1274 1076.500932986598 1426.4509144996237 1171 1428 1173.499067013402 1275.5490855003763
1683 1291 1680.6957108368283 1431.5688556222026 1768 1433 1770.3042891631717 1292.4311443777974
1758 1285 1755.5326348002989 1435.517004578805 1846 1437 1848.4673651997011 1286.482995421195
1842 1292 1839.5651425495337 1440.5339300663668 1929 1442 1931.4348574504663 1293.4660699336332
1927 1303 1924.8338011891042 1435.1449116562624 2038 1437 2040.1661988108958 1304.8550883437376
2025 1305 2022.7510542675388 1442.1927330219917 2133 1444 2135.248945732461 1306.8072669780083
2134 1316 2131.7489051061157 1453.323838599642 2234 1455 2236.2510948938843 1317.676161400358
2240 1324 2238.040938400226 1443.5088930568754 2268 1444 2269.959061599774 1324.4911069431246
2268 1324 2265.8794733934105 1453.3587641554777 2366 1455 2368.1205266065895 1325.6412358445223
2346 1324 2343.697054062718 1464.4869146361712 2436 1466 2438.302945937282 1325.5130853638288
2501 1333 2498.6578293426815 1475.8797454040046 2628 1478 2630.3421706573185 1335.1202545959954
2604 1346 2601.8534131284455 1476.9485219349647 2727 1479 2729.1465868715545 1348.0514780650353
2717 1348 2714.9332049530535 1474.0809707385044 2832 1476 2834.0667950469465 1349.9190292614956
2825 1352 2822.9380414076095 1477.7859318635528 2897 1479 2899.0619585923905 1353.2140681364472
2899 1355 2896.8262791241223 1487.6037811780386 2982 1489 2984.1737208758777 1356.3962188219614
728 1383 725.638754693696 1527.0433587308896 845 1529 847.361245306304 1384.9566412691104
2973 1356 2970.8706072611853 1485.8996259885237 3099 1488 3101.1293927388147 1358.1003740114763
1237 993 1234.7980705390885 1127.3245932099376 1276 1128 1278.2019294609115 993.6754067900625
847 1395 844.4756786571667 1548.9915076874918 967 1551 969.5243213428333 1397.0084923125082
953 1414 950.9004285586409 1542.0804334481488 1068 1544 1070.099571441359 1415.9195665518512
1068 1421 1065.9321303723418 1547.1465235273297 1179 1549 1181.0678696276582 1422.8534764726703
1175 1411 1172.8093536365607 1544.6362889272732 1256 1546 1258.1906463634393 1412.3637110727268
1248 1414 1245.8297715114356 1546.3907346143567 1344 1548 1346.1702284885644 1415.6092653856433
1337 1421 1334.7489051061157 1558.323838599642 1437 1560 1439.2510948938843 1422.676161400358
1436 1413 1433.3752003125057 1573.1210013940747 1548 1575 1550.6247996874943 1414.8789986059253
1554 1403 1551.2927220361184 1568.1524345625978 1664 1570 1666.7072779638816 1404.8475654374022
1667 1427 1664.8072044751375 1560.7673945049235 1740 1562 1742.1927955248625 1428.2326054950765
1739 1438 1736.8985480423955 1566.195150828593 1847 1568 1849.1014519576045 1439.804849171407
1849 1438 1846.5530526751736 1587.2714502658882 1952 1589 1954.4469473248264 1439.7285497341118
1937 1440 1934.3945444480232 1598.940948544745 1999 1600 2001.6054555519768 1441.059051455255
1997 1437 1994.3534392117413 1598.4484966930227 2089 1600 2091.6465607882587 1438.5515033069773
2082 1459 2079.871682683251 1588.8340218744604 2151 1590 2153.128317316749 1460.1659781255396
1271 990 1268.710755808145 1129.651065253412 1351 1131 1353.289244191855 991.3489347465879
1346 1004 1343.7937713748881 1138.5868556904763 1430 1140 1432.2062286251119 1005.4131443095237
1433 1002 1430.7268753601734 1140.6677220957963 1512 1142 1514.2731246398266 1003.3322779042038
2218 1467 2215.939115146967 1592.720430399966 2355 1595 2357.060884853033 1469.279569600034
2360 1471 2357.888607329459 1599.8015654504638 2492 1602 2494.111392670541 1473.1984345495362
2489 1476 2487.1964915304197 1586.0196649472875 2547 1587 2548.8035084695803 1476.9803350527125
2541 1480 2538.5025448576657 1632.352585316386 2639 1634 2641.4974551423343 1481.647414683614
2641 1493 2638.664814958661 1635.4536009514027 2733 1637 2735.335185041339 1494.5463990485973
2722 1490 2719.572933259693 1638.0586723473843 2838 1640 2840.427066740307 1491.9413276526157
2844 1490 2841.366872311991 1650.6290355074698 2925 1652 2927.633127688009 1491.3709644925302
2931 1499 2928.5740086817586 1646.993068233321 2990 1648 2992.4259913182414 1500.006931766679
2990 1501 2987.472454915032 1655.1881660539673 3098 1657 3100.527545084968 1502.8118339460327
3075 1507 3072.8313833825027 1639.2924054311188 3177 1641 3179.1686166174973 1508.7075945688812
737 1536 734.7658305936777 1672.2913308504071 839 1674 841.2341694063223 1537.7086691495929
834 1536 831.4934100802625 1688.9098353466381 959 1691 961.5065899197375 1538.0901646533619
957 1553 954.8937124291932 1681.490138378306 1047 1683 1049.1062875708067 1554.509861621694
1037 1550 1034.7975324073786 1684.3574209295884 1135 1686 1137.2024675926214 1551.6425790704116
1140 1551 1137.5922773952102 1697.8786194980548 1206 1699 1208.4077226047898 1552.1213805019452
1209 1561 1206.782756922594 1696.2587717759343 1252 1697 1254.217243077406 1561.7412282240657
1254 1553 1251.500932986598 1705.4509144996237 1346 1707 1348.499067013402 1554.5490855003763
1336 1558 1333.7040388373432 1698.0608215088075 1452 1700 1454.2959611626568 1559.9391784911925
1447 1575 1444.6833523172904 1716.3227640189302 1547 1718 1549.3166476827096 1576.6772359810698
1560 1580 1557.7988756332684 1714.275479943557 1663 1716 1665.2011243667316 1581.724520056443
1655 1580 1652.6605166358145 1722.7158121067034 1731 1724 1733.3394833641855 1581.2841878932966
1699 1577 1696.6688446363294 1719.2077779933084 1806 1721 1808.3311553636706 1578.7922220066916
1780 1580 1777.4009919322928 1738.5476318117942 1866 1740 1868.5990080677072 1581.4523681882058
1855 1594 1852.6349936612053 1738.2727934917777 1958 1740 1960.3650063387947 1595.7272065082223
1945 1604 1942.8929064936594 1732.539302969925 2032 1734 2034.1070935063406 1605.460697030075
2031 1615 2029.4906731445994 1707.0736651521088 2086 1708 2087.5093268554006 1615.9263348478912
2069 1597 2066.6803972203334 1738.5030341881995 2158 1740 2160.3196027796666 1598.4969658118005
2175 1595 2172.529141571632 1745.730102467725 2311 1748 2313.470858428368 1597.269897532275
2313 1594 2310.3461857919383 1755.8909780175925 2378 1757 2380.6538142080617 1595.1090219824075
2365 1599 2362.4313505201044 1755.6956628770065 2442 1757 2444.5686494798956 1600.3043371229935
2414 1606 2411.831652027681 1738.2760172339126 2517 1740 2519.168347972319 1607.7239827660874
2555 1627 2552.8515326121997 1758.0632393154087 2671 1760 2673.1484673878003 1628.9367606845913
2633 1637 2630.646545403855 1780.5681010119072 2779 1783 2781.353454596145 1639.4318989880928
2780 1641 2777.867920809406 1771.0635079605865 2896 1773 2898.132079190594 1642.9364920394135
2901 1645 2898.968937285777 1768.901186534353 2966 1770 2968.031062714223 1646.098813465647
2971 1651 2968.630157206649 1795.5678323667294 3117 1798 3119.369842793351 1653.4321676332706
3115 1657 3112.8544877091567 1787.8829691461397 3242 1790 3244.1455122908433 1659.1170308538603
3250 1657 3247.8673835190502 1787.0962843549992 3364 1789 3366.1326164809498 1658.9037156450008
1172 1878 1169.7577703969864 2014.7830280918345 1305 2017 1307.2422296030136 1880.2169719081655
1648 1873 1645.520814412471 2024.2380852558815 1692 2025 1694.479185587529 1873.7619147441185
1694 1873 1691.3894385069348 2032.2524269421413 1859 2035 1861.6105614930652 1875.7475730578587
1296 1880 1293.538275507681 2030.1729037627108 1466 2033 1468.461724492319 1882.8270962372892
1464 1876 1461.4713794929662 2030.2537701680305 1629 2033 1631.5286205070338 1878.7462298319695
1844 1873 1841.5492908013289 2022.5009363520146 1994 2025 1996.4507091986711 1875.4990636479854
1977 1871 1974.29325848512 2036.1197094934234 2150 2039 2152.70674151488 1873.8802905065766
2156 1873 2153.2223336340912 2042.4463475315993 2248 2044 2250.7776663659088 1874.5536524684007
2253 1885 2250.5436500939472 2034.8450371681085 2321 2036 2323.4563499060528 1886.1549628318915
2326 1887 2323.1723631069385 2059.4947061876846 2415 2061 2417.8276368930615 1888.5052938123154
2414 1882 2411.0280922328625 2063.295681339846 2576 2066 2578.9719077671375 1884.7043186601538
2578 1885 2575.2989008752106 2049.7755060268532 2711 2052 2713.7010991247894 1887.224493973147
2712 1889 2709.4528421343366 2044.384607100503 2869 2047 2871.5471578656634 1891.615392899497
2872 1892 2869.20218356304 2062.675564972548 3011 2065 3013.79781643696 1894.3244350274522
3015 1894 3012.2838559038933 2059.6932963956433 3153 2062 3155.7161440961067 1896.3067036043565
3160 1897 3157.2320048604956 2065.856372432173 3288 2068 3290.7679951395044 1899.1436275678273
1650 2035 1647.7051125767005 2174.9953200452205 1831 2178 1833.2948874232995 2038.0046799547795
1849 2032 1846.537470413501 2182.222017029091 1955 2184 1957.462529586499 2033.7779829709084
1970 2036 1967.5968435218804 2182.600071470786 2114 2185 2116.40315647812 2038.399928529214
2114 2038 2111.498245693465 2190.614847796925 2257 2193 2259.501754306535 2040.3851522030752
2263 2043 2260.5460670591942 2192.69759471849 2401 2195 2403.4539329408058 2045.30240528151
2389 2060 2386.8300393152595 2192.3743977423887 2547 2195 2549.1699606847405 2062.6256022576113
2559 2046 2556.596306231525 2192.6328478651985 2701 2195 2703.403693768475 2048.3671521348015
2702 2055 2699.9213837238713 2181.8021027408195 2834 2184 2836.0786162761287 2057.1978972591805
2820 2060 2817.7886662751534 2194.898282762634 2946 2197 2948.2113337248466 2062.101717237366
2934 2060 2931.46708117012 2214.5159813233313 3083 2217 3085.53291882988 2062.4840186766687
3095 2059 3092.417110642967 2216.5643399794167 3241 2219 3243.582889357033 2061.4356600205833
3241 2089 3238.971892382734 2212.7209163650837 3317 2214 3319.028107617266 2090.2790836349163
3300 2071 3297.4334988401733 2227.5646086245947 3446 2230 3448.5665011598267 2073.4353913754053
3458 2071 3455.219646340958 2240.6102808289006 3601 2243 3603.780353659042 2073.3897191710994
3606 2101 3603.6422470810085 2244.830312167208 3736 2247 3738.3577529189915 2103.169687832792
# Transcript
*QOKL
NOSON*
**DYMOSAPO
KRATEROSHRAKLIDOY
AIANTIDOS
EIRHNAIOSERATWNOS*MARA Z*
HIOSTERTIOSFALH KL E*
ERMIAS)MARAQWNIOS ZWPYRO
ZWPYROSAFRODISIMARKALLIST**
SWTHRICOSERATWNOSMARA YAKINQO
YPOPAIDOTRIBHSTELE*
ABASKANTOYMILHS
