# Baseline angle
6.608877547670456
# Boxes: x1 y1 x2 y2 x3 y3 x4 y4
772 564 739.9943608046049 658.7700930719362 868 702 900.0056391953951 607.2299069280638
740 680 701.2148390057946 794.8445526986918 829 838 867.7851609942054 723.1554473013082
862 729 830.3759526811816 822.6401828883623 941 860 972.6240473188184 766.3598171116377
679 820 639.3054070234105 937.5374204488708 768 981 807.6945929765895 863.4625795511292
801 860 759.1594695303559 983.8916349265685 872 1022 913.8405304696441 898.1083650734315
902 891 866.4191277347447 996.3565140684356 969 1031 1004.5808722652553 925.6434859315644
643 953 599.368523355439 1082.194704633988 735 1128 778.631476644561 998.8052953660119
762 997 721.3720455068681 1117.3011445929967 833 1155 873.6279544931319 1034.6988554070033
865 1032 829.0335476024749 1138.4982336510009 946 1178 981.9664523975251 1071.5017663489991
604 1110 564.1950530954174 1227.8641832409812 686 1269 725.8049469045826 1151.1358167590188
720 1153 685.5213497832638 1255.0927865269741 780 1287 814.4786502167362 1184.9072134730259
811 1182 776.1118401168357 1285.3053625034865 867 1316 901.8881598831643 1212.6946374965135
902 1198 863.3797112820781 1312.3563587003478 963 1346 1001.6202887179219 1231.6436412996522
598 1260 554.1358507323735 1389.8836584151825 667 1428 710.8641492676265 1298.1163415848175
698 1282 654.8445161372365 1409.7852692542685 768 1448 811.1554838627635 1320.2147307457315
800 1316 759.1473493951887 1436.9664795762087 854 1469 894.8526506048113 1348.0335204237913
875 1341 837.9193607868767 1450.7973893894357 954 1490 991.0806392131233 1380.2026106105643
555 1411 510.8167537154731 1541.8285185945401 612 1576 656.1832462845268 1445.1714814054599
647 1439 604.2261080138134 1565.6553590706944 700 1598 742.7738919861866 1471.3446409293056
740 1479 704.3366915966029 1584.6006110676078 821 1624 856.6633084033971 1518.3993889323922
854 1466 795.1594763250268 1640.2293559905215 907 1678 965.8405236749732 1503.7706440094785
525 1562 486.17096819317095 1676.974456087595 581 1709 619.829031806829 1594.025543912405
619 1584 578.368057251175 1704.312953991988 687 1741 727.631942748825 1620.687046008012
716 1604 674.4666017801769 1726.9822029441846 790 1766 831.5333982198231 1643.0177970558154
820 1637 781.166979937478 1751.986265486586 873 1783 911.833020062522 1668.013734513414
901 1662 856.403255793352 1794.0529039700436 951 1826 995.596744206648 1693.9470960299564
489 1697 449.576644971994 1813.7342730574073 554 1849 593.423355028006 1732.2657269425927
588 1720 541.0884577683207 1858.9071218450767 645 1894 691.9115422316793 1755.0928781549233
688 1755 647.5023407133265 1874.9153348059303 781 1920 821.4976592866735 1800.0846651940697
816 1758 753.7265032287042 1942.3945390029812 871 1982 933.2734967712958 1797.6054609970188
909 1817 872.8287927692608 1924.1045216392567 988 1963 1024.1712072307391 1855.8954783607433
468 1851 430.9858439022462 1960.6005299862284 521 1991 558.0141560977538 1881.3994700137716
545 1869 505.36790188308686 1986.3523704446545 605 2020 644.6320981169132 1902.6476295553455
644 1890 600.5254191203363 2018.7301294336262 702 2053 745.4745808796637 1924.2698705663738
742 1921 698.9309405310713 2048.5293628561053 801 2083 844.0690594689287 1955.4706371438947
820 1959 780.37189013878 2076.3405610456634 883 2111 922.62810986122 1993.6594389543366
909 1987 864.5481867911701 2118.623756966655 916 2136 960.4518132088299 2004.376243033345
416 2010 381.0214274673078 2113.5730783006406 480 2147 514.9785725326923 2043.4269216993591
521 2031 483.0179053158787 2143.4666383416325 606 2185 643.9820946841213 2072.5333616583675
644 2068 600.3206642871223 2197.3364174218823 700 2231 743.6793357128777 2101.6635825781177
741 2104 698.6741830057595 2229.328589483913 751 2247 793.3258169942405 2121.671410516087
786 2121 746.5221266237037 2237.895704263641 886 2285 925.4778733762963 2168.104295736359
# Transcript
A****
PO*******
ZWS*******
ALK**********
TYCA********
EYAS******
SYMF********
EYKAR***
SYMFO*****
EYTYCI***
ZWSIM

