# Baseline angle
-0.03675813546687068
# Boxes: x1 y1 x2 y2 x3 y3 x4 y4
1254 114 1254 232 1356 232 1356 114
1310 118 1310 240 1434 240 1434 118
1420 110 1420 218 1534 218 1534 110
1520 100 1520 226 1642 226 1642 100
1608 98 1608 210 1724 210 1724 98
1706 90 1706 206 1848 206 1848 90
1836 84 1836 240 1958 240 1958 84
1150 286 1155.5455299971607 436.79742397190574 1286 432 1280.4544700028393 281.20257602809426
1274 300 1277.8918130580048 405.82854732150076 1382 402 1378.1081869419952 296.17145267849924
1370 276 1374.2644656028783 391.96194193523286 1482 388 1477.7355343971217 272.03805806476714
1470 284 1474.7132693192318 412.1660855120941 1588 408 1583.2867306807682 279.8339144879059
1568 262 1572.6668302936814 388.90328728931513 1706 384 1701.3331697063186 257.09671271068487
1692 260 1696.7240737359334 388.4598857813124 1818 384 1813.2759262640666 255.54011421868762
1816 254 1820.953047504942 388.6862797493012 1894 386 1889.046952495058 251.3137202506988
1148 456 1154.4814731428924 632.2481591464934 1270 628 1263.5185268571076 451.75184085350645
1254 452 1259.6897290275945 606.7185716962504 1388 602 1382.3102709724055 447.28142830374964
1408 466 1412.2698678112292 582.108842069842 1524 578 1519.7301321887708 461.89115793015804
1496 442 1501.5455299971607 592.7974239719058 1632 588 1626.4544700028393 437.20257602809426
1606 448 1610.441077883417 568.7644904672323 1740 564 1735.558922116583 443.23550953276776
1718 442 1722.8029260115889 572.6040848117461 1848 568 1843.1970739884111 437.39591518825387
1840 430 1844.759188090214 559.4147366562718 1992 554 1987.240811909786 424.5852633437283
1156 642 1161.5293233721084 792.3567235680783 1280 788 1274.4706766278916 637.6432764319217
1284 638 1289.3721390753662 784.0824725858123 1346 782 1340.6278609246338 635.9175274141877
1334 646 1339.0421839427304 783.1101319703519 1478 778 1472.9578160572696 640.8898680296481
1448 630 1453.8150203288005 788.1255689494631 1566 784 1560.1849796711995 625.8744310505369
1554 614 1559.3148956331142 758.5258740938151 1628 756 1622.6851043668858 611.4741259061849
1612 620 1616.9255162086195 753.9376319976542 1724 750 1719.0744837913805 616.0623680023458
1708 604 1713.5892679185358 755.98677212738 1822 752 1816.4107320814642 600.01322787262
1830 616 1833.5980127887865 713.8393517382024 1938 710 1934.4019872112135 612.1606482617976
1936 594 1941.4531722006284 742.2859746049492 2058 738 2052.5468277993714 589.7140253950508
630 836 635.5590355180377 987.1646743084285 776 982 770.4409644819623 830.8353256915715
1184 806 1189.2733385613458 949.3958289270439 1336 944 1330.7266614386542 800.6041710729561
1618 792 1622.0387131926136 901.82314511315 1726 898 1721.9612868073864 788.17685488685
1698 778 1703.0913240724565 916.4463802604354 1824 912 1818.9086759275435 773.5536197395646
1818 772 1821.9544587086077 879.5320459481071 1918 876 1914.0455412913923 768.4679540518929
1916 760 1920.6263137310505 885.8015362797468 2024 882 2019.3736862689495 756.1984637202532
2024 744 2029.1539697230594 884.1498788870416 2142 880 2136.846030276941 739.8501211129584
2126 734 2131.319777586896 878.6586271498228 2258 874 2252.680222413104 729.3413728501772
610 1028 614.2040008018821 1142.31774629733 786 1136 781.7959991981179 1021.6822537026702
760 1018 764.5987824347277 1143.0528885280996 902 1138 897.4012175652723 1012.9471114719003
1216 986 1220.041414296789 1095.8965951804546 1326 1092 1321.958585703211 982.1034048195454
1438 972 1442.9147117919176 1105.643831728436 1542 1102 1537.0852882080824 968.356168271564
1540 964 1545.2360433574586 1106.3816750633814 1610 1104 1604.7639566425414 961.6183249366187
1596 954 1600.6830369187337 1081.3439876931425 1746 1076 1741.3169630812663 948.6560123068575
1736 946 1740.3400965197895 1064.0185438197607 1904 1058 1899.6599034802105 939.9814561802393
1886 928 1890.9687338754259 1063.1128330745273 2030 1058 2025.0312661245741 922.8871669254727
2026 924 2030.4059635291367 1043.8096395922728 2134 1040 2129.594036470863 920.190360407727
2112 906 2117.4450688881025 1054.0656244030356 2228 1050 2222.5549311118975 901.9343755969644
2220 906 2224.716490677976 1034.253682658 2286 1032 2281.283509322024 903.7463173419999
544 1208 548.3211887905618 1325.5043933486288 698 1320 693.6788112094382 1202.4956066513712
712 1190 717.374319924973 1336.1417755745153 830 1332 824.625680075027 1185.8582244254847
816 1206 819.6768650644418 1305.983550768636 928 1302 924.3231349355582 1202.016449231364
1340 1144 1344.1175654682693 1255.9673441435837 1452 1252 1447.8824345317307 1140.0326558564163
1426 1128 1431.0805196557546 1266.152579991217 1544 1262 1538.9194803442454 1123.847420008783
1540 1142 1543.8021563656478 1245.3905480218489 1636 1242 1632.1978436343522 1138.6094519781511
1630 1118 1634.784018282361 1248.0899343406143 1746 1244 1741.215981717639 1113.9100656593857
1816 1098 1821.2873643367916 1241.777226342168 1924 1238 1918.7126356632084 1094.222773657832
1922 1102 1926.4572845084692 1223.2051908710596 2068 1218 2063.5427154915305 1096.7948091289404
2068 1090 2072.3384359247516 1207.9733879096589 2126 1206 2121.6615640752484 1088.0266120903411
2120 1078 2125.1350619938316 1217.6357284159096 2224 1214 2218.8649380061684 1074.3642715840904
2212 1084 2216.4929191173183 1206.1741888246202 2330 1202 2325.5070808826817 1079.8258111753798
512 1362 517.5071942841364 1511.7549759510405 674 1506 668.4928057158636 1356.2450240489595
648 1344 653.6027734394129 1496.3540224639028 772 1492 766.3972265605871 1339.6459775360972
772 1342 777.8182416875444 1500.213166095369 838 1498 832.1817583124556 1339.786833904631
816 1360 820.1391743016724 1472.5549446820203 944 1468 939.8608256983276 1355.4450553179797
932 1348 936.922815104444 1481.8641819303498 1042 1478 1037.077184895556 1344.1358180696502
1340 1308 1345.225238940757 1450.0878747941629 1402 1448 1396.774761059243 1305.9121252058371
1396 1318 1400.6128082101734 1443.4342859432238 1494 1440 1489.3871917898266 1314.5657140567762
1480 1334 1484.033310984263 1443.6762449785408 1584 1440 1579.966689015737 1330.3237550214592
1554 1304 1558.8547672454902 1436.0137831691343 1668 1432 1663.1452327545098 1299.9862168308657
1650 1290 1655.368917716622 1435.9948754399063 1764 1432 1758.631082283378 1286.0051245600937
1748 1286 1752.8547672454902 1418.0137831691343 1862 1414 1857.1452327545098 1281.9862168308657
1856 1290 1860.1910155355736 1403.9646430394082 1968 1400 1963.8089844644264 1286.0353569605918
1944 1268 1948.7456825693369 1397.0474863197487 2086 1392 2081.254317430663 1262.9525136802513
2048 1256 2052.9579294587243 1390.819032805309 2184 1386 2179.0420705412757 1251.180967194691
2178 1250 2182.7629297035264 1379.516480880779 2224 1378 2219.2370702964736 1248.483519119221
2212 1266 2215.886410849654 1371.6816471868917 2316 1368 2312.113589150346 1262.3183528131083
2298 1254 2302.865571662192 1386.3075834383524 2420 1382 2415.134428337808 1249.6924165616476
2412 1250 2416.324410149306 1367.5919904945347 2514 1364 2509.675589850694 1246.4080095054653
568 1540 572.3676278161123 1658.7671915714077 702 1654 697.6323721838877 1535.2328084285923
678 1530 683.1129329058597 1669.0339807988719 820 1664 814.8870670941403 1524.9660192011281
800 1528 804.6014835389032 1653.1263385954044 944 1648 939.3985164610968 1522.8736614045956
916 1542 919.8318685115772 1646.198498762199 1034 1642 1030.168131488423 1537.801501237801
1012 1512 1016.922815104444 1645.8641819303498 1122 1642 1117.077184895556 1508.1358180696502
1138 1508 1142.890401854339 1640.982781122695 1224 1638 1219.109598145661 1505.017218877305
1202 1506 1206.6203912681308 1631.6404890665362 1360 1626 1355.3796087318692 1500.3595109334638
1316 1478 1320.8520661413147 1609.9403331018295 1428 1606 1423.1479338586853 1474.0596668981705
1404 1504 1407.8864108496539 1609.6816471868917 1508 1606 1504.1135891503461 1500.3183528131083
1490 1488 1494.3541222952351 1606.3999412348849 1614 1602 1609.6458777047649 1483.6000587651151
1596 1466 1601.4477699922777 1614.1390744703401 1714 1610 1708.5522300077223 1461.8609255296599
1686 1470 1690.3924580082594 1589.44238925575 1784 1586 1779.6075419917406 1466.55761074425
1782 1470 1786.0630231301925 1580.484195718891 1908 1576 1903.9369768698075 1465.515804281109
1888 1440 1893.0913240724565 1578.4463802604353 2014 1574 2008.9086759275435 1435.5536197395647
1986 1444 1990.3892366495156 1563.354792109844 2136 1558 2131.6107633504844 1438.645207890156
2112 1430 2117.025977317678 1566.6694315665245 2244 1562 2238.974022682322 1425.3305684334755
2234 1430 2238.6884391270846 1557.4908878277517 2388 1552 2383.3115608729154 1424.5091121722483
2378 1430 2381.4538137583527 1523.9182040138578 2488 1520 2484.5461862416473 1426.0817959861422
2470 1412 2474.623612626875 1537.7280862124421 2576 1534 2571.376387373125 1408.2719137875579
638 1718 643.7010536988647 1873.02651904407 726 1870 720.2989463011353 1714.97348095593
718 1724 721.7287062983431 1825.393249126024 814 1822 810.2712937016569 1720.606750873976
800 1726 804.3487200868846 1844.2530411002758 920 1840 915.6512799131154 1721.7469588997242
910 1698 915.1485675147085 1838.0029787524325 1024 1834 1018.8514324852915 1693.9970212475675
1018 1698 1022.8547672454902 1830.0137831691343 1132 1826 1127.1452327545098 1693.9862168308657
1140 1690 1144.601483538903 1815.1263385954044 1284 1810 1279.398516461097 1684.8736614045956
1272 1672 1277.222017582013 1814.000277648257 1386 1810 1380.777982417987 1667.999722351743
1372 1684 1375.8183629907 1787.8312484256762 1480 1784 1476.1816370093 1680.1687515743238
1452 1654 1457.360814404096 1799.7745252379927 1560 1796 1554.639185595904 1650.2254747620073
1532 1642 1537.3851243416746 1788.4355758437337 1658 1784 1652.6148756583254 1637.5644241562663
1626 1660 1630.1910155355736 1773.9646430394082 1738 1770 1733.8089844644264 1656.0353569605918
1714 1640 1719.151268618884 1780.0764288197372 1830 1776 1824.848731381116 1635.9235711802628
1824 1642 1828.332513461832 1759.8123406964482 1932 1756 1927.667486538168 1638.1876593035518
1916 1626 1921.0367817343795 1762.9632318357428 2056 1758 2050.96321826562 1621.0367681642572
2044 1622 2048.4929191173183 1744.1741888246202 2162 1740 2157.5070808826817 1617.8258111753798
2156 1602 2160.928217312795 1736.0110820649588 2270 1732 2265.071782687205 1597.9889179350412
2274 1618 2277.981469750362 1726.2665466211527 2394 1722 2390.018530249638 1613.7334533788473
2408 1590 2413.388345700419 1736.5231729896398 2482 1734 2476.611654299581 1587.4768270103602
2490 1596 2494.1607831350757 1709.1425452204567 2634 1704 2629.8392168649243 1590.8574547795433
2634 1590 2638.0495176093154 1700.1169453823682 2750 1696 2745.9504823906846 1585.8830546176318
2730 1582 2734.21044351937 1696.4929405891417 2802 1694 2797.78955648063 1579.5070594108583
570 1902 574.5064246381952 2024.5414391611432 698 2020 693.4935753618048 1897.4585608388568
684 1892 688.9336195211456 2026.1579821995679 802 2022 797.0663804788544 1887.8420178004321
796 1880 800.7921215948874 2010.3102845425278 918 2006 913.2078784051126 1875.6897154574722
920 1884 924.6376384023205 2010.1094836275665 982 2008 977.3623615976795 1881.8905163724335
964 1872 969.0481064056498 2009.2711791835623 1058 2006 1052.9518935943502 1868.7288208164377
1046 1886 1050.0927352761219 1997.2921464592412 1194 1992 1189.9072647238781 1880.7078535407588
1178 1860 1182.9201140002688 1993.790731863045 1286 1990 1281.0798859997312 1856.209268136955
1268 1858 1273.0043684842747 1994.081831028088 1384 1990 1378.9956315157253 1853.918168971912
1382 1848 1387.3527110915697 1993.554175036079 1484 1990 1478.6472889084303 1844.445824963921
1450 1846 1454.7402803609862 1974.90058618514 1588 1970 1583.2597196390138 1841.09941381486
1562 1830 1567.46397661733 1978.5797748741675 1692 1974 1686.53602338267 1825.4202251258325
1686 1846 1689.8945141621803 1951.9019973888053 1796 1948 1792.1054858378197 1842.0980026111947
1768 1820 1773.5946701268865 1972.1336722619892 1886 1968 1880.4053298731135 1815.8663277380108
1878 1838 1881.976067542011 1946.1196464865436 1994 1942 1990.023932457989 1833.8803535134564
1970 1804 1975.499611226179 1953.5487728277283 2072 1950 2066.500388773821 1800.4512271722717
2058 1822 2062.710047960488 1950.0784883661881 2228 1944 2223.289952039512 1815.9215116338119
2326 1802 2331.1382833525754 1941.7233255618155 2378 1940 2372.8617166474246 1800.2766744381845
2382 1786 2386.993564067573 1921.7880307588696 2490 1918 2485.006435932427 1782.2119692411304
2502 1800 2506.414066841663 1920.0299897941868 2616 1916 2611.585933158337 1795.9700102058132
2614 1776 2619.137763098007 1915.7091784832144 2720 1912 2714.862236901993 1772.2908215167856
2720 1786 2724.539358142869 1909.4369870473993 2818 1906 2813.460641857131 1782.5630129526007
2818 1766 2822.97195523417 1901.2004302204332 2910 1898 2905.02804476583 1762.7995697795668
2908 1784 2912.041934551358 1893.910742259056 2964 1892 2959.958065448642 1782.089257740944
502 2098 505.97066533366 2205.9727463519343 614 2202 610.02933466634 2094.0272536480657
608 2082 612.398380471179 2201.6034364689604 656 2200 651.601619528821 2080.3965635310396
668 2072 672.4853360593606 2193.967985701308 726 2192 721.5146639406394 2070.032014298692
718 2086 722.1391743016724 2198.55494468202 846 2194 841.8608256983276 2081.44505531798
840 2064 844.9579294587243 2198.8190328053092 976 2194 971.0420705412757 2059.1809671946908
968 2060 973.3413864202995 2205.2462276882593 1116 2200 1110.6586135797004 2054.7537723117407
1124 2058 1128.7710330160526 2187.736831082693 1176 2186 1171.2289669839474 2056.263168917307
1184 2036 1189.38782544585 2182.5090259110384 1312 2178 1306.61217455415 2031.4909740889618
1312 2030 1317.6740426571107 2184.2920183710244 1380 2182 1374.3259573428893 2027.7079816289756
1370 2040 1374.753785881863 2169.2678365216625 1518 2164 1513.246214118137 2034.7321634783373
1534 2020 1538.4875169089673 2142.027288690011 1648 2138 1643.5124830910327 2015.9727113099887
1636 2008 1640.517229054897 2130.8352394303615 1772 2126 1767.4827709451033 2003.1647605696387
1802 2010 1807.0178740051517 2146.4490813646107 1928 2142 1922.9821259948483 2005.5509186353893
1922 2014 1926.6830369187337 2141.343987693143 2072 2136 2067.3169630812663 2008.6560123068575
2072 2018 2075.7476140275708 2119.9073995971557 2182 2116 2178.2523859724292 2014.0926004028438
2182 1994 2186.724073735934 2122.4598857813126 2308 2118 2303.275926264066 1989.5401142186877
2318 2006 2321.9544587086075 2113.532045948107 2418 2110 2414.0455412913925 2002.4679540518928
2402 1990 2407.0859218641053 2128.2994801258264 2524 2124 2518.9140781358947 1985.7005198741738
2538 1988 2542.634937298145 2114.036033560262 2598 2112 2593.365062701855 1985.9639664397382
2586 1970 2591.142645051789 2109.841931539222 2750 2104 2744.857354948211 1964.158068460778
2752 1976 2755.962562021134 2083.7523961500206 2858 2080 2854.037437978866 1972.2476038499792
2860 1966 2864.77861607401 2095.943034206005 2972 2092 2967.22138392599 1962.056965793995
2980 1968 2984.2860744362815 2084.5495424736696 3108 2080 3103.7139255637185 1963.4504575263304
3126 1944 3131.132360889656 2083.562278348605 3228 2080 3222.867639110344 1940.437721651395
428 2260 433.646511360788 2413.543370619377 530 2410 524.3534886392121 2256.456629380623
526 2274 530.640339506496 2400.182933694871 590 2398 585.359660493504 2271.817066305129
586 2274 590.3541222952354 2392.399941234885 710 2388 705.6458777047646 2269.600058765115
1036 2248 1040.435675675066 2368.617590332623 1166 2364 1161.564324324934 2243.382409667377
1166 2228 1170.8574683496656 2360.0872332364384 1282 2356 1277.1425316503344 2223.9127667635616
1294 2220 1298.8660919167605 2352.3217305169537 1362 2350 1357.1339080832395 2217.6782694830463
1346 2210 1350.8110293241152 2340.82443501366 1482 2336 1477.1889706758848 2205.17556498634
1494 2192 1499.5077145387052 2341.7691230296423 1602 2338 1596.4922854612948 2188.2308769703577
1618 2182 1623.317076482721 2326.585177082518 1748 2322 1742.682923517279 2177.414822917482
1762 2190 1766.193716639749 2304.038093106713 1876 2300 1871.806283360251 2185.961906893287
1864 2172 1869.1728774522871 2312.6640293581736 1996 2308 1990.8271225477129 2167.3359706418264
1996 2180 1999.9733664378355 2288.046196419239 2110 2284 2106.0266335621645 2175.953803580761
2104 2158 2109.279261024265 2301.556876140254 2206 2298 2200.720738975735 2154.443123859746
2214 2156 2218.8817782872443 2288.7482838421797 2348 2284 2343.1182217127557 2151.2517161578203
2314 2156 2318.4383767792415 2276.6910403999277 2446 2272 2441.5616232207585 2151.3089596000723
2444 2150 2448.51504820529 2272.7759364416584 2524 2270 2519.48495179471 2147.2240635583416
2506 2142 2510.928217312795 2276.011082064959 2620 2272 2615.071782687205 2137.988917935041
2642 2142 2646.816431532466 2272.9713351482687 2782 2268 2777.183568467534 2137.0286648517313
2926 2134 2929.8102596781737 2237.6108982237624 3028 2234 3024.1897403218263 2130.3891017762376
3024 2120 3028.909309583567 2253.496931593827 3124 2250 3119.090690416433 2116.503068406173
3174 2130 3177.6061161013126 2228.059701940116 3288 2224 3284.3938838986874 2125.940298059884
3294 2110 3298.792641849456 2240.324431621129 3362 2238 3357.207358150544 2107.675568378871
552 2430 556.949826146198 2564.598682603395 682 2560 677.050173853802 2425.401317396605
776 2416 781.1242575771298 2555.3419281466913 872 2552 866.8757424228702 2412.6580718533087
862 2424 865.7584184442726 2526.2011998663743 980 2522 976.2415815557274 2419.7988001336257
974 2408 978.3595245035862 2526.546841369494 1102 2522 1097.640475496414 2403.453158630506
1088 2410 1091.8183629907 2513.831248425676 1196 2510 1192.1816370093 2406.168751574324
1160 2388 1164.6695313978569 2514.9767373566197 1300 2510 1295.3304686021431 2383.0232626433803
1280 2382 1283.9053185788819 2488.1957976580234 1398 2484 1394.0946814211181 2377.8042023419766
1384 2382 1388.6425203561028 2508.242236683574 1504 2504 1499.3574796438972 2377.757763316426
1474 2368 1478.6533247728044 2494.5360369527925 1602 2490 1597.3466752271956 2363.4639630472075
1602 2356 1606.5906791222014 2480.8325383261863 1738 2476 1733.4093208777986 2351.1674616738137
1744 2340 1748.8985051668653 2473.2031313246084 1836 2470 1831.1014948331347 2336.7968686753916
1834 2330 1839.2079918065674 2471.618880233133 1992 2466 1986.7920081934326 2324.381119766867
1984 2334 1988.6344170435766 2460.0218864816607 2098 2456 2093.3655829564236 2329.9781135183393
2098 2324 2102.0192852088176 2433.2948475634166 2246 2428 2241.9807147911824 2318.7051524365834
2226 2306 2231.183681868989 2446.957829627392 2366 2442 2360.816318131011 2301.042170372608
2356 2306 2361.0729365977973 2443.9463768679047 2414 2442 2408.9270634022027 2304.0536231320953
2412 2306 2416.710568215057 2434.0926354447893 2528 2430 2523.289431784943 2301.9073645552107
2528 2308 2531.804857469823 2411.4639980891534 2626 2408 2622.195142530177 2304.5360019108466
2610 2298 2614.501542684413 2420.4086861051355 2680 2418 2675.498457315587 2295.5913138948645
2676 2294 2680.136473197497 2406.4814946147158 2802 2402 2797.863526802503 2289.5185053852842
2794 2278 2798.947125042023 2412.5252325360907 2922 2408 2917.052874957977 2273.4747674639093
2922 2266 2926.8660919167605 2398.3217305169537 2990 2396 2985.1339080832395 2263.6782694830463
3000 2284 3004.3541222952354 2402.399941234885 3124 2398 3119.6458777047646 2279.600058765115
538 2578 542.8250550995608 2709.205832428784 630 2706 625.1749449004392 2574.794167571216
622 2574 626.7137895738005 2702.1802325906956 686 2700 681.2862104261995 2571.8197674093044
678 2594 682.2806722279307 2710.40264233906 802 2706 797.7193277720693 2589.59735766094
782 2568 787.075117447404 2706.005679856608 896 2702 890.924882552596 2563.994320143392
892 2570 896.4491811959431 2690.984840669146 1032 2686 1027.550818804057 2565.015159330854
1016 2562 1019.5791050595586 2659.3252012670705 1110 2656 1106.4208949404415 2558.6747987329295
1198 2554 1201.8729053287768 2659.314396850369 1292 2656 1288.1270946712232 2550.685603149631
1274 2528 1279.0367817343795 2664.9632318357426 1414 2660 1408.9632182656205 2523.0367681642574
1408 2526 1413.0913240724565 2664.4463802604355 1534 2660 1528.9086759275435 2521.5536197395645
1536 2524 1540.6344170435766 2650.0218864816607 1650 2646 1645.3655829564234 2519.9781135183393
1648 2520 1652.4659080755641 2641.4396881515745 1746 2638 1741.5340919244359 2516.5603118484255
1764 2504 1768.8002249074136 2634.5306347444416 1892 2630 1887.1997750925864 2499.4693652555584
1900 2496 1904.846663932964 2627.7934329672207 2008 2624 2003.153336067036 2492.2065670327793
2002 2498 2005.97066533366 2605.9727463519343 2114 2602 2110.0293346663398 2494.0272536480657
2122 2494 2125.6606584393894 2593.5428503648086 2222 2590 2218.3393415606106 2490.4571496351914
2204 2486 2208.330332612225 2603.753037707745 2256 2602 2251.669667387775 2484.246962292255
2252 2476 2255.972846183267 2584.0320493406375 2420 2578 2416.027153816733 2469.9679506593625
2412 2470 2416.4383767792415 2590.6910403999277 2544 2586 2539.5616232207585 2465.3089596000723
2546 2460 2549.957159812783 2567.605496015412 2648 2564 2644.042840187217 2456.394503984588
2648 2448 2652.922815104444 2581.8641819303493 2758 2578 2753.077184895556 2444.1358180696507
2750 2422 2755.4121353834284 2569.1700765167793 2896 2564 2890.5878646165716 2416.8299234832207
594 2768 598.7294759442843 2896.606785915921 724 2892 719.2705240557157 2763.393214084079
718 2760 722.3406167743582 2878.032690898362 832 2874 827.6593832256418 2755.967309101638
934 2742 938.9886821137909 2877.655277702862 984 2876 979.0113178862091 2740.344722297138
984 2752 988.2752700195799 2868.255742204451 1104 2864 1099.72472998042 2747.744257795549
1106 2730 1110.7597083447824 2859.428883734873 1204 2856 1199.2402916552176 2726.571116265127
1224 2712 1229.164774139761 2852.44367915626 1350 2848 1344.835225860239 2707.55632084374
1342 2694 1347.088622968281 2832.3729301931307 1466 2828 1460.911377031719 2689.6270698068693
1460 2700 1465.1598921859788 2840.310926100252 1528 2838 1522.8401078140212 2697.689073899748
1530 2686 1535.3008698576684 2830.144476678691 1648 2826 1642.6991301423316 2681.855523321309
1636 2692 1640.4875169089673 2814.027288690011 1750 2810 1745.5124830910327 2687.972711309989
1730 2676 1734.8628705580163 2808.234133371048 1850 2804 1845.1371294419837 2671.765866628952
1846 2690 1850.2374545611244 2805.2274412621873 1938 2802 1933.7625454388756 2686.7725587378127
1932 2670 1936.8709738705427 2802.4544835729616 2058 2798 2053.1290261294575 2665.5455164270384
2052 2660 2057.0340806302042 2796.889781768438 2190 2792 2184.9659193697958 2655.110218231562
2176 2646 2181.382423237499 2792.362125776429 2300 2788 2294.617576762501 2641.637874223571
2292 2652 2297.0864421186743 2790.3136272044276 2360 2788 2354.9135578813257 2649.6863727955724
2348 2634 2353.605474543588 2786.4274725312075 2474 2782 2468.394525456412 2629.5725274687925
2476 2640 2480.0111818962914 2749.074497361503 2618 2744 2613.9888181037086 2634.925502638497
2612 2624 2617.023276213503 2760.5959814992198 2742 2756 2736.976723786497 2619.4040185007802
2748 2614 2752.2644656028783 2729.961941935233 2860 2726 2855.7355343971217 2610.038058064767
2856 2616 2859.796754157297 2719.2436478872396 2948 2716 2944.203245842703 2612.7563521127604
2938 2592 2943.38782544585 2738.5090259110384 3066 2734 3060.61217455415 2587.4909740889616
3074 2578 3079.382423237499 2724.362125776429 3198 2720 3192.617576762501 2573.637874223571
3178 2560 3183.901975916982 2720.4901181818104 3306 2716 3300.098024083018 2555.5098818181896
3300 2564 3305.4288622630497 2711.624923999208 3404 2708 3398.5711377369503 2560.375076000792
3402 2562 3407.406733175078 2709.0231763821703 3544 2704 3538.593266824922 2556.9768236178297
340 2972 344.9336195211456 3106.157982199568 458 3102 453.0663804788544 2967.842017800432
454 2950 458.949826146198 3084.598682603395 584 3080 579.050173853802 2945.401317396605
580 2942 585.3008698576684 3086.144476678691 698 3082 692.6991301423316 2937.855523321309
694 2938 699.1571910818033 3078.2374760329476 760 3076 754.8428089181967 2935.7625239670524
762 2934 766.9827596508716 3069.4942304896517 862 3066 857.0172403491284 2930.5057695103483
854 2926 858.936320625321 3060.2314322668726 974 3056 969.063679374679 2921.7685677331274
950 2906 955.5865668143605 3057.9133220600756 1062 3054 1056.4134331856396 2902.0866779399244
1070 2898 1075.4563935593724 3046.3735717508553 1140 3044 1134.5436064406276 2895.6264282491447
1122 2896 1127.4342644714004 3043.7718241338175 1230 3040 1224.5657355285996 2892.2281758661825
1226 2910 1229.8075585739984 3013.537448156458 1326 3010 1322.1924414260016 2906.462551843542
1302 2888 1306.887180495595 3020.8951839767888 1440 3016 1435.112819504405 2883.1048160232112
1432 2880 1436.0900341719466 2991.2186963919366 1578 2986 1573.9099658280534 2874.7813036080634
1566 2866 1571.2603532950372 3009.0427256691223 1654 3006 1648.7396467049628 2862.9572743308777
1678 2868 1682.5474614553948 2991.657337249313 1782 2988 1777.4525385446052 2864.342662750687
1766 2854 1771.094025176632 2992.5198303277402 1894 2988 1888.905974823368 2849.4801696722598
1892 2868 1895.7913519489462 2971.0967477526306 1980 2968 1976.2086480510538 2864.9032522473694
1960 2844 1965.1809807648133 2984.8843795600874 2098 2980 2092.8190192351867 2839.1156204399126
2088 2844 2092.922815104444 2977.8641819303493 2198 2974 2193.077184895556 2840.1358180696507
2178 2834 2183.251729727943 2976.8082283886074 2314 2972 2308.748270272057 2829.1917716113926
2278 2830 2282.6533247728044 2956.5360369527925 2406 2952 2401.3466752271956 2825.4639630472075
2386 2816 2391.1517888734525 2956.0905758983386 2448 2954 2442.8482111265475 2813.9094241016614
2432 2806 2437.290065440967 2949.8506764094727 2542 2946 2536.709934559033 2802.1493235905273
2548 2808 2552.332513461832 2925.8123406964487 2656 2922 2651.667486538168 2804.1876593035513
2656 2804 2660.101358843217 2915.5266437397563 2756 2912 2751.898641156783 2800.4733562602437
2748 2782 2753.5185189554063 2932.06292329886 2864 2928 2858.4814810445937 2777.93707670114
2906 2792 2910.936320625321 2926.2314322668726 3026 2922 3021.063679374679 2787.7685677331274
3032 2774 3036.2590633945274 2889.815041800624 3140 2886 3135.7409366054726 2770.184958199376
3146 2760 3150.5825758096753 2884.612188124272 3276 2880 3271.4174241903247 2755.387811875728
3266 2746 3270.988161859222 2881.6411306242603 3370 2878 3365.011838140778 2742.3588693757397
506 3156 509.6957727936696 3256.497701239768 632 3252 628.3042272063303 3151.502298760232
624 3138 628.7813171781858 3268.0164842733097 738 3264 733.2186828218142 3133.9835157266903
722 3124 726.936320625321 3258.2314322668726 842 3254 837.063679374679 3119.7685677331274
836 3112 841.2279400449324 3254.1613248614676 900 3252 894.7720599550676 3109.8386751385324
992 3112 996.7764352244035 3241.883731217302 1048 3240 1043.2235647755965 3110.116268782698
1052 3112 1056.7186715275827 3240.3129856467035 1174 3236 1169.2813284724173 3107.6870143532965
1152 3120 1156.4059635291367 3239.809639592273 1260 3236 1255.5940364708633 3116.190360407727
1248 3098 1252.9908629633978 3233.714580691565 1354 3230 1349.0091370366022 3094.285419308435
1338 3092 1342.8304573079115 3223.352732563393 1434 3220 1429.1695426920885 3088.647267436607
1418 3096 1422.5064246381953 3218.5414391611434 1546 3214 1541.4935753618047 3091.4585608388566
1500 3068 1504.7159704234073 3196.2395355793988 1620 3192 1615.2840295765927 3063.7604644206012
1610 3088 1613.3506515451186 3179.1129543776833 1698 3176 1694.6493484548814 3084.8870456223167
1674 3064 1679.431563367225 3211.6983740665128 1780 3208 1774.568436632775 3060.3016259334872
1776 3064 1780.6317159394011 3189.948436414356 1888 3186 1883.3682840605989 3060.051563585644
1898 3076 1902.4497014505118 3196.9989877477474 1984 3194 1979.5502985494882 3073.0010122522526
1968 3054 1973.0913240724565 3192.4463802604355 2094 3188 2088.9086759275438 3049.5536197395645
2370 3054 2374.9962651717483 3189.861480826174 2480 3186 2475.0037348282517 3050.138519173826
2496 3038 2500.9255162086197 3171.937631997654 2608 3168 2603.0744837913803 3034.062368002346
2588 3032 2592.5064246381953 3154.5414391611434 2716 3150 2711.4935753618047 3027.4585608388566
2704 3026 2708.169406702171 3139.3770425009716 2800 3136 2795.830593297829 3022.6229574990284
2780 2996 2785.9619204634096 3158.1201667411124 2898 3154 2892.0380795365904 2991.8798332588876
2926 2998 2931.028678421854 3134.7428816338293 3060 3130 3054.971321578146 2993.2571183661707
3038 3010 3041.7854294860267 3112.93570053942 3176 3108 3172.2145705139733 3005.06429946058
3168 2974 3172.8471841875325 3105.807580045822 3222 3104 3217.1528158124675 2972.192419954178
3212 2986 3216.6560258769796 3112.609487020097 3342 3108 3337.3439741230204 2981.390512979903
398 3320 402.4929191173182 3442.17418882462 516 3438 511.5070808826818 3315.82581117538
498 3292 503.3332831077733 3437.025877486346 640 3432 634.6667168922268 3286.974122513654
942 3276 947.1977076444343 3417.339227042516 1038 3414 1032.8022923555657 3272.660772957484
1044 3288 1047.957159812783 3395.605496015412 1146 3392 1142.042840187217 3284.394503984588
1134 3272 1139.1755785564626 3412.7374794254783 1268 3408 1262.8244214435374 3267.2625205745217
1252 3266 1256.9444239378472 3400.451782468786 1378 3396 1373.0555760621528 3261.548217531214
1358 3260 1361.8945141621803 3365.9019973888053 1468 3362 1464.1054858378197 3256.0980026111947
1544 3242 1549.38782544585 3388.5090259110384 1672 3384 1666.61217455415 3237.4909740889616
1676 3252 1679.9544587086077 3359.532045948107 1776 3356 1772.0455412913923 3248.467954051893
1784 3246 1788.2018199522752 3360.2584433086267 1904 3356 1899.7981800477248 3241.7415566913733
2154 3218 2159.360814404096 3363.7745252379927 2262 3360 2256.639185595904 3214.2254747620073
2278 3214 2282.9044276297845 3347.364178537819 2320 3346 2315.0955723702155 3212.635821462181
2322 3222 2326.77861607401 3351.943034206005 2434 3348 2429.22138392599 3218.056965793995
2430 3216 2435.1021284891576 3354.7401805296536 2564 3350 2558.8978715108424 3211.2598194703464
2658 3196 2662.479413596441 3317.806938488098 2766 3314 2761.520586403559 3192.193061511902
2754 3186 2759.077818551579 3324.079129923912 2870 3320 2864.922181448421 3181.920870076088
2918 3178 2922.941722833672 3312.3783324014817 3042 3308 3037.058277166328 3173.6216675985183
3024 3170 3028.7375792568105 3298.8271361178354 3160 3294 3155.2624207431895 3165.1728638821646
3154 3146 3159.287364336791 3289.7772263421684 3262 3286 3256.712635663209 3142.2227736578316
3246 3138 3251.227419790364 3280.147177782866 3364 3276 3358.772580209636 3133.852822217134
430 3478 434.4902180131428 3600.100738757316 546 3596 541.5097819868572 3473.899261242684
544 3484 548.5771736013244 3608.465287989663 670 3604 665.4228263986756 3479.534712010337
668 3464 672.770512761484 3593.722684004091 774 3590 769.229487238516 3460.277315995909
772 3454 777.0810399103234 3592.1667270698185 836 3590 830.9189600896766 3451.8332729301815
960 3436 965.9970348176898 3599.0750176160714 1104 3594 1098.0029651823102 3430.9249823839286
1090 3450 1094.0878533223397 3561.1593934032335 1180 3558 1175.9121466776603 3446.8406065967665
1172 3442 1176.6560258769798 3568.609487020097 1302 3564 1297.3439741230202 3437.390512979903
1290 3452 1293.5845072679094 3549.4721014016795 1388 3546 1384.4154927320906 3448.5278985983205
1372 3432 1376.9120106877422 3565.5703816611317 1474 3562 1469.0879893122578 3428.4296183388683
1482 3418 1487.1490877692772 3558.0171258310343 1542 3556 1536.8509122307228 3415.9828741689657
1544 3426 1548.7073468563124 3554.005038298884 1712 3548 1707.2926531436876 3419.994961701116
1708 3416 1712.9552283545488 3550.7455827380045 1842 3546 1837.0447716454512 3411.2544172619955
1818 3420 1822.5744724971491 3544.3918379223583 1942 3540 1937.4255275028509 3415.6081620776417
1922 3404 1926.2509600820013 3519.59469159871 2024 3516 2019.7490399179987 3400.40530840129
2010 3404 2014.6565461315483 3530.623634098698 2086 3528 2081.343453868452 3401.376365901302
2072 3404 2076.629014835226 3529.874986347051 2182 3526 2177.370985164774 3400.125013652949
2180 3400 2184.852066141315 3531.9403331018298 2292 3528 2287.147933858685 3396.0596668981702
2282 3422 2285.8210640948755 3525.9046984929805 2392 3522 2388.1789359051245 3418.0953015070195
2372 3398 2376.498321325669 3520.3210889592297 2494 3516 2489.501678674331 3393.6789110407703
2496 3384 2500.7678116573084 3513.6492339367865 2600 3510 2595.2321883426916 3380.3507660632135
2588 3376 2592.9827596508712 3511.4942304896517 2688 3508 2683.0172403491288 3372.5057695103483
2682 3360 2687.7366883077134 3515.9955169976306 2742 3514 2736.2633116922866 3358.0044830023694
2734 3372 2738.0414142967893 3481.8965951804544 2844 3478 2839.9585857032107 3368.1034048195456
496 3652 500.04681650514004 3762.043495315064 610 3758 605.95318349486 3647.956504684936
600 3622 605.6054745435883 3774.4274725312075 726 3770 720.3945254564117 3617.5725274687925
722 3614 726.9012062710408 3747.276581391913 816 3744 811.0987937289592 3610.723418608087
808 3620 813.1409844567509 3759.79677562912 862 3758 856.8590155432491 3618.20322437088
848 3614 853.3332831077732 3759.025877486346 990 3754 984.6667168922268 3608.974122513654
974 3612 979.1377630980069 3751.7091784832146 1080 3748 1074.8622369019931 3608.2908215167854
1088 3606 1093.377541283717 3752.2293727204215 1154 3750 1148.622458716283 3603.7706272795785
1152 3602 1156.7240737359334 3730.4598857813126 1278 3726 1273.2759262640666 3597.5401142186874
1270 3622 1273.652555126863 3721.3225001628953 1364 3718 1360.347444873137 3618.6774998371047
1356 3602 1360.6263137310505 3727.801536279747 1464 3724 1459.3736862689495 3598.198463720253
1470 3596 1474.8520661413147 3727.9403331018298 1582 3724 1577.1479338586853 3592.0596668981702
1550 3600 1554.5798747054998 3724.5387380569678 1678 3720 1673.4201252945002 3595.4612619430322
1654 3576 1658.941722833672 3710.3783324014817 1778 3706 1773.058277166328 3571.6216675985183
1762 3592 1765.524562721482 3687.842052842378 1870 3684 1866.475437278518 3588.157947157622
1852 3570 1857.08322075993 3708.2260300585217 1972 3704 1966.91677924007 3565.7739699414783
1962 3570 1966.5447603512196 3693.5838871820088 2064 3690 2059.4552396487807 3566.4161128179912
2056 3564 2060.7975238032377 3694.457184677137 2182 3690 2177.2024761967623 3559.542815322863
2170 3568 2174.177510014697 3681.597392702886 2272 3678 2267.822489985303 3564.402607297114
2268 3570 2272.422170154189 3690.2503399961 2388 3686 2383.577829845811 3565.7496600039
2372 3538 2377.7907103912216 3695.464518343722 2472 3692 2466.2092896087784 3534.535481656278
2462 3540 2466.958449713293 3674.8331798839104 2544 3672 2539.041550286707 3537.1668201160896
2538 3528 2543.3446077790436 3673.333824834165 2634 3670 2628.6553922209564 3524.666175165835
2628 3528 2632.637118147752 3654.095336548965 2744 3650 2739.362881852248 3523.904663451035
2740 3524 2744.019805463386 3633.308994642018 2834 3630 2829.980194536614 3520.691005357982
2820 3516 2824.2671667070535 3632.0353920025377 2934 3628 2929.7328332929465 3511.9646079974623
2936 3502 2940.5479817099636 3625.671484327914 2986 3624 2981.4520182900364 3500.328515672086
2990 3502 2994.618210418524 3627.581186077833 3092 3624 3087.381789581476 3498.418813922167
3098 3504 3101.8129607823494 3607.6843482910667 3202 3604 3198.1870392176506 3500.3156517089333
3204 3490 3208.3514211910597 3608.3264911675806 3326 3604 3321.6485788089403 3485.6735088324194
3316 3478 3320.8029260115886 3608.604084811746 3446 3604 3441.1970739884114 3473.395915188254
3416 3468 3421.382423237499 3614.362125776429 3540 3610 3534.617576762501 3463.637874223571
760 3774 764.4740113880904 3895.6600383534883 864 3892 859.5259886119096 3770.3399616465117
852 3776 856.2806722279307 3892.40264233906 976 3888 971.7193277720693 3771.59735766094
942 3764 947.1782796606379 3904.810929492783 1078 3900 1072.8217203393622 3759.189070507217
1066 3762 1070.6668302936814 3888.903287289315 1204 3884 1199.3331697063186 3757.096712710685
1180 3752 1184.890401854339 3884.982781122695 1266 3882 1261.109598145661 3749.017218877305
1250 3766 1253.5164594089556 3861.6217026404643 1352 3858 1348.4835405910444 3762.3782973595357
1332 3742 1337.6027734394129 3894.3540224639028 1456 3890 1450.3972265605871 3737.6459775360972
1466 3770 1469.5737028512078 3867.178301132461 1556 3864 1552.4262971487922 3766.821698867539
1550 3746 1554.6263137310505 3871.801536279747 1658 3868 1653.3736862689495 3742.198463720253
1656 3740 1661.145866410533 3879.929528685128 1768 3876 1762.854133589467 3736.070471314872
1760 3734 1765.2382242070653 3876.4409780520846 1886 3872 1880.7617757929347 3729.5590219479154
1880 3736 1884.9967854263173 3871.8756279047757 1936 3870 1931.0032145736827 3734.1243720952243
1908 3728 1913.0751174474037 3866.005679856608 2022 3862 2016.9248825525963 3723.994320143392
2018 3740 2022.1121632599184 3851.820444008975 2126 3848 2121.8878367400816 3736.179555991025
2100 3724 2104.721372631758 3852.386435714008 2224 3848 2219.278627368242 3719.613564285992
2222 3736 2225.643931559768 3835.08800288238 2364 3830 2360.356068440232 3730.91199711762
2360 3722 2364.751605032256 3851.2085335329593 2452 3848 2447.248394967744 3718.7914664670407
2448 3736 2451.3749614826975 3827.7740049834238 2554 3824 2550.6250385173025 3732.2259950165762
2578 3712 2582.5771736013244 3836.465287989663 2704 3832 2699.4228263986756 3707.534712010337
2690 3696 2695.0913240724562 3834.4463802604355 2816 3830 2810.9086759275438 3691.5536197395645
2804 3690 2809.0891432228495 3828.3870772717323 2874 3826 2868.9108567771505 3687.6129227282677
2866 3702 2870.5690702887982 3826.2449377877497 2986 3822 2981.4309297112018 3697.7550622122503
2964 3670 2969.4040320709023 3816.9497263148655 3104 3812 3098.5959679290977 3665.0502736851345
1086 3940 1090.9795382921275 4075.4066333437454 1238 4070 1233.0204617078725 3934.5933666562546
1218 3910 1223.7442713656712 4066.2017201209433 1338 4062 1332.2557286343288 3905.7982798790567
1332 3934 1336.3109046284287 4051.2247401580116 1424 4048 1419.6890953715713 3930.7752598419884
1402 3916 1407.4369655755759 4063.845274201122 1512 4060 1506.5630344244241 3912.154725798878
1520 3914 1525.0859218641053 4052.2994801258264 1642 4048 1636.9140781358947 3909.7005198741736
1646 3926 1649.8183629907 4029.831248425676 1754 4026 1750.1816370093 3922.168751574324
1732 3888 1737.9970348176898 4051.0750176160714 1876 4046 1870.0029651823102 3882.9249823839286
1868 3908 1872.3028013159026 4025.0043899560983 1954 4022 1949.6971986840974 3904.9956100439017
1946 3900 1951.1323608896562 4039.562278348605 2048 4036 2042.8676391103438 3896.437721651395
2010 3892 2015.0151729009763 4028.375631297306 2134 4024 2128.9848270990233 3887.624368702694
2128 3898 2132.936320625321 4032.2314322668726 2248 4028 2243.063679374679 3893.7685677331274
2256 3886 2261.232821998715 4028.2940779174755 2378 4024 2372.767178001285 3881.7059220825245
2374 3890 2378.691660485829 4017.578484973658 2476 4014 2471.308339514171 3886.421515026342
2476 3888 2479.8837097454784 3993.608197119587 2578 3990 2574.1162902545216 3884.391802880413
2568 3882 2572.740280360986 4010.9005861851397 2706 4006 2701.259719639014 3877.0994138148603
2686 3878 2690.095956634866 3989.379743605147 2782 3986 2777.904043365134 3874.620256394853
2830 3864 2835.409434279253 4011.0966264494746 2974 4006 2968.590565720747 3858.9033735505254
2968 3858 2972.645221460278 3984.3156867508787 3090 3980 3085.354778539722 3853.6843132491213
3086 3850 3090.5312548303423 3973.2166368454855 3178 3970 3173.4687451696577 3846.7833631545145
3162 3848 3166.4194690500135 3968.176889928796 3280 3964 3275.5805309499865 3843.823110071204
3266 3838 3269.7476140275708 3939.9073995971557 3376 3936 3372.2523859724292 3834.0926004028443
1240 4100 1245.128309233393 4239.452103247649 1339 4236 1333.871690766607 4096.547896752351
1326 4102 1331.1998884940413 4243.39853003122 1478 4238 1472.8001115059587 4096.60146996878
1450 4104 1454.4572845084695 4225.20519087106 1596 4220 1591.5427154915305 4098.79480912894
1574 4084 1579.2819621284407 4227.630326207559 1678 4224 1672.7180378715593 4080.369673792441
1674 4092 1678.7272950946774 4220.547482927219 1748 4218 1743.2727049053226 4089.4525170727816
1738 4096 1741.9895730628878 4204.486896823067 1864 4200 1860.0104269371122 4091.513103176934
1852 4092 1855.6196216221897 4190.426952276639 1976 4186 1972.3803783778103 4087.5730477233615
1964 4092 1967.9350307248112 4199.003748398374 2104 4194 2100.064969275189 4086.996251601626
2096 4084 2099.9652631253093 4191.825846217325 2204 4188 2200.0347368746907 4080.1741537826747
2192 4066 2196.3319932072636 4183.798193617847 2354 4178 2349.6680067927364 4060.201806382153
2348 4062 2352.2671667070535 4178.035392002537 2462 4174 2457.7328332929465 4057.9646079974623
2454 4056 2458.8844793914195 4188.8217339094845 2590 4184 2585.1155206085805 4051.1782660905155
1456 4302 1459.3015114153927 4391.776706087599 1562 4388 1558.6984885846073 4298.223293912401
1530 4270 1535.0367817343795 4406.963231835743 1670 4402 1664.9632182656205 4265.036768164257
1670 4274 1674.5695905433668 4398.25908486635 1736 4396 1731.4304094566332 4271.74091513365
1730 4270 1734.6209115226995 4395.654636145137 1834 4392 1829.3790884773005 4266.345363854863
1826 4272 1829.788130590202 4375.009150606725 1966 4370 1962.211869409798 4266.990849393275
1944 4262 1948.721372631758 4390.386435714008 2068 4386 2063.278627368242 4257.613564285992
2056 4274 2059.967964229485 4381.89929628463 2166 4378 2162.032035770515 4270.10070371537
2158 4252 2163.5811646060097 4403.766421925467 2266 4400 2260.4188353939903 4248.233578074533
2278 4256 2282.42757236254 4376.39724013071 2402 4372 2397.57242763746 4251.60275986929
2388 4244 2393.191785181515 4385.178179829306 2534 4380 2528.808214818485 4238.821820170694
2514 4222 2519.8150203288 4380.125568949463 2632 4376 2626.1849796712 4217.874431050537
2624 4234 2629.070235493622 4371.872926800601 2680 4370 2674.929764506378 4232.127073199399
1706 4466 1709.6498540226876 4565.24905009559 1798 4562 1794.3501459773124 4462.75094990441
1778 4442 1782.650623668629 4568.462586885487 1904 4564 1899.349376331371 4437.537413114513
1888 4438 1892.9309184169704 4572.084532132263 2004 4568 1999.0690815830296 4433.915467867737
1996 4444 2000.846663932964 4575.793432967221 2104 4572 2099.153336067036 4440.206567032779
2098 4434 2102.711088469625 4562.106782523391 2160 4560 2155.288911530375 4431.893217476609
2138 4430 2143.4207589505236 4577.404573797295 2236 4574 2230.5792410494764 4426.595426202705
2228 4428 2233.31167427437 4572.438276947909 2354 4568 2348.68832572563 4423.561723052091
2330 4418 2335.1269586813055 4557.415378213996 2428 4554 2422.8730413186945 4414.584621786004
2440 4426 2444.346018982709 4544.179591032971 2558 4540 2553.653981017291 4421.820408967029
2548 4416 2552.1883144313983 4529.891192972103 2658 4526 2653.8116855686017 4412.108807027897
2664 4412 2668.50372353402 4534.467989093839 2790 4530 2785.49627646598 4407.532010906161
2780 4398 2785.025977317678 4534.6694315665245 2912 4530 2906.974022682322 4393.3305684334755
2904 4400 2908.4464800917676 4520.911390601841 3042 4516 3037.5535199082324 4395.088609398159
3008 4386 3013.03678173438 4522.963231835743 3148 4518 3142.96321826562 4381.036768164257
3130 4384 3135.2571319362933 4526.955128523216 3270 4522 3264.7428680637067 4379.044871476784
1796 4612 1800.9962651717485 4747.861480826174 1906 4744 1901.0037348282515 4608.138519173826
1894 4606 1898.8471841875325 4737.807580045822 1948 4736 1943.1528158124675 4604.192419954178
1936 4612 1940.5307345757737 4735.202489766884 2082 4730 2077.469265424226 4606.797510233116
2078 4608 2081.9733664378355 4716.046196419239 2192 4712 2188.0266335621645 4603.953803580761
2204 4596 2208.6614280853305 4722.756387154705 2338 4718 2333.3385719146695 4591.243612845295
2316 4596 2320.1067610515674 4707.673543874365 2420 4704 2415.8932389484326 4592.326456125635
2388 4594 2392.7618891943894 4723.488186723576 2542 4718 2537.2381108056106 4588.511813276424
2518 4600 2522.0468165051398 4710.043495315063 2632 4706 2627.9531834948602 4595.956504684937
1902 4768 1905.8702042246014 4873.240946783064 1994 4870 1990.1297957753986 4764.759053216936
1978 4746 1982.8790771830688 4878.674833774875 2110 4874 2105.1209228169314 4741.325166225125
2084 4744 2089.031379526029 4880.816331701134 2220 4876 2214.968620473971 4739.183668298866
2200 4750 2204.2860744362815 4866.549542473669 2328 4862 2323.7139255637185 4745.450457526331
2314 4732 2318.909309583567 4865.496931593826 2414 4862 2409.090690416433 4728.503068406174
2402 4752 2405.7206029858166 4853.172898924111 2492 4850 2488.2793970141834 4748.827101075889
2464 4728 2468.784018282361 4858.089934340614 2580 4854 2575.215981717639 4723.910065659386
2580 4730 2585.0454053014746 4867.1977291162575 2672 4864 2666.9545946985254 4726.8022708837425
2650 4734 2654.7948226990625 4864.383734609833 2774 4860 2769.2051773009375 4729.616265390167
2736 4716 2741.249028623767 4858.734778321303 2870 4854 2864.750971376233 4711.265221678697
2846 4732 2849.6687617519156 4831.763200566723 2952 4828 2948.3312382480844 4728.236799433277
2920 4714 2925.2193164778378 4855.926827580952 3032 4852 3026.7806835221622 4710.073172419048
3062 4718 3066.865571662192 4850.307583438353 3184 4846 3179.134428337808 4713.692416561647
3174 4712 3179.2085120611364 4853.633027311735 3278 4850 3272.7914879388636 4708.366972688265
3262 4704 3266.865571662192 4836.307583438353 3384 4832 3379.134428337808 4699.692416561647
3372 4706 3376.277971123755 4822.329192271755 3494 4818 3489.722028876245 4701.670807728245
2176 4932 2179.6714628560912 5031.836650634027 2284 5028 2280.3285371439088 4928.163349365973
2262 4912 2266.629014835226 5037.874986347051 2372 5034 2367.370985164774 4908.125013652949
2346 4904 2350.8763760788934 5036.601383707571 2476 5032 2471.1236239211066 4899.398616292429
2460 4894 2465.409954533822 5041.110773528077 2550 5038 2544.590045466178 4890.889226471923
2540 4896 2544.1748089105213 5009.52394263558 2640 5006 2635.8251910894787 4892.47605736442
2638 4892 2642.9827596508712 5027.494230489651 2738 5024 2733.0172403491288 4888.505769510349
2764 4884 2769.6546146733144 5037.763720821291 2872 5034 2866.3453853266856 4880.236279178709
2876 4884 2881.2301208945396 5026.220627850171 2996 5022 2990.7698791054604 4879.779372149829
2960 4874 2965.017874005152 5010.449081364611 3086 5006 3080.982125994848 4869.550918635389
3068 4878 3072.4302734667153 4998.470690198014 3194 4994 3189.5697265332847 4873.529309801986
3174 4866 3178.3163068367794 4983.371640292621 3270 4980 3265.6836931632206 4862.628359707379
3246 4856 3251.2301208945396 4998.220627850171 3366 4994 3360.7698791054604 4851.779372149829
2338 5072 2343.222017582013 5214.000277648257 2452 5210 2446.777982417987 5067.999722351743
2734 5262 2738.447000346336 5382.925537680443 2818 5380 2813.552999653664 5259.074462319557
2810 5246 2815.2765599200898 5389.483426072949 2910 5386 2904.7234400799102 5242.516573927051
2914 5236 2919.025977317678 5372.6694315665245 3046 5368 3040.974022682322 5231.3305684334755
3034 5246 3038.694361590004 5373.651935040962 3138 5370 3133.305638409996 5242.348064959038
3128 5242 3132.5636680804473 5366.09803765314 3244 5362 3239.4363319195527 5237.90196234686
3212 5232 3217.2247186861887 5374.073727715561 3328 5370 3322.7752813138113 5227.926272284439
3322 5236 3327.3148956331142 5380.525874093815 3396 5378 3390.6851043668858 5233.474125906185
# Transcript
OTOYCAR
GOYANTI*
STOYDHM
TIARISTOF*
NT***OTOYEY
WNO***SIMWNOS:
PYQO***TOY*EMIST*
NTIL ***EIQOYS TOYDIOGE*
*DHMOKRATOYSTOYDHMOK**
**BOLHKLEOSTOBOLARCIDO:
**ANTISWSTPATOTOSW*IKLEOS:*
OI:ANTITIMODHMOTOTIMOKLE**
R:A***DHIXENOTOKYDIKL*OS*OI
**A*YDAOTOYALKMEWNIDO:AFID
**RIDHLO*OMNHSARCO:WAQEN
***AN*ILEPTINOTOANTIFWNTOSSFHT
ANTIKHFISODWROTOPANAISCOSACAR
*ANTI*ILOKRATOSTOF***KYDOSPAIA
AN***EONTO*TOA**SIKL*OSELEY
*THSIP*OTOSIMYLO:KYQHRRIO
**ANTIFEIDOKRATOYSTOARISTODIKOAMF
**SANDROTOKHFISODWROAFIDN
*LEOSTOYQRASYBOLOMARAQ
ODWRIDOAQMON
*ONIKWNOSAMFI*
*OYTEISARCOPALLH
*KINOAQMO
*OANDROKRATOSKEFA
*OKLEOSKYDAQH
S
*OSPALTI*
# Lines: x1 y1 x2 y2 x3 y3 x4 y4
