# Baseline angle
0.9489863418021482
# Boxes: x1 y1 x2 y2 x3 y3 x4 y4
1378 296 1220.4749385277614 408.8895505070239 1356 598 1513.5250614722386 485.1104494929761
1542 532 1388.6589922394933 641.8910692596581 1512 814 1665.3410077605067 704.1089307403419
1730 792 1576.5263402866399 901.9861336207925 1674 1038 1827.4736597133601 928.0138663792075
1882 994 1743.8757168820744 1092.98607935497 1822 1202 1960.1242831179256 1103.01392064503
1136 472 966.5389592423255 593.4434105963372 1116 802 1285.4610407576747 680.5565894036629
1316 702 1154.3563526133894 817.8411145835755 1272 982 1433.6436473866106 866.1588854164245
1476 936 1320.4343134307737 1047.4853742444755 1424 1192 1579.5656865692263 1080.5146257555245
1656 1146 1493.651164009016 1262.3464844836176 1588 1394 1750.348835990984 1277.6535155163824
1830 1400 1697.0067241466325 1495.308968561737 1762 1586 1894.9932758533675 1490.691031438263
1096 880 938.5185837260012 992.8582723931478 1054 1154 1211.4814162739988 1041.1417276068523
1120 1214 1282.2649783107718 1097.7136117051236 1400 1262 1237.7350216892282 1378.2863882948764
1290 1458 1446.5160728383203 1345.8335361706463 1514 1440 1357.4839271616797 1552.1664638293537
1454 1636 1599.9904707616308 1531.376656459875 1728 1710 1582.0095292383692 1814.623343540125
1784 1790 1627.9708897748537 1901.8174844986927 1684 1980 1840.0291102251463 1868.1825155013073
882 1386 1051.973258686236 1264.1895109770524 1188 1454 1018.0267413137639 1575.8104890229476
1034 1638 1265.8123661247748 1471.872822716483 1382 1634 1150.1876338752252 1800.127177283517
1188 1822 1406.7313135362995 1665.2472938836122 1542 1854 1323.2686864637005 2010.7527061163878
1394 2056 1563.4443672329562 1934.568538402084 1682 2100 1512.5556327670438 2221.431461597916
1714 2198 1578.3858058374867 2295.1872366104517 1632 2370 1767.6141941625133 2272.8127633895483
826 1822 1035.3490684045157 1671.9710331145309 1140 1818 930.6509315954844 1968.0289668854693
996 2000 1186.2555227960156 1863.6543274499454 1294 2014 1103.7444772039844 2150.3456725500546
1168 2200 1343.8530997534072 2073.975752169901 1470 2250 1294.1469002465928 2376.024247830099
1524 2354 1352.8414555287522 2476.6599181756283 1414 2562 1585.1585444712478 2439.3400818243717
644 1950 793.0730963685629 1843.1675081764488 894 1984 744.9269036314369 2090.832491823551
812 2220 962.8779967196023 2111.8740353319727 1016 2186 865.1220032803977 2294.1259646680273
920 2396 1122.9403358840646 2250.563819346714 1220 2386 1017.0596641159356 2531.436180653286
1090 2622 1287.3022597653462 2480.6043185080403 1370 2596 1172.6977402346538 2737.3956814919597
574 2324 722.1043202166167 2217.861776779254 834 2374 685.8956797833833 2480.138223220746
682 2574 904.0120588934449 2414.8961640682373 1008 2560 785.9879411065551 2719.1038359317627
# Transcript
**
THSO
NPERI
HSIAI
*WNTAI
*NKAI
AIER
SP