# Baseline angle
6.06541925600445
# Boxes: x1 y1 x2 y2 x3 y3 x4 y4
366 444 400.8357139548523 601.4318155432073 570 564 535.1642860451477 406.56818445679266
560 412 588.4732326147163 540.6780776397565 700 516 671.5267673852837 387.32192236024343
214 674 244.15361036639035 810.2721496483662 390 778 359.8463896336096 641.7278503516338
400 642 431.232580395417 783.1483009110193 572 752 540.767419604583 610.8516990889807
576 592 609.760340828723 744.5719196371743 766 710 732.239659171277 557.4280803628257
760 548 791.6993519931043 691.2577653578554 942 658 910.3006480068957 514.7422346421446
942 522 973.8339881180646 665.8662216569758 1154 626 1122.1660118819354 482.13377834302423
252 842 289.8859154028575 1013.2164835524326 440 980 402.1140845971425 808.7835164475674
442 798 479.1390808465578 965.8413404374951 614 936 576.8609191534422 768.1586595625049
630 770 660.5342214503348 907.9922319190755 778 882 747.4657785496652 744.0077680809245
790 704 831.5411214764074 891.7353276642347 984 858 942.4588785235926 670.2646723357653
1000 670 1037.4712163192848 839.3423485852106 1152 814 1114.5287836807152 644.6576514147894
1164 646 1195.7478276043216 789.4768394808492 1338 758 1306.2521723956784 614.5231605191508
292 1066 323.6024007706696 1208.819617111868 490 1172 458.3975992293304 1029.180382888132
490 996 521.7478276043217 1139.476839480849 664 1108 632.2521723956783 964.5231605191508
670 952 702.5467346747361 1099.0873120754006 834 1070 801.4532653252639 922.9126879245991
832 904 869.5573768330278 1073.7317307613373 1022 1040 984.4426231669722 870.2682692386627
1080 862 1112.6024040917482 1009.3388969116351 1200 990 1167.3975959082518 842.6611030883649
1218 824 1255.3221925827356 992.6688708596091 1412 958 1374.6778074172644 789.3311291403909
342 1234 374.82320073045105 1382.336735386882 530 1348 497.176799269549 1199.663264613118
526 1182 561.9182808867763 1344.324222162481 708 1312 672.0817191132237 1149.675777837519
700 1142 734.0888793985526 1296.0566724282698 888 1262 853.9111206014474 1107.9433275717302
892 1096 927.7315722477014 1257.4804363837466 1070 1226 1034.2684277522985 1064.5195636162534
1090 1046 1124.4658935795999 1201.7604993423588 1268 1170 1233.5341064204001 1014.2395006576411
392 1408 427.26120374711684 1567.3547165802902 578 1534 542.7387962528833 1374.6452834197098
574 1360 607.8572920511576 1513.0100678831618 748 1482 714.1427079488424 1328.9899321168382
784 1312 816.5126466751079 1458.9332593788881 884 1444 851.4873533248921 1297.0667406211119
930 1278 961.7029488960017 1421.2740207144757 1094 1392 1062.2970511039985 1248.7259792855243
436 1600 468.12484178536886 1745.1806663949383 600 1716 567.8751582146311 1570.8193336050617
606 1546 639.1966180086008 1696.0243069443509 802 1660 768.8033819913992 1509.9756930556491
798 1494 830.2181961049064 1639.6025592843055 964 1610 931.7818038950936 1464.3974407156945
492 1776 525.573632189648 1927.7281338584398 678 1894 644.426367810352 1742.2718661415602
# Transcript
*MO*
XENTW
YKOFRO
NPERIW
HGOSL*
NEIK*
ONE
A*