# Baseline angle
0.39722832131498054
# Boxes: x1 y1 x2 y2 x3 y3 x4 y4
762 662 703.1292678518073 802.3254718827621 812 848 870.8707321481927 707.6745281172379
861 700 806.47983710206 829.9553667265436 921 878 975.52016289794 748.0446332734564
924 711 867.0871535438707 846.6586158134386 999 902 1055.9128464561293 766.3413841865614
1051 755 998.4706223589652 880.2100905867928 1110 927 1162.529377641035 801.7899094132073
691 812 635.9856891166654 943.133227892867 762 996 817.0143108833346 864.866772107133
826 852 774.7027678172439 974.2731236670352 898 1026 949.2972321827561 903.7268763329648
950 897 894.5102473807852 1029.2665004632202 963 1058 1018.4897526192148 925.73349953678
1021 910 959.7346482173899 1056.0333358402459 1055 1096 1116.26535178261 949.9666641597543
1099 964 1048.0595093145864 1085.4227873941863 1171 1137 1221.9404906854136 1015.5772126058139
1219 995 1158.8171299485175 1138.4531104178309 1265 1183 1325.1828700514825 1039.5468895821691
668 959 612.9037605954262 1090.3285143787666 717 1134 772.0962394045739 1002.6714856212332
743 989 687.6844255861351 1120.851325758141 781 1160 836.3155744138649 1028.148674241859
826 1022 776.5993673138103 1139.7523506170523 863 1176 912.4006326861897 1058.2476493829477
901 1044 852.4050999926063 1159.831789852175 941 1197 989.5949000073937 1081.168210147825
970 1064 919.9207199601949 1183.3699882217343 1012 1222 1062.0792800398053 1102.6300117782657
1044 1108 1002.4947731355197 1206.9327010694922 1098 1247 1139.5052268644804 1148.0672989305078
1134 1139 1086.8320659819772 1251.4304447607794 1174 1288 1221.1679340180228 1175.5695552392206
613 1111 557.4670266530723 1243.3695222669267 671 1291 726.5329733469277 1158.6304777330733
727 1150 667.2641850537426 1292.3875007963914 745 1325 804.7358149462574 1182.6124992036086
801 1172 752.4870285138458 1287.6365033662753 863 1334 911.5129714861542 1218.3634966337247
902 1205 848.5010326376905 1332.5212243234694 914 1360 967.4989673623095 1232.4787756765306
957 1223 901.1206063186007 1356.1952568064962 996 1396 1051.8793936813993 1262.8047431935038
1044 1268 997.6377986607732 1378.5098839959026 1087 1416 1133.3622013392267 1305.4901160040974
1093 1271 1026.418361398319 1429.7053449919638 1132 1474 1198.581638601681 1315.2946550080362
1197 1332 1148.866348413159 1446.7323487562787 1252 1490 1300.133651586841 1375.2676512437213
1306 1355 1246.2067710107021 1497.5243540745546 1326 1531 1385.7932289892979 1388.4756459254454
565 1270 508.2942313140624 1405.1650210379323 639 1460 695.7057686859376 1324.8349789620677
660 1297 588.942642899114 1466.3737584377886 712 1518 783.057357100886 1348.6262415622114
765 1348 697.8074492506153 1508.1615275852027 788 1546 855.1925507493847 1385.8384724147973
823 1376 775.7643307760655 1488.5918997722224 884 1534 931.2356692239345 1421.4081002277776
927 1377 867.7622051915932 1518.2004098888906 996 1572 1055.2377948084068 1430.7995901111094
1009 1411 955.7571393642797 1537.9107631324907 1068 1585 1121.2428606357205 1458.0892368675095
1108 1451 1054.1791267814178 1579.2885256553025 1125 1609 1178.8208732185822 1480.7114743446975
1157 1461 1101.7070039881057 1592.7975074209935 1188 1629 1243.2929960118943 1497.2024925790065
1239 1493 1189.6548452806228 1610.6201122094774 1243 1633 1292.3451547193772 1515.3798877905226
1269 1523 1219.2097262516259 1641.6811069603284 1332 1689 1381.7902737483741 1570.3188930396716
504 1428 451.34353703378474 1553.5130137469878 555 1597 607.6564629662153 1471.4869862530122
593 1463 542.8981415582243 1582.423806558882 642 1624 692.1018584417757 1504.576193441118
673 1490 621.0673411913414 1613.7877394680104 705 1649 756.9326588086586 1525.2122605319896
747 1513 697.6916169979208 1630.532462397873 787 1668 836.3083830020792 1550.467537602127
836 1539 781.6746576331523 1668.4909885549055 883 1711 937.3253423668477 1581.5090114450945
1150 1632 1090.7131762351958 1773.317276304363 1171 1807 1230.2868237648042 1665.682723695637
1203 1685 1152.5414000608816 1805.2741428317308 1252 1847 1302.4585999391184 1726.7258571682692
1293 1710 1239.0888131735355 1838.5037990038932 1338 1880 1391.9111868264645 1751.4962009961068
454 1574 403.91233487355186 1693.3899750844253 546 1753 596.0876651264482 1633.6100249155747
587 1619 529.9007180994215 1755.1030071223856 625 1795 682.0992819005785 1658.8969928776144
662 1638 603.4634309471794 1777.528953947061 719 1826 777.5365690528206 1686.471046052939
830 1706 773.290359161606 1841.1742507791093 842 1870 898.709640838394 1734.8257492208907
890 1735 833.247138433893 1870.2772725828163 947 1918 1003.752861566107 1782.7227274171837
978 1758 927.4491503767711 1878.4940310509103 1024 1919 1074.5508496232292 1798.50596894909
1050 1775 995.559829547071 1904.7646951112324 1101 1949 1155.440170452929 1819.2353048887676
435 1720 379.30704176304994 1852.7508654975493 511 1908 566.6929582369501 1775.2491345024507
539 1753 478.2739530067256 1897.7478379996269 548 1927 608.7260469932745 1782.2521620003733
589 1799 538.7833134721433 1918.6975131152087 642 1962 692.2166865278567 1842.3024868847913
692 1820 628.6064564724329 1971.106136873471 738 2017 801.3935435275671 1865.893863126529
781 1856 716.3639898512831 2010.0677055265082 833 2059 897.6360101487169 1904.9322944734918
869 1894 813.3399413278918 2026.672445427122 919 2071 974.6600586721081 1938.3275545728782
953 1913 892.5158664179871 2057.171208283105 966 2088 1026.4841335820129 1943.8287917168952
# Transcript
SOYN**
EPIKTH
EYTYCOS
ERMIAS)PR*
AFRODEISIO*
ELEYS*IOS
PRA*ITEL**
DIONYSI*
***
# Lines: x1 y1 x2 y2 x3 y3 x4 y4
