# Baseline angle
-0.09864365767633076
# Boxes: x1 y1 x2 y2 x3 y3 x4 y4
1090 388 1112.242184428937 612.7483016663189 1332 591 1309.757815571063 366.2516983336812
1302 368 1324.9613745034521 600.0154272644776 1507 582 1484.0386254965479 349.9845727355224
1456 356 1476.3433222822196 561.5610656312635 1674 542 1653.6566777177804 336.43893436873657
1620 335 1641.4213772356193 551.454376072676 1838 532 1816.5786227643807 315.54562392732396
1498 142 1516.881931908589 332.794305397154 1727 312 1708.118068091411 121.20569460284598
1308 156 1327.9201761709094 357.28534486392897 1543 336 1523.0798238290906 134.71465513607103
883 638 901.1019498943076 820.912901769732 1072 804 1053.8980501056924 621.087098230268
1031 610 1052.657197918226 828.8372489457524 1243 810 1221.342802081774 591.1627510542476
1203 592 1222.7261951552957 791.3252449486566 1418 772 1398.2738048447043 572.6747550513434
1378 576 1397.600107495147 774.0511800037295 1580 756 1560.399892504853 557.9488199962705
1531 562 1551.3570792848277 767.7000745933597 1710 752 1689.6429207151723 546.2999254066403
1624 560 1643.6348457464421 758.4021960204515 1870 736 1850.3651542535579 537.5978039795485
1844 530 1865.9613577850857 751.9106617092418 1956 743 1934.0386422149143 521.0893382907582
839 834 860.0778525064682 1046.9831972546167 1062 1027 1040.9221474935318 814.0168027453832
1028 822 1048.5587303753082 1029.7376775212294 1248 1010 1227.4412696246918 802.2623224787707
1206 791 1228.5469129549656 1018.8274605013236 1439 998 1416.4530870450344 770.1725394986764
1403 792 1421.7358774877102 981.3184843891846 1526 971 1507.2641225122898 781.6815156108154
1507 779 1527.9768040468339 990.962143330648 1760 968 1739.0231959531661 756.037856669352
1743 776 1763.7159441637127 985.3262594366136 1959 966 1938.2840558362873 756.6737405633864
743 1090 763.0794189352275 1292.8944287624795 954 1274 933.9205810647725 1071.1055712375205
928 1058 950.2238008153325 1282.5625426663748 1158 1262 1135.7761991846673 1037.4374573336252
1110 1054 1129.4699618831708 1250.7361110924699 1339 1230 1319.5300381168292 1033.2638889075301
1268 1026 1290.0890285923601 1249.2007237172672 1474 1231 1451.9109714076399 1007.7992762827328
1404 1018 1424.4678267952427 1224.819133513092 1554 1212 1533.5321732047573 1005.1808664869079
1507 1012 1528.0590230640755 1224.7929333346049 1819 1196 1797.9409769359245 983.2070666653951
1784 971 1806.211058300681 1195.4337846958617 2043 1172 2020.788941699319 947.5662153041383
734 1332 752.4628437491064 1518.559588596152 940 1500 921.5371562508936 1313.440411403848
910 1292 932.999602047406 1524.4017011760168 1028 1515 1005.000397952594 1282.5982988239832
1026 1300 1046.764439417616 1509.8162844154315 1247 1490 1226.235560582384 1280.1837155845685
1231 1271 1251.5490313245273 1478.6396725254658 1450 1459 1429.4509686754727 1251.3603274745342
1408 1247 1431.2681320053941 1482.1150880826488 1584 1467 1560.7318679946059 1231.8849119173512
1556 1248 1577.2447653456531 1462.6697841657647 1776 1443 1754.7552346543469 1228.3302158342353
1714 1224 1735.2417218817825 1438.6390311910152 1964 1416 1942.7582781182175 1201.3609688089848
1900 1208 1922.6269801659128 1436.6365073706668 2020 1427 1997.3730198340872 1198.3634926293332
687 1546 710.4309868927519 1782.7606710274638 900 1764 876.5690131072481 1527.2393289725362
832 1530 854.4004127052985 1756.3471345732862 1060 1736 1037.5995872947015 1509.6528654267138
1006 1523 1027.599003613542 1741.2492189711706 1212 1723 1190.400996386458 1504.7507810288294
1186 1510 1208.3064656613624 1735.3978375903994 1374 1719 1351.6935343386376 1493.6021624096006
1322 1494 1342.933381232715 1705.5233733097457 1520 1688 1499.066618767285 1476.4766266902543
1464 1484 1484.9527793342763 1695.719383301273 1664 1678 1643.0472206657237 1466.280616698727
1624 1468 1645.036458668263 1680.5649292168807 1772 1668 1750.963541331737 1455.4350707831193
1711 1490 1729.142775073344 1673.3254237359529 1884 1658 1865.857224926656 1474.6745762640471
1838 1428 1863.7111554837863 1687.8008548720497 2084 1666 2058.288844516214 1406.1991451279503
522 1790 546.7238812800715 2039.824847287327 646 2030 621.2761187199285 1780.175152712673
616 1780 638.9884426798802 2012.2889402686021 844 1992 821.0115573201198 1759.7110597313979
830 1788 848.3648387533426 1973.569287646933 1036 1955 1017.6351612466573 1769.430712353067
984 1752 1006.9476175008438 1983.8764183023814 1228 1962 1205.0523824991562 1730.1235816976186
1204 1750 1224.3918175361227 1956.0510906100815 1427 1936 1406.6081824638773 1729.9489093899185
1375 1719 1396.568891973243 1936.9449529922967 1588 1918 1566.431108026757 1700.0550470077033
1539 1692 1561.9664469432366 1924.0666822223934 1694 1911 1671.0335530567634 1678.9333177776066
1660 1695 1680.705676453763 1904.2225083693347 1784 1894 1763.294323546237 1684.7774916306653
1750 1719 1768.2494646319315 1903.4034786893526 1934 1887 1915.7505353680685 1702.5965213106474
1880 1686 1900.5403467617036 1893.5519185212852 2088 1875 2067.4596532382966 1667.4480814787148
434 2030 456.0023057945027 2252.3244248269098 722 2226 699.9976942054973 2003.67557517309
728 2004 749.5367513570304 2221.620185030256 968 2200 946.4632486429696 1982.3798149697436
942 1984 964.1401214813459 2207.716996750767 1224 2182 1201.859878518654 1958.2830032492332
1215 1982 1234.8522828154444 2182.5993098935837 1443 2162 1423.1477171845556 1961.4006901064163
1403 1938 1425.1753055614292 2162.0725176875567 1628 2142 1605.8246944385708 1917.9274823124433
1594 1930 1614.1968220325525 2134.080739703226 1807 2115 1786.8031779674475 1910.919260296774
1763 1930 1781.0718382540088 2112.608635790858 1959 2095 1940.9281617459912 1912.391364209142
1898 1907 1917.804802049498 2107.1195359063486 2111 2088 2091.195197950502 1887.8804640936512
363 2259 387.4223190482942 2505.777682578519 658 2479 633.5776809517058 2232.222317421481
635 2234 658.4396714555756 2470.848425031644 859 2451 835.5603285444244 2214.151574968356
818 2226 839.9384703908656 2447.679393822897 1059 2426 1037.0615296091346 2204.320606177103
962 2204 984.1421504572596 2427.737498733933 1224 2404 1201.8578495427403 2180.262501266067
1188 2167 1212.5937356680952 2415.5097783760675 1339 2403 1314.4062643319048 2154.4902216239325
1308 2195 1329.3591249791075 2410.8253421317618 1560 2388 1538.6408750208925 2172.1746578682382
1535 2146 1560.5937523864616 2404.614543931303 1779 2383 1753.4062476135384 2124.385456068697
1736 2164 1757.422391723576 2380.4646270642593 1944 2362 1922.577608276424 2145.5353729357407
1863 2108 1889.7182736178509 2377.9773773683673 2132 2354 2105.2817263821494 2084.0226226316327
468 2747 444.28108504769864 2507.329932074377 195 2532 218.71891495230136 2771.670067925623
415 2510 439.6305028953041 2758.8812963759556 590 2744 565.3694971046958 2495.1187036240444
542 2518 564.0645580510144 2740.9534587678245 796 2718 773.9354419489856 2495.0465412321755
758 2479 782.1420610636115 2722.945788692957 1014 2700 989.8579389363885 2456.054211307043
1083 2438 1108.9536317533032 2700.25097976614 1354 2676 1328.0463682466968 2413.74902023386
1336 2444 1357.4397608492236 2660.64013507262 1566 2640 1544.5602391507764 2423.35986492738
1540 2426 1561.377508592712 2642.011101131706 1804 2618 1782.622491407288 2401.988898868294
1818 2388 1843.6620915707144 2647.3050838217164 1968 2635 1942.3379084292856 2375.6949161782836
359 3003 334.582307562702 2756.2690674593287 115 2778 139.417692437298 3024.7309325406713
338 2767 361.7694391821185 3007.180594887607 596 2984 572.2305608178815 2743.819405112393
576 2726 606.9074492351718 3038.30730716384 802 3019 771.0925507648282 2706.69269283616
803 2715 830.8008323518663 2995.9161966961806 931 2986 903.1991676481337 2705.0838033038194
900 2707 929.1740396108943 3001.791902128282 1210 2974 1180.8259603891056 2679.208097871718
1142 2704 1166.1594301892592 2948.1212967013184 1420 2923 1395.8405698107408 2678.8787032986816
1386 2695 1412.775453434578 2965.5551563513663 1671 2940 1644.224546565422 2669.4448436486337
# Transcript
**SQ*
*MHTE*
OY TOY DI
*YPAIDO
Y TOY ) MA
*OI GORGOI
**KALLECROS
INOS OLBIOY
S LEONTOS
*S PATRWNOS
MBWN POQI
NOFILOY
# Lines: x1 y1 x2 y2 x3 y3 x4 y4
