# Baseline angle
0.012961257876543453
# Boxes: x1 y1 x2 y2 x3 y3 x4 y4
1104 254 1102.2959750047858 385.46328761197435 1298 388 1299.7040249952142 256.5367123880257
1284 238 1282.0273717297741 390.18567706961426 1422 392 1423.9726282702259 239.8143229303857
1436 252 1434.1774639383484 392.6062605472313 1696 396 1697.8225360616516 255.39373945276873
946 448 943.7897276113493 618.5196083074164 1058 620 1060.2102723886505 449.48039169258357
1054 452 1051.7399042036745 626.363418692448 1178 628 1180.2600957963255 453.636581307552
1174 460 1171.9469251351095 618.3920260618546 1296 620 1298.0530748648905 461.60797393814534
1302 450 1299.6742902249314 629.4254508710426 1344 630 1346.3257097750686 450.5745491289574
1352 462 1349.917309856911 622.6768058311765 1452 624 1454.082690143089 463.32319416882353
1460 466 1457.9725087781412 622.4182816440808 1580 624 1582.0274912218588 467.5817183559192
1574 446 1571.6810096168754 624.9070586184627 1656 626 1658.3189903831246 447.09294138153734
864 684 861.3261983104023 890.2802843410058 994 892 996.6738016895977 685.7197156589942
990 676 987.4776843510098 870.593335510137 1096 872 1098.5223156489901 677.406664489863
1100 676 1097.7917434289325 846.3640906316425 1224 848 1226.2082565710675 677.6359093683575
1210 676 1207.839215049427 842.7017175350139 1308 844 1310.160784950573 677.2982824649861
1298 692 1295.9445733479288 850.5734633502577 1406 852 1408.0554266520712 693.4265366497423
1410 684 1407.4426935592562 881.2928290815228 1462 882 1464.5573064407438 684.7071709184772
1462 680 1459.5288516370733 870.6458466745894 1564 872 1566.4711483629267 681.3541533254106
1958 672 1955.6025788397938 856.957889934929 2036 858 2038.3974211602062 673.042110065071
2048 660 2045.4753325638292 854.77477279854 2140 856 2142.5246674361706 661.22522720146
2136 680 2133.6947843703606 857.8443545006736 2300 860 2302.3052156296394 682.1556454993264
852 906 850.0280436689685 1058.1338378443563 994 1060 995.9719563310315 907.8661621556437
994 906 992.0475798592506 1056.6266464539044 1098 1058 1099.9524201407494 907.3733535460956
1062 938 1060.3373991725305 1066.2674675426676 1194 1068 1195.6626008274695 939.7325324573322
1154 920 1152.127690484318 1064.446217074293 1272 1066 1273.872309515682 921.5537829257069
1246 940 1244.2956390351885 1071.4892072246034 1438 1074 1439.7043609648115 942.5107927753966
1444 932 1442.2626640610183 1066.0331831202152 1594 1068 1595.7373359389817 933.9668168797848
822 1082 819.374341870091 1284.566072019119 930 1286 932.625658129909 1083.433927980881
944 1118 942.0371648017372 1269.4301544454036 986 1270 987.9628351982628 1118.5698455545964
988 1102 985.601234961405 1287.061568385445 1058 1288 1060.398765038595 1102.938431614555
1072 1120 1070.053291342403 1270.1860130392115 1210 1272 1211.946708657597 1121.8139869607885
1210 1112 1207.873533901986 1276.054063188886 1358 1278 1360.126466098014 1113.945936811114
1362 1128 1360.0240120338021 1280.4448731959042 1480 1282 1481.9759879661979 1129.5551268040958
1474 1102 1471.9041570889758 1263.6915245816772 1650 1266 1652.0958429110242 1104.3084754183228
1642 1128 1640.3097997119153 1258.3967296362155 1764 1260 1765.6902002880847 1129.6032703637845
1766 1112 1764.0832425901986 1259.8753136572607 1928 1262 1929.9167574098014 1114.1246863427393
1936 1118 1934.2626640610183 1252.0331831202152 2086 1254 2087.737335938982 1119.9668168797848
2086 1122 2084.1263466059295 1266.549895524809 2196 1268 2197.8736533940705 1123.450104475191
2184 1100 2181.5369149074063 1290.0237759714935 2334 1292 2336.4630850925937 1101.9762240285065
856 1308 853.8688303276252 1472.4169377656922 976 1474 978.1311696723748 1309.5830622343078
1416 1312 1413.9439014087345 1470.6253025755157 1520 1472 1522.0560985912655 1313.3746974244843
1516 1334 1514.360966997979 1460.449240800668 1634 1462 1635.639033002021 1335.550759199332
1624 1336 1622.1610014280855 1477.8763215660522 1786 1480 1787.8389985719145 1338.1236784339478
842 1496 839.7658238163036 1668.3637546620453 966 1670 968.2341761836964 1497.6362453379547
964 1518 962.0263638209824 1670.2634359075012 1096 1672 1097.9736361790176 1519.7365640924988
1094 1490 1091.6554259738436 1670.8808030362366 1178 1672 1180.3445740261564 1491.1191969637634
1178 1504 1176.103786689272 1650.2903634289219 1308 1652 1309.896213310728 1505.7096365710781
1258 1488 1255.76985545147 1660.0527193104972 1406 1662 1408.23014454853 1489.9472806895028
1408 1474 1405.1686648170448 1692.4337861991967 1526 1694 1528.8313351829552 1475.5662138008033
1540 1528 1538.1300422714985 1672.26477978589 1672 1674 1673.8699577285015 1529.73522021411
1676 1520 1674.0017880867422 1674.159421487388 1816 1676 1817.9982119132578 1521.840578512612
852 1684 849.7116328038652 1860.5445200112538 962 1862 964.2883671961348 1685.4554799887462
954 1694 951.9230213400635 1854.2361724164834 1088 1856 1090.0769786599365 1695.7638275835166
1088 1704 1085.9741886261272 1860.2886835809359 1218 1862 1220.0258113738728 1705.7113164190641
1214 1710 1212.153610096947 1852.4465530438904 1332 1854 1333.846389903053 1711.5534469561096
1350 1692 1347.761792181137 1864.674790013593 1450 1866 1452.238207818863 1693.325209986407
1450 1702 1447.9422215607485 1860.7549006386607 1544 1862 1546.0577784392515 1703.2450993613393
1550 1688 1547.9149580697308 1848.8582431195796 1636 1850 1638.0850419302692 1689.1417568804204
1628 1712 1626.1546180057387 1854.3687942060033 1752 1856 1753.8453819942613 1713.6312057939967
1746 1690 1743.745615686827 1863.9227852777549 1904 1866 1906.254384313173 1692.0772147222451
836 1900 833.7435998692438 2074.078302953529 982 2076 984.2564001307562 1901.921697046471
974 1902 971.7557447283875 2075.141343040915 1038 2076 1040.2442552716125 1902.8586569590848
1586 1886 1583.9368460471933 2045.1696144407247 1648 2046 1650.0631539528067 1886.8303855592753
1660 1890 1658.1398353434615 2033.5092571616792 1696 2034 1697.8601646565385 1890.4907428383208
1708 1908 1706.4599418741343 2026.8134592558629 1798 2028 1799.5400581258657 1909.1865407441371
1798 1880 1796.1546180057387 2022.3687942060033 1922 2024 1923.8453819942613 1881.6312057939967
834 2066 831.0178507156318 2296.0688958048077 980 2298 982.9821492843682 2067.9311041951923
976 2104 973.8338395358717 2271.116431337078 1042 2272 1044.1661604641283 2104.883568662922
1040 2114 1038.151930248961 2256.5761511070355 1148 2258 1149.848069751039 2115.4238488929645
1144 2118 1142.2872397952585 2250.137197540328 1286 2252 1287.7127602047415 2119.862802459672
1288 2088 1285.8984456058233 2250.13215799637 1430 2252 1432.1015543941767 2089.86784200363
1442 2094 1440.15327412735 2236.472472656519 1558 2238 1559.84672587265 2095.527527343481
1566 2088 1564.0243480033992 2240.418953583275 1686 2242 1687.9756519966008 2089.581046416725
1696 2082 1693.9176458265083 2242.6508862185474 1798 2244 1800.0823541734917 2083.3491137814526
1796 2072 1793.8698382364166 2236.3391789278053 1922 2238 1924.1301617635834 2073.6608210721947
840 2306 837.539938633781 2495.790499457832 1008 2498 1010.460061366219 2308.209500542168
986 2308 983.7940952161131 2478.1826533432395 1124 2480 1126.2059047838868 2309.8173466567605
1114 2302 1111.5584669152715 2490.3610669052678 1238 2492 1240.4415330847285 2303.6389330947322
1240 2314 1238.127690484318 2458.446217074293 1358 2460 1359.872309515682 2315.553782925707
1350 2292 1347.8227025855197 2459.9756324118043 1504 2462 1506.1772974144803 2294.0243675881957
870 2524 867.578339075151 2710.827955902187 958 2712 960.421660924849 2525.172044097813
942 2536 940.0004442083534 2690.263099937904 1074 2692 1075.9995557916466 2537.736900062096
1070 2524 1067.753392941207 2697.3227803293184 1120 2698 1122.246607058793 2524.6772196706816
1120 2524 1117.8109436496175 2692.8828188538196 1204 2694 1206.1890563503825 2525.1171811461804
1200 2528 1197.8543836349454 2693.5314811087387 1234 2694 1236.1456163650546 2528.4685188912613
1248 2528 1246.124330788346 2672.7054132005833 1346 2674 1347.875669211654 2529.2945867994167
1340 2516 1338.1549539753357 2658.3428745933743 1466 2660 1467.8450460246643 2517.6571254066257
534 2886 531.189880855313 3102.7969967455997 624 3104 626.810119144687 2887.2030032544003
636 2876 633.560818702452 3064.1796296168645 774 3066 776.439181297548 2877.8203703831355
796 2864 793.6052665965716 3048.750533033897 890 3050 892.3947334034284 2865.249466966103
898 2866 895.6375696315474 3048.258396363543 1030 3050 1032.3624303684526 2867.741603636457
1032 2862 1029.7395682340775 3036.389338305077 1154 3038 1156.2604317659225 2863.610661694923
1156 2876 1153.9512927398732 3034.0550710976777 1304 3036 1306.0487072601268 2877.9449289023223
1326 2874 1323.8176630415617 3042.3644266012393 1450 3044 1452.1823369584383 2875.6355733987607
728 3122 726.0297235169545 3274.0042397812113 880 3276 881.9702764830455 3123.9957602187887
882 3108 879.790735520141 3278.441849469529 1000 3280 1002.209264479859 3109.558150530471
996 3122 994.0485877680421 3272.5488876160175 1106 3274 1107.9514122319576 3123.4511123839825
1110 3134 1108.269047483365 3267.540710480264 1298 3270 1299.730952516635 3136.459289519736
1300 3136 1298.1838973143397 3276.1099340493106 1444 3278 1445.8161026856603 3137.8900659506894
1594 3106 1592.1330659978732 3250.031503272229 1744 3252 1745.8669340021268 3107.968496727771
524 3332 522.2653518177959 3465.825826219183 690 3468 691.7346481822041 3334.174173780817
724 3318 722.2458655811581 3453.329163751665 774 3454 775.7541344188419 3318.670836248335
784 3308 782.1256746667348 3452.601734750067 890 3454 891.8743253332652 3309.398265249933
902 3310 899.9139501609392 3470.9360019574665 982 3472 984.0860498390608 3311.0639980425335
982 3314 980.4114623448482 3436.553591190378 1092 3438 1093.5885376551519 3315.446408809622
1086 3296 1083.5840505583035 3482.387322487494 1208 3484 1210.4159494416965 3297.612677512506
1218 3296 1215.8711821148056 3460.235500477289 1352 3462 1354.1288178851944 3297.764499522711
1350 3304 1348.2370804179864 3440.0069275379888 1502 3442 1503.7629195820136 3305.9930724620112
1492 3294 1490.1845692535342 3434.0580948240527 1640 3436 1641.8154307464658 3295.9419051759473
1658 3294 1656.2104888661631 3432.0584307936497 1806 3434 1807.7895111338369 3295.9415692063503
1806 3292 1804.0280436689686 3444.133837844356 1948 3446 1949.9719563310314 3293.866162155644
530 3502 528.3161831342622 3631.904256996265 690 3634 691.6838168657378 3504.095743003735
686 3488 684.0546352207919 3638.0823345886956 832 3640 833.9453647792081 3489.9176654113044
844 3494 842.1855771623257 3633.9803359861658 998 3636 999.8144228376743 3496.0196640138342
998 3478 996.1081542940359 3623.9534084647453 1154 3626 1155.8918457059642 3480.0465915352547
1150 3466 1148.0044758435197 3619.9520645863563 1306 3622 1307.9955241564803 3468.0479354136437
1302 3478 1300.310807620707 3608.318970798329 1430 3610 1431.689192379293 3479.681029201671
1422 3462 1420.103450719675 3608.316283041551 1550 3610 1551.896549280325 3463.683716958449
1550 3468 1548.1818814967564 3608.2654517250844 1682 3610 1683.8181185032436 3469.7345482749156
1684 3472 1682.3626468459652 3598.319642737523 1812 3600 1813.6373531540348 3473.680357262477
1786 3460 1783.9822518964602 3615.6666128778397 1964 3618 1966.0177481035398 3462.3333871221603
546 3712 544.2380883267781 3847.929168700102 704 3850 705.7619116732219 3714.070831299898
748 3708 746.219945968529 3845.328827782068 798 3846 799.780054031471 3708.671172217932
804 3704 802.1021068412863 3850.419961492067 924 3852 925.8978931587137 3705.580038507933
930 3698 928.1176113964019 3843.223805453163 988 3844 989.8823886035981 3698.776194546837
988 3698 986.4387258358661 3818.4502487094596 1106 3820 1107.561274164134 3699.5497512905404
1122 3658 1119.9230213400635 3818.2361724164834 1256 3820 1258.0769786599365 3659.7638275835166
1286 3656 1284.1078183244385 3801.9793280773742 1440 3804 1441.8921816755615 3658.0206719226258
1440 3638 1437.7331848117306 3812.881810945028 1524 3814 1526.2668151882694 3639.118189054972
1526 3628 1523.711632803865 3804.544520011254 1636 3806 1638.288367196135 3629.455479988746
1634 3650 1631.9556603446367 3807.718116133501 1808 3810 1810.0443396553633 3652.281883866499
658 3868 655.4477331032143 4064.904034892088 740 4066 742.5522668967857 3869.095965107912
738 3890 736.3855427322192 4014.5532552207815 848 4016 849.6144572677808 3891.4467447792185
820 3870 818.2111608053575 4008.0065915683917 972 4010 973.7888391946425 3871.9934084316083
970 3854 967.894413970657 4016.443193347918 1088 4018 1090.1055860293432 3855.556806652082
1080 3846 1077.9509567702758 4004.0809907103067 1226 4006 1228.0490432297242 3847.9190092896933
1228 3842 1225.8721900235973 4006.157741639402 1368 4008 1370.1278099764027 3843.842258360598
1376 3830 1373.7718712690532 4001.8972016347234 1536 4004 1538.2281287309468 3832.1027983652766
1532 3838 1530.0354350001069 3989.5636063665183 1718 3992 1719.9645649998931 3840.4363936334817
1714 3828 1711.962093720628 3985.2217896355796 1772 3986 1774.037906279372 3828.7782103644204
486 4106 484.0606826735415 4255.615781561373 668 4258 669.9393173264584 4108.384218438627
668 4090 666.001452117145 4244.1853411000175 806 4246 807.998547882855 4091.814658899983
802 4084 800.0415324065009 4235.093199481226 870 4236 871.9584675934991 4084.9068005187733
874 4082 872.0910198445785 4229.275308708824 928 4230 929.9089801554215 4082.724691291176
910 4080 908.409446527265 4202.709108866152 1008 4204 1009.590553472735 4081.2908911338477
1002 4070 1000.2552727298797 4204.603414598053 1108 4206 1109.7447272701202 4071.3965854019466
1110 4032 1107.4490769816032 4228.800356441571 1200 4230 1202.5509230183968 4033.1996435584283
1202 4060 1200.4141501016259 4182.346234289346 1328 4184 1329.5858498983741 4061.6537657106537
1326 4036 1324.0314033649406 4187.874641718066 1488 4190 1489.9685966350594 4038.1253582819336
1478 4032 1476.054971190389 4182.056414976066 1626 4184 1627.945028809611 4033.9435850239333
1632 4030 1630.103786689272 4176.290363428921 1762 4178 1763.896213310728 4031.709636571078
626 4268 623.9263810360357 4427.976976290193 780 4430 782.0736189639643 4270.023023709807
780 4272 777.9415496215541 4430.806739863919 870 4432 872.0584503784459 4273.193260136081
870 4266 867.9641095382111 4423.066271959806 940 4424 942.0358904617889 4266.933728040194
944 4262 942.1478986137945 4404.8871864585835 1028 4406 1029.8521013862055 4263.1128135414165
1020 4250 1017.5207883667405 4441.267917377685 1074 4442 1076.4792116332594 4250.732082622315
1070 4238 1068.1855771623257 4377.980335986165 1224 4380 1225.8144228376743 4240.019664013835
1216 4202 1213.4046290874835 4402.229453024539 1350 4404 1352.5953709125165 4203.770546975461
1362 4214 1359.9970845123814 4368.522296064194 1474 4370 1476.0029154876186 4215.477703935806
1462 4216 1459.9967485427842 4370.548215676823 1572 4372 1574.0032514572158 4217.451784323177
1576 4222 1574.0782030462403 4370.264107846696 1708 4372 1709.9217969537597 4223.735892153304
1720 4202 1717.9327644583825 4361.484503650242 1912 4364 1914.0672355416175 4204.515496349758
1908 4200 1905.9425575303458 4358.728981026032 2004 4360 2006.0574424696542 4201.271018973968
534 4478 532.0684599279215 4627.015776612937 608 4628 609.9315400720785 4478.984223387063
606 4474 604.0196444290383 4626.781828160081 698 4628 699.9803555709617 4475.218171839919
714 4466 711.9903651204373 4621.040688316774 786 4622 788.0096348795627 4466.959311683226
760 4456 757.8987815754207 4618.106238383742 904 4620 906.1012184245793 4457.893761616258
864 4454 861.8186709503532 4622.286667763352 994 4624 996.1813290496468 4455.713332236648
984 4466 982.1815455271592 4606.291371337714 1114 4608 1115.8184544728408 4467.708628662286
1096 4430 1093.97385265653 4586.314603193565 1224 4588 1226.02614734347 4431.685396806435
1228 4438 1226.101770871689 4584.445881104695 1346 4586 1347.898229128311 4439.554118895305
1362 4424 1360.1283624235123 4568.394377849036 1484 4570 1485.8716375764877 4425.605622150964
1486 4436 1484.1707945000487 4577.120798941842 1552 4578 1553.8292054999513 4436.879201058158
1550 4444 1548.3134953774847 4574.111613897297 1694 4576 1695.6865046225153 4445.888386102703
1702 4434 1700.3589511803957 4560.604758476442 1808 4562 1809.6410488196043 4435.395241523558
1812 4424 1810.0024600259367 4578.107582262131 1956 4580 1957.9975399740633 4425.892417737869
536 4662 533.8934060618653 4824.520952185806 648 4826 650.1065939381347 4663.479047814194
638 4686 636.4919089395128 4802.347242198138 764 4804 765.5080910604872 4687.652757801862
772 4644 770.1435310090309 4787.22414142276 830 4788 831.8564689909691 4644.77585857724
826 4644 824.2296890868479 4780.5771590158265 934 4782 935.7703109131521 4645.4228409841735
940 4636 938.0963953581337 4782.8605949067605 1026 4784 1027.9036046418662 4637.1394050932395
1044 4634 1042.1670988344795 4775.40591468076 1088 4776 1089.8329011655205 4634.59408531924
1092 4634 1090.2310329652366 4770.473480565312 1208 4772 1209.7689670347634 4635.526519434688
1204 4620 1202.3616389371734 4746.39740157541 1326 4748 1327.6383610628266 4621.60259842459
1318 4618 1316.487205365152 4734.710116774944 1416 4736 1417.512794634848 4619.289883225056
1418 4614 1416.3360552941417 4742.371145993184 1542 4744 1543.6639447058583 4615.628854006816
1552 4614 1550.442421501435 4734.165132970541 1692 4736 1693.557578498565 4615.834867029459
1676 4594 1674.015948763469 4747.066943899 1746 4748 1747.984051236531 4594.933056101
1736 4610 1734.4733806580223 4727.776674750702 1906 4730 1907.5266193419777 4612.223325249298
1902 4612 1900.5417323471875 4724.5034318131065 2016 4726 2017.4582676528125 4613.4965681868935
970 4826 967.7395682340774 5000.389338305077 1092 5002 1094.2604317659225 4827.610661694923
1082 4834 1080.105130567661 4980.186684978406 1220 4982 1221.894869432339 4835.813315021594
1212 4820 1210.160329488891 4961.928160791311 1370 4964 1371.839670511109 4822.071839208689
1374 4790 1371.661137456996 4970.440169621544 1492 4972 1494.338862543004 4791.559830378456
1488 4820 1486.348150199641 4947.438039938539 1684 4950 1685.651849800359 4822.561960061461
1688 4784 1685.9775483220992 4940.029487454646 1838 4942 1840.0224516779008 4785.970512545354
1866 4788 1863.8553415900928 4953.457576128822 2060 4956 2062.144658409907 4790.542423871178
# Transcript
*WS*M***
EYKIOS )
EYTYCID** RHT
KRATWN *
BIB QEOPOMPOS
K****LAS
KL ROYFOS
KL SOBAROS
AI***BIOS
FILWN EYEL***
AYLOS *
BAIBIOS ******
IEREYS E***
NHS MA**Q**
N*IEROFANTHS
KL DADOYCOS
N*IEROKHRYX
BOYLHS KAI *
PERI TO BHMA E**
*NTIGRAFEYS NE*
IERAYLHS ERMOD*
EPI SKIADOS PRWT
***TANEWN N