# Baseline angle
0
# Boxes: x1 y1 x2 y2 x3 y3 x4 y4
1646 349 1646 469 1768 469 1768 349
1788 366 1788 474 1912 474 1912 366
1939 361 1939 481 2037 481 2037 361
2068 352 2068 491 2191 491 2191 352
2191 361 2191 484 2306 484 2306 361
1684 487 1684 599 1776 599 1776 487
1804 498 1804 595 1912 595 1912 498
1936 492 1936 598 2046 598 2046 492
2078 504 2078 601 2178 601 2178 504
2197 512 2197 593 2310 593 2310 512
2351 494 2351 593 2423 593 2423 494
2455 500 2455 600 2562 600 2562 500
1562 619 1562 731 1655 731 1655 619
1696 618 1696 712 1759 712 1759 618
1807 627 1807 730 1916 730 1916 627
1955 618 1955 730 2019 730 2019 618
2065 625 2065 740 2178 740 2178 625
2202 628 2202 747 2313 747 2313 628
2323 626 2323 744 2430 744 2430 626
2438 620 2438 738 2556 738 2556 620
2579 603 2579 732 2691 732 2691 603
2707 627 2707 743 2825 743 2825 627
2849 633 2849 738 2965 738 2965 633
1418 732 1418 858 1518 858 1518 732
1539 735 1539 872 1667 872 1667 735
1665 739 1665 873 1779 873 1779 739
1786 748 1786 865 1914 865 1914 748
1943 748 1943 874 2028 874 2028 748
2055 765 2055 870 2165 870 2165 765
2196 768 2196 871 2302 871 2302 768
2319 748 2319 873 2430 873 2430 748
2441 748 2441 870 2562 870 2562 748
2578 762 2578 868 2699 868 2699 762
2714 751 2714 866 2847 866 2847 751
2879 767 2879 874 2936 874 2936 767
2963 758 2963 881 3097 881 3097 758
3105 773 3105 887 3225 887 3225 773
1386 872 1386 990 1516 990 1516 872
1531 870 1531 994 1649 994 1649 870
1661 886 1661 994 1769 994 1769 886
1782 882 1782 994 1905 994 1905 882
1925 880 1925 1022 2040 1022 2040 880
2061 882 2061 1014 2166 1014 2166 882
2175 889 2175 1011 2316 1011 2316 889
2325 894 2325 1014 2426 1014 2426 894
2445 891 2445 1015 2567 1015 2567 891
2584 896 2584 1018 2698 1018 2698 896
2730 897 2730 1018 2830 1018 2830 897
2834 905 2834 1020 2954 1020 2954 905
2970 890 2970 1025 3080 1025 3080 890
3101 891 3101 1030 3209 1030 3209 891
3236 890 3236 1023 3370 1023 3370 890
1148 985 1148 1103 1254 1103 1254 985
3378 893 3378 1033 3461 1033 3461 893
3508 903 3508 1044 3602 1044 3602 903
1011 965 1011 1112 1125 1112 1125 965
1258 989 1258 1108 1384 1108 1384 989
1406 1001 1406 1130 1503 1130 1503 1001
1525 995 1525 1122 1632 1122 1632 995
1657 1040 1657 1131 1781 1131 1781 1040
1795 1021 1795 1147 1914 1147 1914 1021
1933 1031 1933 1124 2029 1124 2029 1031
2058 1032 2058 1151 2200 1151 2200 1032
2229 1042 2229 1140 2275 1140 2275 1042
2315 1037 2315 1152 2434 1152 2434 1037
2455 1039 2455 1154 2556 1154 2556 1039
2570 1045 2570 1150 2686 1150 2686 1045
2705 1040 2705 1151 2817 1151 2817 1040
2845 1044 2845 1154 2930 1154 2930 1044
472 1250 472 1374 571 1374 571 1250
583 1250 583 1364 705 1364 705 1250
881 1251 881 1378 980 1378 980 1251
737 1247 737 1368 835 1368 835 1247
1011 1257 1011 1379 1119 1379 1119 1257
1133 1274 1133 1401 1252 1401 1252 1274
1275 1270 1275 1390 1380 1390 1380 1270
1386 1258 1386 1398 1496 1398 1496 1258
1538 1267 1538 1387 1644 1387 1644 1267
1664 1262 1664 1397 1775 1397 1775 1262
1786 1294 1786 1430 1893 1430 1893 1294
2051 1277 2051 1414 2165 1414 2165 1277
1905 1277 1905 1395 2037 1395 2037 1277
2173 1269 2173 1399 2272 1399 2272 1269
2297 1282 2297 1411 2397 1411 2397 1282
2429 1275 2429 1405 2558 1405 2558 1275
2586 1290 2586 1395 2666 1395 2666 1290
2704 1284 2704 1401 2819 1401 2819 1284
2831 1285 2831 1411 2942 1411 2942 1285
2996 1288 2996 1408 3075 1408 3075 1288
3087 1276 3087 1409 3192 1409 3192 1276
3215 1294 3215 1403 3333 1403 3333 1294
3333 1311 3333 1401 3460 1401 3460 1311
3480 1289 3480 1417 3573 1417 3573 1289
3608 1287 3608 1423 3708 1423 3708 1287
3729 1305 3729 1425 3860 1425 3860 1305
3868 1310 3868 1424 3971 1424 3971 1310
476 1385 476 1497 589 1497 589 1385
632 1381 632 1494 706 1494 706 1381
738 1391 738 1498 861 1498 861 1391
876 1400 876 1500 989 1500 989 1400
1034 1394 1034 1502 1103 1502 1103 1394
1120 1400 1120 1503 1228 1503 1228 1400
1251 1399 1251 1522 1348 1522 1348 1399
1433 1398 1433 1504 1499 1504 1499 1398
1519 1401 1519 1512 1624 1512 1624 1401
1642 1398 1642 1508 1751 1508 1751 1398
1779 1414 1779 1506 1892 1506 1892 1414
1901 1405 1901 1523 2016 1523 2016 1405
2042 1423 2042 1530 2164 1530 2164 1423
2181 1419 2181 1540 2290 1540 2290 1419
2315 1409 2315 1531 2400 1531 2400 1409
2427 1419 2427 1526 2546 1526 2546 1419
2560 1418 2560 1533 2674 1533 2674 1418
2705 1407 2705 1550 2821 1550 2821 1407
2821 1418 2821 1539 2932 1539 2932 1418
2954 1420 2954 1545 3057 1545 3057 1420
3074 1414 3074 1552 3192 1552 3192 1414
3218 1418 3218 1551 3325 1551 3325 1418
3334 1440 3334 1534 3454 1534 3454 1440
3452 1411 3452 1549 3601 1549 3601 1411
3617 1429 3617 1543 3715 1543 3715 1429
3760 1425 3760 1552 3836 1552 3836 1425
3833 1433 3833 1553 3989 1553 3989 1433
3993 1428 3993 1557 4113 1557 4113 1428
4109 1441 4109 1551 4233 1551 4233 1441
597 1506 597 1624 705 1624 705 1506
714 1506 714 1639 847 1639 847 1506
870 1531 870 1625 988 1625 988 1531
1000 1527 1000 1639 1120 1639 1120 1527
1122 1535 1122 1637 1224 1637 1224 1535
1231 1535 1231 1656 1364 1656 1364 1535
1376 1547 1376 1655 1509 1655 1509 1547
1507 1532 1507 1647 1637 1647 1637 1532
1654 1531 1654 1662 1767 1662 1767 1531
1769 1542 1769 1662 1883 1662 1883 1542
1886 1546 1886 1666 2015 1666 2015 1546
2037 1523 2037 1660 2152 1660 2152 1523
2169 1523 2169 1673 2272 1673 2272 1523
2293 1546 2293 1678 2426 1678 2426 1546
2440 1543 2440 1666 2528 1666 2528 1543
2548 1546 2548 1668 2661 1668 2661 1546
2684 1559 2684 1675 2804 1675 2804 1559
2827 1563 2827 1683 2914 1683 2914 1563
2936 1556 2936 1679 3058 1679 3058 1556
3076 1563 3076 1683 3177 1683 3177 1563
3194 1567 3194 1682 3317 1682 3317 1567
3344 1548 3344 1691 3447 1691 3447 1548
3474 1564 3474 1703 3578 1703 3578 1564
3601 1563 3601 1695 3724 1695 3724 1563
3749 1564 3749 1696 3821 1696 3821 1564
3854 1567 3854 1692 3985 1692 3985 1567
4016 1568 4016 1697 4090 1697 4090 1568
4109 1572 4109 1700 4248 1700 4248 1572
744 1676 744 1792 846 1792 846 1676
865 1668 865 1784 987 1784 987 1668
1010 1668 1010 1783 1109 1783 1109 1668
1124 1667 1124 1787 1220 1787 1220 1667
1228 1686 1228 1776 1368 1776 1368 1686
1408 1680 1408 1800 1498 1800 1498 1680
1509 1690 1509 1795 1630 1795 1630 1690
1656 1674 1656 1805 1756 1805 1756 1674
1761 1688 1761 1793 1874 1793 1874 1688
1881 1686 1881 1799 2011 1799 2011 1686
2029 1675 2029 1795 2148 1795 2148 1675
2143 1695 2143 1792 2267 1792 2267 1695
2291 1674 2291 1808 2407 1808 2407 1674
2438 1687 2438 1805 2539 1805 2539 1687
2569 1688 2569 1816 2675 1816 2675 1688
2681 1700 2681 1813 2795 1813 2795 1700
2821 1702 2821 1815 2924 1815 2924 1702
2964 1704 2964 1816 3030 1816 3030 1704
3072 1700 3072 1816 3202 1816 3202 1700
3200 1705 3200 1817 3311 1817 3311 1705
3372 1699 3372 1825 3433 1825 3433 1699
3479 1710 3479 1827 3575 1827 3575 1710
3587 1721 3587 1818 3706 1818 3706 1721
3755 1719 3755 1827 3833 1827 3833 1719
3836 1719 3836 1819 3978 1819 3978 1719
3990 1703 3990 1831 4096 1831 4096 1703
4106 1723 4106 1841 4248 1841 4248 1723
4232 1734 4232 1835 4389 1835 4389 1734
717 1793 717 1899 834 1899 834 1793
865 1792 865 1912 961 1912 961 1792
1002 1793 1002 1912 1107 1912 1107 1793
1119 1794 1119 1895 1205 1895 1205 1794
1234 1802 1234 1904 1335 1904 1335 1802
1351 1806 1351 1916 1497 1916 1497 1806
1508 1814 1508 1916 1626 1916 1626 1814
1634 1821 1634 1940 1746 1940 1746 1821
1759 1834 1759 1937 1870 1937 1870 1834
1930 1811 1930 1929 1980 1929 1980 1811
2021 1811 2021 1937 2155 1937 2155 1811
2169 1844 2169 1928 2264 1928 2264 1844
2288 1824 2288 1957 2402 1957 2402 1824
2434 1816 2434 1944 2548 1944 2548 1816
2560 1832 2560 1933 2656 1933 2656 1832
2690 1852 2690 1936 2794 1936 2794 1852
2815 1826 2815 1934 2940 1934 2940 1826
2941 1833 2941 1946 3039 1946 3039 1833
3081 1826 3081 1950 3182 1950 3182 1826
3186 1833 3186 1952 3301 1952 3301 1833
3332 1833 3332 1967 3448 1967 3448 1833
3472 1849 3472 1961 3582 1961 3582 1849
3606 1834 3606 1956 3716 1956 3716 1834
3727 1838 3727 1969 3842 1969 3842 1838
3851 1839 3851 1982 3953 1982 3953 1839
3993 1856 3993 1973 4098 1973 4098 1856
4122 1857 4122 1954 4231 1954 4231 1857
4236 1856 4236 1977 4353 1977 4353 1856
710 1911 710 2025 839 2025 839 1911
860 1919 860 2032 986 2032 986 1919
998 1923 998 2040 1101 2040 1101 1923
1108 1917 1108 2049 1226 2049 1226 1917
1243 1932 1243 2036 1351 2036 1351 1932
1357 1918 1357 2041 1492 2041 1492 1918
1532 1933 1532 2034 1602 2034 1602 1933
1628 1943 1628 2050 1748 2050 1748 1943
1767 1934 1767 2058 1872 2058 1872 1934
1901 1937 1901 2043 2020 2043 2020 1937
2030 1946 2030 2059 2153 2059 2153 1946
2158 1942 2158 2055 2270 2055 2270 1942
2279 1949 2279 2060 2395 2060 2395 1949
2423 1953 2423 2059 2524 2059 2524 1953
2556 1949 2556 2074 2654 2074 2654 1949
2685 1950 2685 2067 2790 2067 2790 1950
2794 1950 2794 2090 2925 2090 2925 1950
2942 1959 2942 2073 3040 2073 3040 1959
3067 1963 3067 2084 3170 2084 3170 1963
3172 1971 3172 2074 3294 2074 3294 1971
3327 1972 3327 2088 3439 2088 3439 1972
3451 1986 3451 2087 3565 2087 3565 1986
3574 1987 3574 2080 3703 2080 3703 1987
3719 1984 3719 2090 3828 2090 3828 1984
3981 1985 3981 2110 4096 2110 4096 1985
3837 1983 3837 2099 3952 2099 3952 1983
4106 1974 4106 2094 4242 2094 4242 1974
4255 1992 4255 2089 4382 2089 4382 1992
605 2042 605 2158 690 2158 690 2042
720 2050 720 2166 838 2166 838 2050
854 2061 854 2159 969 2159 969 2061
990 2049 990 2152 1094 2152 1094 2049
1095 2047 1095 2159 1227 2159 1227 2047
1235 2061 1235 2169 1362 2169 1362 2061
1362 2072 1362 2165 1480 2165 1480 2072
1490 2076 1490 2182 1627 2182 1627 2076
1624 2063 1624 2193 1748 2193 1748 2063
1756 2068 1756 2200 1865 2200 1865 2068
1880 2081 1880 2195 2017 2195 2017 2081
2055 2061 2055 2205 2108 2205 2108 2061
2140 2076 2140 2211 2272 2211 2272 2076
2297 2087 2297 2213 2370 2213 2370 2087
2409 2087 2409 2204 2551 2204 2551 2087
2565 2088 2565 2208 2656 2208 2656 2088
2688 2084 2688 2201 2762 2201 2762 2084
2776 2095 2776 2216 2930 2216 2930 2095
2940 2088 2940 2227 3049 2227 3049 2088
3057 2090 3057 2211 3168 2211 3168 2090
3191 2098 3191 2212 3296 2212 3296 2098
3344 2090 3344 2199 3424 2199 3424 2090
3436 2102 3436 2220 3574 2220 3574 2102
3591 2096 3591 2225 3703 2225 3703 2096
3704 2107 3704 2231 3836 2231 3836 2107
3858 2112 3858 2227 3953 2227 3953 2112
3955 2106 3955 2224 4075 2224 4075 2106
4110 2096 4110 2219 4213 2219 4213 2096
554 2178 554 2298 689 2298 689 2178
716 2181 716 2282 845 2282 845 2181
853 2185 853 2301 952 2301 952 2185
966 2168 966 2313 1067 2313 1067 2168
1100 2190 1100 2328 1214 2328 1214 2190
1218 2192 1218 2321 1343 2321 1343 2192
1354 2182 1354 2306 1477 2306 1477 2182
1486 2196 1486 2336 1621 2336 1621 2196
1647 2204 1647 2337 1744 2337 1744 2204
1751 2196 1751 2320 1865 2320 1865 2196
1864 2195 1864 2347 2000 2347 2000 2195
2013 2199 2013 2337 2137 2337 2137 2199
2136 2203 2136 2341 2264 2341 2264 2203
2266 2204 2266 2333 2377 2333 2377 2204
2403 2215 2403 2335 2528 2335 2528 2215
2546 2220 2546 2351 2666 2351 2666 2220
2673 2215 2673 2340 2797 2340 2797 2215
2802 2217 2802 2346 2919 2346 2919 2217
2925 2240 2925 2344 3053 2344 3053 2240
3053 2232 3053 2361 3172 2361 3172 2232
3180 2224 3180 2366 3305 2366 3305 2224
3317 2252 3317 2364 3450 2364 3450 2252
3459 2257 3459 2372 3554 2372 3554 2257
3577 2254 3577 2370 3708 2370 3708 2254
3712 2237 3712 2360 3827 2360 3827 2237
3833 2245 3833 2371 3950 2371 3950 2245
3969 2258 3969 2378 4089 2378 4089 2258
4117 2250 4117 2367 4273 2367 4273 2250
541 2311 541 2433 699 2433 699 2311
701 2311 701 2426 823 2426 823 2311
832 2309 832 2457 986 2457 986 2309
990 2321 990 2455 1077 2455 1077 2321
1072 2342 1072 2455 1201 2455 1201 2342
1216 2335 1216 2452 1336 2452 1336 2335
1353 2327 1353 2466 1482 2466 1482 2327
1491 2336 1491 2451 1621 2451 1621 2336
1657 2332 1657 2459 1735 2459 1735 2332
1758 2354 1758 2455 1860 2455 1860 2354
1882 2336 1882 2472 2003 2472 2003 2336
2017 2325 2017 2463 2119 2463 2119 2325
2144 2340 2144 2472 2265 2472 2265 2340
2276 2339 2276 2468 2397 2468 2397 2339
2418 2355 2418 2469 2527 2469 2527 2355
2543 2355 2543 2472 2642 2472 2642 2355
2671 2365 2671 2492 2786 2492 2786 2365
2797 2362 2797 2476 2926 2476 2926 2362
2926 2358 2926 2498 3048 2498 3048 2358
3057 2375 3057 2487 3163 2487 3163 2375
3184 2367 3184 2493 3284 2493 3284 2367
3312 2367 3312 2483 3446 2483 3446 2367
3451 2381 3451 2493 3558 2493 3558 2381
3574 2369 3574 2488 3675 2488 3675 2369
3697 2368 3697 2503 3815 2503 3815 2368
3858 2375 3858 2503 3906 2503 3906 2375
3962 2373 3962 2489 4087 2489 4087 2373
4097 2384 4097 2503 4207 2503 4207 2384
4224 2387 4224 2497 4339 2497 4339 2387
717 2459 717 2567 814 2567 814 2459
829 2475 829 2580 958 2580 958 2475
969 2476 969 2573 1082 2573 1082 2476
1094 2471 1094 2564 1200 2564 1200 2471
1234 2460 1234 2576 1323 2576 1323 2460
1365 2468 1365 2583 1453 2583 1453 2468
1480 2474 1480 2591 1601 2591 1601 2474
1618 2472 1618 2603 1737 2603 1737 2472
1778 2459 1778 2587 1851 2587 1851 2459
1866 2470 1866 2602 2002 2602 2002 2470
2023 2491 2023 2591 2124 2591 2124 2491
2154 2485 2154 2607 2250 2607 2250 2485
2268 2497 2268 2595 2390 2595 2390 2497
2397 2490 2397 2618 2519 2618 2519 2490
2534 2480 2534 2604 2663 2604 2663 2480
2666 2493 2666 2607 2781 2607 2781 2493
2805 2497 2805 2610 2875 2610 2875 2497
2906 2526 2906 2618 3054 2618 3054 2526
3070 2487 3070 2612 3146 2612 3146 2487
3167 2522 3167 2623 3287 2623 3287 2522
3306 2511 3306 2633 3427 2633 3427 2511
3442 2511 3442 2639 3549 2639 3549 2511
3553 2506 3553 2631 3696 2631 3696 2506
3703 2502 3703 2630 3816 2630 3816 2502
3811 2510 3811 2620 3941 2620 3941 2510
3964 2507 3964 2638 4102 2638 4102 2507
4106 2511 4106 2630 4203 2630 4203 2511
4210 2506 4210 2666 4350 2666 4350 2506
1080 2580 1080 2722 1206 2722 1206 2580
978 2580 978 2724 1060 2724 1060 2580
1197 2584 1197 2722 1315 2722 1315 2584
1315 2580 1315 2717 1416 2717 1416 2580
1496 2599 1496 2737 1602 2737 1602 2599
1628 2601 1628 2729 1739 2729 1739 2601
1739 2588 1739 2718 1856 2718 1856 2588
1868 2599 1868 2718 1993 2718 1993 2599
2011 2592 2011 2735 2112 2735 2112 2592
2137 2610 2137 2715 2231 2715 2231 2610
2265 2602 2265 2733 2383 2733 2383 2602
2407 2615 2407 2734 2514 2734 2514 2615
2535 2600 2535 2741 2664 2741 2664 2600
2670 2611 2670 2742 2761 2742 2761 2611
2790 2612 2790 2748 2898 2748 2898 2612
2935 2627 2935 2737 3031 2737 3031 2627
3068 2628 3068 2741 3167 2741 3167 2628
3174 2636 3174 2742 3275 2742 3275 2636
3298 2646 3298 2742 3410 2742 3410 2646
3450 2647 3450 2763 3540 2763 3540 2647
3561 2635 3561 2752 3681 2752 3681 2635
3689 2635 3689 2763 3806 2763 3806 2635
3823 2632 3823 2763 3922 2763 3922 2632
3959 2642 3959 2771 4097 2771 4097 2642
4114 2640 4114 2771 4174 2771 4174 2640
4174 2662 4174 2768 4315 2768 4315 2662
1243 2736 1243 2835 1321 2835 1321 2736
1346 2736 1346 2835 1465 2835 1465 2736
1496 2734 1496 2847 1605 2847 1605 2734
1611 2732 1611 2860 1724 2860 1724 2732
1748 2742 1748 2866 1857 2866 1857 2742
1881 2737 1881 2861 1987 2861 1987 2737
2016 2751 2016 2874 2123 2874 2123 2751
2142 2722 2142 2873 2227 2873 2227 2722
2268 2746 2268 2863 2365 2863 2365 2746
2382 2745 2382 2873 2517 2873 2517 2745
2548 2755 2548 2872 2641 2872 2641 2755
2672 2756 2672 2862 2747 2862 2747 2756
2778 2755 2778 2869 2883 2869 2883 2755
2910 2753 2910 2876 3014 2876 3014 2753
3068 2749 3068 2875 3146 2875 3146 2749
3167 2752 3167 2872 3287 2872 3287 2752
3311 2756 3311 2883 3411 2883 3411 2756
3437 2768 3437 2887 3551 2887 3551 2768
3564 2779 3564 2879 3685 2879 3685 2779
3696 2779 3696 2877 3811 2877 3811 2779
3821 2776 3821 2885 3915 2885 3915 2776
3939 2778 3939 2888 4079 2888 4079 2778
4089 2791 4089 2901 4218 2901 4218 2791
1363 2865 1363 2993 1456 2993 1456 2865
1476 2873 1476 2986 1596 2986 1596 2873
1607 2880 1607 2985 1714 2985 1714 2880
1733 2875 1733 2996 1853 2996 1853 2875
1862 2877 1862 2992 1970 2992 1970 2877
2009 2888 2009 2982 2120 2982 2120 2888
2127 2884 2127 3015 2240 3015 2240 2884
2244 2904 2244 3013 2365 3013 2365 2904
2389 2896 2389 3017 2518 3017 2518 2896
2512 2904 2512 3012 2631 3012 2631 2904
2660 2898 2660 3012 2763 3012 2763 2898
2782 2906 2782 3019 2909 3019 2909 2906
2905 2894 2905 3011 3019 3011 3019 2894
3030 2895 3030 3021 3158 3021 3158 2895
3166 2909 3166 3013 3276 3013 3276 2909
3303 2899 3303 3029 3441 3029 3441 2899
3449 2891 3449 3027 3560 3027 3560 2891
3577 2901 3577 3021 3688 3021 3688 2901
3698 2905 3698 3027 3818 3027 3818 2905
3829 2912 3829 3027 3945 3027 3945 2912
3978 2893 3978 3030 4065 3030 4065 2893
4097 2914 4097 3035 4192 3035 4192 2914
1613 2995 1613 3124 1730 3124 1730 2995
1748 3007 1748 3118 1836 3118 1836 3007
1843 3015 1843 3112 1972 3112 1972 3015
1993 3013 1993 3120 2100 3120 2100 3013
2120 3000 2120 3142 2230 3142 2230 3000
2246 3029 2246 3143 2364 3143 2364 3029
2390 3038 2390 3144 2502 3144 2502 3038
2533 3017 2533 3136 2630 3136 2630 3017
2639 3027 2639 3127 2760 3127 2760 3027
2779 3017 2779 3138 2899 3138 2899 3017
2903 3035 2903 3150 3028 3150 3028 3035
3046 3021 3046 3138 3133 3138 3133 3021
3167 3031 3167 3159 3275 3159 3275 3031
3291 3039 3291 3169 3417 3169 3417 3039
3425 3041 3425 3167 3575 3167 3575 3041
3568 3045 3568 3151 3677 3151 3677 3045
3697 3041 3697 3159 3812 3159 3812 3041
3831 3044 3831 3157 3929 3157 3929 3044
3950 3049 3950 3154 4047 3154 4047 3049
4071 3045 4071 3149 4182 3149 4182 3045
4198 3056 4198 3158 4337 3158 4337 3056
1597 3140 1597 3243 1725 3243 1725 3140
1758 3114 1758 3244 1822 3244 1822 3114
1868 3140 1868 3262 1984 3262 1984 3140
2002 3134 2002 3268 2116 3268 2116 3134
2137 3136 2137 3260 2229 3260 2229 3136
2260 3131 2260 3271 2362 3271 2362 3131
2388 3154 2388 3262 2501 3262 2501 3154
2514 3135 2514 3264 2646 3264 2646 3135
2653 3157 2653 3268 2743 3268 2743 3157
2782 3151 2782 3264 2882 3264 2882 3151
2905 3155 2905 3274 3010 3274 3010 3155
3042 3144 3042 3284 3154 3284 3154 3144
3182 3161 3182 3274 3245 3274 3245 3161
3304 3169 3304 3282 3428 3282 3428 3169
3440 3170 3440 3288 3555 3288 3555 3170
3563 3179 3563 3284 3684 3284 3684 3179
3699 3169 3699 3305 3810 3305 3810 3169
3806 3193 3806 3291 3929 3291 3929 3193
3937 3185 3937 3302 4060 3302 4060 3185
4071 3190 4071 3297 4212 3297 4212 3190
1898 3259 1898 3365 1957 3365 1957 3259
2009 3257 2009 3374 2118 3374 2118 3257
1738 3247 1738 3362 1846 3362 1846 3247
2127 3276 2127 3366 2223 3366 2223 3276
2241 3264 2241 3379 2383 3379 2383 3264
2385 3275 2385 3377 2482 3377 2482 3275
2512 3257 2512 3393 2638 3393 2638 3257
2658 3280 2658 3395 2738 3395 2738 3280
2775 3279 2775 3393 2886 3393 2886 3279
2913 3282 2913 3392 3007 3392 3007 3282
3032 3291 3032 3392 3146 3392 3146 3291
3201 3291 3201 3395 3261 3395 3261 3291
3303 3283 3303 3387 3389 3387 3389 3283
3431 3291 3431 3408 3540 3408 3540 3291
3538 3294 3538 3418 3658 3418 3658 3294
3673 3311 3673 3409 3786 3409 3786 3311
3829 3296 3829 3411 3884 3411 3884 3296
3953 3309 3953 3420 4066 3420 4066 3309
4091 3317 4091 3422 4201 3422 4201 3317
4216 3318 4216 3428 4347 3428 4347 3318
1819 3403 1819 3518 1955 3518 1955 3403
1998 3406 1998 3518 2103 3518 2103 3406
2116 3367 2116 3526 2225 3526 2225 3367
2253 3394 2253 3521 2348 3521 2348 3394
2379 3408 2379 3543 2490 3543 2490 3408
2515 3405 2515 3537 2614 3537 2614 3405
2630 3416 2630 3521 2748 3521 2748 3416
2778 3413 2778 3530 2869 3530 2869 3413
2897 3433 2897 3530 3006 3530 3006 3433
3027 3405 3027 3541 3141 3541 3141 3405
3165 3410 3165 3546 3263 3546 3263 3410
3287 3419 3287 3537 3403 3537 3403 3419
3415 3415 3415 3539 3535 3539 3535 3415
3564 3420 3564 3530 3670 3530 3670 3420
3701 3412 3701 3537 3779 3537 3779 3412
3816 3415 3816 3539 3919 3539 3919 3415
3936 3425 3936 3541 4030 3541 4030 3425
4063 3430 4063 3550 4191 3550 4191 3430
4197 3436 4197 3535 4285 3535 4285 3436
1837 3530 1837 3656 1971 3656 1971 3530
1982 3546 1982 3655 2097 3655 2097 3546
2149 3538 2149 3666 2193 3666 2193 3538
2235 3553 2235 3648 2363 3648 2363 3553
2397 3553 2397 3650 2490 3650 2490 3553
2507 3549 2507 3674 2623 3674 2623 3549
2654 3560 2654 3666 2761 3666 2761 3560
2796 3546 2796 3668 2866 3668 2866 3546
2885 3576 2885 3672 3005 3672 3005 3576
3034 3559 3034 3681 3126 3681 3126 3559
3147 3563 3147 3678 3279 3678 3279 3563
3296 3567 3296 3693 3409 3693 3409 3567
3425 3576 3425 3692 3522 3692 3522 3576
3541 3548 3541 3686 3665 3686 3665 3548
3676 3562 3676 3694 3772 3694 3772 3562
3821 3549 3821 3691 3927 3691 3927 3549
3913 3572 3913 3686 4029 3686 4029 3572
4073 3565 4073 3700 4146 3700 4146 3565
1833 3688 1833 3785 1959 3785 1959 3688
4208 3577 4208 3698 4296 3698 4296 3577
2033 3671 2033 3773 2086 3773 2086 3671
2125 3668 2125 3781 2226 3781 2226 3668
1322 3663 1322 3780 1454 3780 1454 3663
1467 3665 1467 3778 1567 3778 1567 3665
2259 3697 2259 3802 2357 3802 2357 3697
2384 3674 2384 3811 2497 3811 2497 3674
2492 3692 2492 3799 2621 3799 2621 3692
2636 3681 2636 3792 2758 3792 2758 3681
2769 3685 2769 3794 2879 3794 2879 3685
2910 3701 2910 3819 2994 3819 2994 3701
3031 3697 3031 3799 3139 3799 3139 3697
3158 3691 3158 3806 3263 3806 3263 3691
3287 3704 3287 3790 3402 3790 3402 3704
3451 3697 3451 3819 3511 3819 3511 3697
3558 3695 3558 3821 3664 3821 3664 3695
3684 3705 3684 3813 3784 3813 3784 3705
3807 3708 3807 3815 3898 3815 3898 3708
3924 3704 3924 3835 4026 3835 4026 3704
1201 3770 1201 3883 1310 3883 1310 3770
1338 3777 1338 3898 1435 3898 1435 3777
1858 3784 1858 3924 1968 3924 1968 3784
1982 3785 1982 3909 2084 3909 2084 3785
2110 3817 2110 3924 2229 3924 2229 3817
2270 3809 2270 3924 2348 3924 2348 3809
2370 3817 2370 3930 2487 3930 2487 3817
2492 3825 2492 3936 2617 3936 2617 3825
2654 3827 2654 3928 2745 3928 2745 3827
2760 3821 2760 3944 2880 3944 2880 3821
2885 3827 2885 3948 3005 3948 3005 3827
3029 3813 3029 3928 3129 3928 3129 3813
3137 3825 3137 3937 3279 3937 3279 3825
3297 3821 3297 3930 3356 3930 3356 3821
3389 3839 3389 3936 3505 3936 3505 3839
3544 3828 3544 3959 3656 3959 3656 3828
3672 3836 3672 3948 3767 3948 3767 3836
3800 3843 3800 3949 3872 3949 3872 3843
1179 3930 1179 4057 1275 4057 1275 3930
1295 3923 1295 4047 1389 4047 1389 3923
1423 3933 1423 4049 1514 4049 1514 3933
1854 3939 1854 4049 1960 4049 1960 3939
1979 3931 1979 4046 2099 4046 2099 3931
2106 3941 2106 4058 2209 4058 2209 3941
2230 3942 2230 4053 2329 4053 2329 3942
2361 3933 2361 4047 2487 4047 2487 3933
2504 3948 2504 4063 2620 4063 2620 3948
2622 3933 2622 4071 2742 4071 2742 3933
2752 3953 2752 4075 2855 4075 2855 3953
2871 3945 2871 4074 2997 4074 2997 3945
3014 3938 3014 4070 3121 4070 3121 3938
3137 3950 3137 4057 3256 4057 3256 3950
3267 3960 3267 4073 3370 4073 3370 3960
3407 3952 3407 4063 3516 4063 3516 3952
3543 3974 3543 4075 3664 4075 3664 3974
3693 3958 3693 4073 3804 4073 3804 3958
3806 3968 3806 4080 3924 4080 3924 3968
1215 4048 1215 4163 1273 4163 1273 4048
1339 4073 1339 4174 1452 4174 1452 4073
1461 4060 1461 4174 1582 4174 1582 4060
2915 4076 2915 4186 2974 4186 2974 4076
3016 4080 3016 4204 3126 4204 3126 4080
3144 4104 3144 4207 3240 4207 3240 4104
3273 4083 3273 4200 3389 4200 3389 4083
3407 4093 3407 4200 3510 4200 3510 4093
3534 4096 3534 4219 3639 4219 3639 4096
3656 4098 3656 4194 3792 4194 3792 4098
1426 4207 1426 4300 1588 4300 1588 4207
3019 4237 3019 4324 3103 4324 3103 4237
3146 4237 3146 4321 3235 4321 3235 4237
3292 4237 3292 4317 3348 4317 3348 4237
3388 4242 3388 4333 3516 4333 3516 4242
1451 4314 1451 4432 1540 4432 1540 4314
1586 4336 1586 4434 1684 4434 1684 4336
1701 4331 1701 4429 1799 4429 1799 4331
1847 4329 1847 4420 1929 4420 1929 4329
# Transcript
RAMMA
HLHILIQ
EIEISDETHNA*
OYNAITONTAMIAN*
*MASEKTWNKATAUHFIS
KOMENWNTWIDHMWI
SKIROFORIWNOSENHIKAINEAITET*
EIKAITRIAKOSTHITHSPRYTANEIAST
PROEDRWNEPEUHFIZENDHMHTRIOSE
EYSEDOXENTHIBOYLHIKAITWIDHMW
ERWNYMOSOIKWFELOYSRAMNOYSIOS
PENEPEIDHOANAGRAFEYSKALLIKRA
IDHSKALWSKAIDIKAIWSEPIMEMELH*
ITHSANAGRAFHSTWGGRAMMATWNKAI
PRYTANEAIAYTONESTEFANWKASINKA
ALLAARCEIKALWSKAIDIKAIWSEUHF
ITHIBOYLHITOYSPROEDROYSOIA
INPROEDREYEINEISTHNPRWT*
IANPROSAGAGEINAYTONPRO*
**AICRHMATISAIGNWMHNDEX
AITHSBOYLHSEISTONDHM
*HIBOYLHIEPAINESAIKAL
*ALLIKRATOYSSTEIRIEA
***KAIDIKAIOSYNHSTHSEI
*LH*AITONDHMONKAISTEF**
TO*YSWISTEFANWIAPO:**
NEP*ANTASEYQYNASDWIE***
ION****IEANDOX*
*A****NAIA*
RATO*
*

# Lines: x1 y1 x2 y2 x3 y3 x4 y4
