# Baseline angle
0.00006784448415486644
# Boxes: x1 y1 x2 y2 x3 y3 x4 y4
406 338 405.9888743975903 501.98683741524303 600 502 600.0111256024097 338.01316258475697
670 350 669.9892810870583 507.9924006905439 782 508 782.0107189129417 350.0075993094561
848 360 847.9894170153757 515.9888727865845 1012 516 1012.0105829846243 360.0111272134156
1048 324 1047.986974641571 515.9884655539772 1218 516 1218.013025358429 324.0115344460228
1276 324 1275.9858891758563 531.9877870354918 1456 532 1456.0141108241437 324.0122129645082
1482 328 1481.9876532797311 509.9856161316802 1694 510 1694.0123467202689 328.0143838683198
1722 326 1721.987924436729 503.98887268532116 1886 504 1886.012075563271 326.01112731467884
1916 330 1915.9887386625937 495.98751585087666 2100 496 2100.0112613374063 330.01248414912334
2132 328 2131.9892812711737 485.98968691118597 2284 486 2284.0107187288263 328.01031308881403
448 564 447.98819553849216 737.9929433727694 552 738 552.0118044615077 564.0070566272306
630 558 629.9881959987796 731.9861589243748 834 732 834.0118040012204 558.0138410756252
868 576 867.9890099392662 737.989008447935 1030 738 1030.0109900607338 576.010991552065
1072 560 1071.9881958238705 733.9887370147649 1238 734 1238.0118041761295 560.0112629852351
1284 556 1283.98806022696 731.9873801158801 1470 732 1470.01193977304 556.0126198841199
1500 548 1499.9877887753782 727.9884656092117 1670 728 1670.0122112246218 548.0115343907883
1710 542 1709.9875174158537 725.9881942128644 1884 726 1884.0124825841463 542.0118057871356
1928 550 1927.9891456926744 709.9880586343655 2104 710 2104.0108543073256 550.0119413656345
2134 566 2133.9902311583887 709.988737152851 2300 710 2300.0097688416113 566.011262847149
2328 546 2327.988331742982 717.9853447997732 2544 718 2544.011668257018 546.0146552002268
414 780 413.98765324290804 961.9861588875518 618 962 618.012346757092 780.0138411124482
638 780 637.9894170982274 935.9876515858734 820 936 820.0105829017726 780.0123484141266
860 768 859.9883315404555 939.9883299570669 1032 940 1032.0116684595446 768.0116700429331
1050 764 1049.9877889226702 943.9862945857255 1252 944 1252.0122110773298 764.0137054142745
1274 780 1273.9895528516354 933.9867017723038 1470 934 1470.0104471483646 780.0132982276962
1490 762 1489.9879246024323 939.9864302838992 1690 940 1690.0120753975677 762.0135697161008
1716 764 1715.9880601809314 939.9880585607195 1892 940 1892.0119398190686 764.0119414392805
1938 764 1937.9895526951377 917.989008484758 2100 918 2100.010447304862 764.010991515242
2176 760 2175.9895522900847 913.9949787993454 2250 914 2250.0104477099153 760.0050212006546
2342 756 2341.988738607359 921.988329984684 2514 922 2514.011261392641 756.011670015316
2570 754 2569.987788812201 933.9879228533401 2748 934 2748.012211187799 754.0120771466599
380 1000 379.9892817130492 1157.983173840727 628 1158 628.0107182869508 1000.0168261592729
644 998 643.989010058941 1159.9872444913524 832 1160 832.010989941059 998.0127555086476
854 1014 853.9909095848168 1147.9890085768154 1016 1148 1016.0090904151832 1014.0109914231845
1060 982 1059.987788784584 1161.9883299202438 1232 1162 1232.012211215416 982.0116700797562
1284 996 1283.9900954878324 1141.9884657657094 1454 1142 1454.0099045121676 996.0115342342906
1482 974 1481.9884673214808 1143.9869730765936 1674 1144 1674.0115326785192 974.0130269234064
1718 984 1717.9898242479828 1133.9864304127796 1918 1134 1918.0101757520172 984.0135695872204
1940 988 1939.99023111236 1131.9894155976904 2096 1132 2096.0097688876403 988.0105844023096
2136 972 2135.989281418465 1129.9875158876998 2320 1130 2320.010718581535 972.0124841123003
2396 958 2395.988331153814 1129.9940288937182 2484 1130 2484.011668846186 958.0059711062817
2586 964 2585.9892811146756 1121.9919936236402 2704 1122 2704.0107188853244 964.0080063763598
422 1180 421.985482173393 1393.9868371850994 616 1394 616.0145178266071 1180.0131628149006
686 1208 685.9868386396075 1401.99307896968 788 1402 788.0131613603925 1208.00692103032
852 1194 851.9876530772046 1375.988601288974 1020 1376 1020.0123469227954 1194.011398711026
1058 1188 1057.9880601625198 1363.9883299386554 1230 1364 1230.0119398374802 1188.0116700613446
1298 1206 1297.9899597344242 1353.989415579279 1454 1354 1454.0100402655758 1206.010584420721
1488 1186 1487.9888744528248 1349.9860232814358 1694 1350 1694.0111255471752 1186.0139767185642
1722 1180 1721.9880601993427 1355.987787182784 1902 1356 1902.0119398006573 1180.012212817216
1924 1176 1923.9877888029953 1355.988058542308 2100 1356 2100.0122111970045 1176.011941457692
2136 1162 2135.986974632365 1353.9886012429452 2304 1354 2304.013025367635 1162.0113987570548
2348 1178 2347.98941700617 1333.9890084755523 2510 1334 2510.01058299383 1178.0109915244477
2556 1160 2555.986974779657 1351.9864302194587 2756 1352 2756.013025220343 1160.0135697805413
840 1428 839.9903669486199 1569.9872445834098 1028 1570 1028.00963305138 1428.0127554165902
1060 1406 1059.9886029183913 1573.9883299754783 1232 1574 1232.0113970816087 1406.0116700245217
1284 1412 1283.98860296442 1579.9876515306387 1466 1580 1466.01139703558 1412.0123484693613
1482 1398 1481.9875175815573 1581.9857518114422 1692 1582 1692.0124824184427 1398.0142481885578
1726 1400 1725.9876530127644 1581.989551111749 1880 1582 1880.0123469872356 1400.010448888251
1926 1402 1925.9886029368029 1569.9880585975425 2102 1570 2102.0113970631974 1402.0119414024575
2148 1394 2147.9880601625196 1569.9883299386554 2320 1570 2320.0119398374804 1394.0116700613446
2346 1378 2345.9884673306865 1547.9868373876259 2540 1548 2540.0115326693135 1378.0131626123741
2568 1370 2567.988196026397 1543.985751857471 2778 1544 2778.011803973603 1370.014248142529
1278 1626 1277.9876532244966 1807.9864302654876 1478 1808 1478.0123467755034 1626.0135697345124
1526 1628 1525.988195906722 1801.9875158140537 1710 1802 1710.011804093278 1628.0124841859463
# Transcript
*PICREMHTO
*ITHSERECQH
*SPRYTANEIAS
WNOSOGDOHII
RIAKOSTHITH
*KKLHSIAKY
NE****