# Baseline angle
0
# Boxes: x1 y1 x2 y2 x3 y3 x4 y4
574 566 574 723 762 723 762 566
778 576 778 735 865 735 865 576
880 579 880 724 1096 724 1096 579
1106 588 1106 730 1237 730 1237 588
1245 571 1245 755 1422 755 1422 571
1422 562 1422 758 1526 758 1526 562
1538 564 1538 724 1712 724 1712 564
1712 572 1712 730 1904 730 1904 572
1936 564 1936 730 2112 730 2112 564
2120 582 2120 736 2294 736 2294 582
2290 556 2290 730 2468 730 2468 556
2458 566 2458 726 2568 726 2568 566
2560 566 2560 740 2622 740 2622 566
2608 578 2608 736 2772 736 2772 578
2762 558 2762 746 2922 746 2922 558
2884 572 2884 742 3016 742 3016 572
3024 572 3024 744 3180 744 3180 572
3164 600 3164 732 3274 732 3274 600
3254 578 3254 762 3354 762 3354 578
3342 604 3342 736 3446 736 3446 604
3440 572 3440 746 3580 746 3580 572
3570 584 3570 744 3684 744 3684 584
3670 560 3670 744 3790 744 3790 560
3796 578 3796 740 3950 740 3950 578
3946 594 3946 740 4068 740 4068 594
4008 570 4008 744 4142 744 4142 570
4130 576 4130 762 4200 762 4200 576
4198 592 4198 744 4312 744 4312 592
4312 574 4312 752 4442 752 4442 574
4444 582 4444 766 4622 766 4622 582
606 772 606 942 678 942 678 772
694 810 694 912 824 912 824 810
842 778 842 928 1022 928 1022 778
1040 800 1040 914 1168 914 1168 800
1180 764 1180 948 1350 948 1350 764
1344 760 1344 944 1440 944 1440 760
1442 778 1442 942 1616 942 1616 778
1616 812 1616 916 1730 916 1730 812
1736 778 1736 936 1902 936 1902 778
1896 758 1896 952 2066 952 2066 758
2054 762 2054 942 2198 942 2198 762
2204 776 2204 940 2362 940 2362 776
2350 770 2350 946 2428 946 2428 770
2422 754 2422 950 2566 950 2566 754
2568 818 2568 938 2676 938 2676 818
2654 762 2654 956 2788 956 2788 762
2776 762 2776 946 2932 946 2932 762
2942 764 2942 944 3060 944 3060 764
3044 778 3044 956 3116 956 3116 778
3106 774 3106 922 3262 922 3262 774
3262 806 3262 930 3368 930 3368 806
3370 802 3370 962 3516 962 3516 802
3526 770 3526 952 3618 952 3618 770
3622 788 3622 942 3730 942 3730 788
3722 772 3722 966 3814 966 3814 772
3816 794 3816 946 3918 946 3918 794
3898 776 3898 974 4042 974 4042 776
4048 778 4048 968 4112 968 4112 778
4280 784 4280 936 4398 936 4398 784
4406 798 4406 954 4518 954 4518 798
4518 788 4518 956 4622 956 4622 788
572 984 572 1116 702 1116 702 984
700 962 700 1130 826 1130 826 962
832 986 832 1118 952 1118 952 986
950 960 950 1146 1086 1146 1086 960
1094 964 1094 1152 1220 1152 1220 964
1220 978 1220 1158 1298 1158 1298 978
1298 964 1298 1132 1446 1132 1446 964
1462 978 1462 1122 1628 1122 1628 978
1628 964 1628 1132 1810 1132 1810 964
1810 972 1810 1142 1998 1142 1998 972
1986 970 1986 1132 2154 1132 2154 970
2142 966 2142 1124 2322 1124 2322 966
2320 982 2320 1130 2438 1130 2438 982
2432 974 2432 1134 2496 1134 2496 974
2506 992 2506 1130 2626 1130 2626 992
2628 992 2628 1126 2786 1126 2786 992
2782 984 2782 1134 2930 1134 2930 984
2914 972 2914 1146 3070 1146 3070 972
3070 990 3070 1156 3210 1156 3210 990
3194 976 3194 1158 3318 1158 3318 976
3306 980 3306 1144 3476 1144 3476 980
3480 996 3480 1142 3632 1142 3632 996
3628 974 3628 1174 3810 1174 3810 974
3810 986 3810 1164 3982 1164 3982 986
536 1150 536 1310 716 1310 716 1150
730 1156 730 1304 816 1304 816 1156
836 1170 836 1306 1040 1306 1040 1170
1032 1202 1032 1302 1218 1302 1218 1202
1210 1166 1210 1316 1378 1316 1378 1166
1420 1170 1420 1314 1604 1314 1604 1170
1616 1158 1616 1338 1692 1338 1692 1158
1718 1186 1718 1316 1912 1316 1912 1186
1920 1192 1920 1310 2042 1310 2042 1192
2044 1184 2044 1330 2214 1330 2214 1184
2214 1212 2214 1316 2330 1316 2330 1212
2306 1176 2306 1352 2466 1352 2466 1176
2464 1200 2464 1310 2564 1310 2564 1200
2552 1184 2552 1356 2724 1356 2724 1184
2722 1180 2722 1358 2884 1358 2884 1180
2892 1194 2892 1324 3010 1324 3010 1194
2994 1188 2994 1344 3064 1344 3064 1188
3054 1180 3054 1348 3174 1348 3174 1180
3180 1192 3180 1350 3344 1350 3344 1192
3352 1190 3352 1362 3416 1362 3416 1190
3430 1192 3430 1368 3586 1368 3586 1192
3582 1200 3582 1354 3738 1354 3738 1200
3740 1202 3740 1364 3924 1364 3924 1202
514 1336 514 1526 680 1526 680 1336
676 1348 676 1502 830 1502 830 1348
836 1350 836 1508 968 1508 968 1350
962 1360 962 1506 1118 1506 1118 1360
1116 1334 1116 1514 1228 1514 1228 1334
1214 1356 1214 1512 1376 1512 1376 1356
1348 1350 1348 1510 1508 1510 1508 1350
1504 1382 1504 1506 1622 1506 1622 1382
1626 1358 1626 1530 1788 1530 1788 1358
1780 1344 1780 1518 1950 1518 1950 1344
1944 1348 1944 1548 2032 1548 2032 1348
2034 1384 2034 1516 2164 1516 2164 1384
2162 1362 2162 1512 2318 1512 2318 1362
2320 1380 2320 1546 2502 1546 2502 1380
2510 1376 2510 1542 2658 1542 2658 1376
2686 1376 2686 1544 2764 1544 2764 1376
2796 1386 2796 1518 2922 1518 2922 1386
2932 1386 2932 1550 3062 1550 3062 1386
3066 1400 3066 1542 3214 1542 3214 1400
3210 1398 3210 1538 3368 1538 3368 1398
3378 1402 3378 1550 3582 1550 3582 1402
3610 1382 3610 1548 3772 1548 3772 1382
3770 1390 3770 1540 3910 1540 3910 1390
3922 1402 3922 1556 4040 1556 4040 1402
4058 1400 4058 1570 4208 1570 4208 1400
4248 1410 4248 1564 4406 1564 4406 1410
4430 1422 4430 1584 4602 1584 4602 1422
426 1538 426 1700 610 1700 610 1538
618 1542 618 1702 718 1702 718 1542
706 1542 706 1686 836 1686 836 1542
840 1558 840 1688 1018 1688 1018 1558
1032 1558 1032 1700 1206 1700 1206 1558
1212 1562 1212 1712 1354 1712 1354 1562
1348 1542 1348 1700 1500 1700 1500 1542
1512 1544 1512 1710 1634 1710 1634 1544
1626 1552 1626 1704 1782 1704 1782 1552
1780 1564 1780 1720 1932 1720 1932 1564
1922 1544 1922 1716 2082 1716 2082 1544
2074 1570 2074 1724 2210 1724 2210 1570
2200 1564 2200 1732 2360 1732 2360 1564
2366 1566 2366 1732 2460 1732 2460 1566
2460 1582 2460 1700 2650 1700 2650 1582
2644 1574 2644 1728 2780 1728 2780 1574
2784 1598 2784 1730 2894 1730 2894 1598
2892 1584 2892 1750 3076 1750 3076 1584
482 1740 482 1882 648 1882 648 1740
670 1728 670 1896 742 1896 742 1728
778 1762 778 1884 896 1884 896 1762
900 1750 900 1884 1042 1884 1042 1750
1050 1768 1050 1896 1168 1896 1168 1768
1164 1732 1164 1892 1348 1892 1348 1732
1348 1750 1348 1898 1474 1898 1474 1750
1476 1756 1476 1914 1620 1914 1620 1756
1630 1778 1630 1902 1754 1902 1754 1778
1760 1750 1760 1926 1898 1926 1898 1750
1898 1778 1898 1872 1992 1872 1992 1778
1994 1774 1994 1912 2118 1912 2118 1774
2128 1778 2128 1896 2306 1896 2306 1778
2310 1776 2310 1910 2406 1910 2406 1776
2410 1794 2410 1916 2528 1916 2528 1794
2516 1774 2516 1932 2684 1932 2684 1774
2670 1786 2670 1918 2804 1918 2804 1786
2800 1786 2800 1930 2958 1930 2958 1786
2960 1778 2960 1932 3096 1932 3096 1778
3092 1770 3092 1934 3252 1934 3252 1770
3248 1780 3248 1934 3370 1934 3370 1780
3366 1786 3366 1944 3512 1944 3512 1786
3522 1792 3522 1960 3690 1960 3690 1792
3702 1798 3702 1960 3830 1960 3830 1798
3818 1792 3818 1988 3956 1988 3956 1792
3950 1806 3950 1970 4104 1970 4104 1806
402 1910 402 2098 600 2098 600 1910
620 1920 620 2082 726 2082 726 1920
696 1928 696 2068 838 2068 838 1928
842 1930 842 2082 1036 2082 1036 1930
1038 1938 1038 2082 1222 2082 1222 1938
1224 1938 1224 2086 1364 2086 1364 1938
1366 1938 1366 2090 1518 2090 1518 1938
1520 1948 1520 2098 1662 2098 1662 1948
1644 1946 1644 2106 1784 2106 1784 1946
1788 1954 1788 2096 1926 2096 1926 1954
1924 1948 1924 2098 2078 2098 2078 1948
2086 1962 2086 2106 2166 2106 2166 1962
2196 1960 2196 2118 2288 2118 2288 1960
2296 1958 2296 2118 2414 2118 2414 1958
2418 1964 2418 2124 2590 2124 2590 1964
2594 1968 2594 2118 2712 2118 2712 1968
2700 1976 2700 2120 2856 2120 2856 1976
516 2102 516 2264 716 2264 716 2102
738 2108 738 2264 814 2264 814 2108
822 2116 822 2274 1014 2274 1014 2116
1022 2136 1022 2278 1158 2278 1158 2136
1160 2118 1160 2276 1322 2276 1322 2118
1324 2118 1324 2288 1458 2288 1458 2118
1460 2126 1460 2298 1618 2298 1618 2126
1624 2128 1624 2302 1784 2302 1784 2128
1792 2152 1792 2298 1946 2298 1946 2152
1926 2148 1926 2302 2084 2302 2084 2148
2090 2146 2090 2316 2164 2316 2164 2146
2166 2166 2166 2312 2290 2312 2290 2166
2292 2168 2292 2310 2422 2310 2422 2168
2418 2172 2418 2344 2514 2344 2514 2172
2516 2172 2516 2334 2582 2334 2582 2172
2558 2214 2558 2322 2734 2322 2734 2214
2726 2164 2726 2342 2864 2342 2864 2164
2870 2216 2870 2340 2976 2340 2976 2216
2968 2174 2968 2346 3106 2346 3106 2174
3116 2184 3116 2348 3256 2348 3256 2184
3246 2158 3246 2350 3374 2350 3374 2158
3370 2194 3370 2358 3464 2358 3464 2194
3470 2194 3470 2358 3618 2358 3618 2194
3616 2188 3616 2364 3756 2364 3756 2188
3760 2198 3760 2354 3914 2354 3914 2198
3904 2198 3904 2368 4002 2368 4002 2198
4000 2232 4000 2370 4130 2370 4130 2232
4126 2200 4126 2388 4288 2388 4288 2200
382 2306 382 2456 544 2456 544 2306
574 2292 574 2444 736 2444 736 2292
742 2318 742 2464 874 2464 874 2318
890 2314 890 2454 1034 2454 1034 2314
1034 2316 1034 2456 1150 2456 1150 2316
1128 2308 1128 2452 1274 2452 1274 2308
1278 2308 1278 2466 1454 2466 1454 2308
1466 2332 1466 2464 1640 2464 1640 2332
1642 2328 1642 2476 1804 2476 1804 2328
1796 2338 1796 2464 1956 2464 1956 2338
1952 2334 1952 2486 2076 2486 2076 2334
2062 2346 2062 2486 2218 2486 2218 2346
2224 2344 2224 2496 2374 2496 2374 2344
468 2486 468 2636 676 2636 676 2486
658 2504 658 2626 852 2626 852 2504
856 2494 856 2648 1018 2648 1018 2494
1026 2506 1026 2664 1190 2664 1190 2506
1202 2516 1202 2684 1308 2684 1308 2516
1288 2508 1288 2664 1386 2664 1386 2508
1376 2518 1376 2636 1532 2636 1532 2518
1544 2516 1544 2664 1684 2664 1684 2516
1698 2522 1698 2676 1862 2676 1862 2522
1866 2528 1866 2660 1984 2660 1984 2528
1978 2534 1978 2678 2096 2678 2096 2534
2106 2532 2106 2676 2238 2676 2238 2532
2238 2556 2238 2678 2416 2678 2416 2556
2408 2538 2408 2678 2560 2678 2560 2538
2556 2576 2556 2710 2668 2710 2668 2576
2648 2548 2648 2718 2804 2718 2804 2548
2802 2570 2802 2690 2952 2690 2952 2570
2950 2564 2950 2710 3040 2710 3040 2564
3046 2580 3046 2694 3144 2694 3144 2580
3134 2550 3134 2750 3236 2750 3236 2550
3222 2572 3222 2738 3340 2738 3340 2572
3344 2574 3344 2724 3468 2724 3468 2574
3462 2582 3462 2732 3532 2732 3532 2582
3528 2578 3528 2748 3646 2748 3646 2578
3652 2590 3652 2744 3708 2744 3708 2590
3704 2610 3704 2740 3820 2740 3820 2610
3812 2582 3812 2766 3964 2766 3964 2582
396 2754 396 2934 588 2934 588 2754
592 2764 592 2896 714 2896 714 2764
726 2762 726 2924 892 2924 892 2762
896 2762 896 2938 1024 2938 1024 2762
1018 2780 1018 2914 1180 2914 1180 2780
1196 2752 1196 2914 1336 2914 1336 2752
1350 2762 1350 2932 1484 2932 1484 2762
1472 2792 1472 2938 1612 2938 1612 2792
1608 2776 1608 2922 1760 2922 1760 2776
1760 2764 1760 2924 1882 2924 1882 2764
1872 2740 1872 2960 1996 2960 1996 2740
1988 2790 1988 2938 2120 2938 2120 2790
2126 2772 2126 2948 2260 2948 2260 2772
2264 2816 2264 2942 2422 2942 2422 2816
2424 2792 2424 2960 2560 2960 2560 2792
2560 2808 2560 2966 2688 2966 2688 2808
2686 2812 2686 2952 2822 2952 2822 2812
2828 2830 2828 2970 2932 2970 2932 2830
2916 2820 2916 2996 2996 2996 2996 2820
3000 2836 3000 2980 3110 2980 3110 2836
3106 2834 3106 3038 3246 3038 3246 2834
3238 2816 3238 2986 3364 2986 3364 2816
3338 2810 3338 2970 3450 2970 3450 2810
3460 2836 3460 3030 3574 3030 3574 2836
3546 2814 3546 2966 3700 2966 3700 2814
3696 2848 3696 2964 3792 2964 3792 2848
3790 2824 3790 2998 3926 2998 3926 2824
3942 2842 3942 3004 4092 3004 4092 2842
4090 2836 4090 3004 4212 3004 4212 2836
4212 2852 4212 3020 4380 3020 4380 2852
890 3538 890 3706 1058 3706 1058 3538
1060 3530 1060 3722 1134 3722 1134 3530
1136 3564 1136 3736 1272 3736 1272 3564
1272 3584 1272 3700 1370 3700 1370 3584
1348 3558 1348 3704 1468 3704 1468 3558
1462 3578 1462 3712 1536 3712 1536 3578
1516 3572 1516 3700 1624 3700 1624 3572
1594 3584 1594 3710 1700 3710 1700 3584
1706 3576 1706 3714 1804 3714 1804 3576
1802 3572 1802 3718 1906 3718 1906 3572
3248 3608 3248 3740 3322 3740 3322 3608
3324 3612 3324 3732 3428 3732 3428 3612
3432 3602 3432 3720 3554 3720 3554 3602
3558 3616 3558 3712 3632 3712 3632 3616
3618 3586 3618 3714 3736 3714 3736 3586
3730 3578 3730 3724 3784 3724 3784 3578
3786 3586 3786 3714 3882 3714 3882 3586
3872 3616 3872 3700 3960 3700 3960 3616
3958 3592 3958 3722 4072 3722 4072 3592
866 3710 866 3880 1016 3880 1016 3710
1014 3718 1014 3898 1126 3898 1126 3718
1128 3740 1128 3886 1256 3886 1256 3740
1252 3732 1252 3886 1354 3886 1354 3732
1344 3744 1344 3862 1452 3862 1452 3744
1452 3734 1452 3874 1514 3874 1514 3734
1508 3746 1508 3860 1610 3860 1610 3746
1584 3722 1584 3872 1698 3872 1698 3722
1700 3724 1700 3890 1816 3890 1816 3724
3236 3750 3236 3892 3314 3892 3314 3750
3316 3746 3316 3876 3412 3876 3412 3746
3402 3754 3402 3864 3474 3864 3474 3754
3476 3746 3476 3862 3560 3862 3560 3746
3554 3744 3554 3858 3652 3858 3652 3744
3652 3740 3652 3898 3712 3898 3712 3740
3714 3748 3714 3888 3792 3888 3792 3748
3794 3746 3794 3874 3842 3874 3842 3746
3840 3736 3840 3866 3946 3866 3946 3736
3934 3736 3934 3876 4036 3876 4036 3736
4040 3738 4040 3880 4140 3880 4140 3738
926 5090 926 5232 1064 5232 1064 5090
1060 5100 1060 5180 1136 5180 1136 5100
1134 5076 1134 5190 1238 5190 1238 5076
1238 5066 1238 5196 1318 5196 1318 5066
1322 5094 1322 5194 1406 5194 1406 5094
1392 5050 1392 5196 1514 5196 1514 5050
1506 5070 1506 5212 1584 5212 1584 5070
1574 5092 1574 5184 1686 5184 1686 5092
1622 5074 1622 5224 1760 5224 1760 5074
1758 5098 1758 5176 1838 5176 1838 5098
1826 5064 1826 5200 1942 5200 1942 5064
3190 5146 3190 5234 3266 5234 3266 5146
3266 5128 3266 5246 3318 5246 3318 5128
3328 5120 3328 5240 3422 5240 3422 5120
3424 5128 3424 5248 3498 5248 3498 5128
3494 5100 3494 5238 3600 5238 3600 5100
3600 5126 3600 5228 3672 5228 3672 5126
3670 5102 3670 5244 3768 5244 3768 5102
3768 5132 3768 5252 3856 5252 3856 5132
3856 5130 3856 5262 3930 5262 3930 5130
3936 5132 3936 5266 4046 5266 4046 5132
904 5256 904 5364 1002 5364 1002 5256
1000 5240 1000 5354 1068 5354 1068 5240
1062 5226 1062 5334 1150 5334 1150 5226
1142 5218 1142 5338 1250 5338 1250 5218
1254 5222 1254 5334 1358 5334 1358 5222
1356 5210 1356 5328 1444 5328 1444 5210
1438 5214 1438 5318 1544 5318 1544 5214
1538 5212 1538 5304 1612 5304 1612 5212
1602 5206 1602 5304 1708 5304 1708 5206
3232 5280 3232 5374 3312 5374 3312 5280
3318 5276 3318 5372 3406 5372 3406 5276
3410 5278 3410 5374 3500 5374 3500 5278
3498 5276 3498 5382 3542 5382 3542 5276
3548 5270 3548 5382 3600 5382 3600 5270
3616 5268 3616 5382 3694 5382 3694 5268
3688 5280 3688 5384 3780 5384 3780 5280
3768 5296 3768 5378 3846 5378 3846 5296
3846 5284 3846 5376 3936 5376 3936 5284
968 5338 968 5434 1062 5434 1062 5338
1078 5336 1078 5450 1130 5450 1130 5336
1120 5348 1120 5426 1192 5426 1192 5348
1196 5330 1196 5424 1278 5424 1278 5330
1282 5342 1282 5432 1364 5432 1364 5342
1372 5328 1372 5424 1474 5424 1474 5328
1464 5338 1464 5408 1530 5408 1530 5338
1530 5318 1530 5426 1644 5426 1644 5318
3118 5406 3118 5504 3214 5504 3214 5406
3220 5406 3220 5508 3278 5508 3278 5406
3278 5400 3278 5492 3358 5492 3358 5400
3370 5406 3370 5506 3486 5506 3486 5406
3490 5410 3490 5510 3606 5510 3606 5410
3612 5408 3612 5500 3708 5500 3708 5408
3706 5406 3706 5504 3794 5504 3794 5406
3794 5402 3794 5510 3890 5510 3890 5402
3884 5414 3884 5510 3976 5510 3976 5414
948 5456 948 5566 1074 5566 1074 5456
1080 5444 1080 5572 1210 5572 1210 5444
1208 5440 1208 5562 1292 5562 1292 5440
1274 5448 1274 5540 1382 5540 1382 5448
1386 5428 1386 5554 1482 5554 1482 5428
1468 5418 1468 5566 1590 5566 1590 5418
1580 5432 1580 5550 1678 5550 1678 5432
1672 5398 1672 5544 1754 5544 1754 5398
1760 5408 1760 5530 1872 5530 1872 5408
3080 5540 3080 5666 3216 5666 3216 5540
3222 5532 3222 5672 3272 5672 3272 5532
3268 5528 3268 5652 3384 5652 3384 5528
3390 5548 3390 5630 3458 5630 3458 5548
3454 5536 3454 5654 3550 5654 3550 5536
3556 5536 3556 5652 3638 5652 3638 5536
3628 5534 3628 5652 3728 5652 3728 5534
3732 5542 3732 5656 3830 5656 3830 5542
3836 5536 3836 5646 3934 5646 3934 5536
3160 5668 3160 5792 3268 5792 3268 5668
3276 5658 3276 5832 3356 5832 3356 5658
3364 5668 3364 5794 3416 5794 3416 5668
3424 5662 3424 5788 3526 5788 3526 5662
3532 5658 3532 5778 3636 5778 3636 5658
3638 5662 3638 5774 3736 5774 3736 5662
3728 5660 3728 5778 3782 5778 3782 5660
3772 5676 3772 5778 3860 5778 3860 5676
3860 5650 3860 5802 3980 5802 3980 5650
# Transcript
TIMOKRATHS ARISTAGOROY SHMACIDHS
IQMONIKOS ANTISQENEIDOY BERENI**DHS
QEOGNIS DHMHTRIOY ACARNEYS
TIMWN TIMOLOCOY PAIANIEYS
KLEARATOS DIONYSIOY LAMPTREYS
GRAMMATEYS KLHRWTOS
DIODOTOS QEODWROY AMAXANTEYS
GRAMMATEYS AIRETOS
TIMOGENHS AISCRIWNOS AFIDNAIOS
YPOGRAMMATEYS
ZWPYRIWN TECNWNOS PROBALISIOS
TOYSDE ESTEFANWSAN OI SYNARCONTES
TIMOKRATHN IQMONIKON
SHMACIDHN BERENIKIDHN
TON KLHRWTON OI ARCONTES
GRAMMATEA *ONAIRETON
DIODOTON GRAMMATEA
AMAXANTEA TIMOGENHN
AFIDNAION


# Lines: x1 y1 x2 y2 x3 y3 x4 y4
518 652 4700 642
540 850 4716 844
368 1052 4179 1036
380 1208 4083 1253
416 1410 4713 1452
342 1599 3190 1653
390 1797 4169 1836
307 1973 3059 2021
409 2178 4467 2271
288 2364 2540 2418
396 2556 4000 2639
307 2844 4502 2908
748 3624 4144 3631
774 3791 4208 3788
828 5125 4195 5151
822 5276 4115 5336
787 5397 4000 5452
848 5493 4000 5580
3017 5756 4220 5749