# Baseline angle
0
# Boxes: x1 y1 x2 y2 x3 y3 x4 y4
756 282 756 370 850 370 850 282
882 260 882 358 934 358 934 260
744 385 744 492 847 492 847 385
854 370 854 476 959 476 959 370
979 361 979 460 1076 460 1076 361
759 492 759 606 854 606 854 492
863 485 863 600 972 600 972 485
988 476 988 593 1091 593 1091 476
1120 466 1120 574 1175 574 1175 466
1203 470 1203 564 1312 564 1312 470
768 614 768 714 866 714 866 614
862 608 862 710 971 710 971 608
994 584 994 706 1087 706 1087 584
1100 584 1100 688 1216 688 1216 584
1228 592 1228 694 1331 694 1331 592
772 724 772 826 879 826 879 724
900 717 900 824 970 824 970 717
1010 714 1010 810 1095 810 1095 714
1120 705 1120 794 1206 794 1206 705
774 834 774 944 883 944 883 834
891 837 891 929 994 929 994 837
1012 817 1012 921 1114 921 1114 817
1135 809 1135 914 1188 914 1188 809
795 949 795 1056 882 1056 882 949
904 940 904 1042 1002 1042 1002 940
1035 926 1035 1030 1087 1030 1087 926
1120 920 1120 1018 1227 1018 1227 920
783 1070 783 1168 907 1168 907 1070
927 1050 927 1161 982 1161 982 1050
1002 1064 1002 1142 1134 1142 1134 1064
1135 1037 1135 1152 1243 1152 1243 1037
1254 1048 1254 1132 1359 1132 1359 1048
795 1190 795 1285 906 1285 906 1190
906 1176 906 1281 1031 1281 1031 1176
1036 1164 1036 1258 1122 1258 1122 1164
1155 1160 1155 1252 1208 1252 1208 1160
1259 1144 1259 1261 1360 1261 1360 1144
806 1301 806 1394 918 1394 918 1301
934 1280 934 1388 1018 1388 1018 1280
1048 1269 1048 1376 1100 1376 1100 1269
1168 1253 1168 1373 1250 1373 1250 1253
1252 1254 1252 1358 1356 1358 1356 1254
811 1418 811 1509 915 1509 915 1418
940 1406 940 1498 1040 1498 1040 1406
1060 1390 1060 1493 1139 1493 1139 1390
1184 1380 1184 1484 1239 1484 1239 1380
1262 1382 1262 1484 1374 1484 1374 1382
1390 1376 1390 1470 1495 1470 1495 1376
823 1516 823 1609 920 1609 920 1516
942 1506 942 1604 1038 1604 1038 1506
1054 1513 1054 1600 1151 1600 1151 1513
1172 1486 1172 1596 1278 1596 1278 1486
1282 1477 1282 1592 1379 1592 1379 1477
1386 1486 1386 1572 1511 1572 1511 1486
1512 1470 1512 1576 1626 1576 1626 1470
834 1637 834 1736 942 1736 942 1637
946 1638 946 1741 1054 1741 1054 1638
1066 1626 1066 1733 1174 1733 1174 1626
1191 1609 1191 1726 1278 1726 1278 1609
1290 1608 1290 1712 1400 1712 1400 1608
1402 1585 1402 1705 1508 1705 1508 1585
1522 1585 1522 1690 1631 1690 1631 1585
844 1765 844 1861 943 1861 943 1765
966 1742 966 1849 1071 1849 1071 1742
1075 1742 1075 1846 1176 1846 1176 1742
1192 1725 1192 1833 1295 1833 1295 1725
1303 1722 1303 1814 1399 1814 1399 1722
1422 1706 1422 1820 1498 1820 1498 1706
1554 1698 1554 1809 1600 1809 1600 1698
852 1862 852 1962 952 1962 952 1862
971 1854 971 1950 1062 1950 1062 1854
1082 1858 1082 1929 1170 1929 1170 1858
1199 1848 1199 1936 1296 1936 1296 1848
1304 1826 1304 1924 1416 1924 1416 1826
1416 1825 1416 1905 1536 1905 1536 1825
1551 1810 1551 1906 1632 1906 1632 1810
859 1960 859 2077 942 2077 942 1960
975 1964 975 2054 1082 2054 1082 1964
1078 1940 1078 2052 1186 2052 1186 1940
1210 1940 1210 2034 1299 2034 1299 1940
1308 1936 1308 2034 1426 2034 1426 1936
1432 1932 1432 2016 1527 2016 1527 1932
1554 1918 1554 2006 1651 2006 1651 1918
862 2089 862 2201 979 2201 979 2089
986 2085 986 2184 1078 2184 1078 2085
1106 2064 1106 2172 1206 2172 1206 2064
1219 2062 1219 2156 1314 2156 1314 2062
1322 2040 1322 2165 1428 2165 1428 2040
1458 2032 1458 2146 1518 2146 1518 2032
1550 2030 1550 2136 1679 2136 1679 2030
# Transcript
*
**
***
****
****
*********
******* 
DI 
HFA
EYFIL
EYFYL
NIKO 
FANI
EPIN*
CIWN L 
LYKIS
ARIST 
CARIAD
THLEFWN
EYDRAST
ONHTORI
PYQODWR
BATRACO
EYKLEID




