# Baseline angle
0.10073880525542322
# Boxes: x1 y1 x2 y2 x3 y3 x4 y4
1892.149467000477 391.5611395557527 1879.022900731718 521.4230336271584 2054.2424469888924 539.1343953932355 2067.369013257651 409.27250132182985
1668.3236834668799 474.66961460836876 1652.7258152025638 628.980245035856 1783.1828812367053 642.166971864154 1798.7807495010213 487.85634143666675
1803.1539370094224 517.258377558866 1788.7650375510834 659.6086083050527 1918.5276210480054 672.7251361645733 1932.9165205063446 530.3749054183866
1954.880563715003 543.2229108081114 1944.348152005655 647.4206808655412 2045.5765755090865 657.6529481438016 2056.1089872184343 553.4551780863719
1183.7320995396258 618.3602433455101 1170.738770901236 746.9040096836557 1277.436265994151 757.6890960252856 1290.4295946325408 629.1453296871401
1307.2673838004341 604.359045446713 1291.968758376067 755.7092488144897 1414.9707281620676 768.1424072797129 1430.2693535864346 616.7922039119361
1422.8601909469141 616.7001530143774 1408.6845756943487 756.9403505370833 1539.1522759732193 770.128152285158 1553.3278912257845 629.8879547624521
1547.2840875894444 624.6810016089132 1532.185674004895 774.0504974403972 1640.8372910222804 785.0331083224031 1655.9357046068299 635.6636124909193
1657.436668887488 626.2330432893935 1643.0760640006151 768.3033541717466 1774.808720789101 781.6190189513078 1789.169325675974 639.5487080689547
1786.4227818626293 659.0409010375554 1776.6553985026485 755.6702005267496 1917.0053679735252 769.856911634357 1926.772751333506 673.2276121451628
1933.4578571350607 671.7769586196648 1923.7742825697023 767.5771327620871 2084.104904820052 783.7835076415674 2093.788479385411 687.983333499145
787.4652716883041 752.1247386238463 776.9034904877135 856.6130627898384 890.2322736043621 868.0684461598091 900.7940548049527 763.5801219938171
927.6708956260618 745.8069374977564 914.4349132906555 876.7512911679453 1032.5276512148394 888.6882197127314 1045.7636335502457 757.7438660425425
1040.4277168655822 762.2659552071707 1028.1863442106028 883.3705766642687 1158.9499157204 896.5882853634744 1171.1912883753794 775.4836639063763
1176.6802547987086 765.7653704128886 1164.3969777464176 887.2845545433725 1285.1702228664785 899.4924313566416 1297.4534999187692 777.9732472261576
1298.7422603311404 764.8343465675811 1286.1885724702552 889.0287207715774 1409.3517706776302 901.4781763620866 1421.9054585385154 777.2838021580903
1425.1645248367013 772.734412218324 1413.109754195694 891.9929689486813 1521.5027198387038 902.9494350987741 1533.5574904797109 783.6908783684166
1530.7251011961334 784.4802505734378 1519.2944235070497 897.5646189323631 1649.9233522072948 910.768717805724 1661.3540298963785 797.6843494467986
1667.5325168699137 776.9482510605927 1655.405397420576 896.9225588176275 1779.9788291918478 909.5145621852448 1792.1059486411855 789.5402544282101
1806.2575174629314 767.3371007409244 1791.9262820673014 909.1168575147151 1911.55857924257 921.209406202566 1925.8898146382 779.4296494287753
1940.471296061131 769.91811495892 1926.0421045851454 912.6669570113993 2024.708712335159 922.6402734673569 2039.1379038111445 779.8914314148776
534.0752295445814 862.8003203955755 521.3800688263643 988.3942939187395 634.6929005759196 999.8480649090457 647.3880612941366 874.2540913858815
662.8083908224476 853.5930847948717 650.5539458015114 974.8270319391575 766.2620477607455 986.5229191665919 778.5164927816817 865.2889720223061
783.1653716610208 884.7571211737379 772.5611486032308 989.6653251354804 882.9348217825336 1000.8220031253902 893.5390448403236 895.9137991636476
903.0674434428367 879.9101445461629 891.5371972937328 993.9795495508702 1022.3060859258944 1007.1977957099641 1033.8363320749986 893.1283907052567
1034.727976437352 893.6033564265142 1024.562856697178 994.1674853764719 1158.4374494433314 1007.6996591211364 1168.6025691835055 907.1355301711787
1162.7043026150818 890.4316158867978 1150.77470770612 1008.4518017193618 1296.1738689707302 1023.1488900331392 1308.103463879692 905.1287042005752
1304.0739346214732 896.7266255275786 1292.1611742976854 1014.5802658164037 1403.3692899461246 1025.8212900608241 1415.2820502699121 907.9676497719989
1417.1836762421653 897.1583088608544 1404.301376050088 1024.6036642331237 1547.0200301188213 1039.029804278418 1559.9023303108988 911.5844489061489
1547.723850889476 907.8943604185569 1536.6930594201383 1017.0226308272609 1645.6564990355441 1028.0367610400626 1656.687290504882 918.9084906313586
1661.3076873070295 895.2962611702395 1648.8682526517857 1018.3603216741724 1765.8413111206353 1030.1840719330935 1778.280745775879 907.1200114291605
1779.9788291918478 909.5145621852448 1769.1308775172647 1016.8339877237597 1904.9702264326174 1030.5647609285766 1915.8181781072008 923.2453353900618
1938.1730221464104 911.1261810777254 1926.032830331116 1031.2298145219481 2035.5507925518245 1042.299996417794 2047.6909843671192 922.1963629735715
396.93772533398464 955.9753173730226 382.79201703255035 1095.9196436648017 494.124141245813 1107.1732028152903 508.2698495472472 967.2288765235114
505.78757054457117 980.0385750239141 493.9722288412511 1096.928447156415 633.1812503673358 1110.999830138604 644.9965920706559 994.1099580061032
648.9940045264069 982.2560659948415 636.8102959341364 1102.7902134795431 757.4435811222804 1114.9839430070792 769.6272897145508 994.4497955223774
773.3371182251443 988.2385467263471 762.3476936932295 1096.9575715840297 888.3366761507629 1109.6926601886432 899.3261006826775 1000.9736353309606
901.555793234253 991.0619097757213 886.9525346503638 1135.5328079901178 1030.0804342701185 1150.000314972835 1044.6836928540079 1005.5294167584389
1047.0433353823942 1000.1929053234617 1033.8367225382306 1130.846704885088 1139.8291008491972 1141.5605173381641 1153.0357136933608 1010.9067177765378
1161.5561756535662 1010.5760364999924 1149.0889838867447 1133.9146997453945 1257.0567526116395 1144.8281865783995 1269.523944378461 1021.4895233329971
1275.1102234651194 1021.9987430799347 1262.1299671926863 1150.4131837308923 1383.8829318361647 1162.7200915442936 1396.8631881085978 1034.305650893336
1408.971081682147 1040.6070916740687 1397.711783801526 1151.9959894828992 1519.0555028939827 1164.2615303588775 1530.314800774604 1052.8726325500472
1538.7438183634251 1032.3586485329838 1527.2565515314086 1146.0028566195763 1653.9453336485258 1158.8086816528557 1665.432600480542 1045.164473566263
1665.2468658127787 1042.257082046757 1653.7884310121167 1155.6160531471512 1775.4120699684072 1167.909888594596 1786.8705047690692 1054.5509174942017
1790.9824752960994 1033.1710208617426 1778.0598830863755 1161.0149875403044 1889.6825614082004 1172.2979161820358 1902.6051536179243 1044.4539495034742
1937.6711587352381 1047.2575445951622 1923.6538509251786 1185.9315972549612 2029.7808720456978 1196.659019533882 2043.798179855757 1057.984966874083
2050.821291827827 1048.688411859953 2037.8802526532636 1176.7148754493473 2204.7996259484316 1193.5872476780623 2217.740665122995 1065.560784088668
150.43303129804463 1077.4713797504987 136.55827126509325 1214.735198846401 238.46522593865075 1225.036052713774 252.33998597160212 1087.772233617872
252.19882929089863 1094.3747036507743 239.9841388277207 1215.215356611132 393.8234329862539 1230.7655817480047 406.03812344943185 1109.9249287876469
395.9303524073882 1109.5815857313983 383.91802362358044 1228.4202626660056 495.2660992039364 1239.6754341961591 507.27842798774395 1120.836757261552
499.00786324103274 1109.4179998521236 486.42480588890453 1233.9029281646824 621.6883637094969 1247.575499846902 634.2714210616251 1123.0905715343433
644.9801030519313 1130.5392025780457 632.1706891280728 1257.263489801273 751.6736606161535 1269.3429661231673 764.4830745400121 1142.61867889994
775.0355800364845 1129.2850469575665 763.0227137927884 1248.129041014538 881.406005825535 1260.0953390505672 893.4188720692309 1141.2513449935957
905.131448492934 1129.0300752686026 893.1038975036166 1248.0193463798553 1017.5373693429717 1260.5972024617395 1029.5649203322891 1141.6079313504868
1038.0229113844466 1123.6580095063734 1026.523109646362 1237.4262261577894 1131.121205760525 1247.9991032134221 1142.6210074986097 1134.2308865620062
1136.1045025605156 1123.696380986581 1123.6797526508933 1246.6151644362326 1234.6026313131342 1257.8273566492987 1247.0273812227565 1134.908573199647
1275.6777240633587 1135.0680932287305 1264.589268531312 1244.7668376098306 1383.6829944683714 1256.8049469943019 1394.771450000418 1147.1062026132017
1419.2072898203662 1145.279055651779 1407.9050126226573 1257.0931503787244 1533.328838230159 1269.771112380517 1544.6311154278676 1157.9570176535717
1547.3047904137854 1145.1048669066079 1534.7374927270553 1269.4338839201564 1649.8804378362574 1281.07264454477 1662.4477355229878 1156.7436275312214
1656.8621024992783 1156.689139374136 1645.7437400161004 1266.683754986163 1783.9730420187677 1280.6561069682202 1795.0914045019454 1170.6614913561932
1800.4320597281821 1167.8992857286996 1787.12534096411 1299.5434390584724 1900.292895659384 1310.982525303157 1913.599614423456 1179.3383719733843
1931.174191734975 1183.6312569439779 1919.473640697185 1299.3854982540508 2045.4573060323537 1312.1200493987762 2057.1578570701436 1196.3658080887033
2061.5931919665964 1191.369756707135 2050.673428943571 1299.3996161499624 2195.658027534795 1314.0548000664285 2206.5777905578207 1206.024940623601
119.47747480213275 1216.6423126469404 107.14906859320126 1338.6079621849967 260.1432860378693 1354.0727661475823 272.4716922468008 1232.1071166095257
273.51744648547333 1224.6207190604284 259.98222131011767 1358.5254997903276 385.53005548244255 1371.2159966981887 399.0652806577982 1237.3112159682896
396.186956233322 1227.758237131641 383.66263786367927 1351.6620572270745 494.725476457837 1362.8883967258737 507.2497948274797 1238.98457663044
514.0890280151378 1234.9112605040657 500.2556349196095 1371.7658340489463 619.1881324352943 1383.7876463081316 633.0215255308225 1246.9330727632512
644.9927259095166 1236.6399674454044 633.5919551715641 1349.4284645734028 745.0853078062011 1360.698320849178 756.4860785441535 1247.9098237211795
759.1420429336206 1256.0304432382989 746.7439752157999 1378.6852581912103 880.7425765267767 1392.2299668419435 893.1406442445973 1269.575151889032
921.534928973726 1262.4764159007693 909.9937602982183 1376.6538781032066 997.5663135702542 1385.5057967670275 1009.1074822457621 1271.32833456459
1017.2142375678 1252.6037310096185 1004.7019166443376 1376.3888596625932 1144.8906576938398 1390.5592736449144 1157.4029786173023 1266.7741449919397
1152.7907233445828 1264.1370091393537 1140.3801207206936 1386.9158326570887 1252.2880360287165 1398.2275933301748 1264.6986386526055 1275.4487698124399
1276.245224661598 1248.1374433775263 1261.145736157272 1397.517573453739 1383.8677860794387 1409.922437347496 1398.967274583765 1260.5423072712833
1410.9840923944516 1263.7078487052186 1398.7568670252053 1384.6725102303997 1530.5054751807845 1397.9897873896257 1542.7327005500308 1277.0251258644446
1544.3198614768253 1269.326806189656 1530.5006156670302 1406.0414198026199 1650.4181498284968 1418.1628005218254 1664.237395638292 1281.4481869088615
1669.7833335227674 1278.2664472438105 1656.9739195989084 1404.9907344670378 1776.4768910869893 1417.0702107889322 1789.286305010848 1290.3459235657049
1783.902861940871 1303.6777288649646 1771.150037159945 1429.8421763605247 1894.5931552311536 1442.3199265225005 1907.3459800120795 1316.1554790269404
1910.2847349745352 1310.5786105841923 1899.7784679971007 1414.5177292672463 2031.1178306016586 1427.7936394890494 2041.6240975790934 1323.8545208059954
148.87442673504574 1360.7655215039354 135.78099217674753 1490.2996416102276 249.65366365396994 1501.810001743466 262.74709821226816 1372.2758816371738
264.69897984700833 1354.0817429009157 251.51851173475825 1484.4768910881664 387.62182914685127 1498.234346484785 400.8022972591011 1367.8391982975343
405.9878289096066 1358.3783846786664 391.00474345047496 1506.6069325653584 479.39578782455396 1515.541585104025 494.3788732836854 1367.313037217333
485.77158040912764 1376.170320960664 472.78971175702986 1504.600712978715 615.6483257576801 1519.0410003097427 628.6301944097779 1390.6106082916917
637.485972111842 1366.0340815063416 623.3245041450099 1506.1343190971309 754.7772410696623 1519.4216893052258 768.9387090364943 1379.3214517144365
780.9751463969529 1375.245859997875 767.0993114442251 1512.5203133385062 883.0766990225638 1524.2434202176303 896.9525339752915 1386.9689668769993
896.4871705996401 1385.5885997025093 883.9465551047114 1509.6536482193173 1022.1652228626497 1523.624925281598 1034.7058383575784 1399.5598767647898
1025.8665954278497 1392.3683070060476 1011.8922669348781 1530.617162747732 1113.9391815403524 1540.932163900838 1127.913510033324 1402.683308159154
1164.6625861428417 1384.270826886652 1150.6316685069376 1523.079522356003 1248.738436529284 1532.9962496690284 1262.7693541651881 1394.1875541996774
1288.1778746194684 1394.7751324788721 1274.9288199181055 1525.8488118362488 1377.966088291726 1536.2639189092638 1391.2151429930889 1405.190239551887
1395.0089562793098 1400.4144856510243 1383.7333612734026 1511.9646118812293 1532.23290952964 1526.975090320689 1543.5085045355472 1415.424964090484
1551.5691206863953 1399.1399343428304 1538.0077507791266 1533.3033664471054 1633.4446458503248 1542.950220411424 1647.0060157575933 1408.786788307149
1654.7274144638327 1400.9747163265858 1640.8787991627946 1537.9798840481126 1772.8966929374787 1551.3243808590282 1786.7453082385166 1414.3192131375015
1788.5478812089639 1418.5838809892048 1775.2825293823148 1549.818788767956 1905.475626919716 1562.9788334044529 1918.740978746365 1431.7439256257016
1923.3658997486405 1445.0718712361345 1913.0739918967565 1546.8903224509788 2031.0480383784814 1558.815253549585 2041.339946230365 1456.9968023347406
141.49047346562315 1485.7328709283317 131.08592478776222 1588.6656844761458 234.14446165084064 1599.0829413887138 244.5490103287018 1496.1501278408998
263.03636661673477 1486.2567621641886 250.63829889891417 1608.9115771171 384.6369002098909 1622.456285767833 397.0349679277117 1499.8014708149217
394.77768255504293 1501.9483419075702 382.12603861380194 1627.111801390255 484.3235473959219 1637.442024748871 496.97519133716287 1512.2785652661862
493.9796320783162 1504.9438737104267 481.8928046466251 1624.519570161169 637.5622121648053 1640.2547849323491 649.6490395964966 1520.6790884816069
641.2635847300054 1508.9981666567985 628.3551398060147 1636.7021734034436 740.9628547736215 1648.0846705051954 753.8712996976122 1520.3806637585503
754.0098031036296 1500.4371946064382 739.6056814397808 1642.9380195292706 882.453661195702 1657.3772319405216 896.8577828595508 1514.8764070176894
903.130557730763 1500.4139688829566 888.1170278606123 1648.9437051229397 1002.6788647526897 1660.5237267650677 1017.6923946228405 1511.9939905250844
1007.2582468337155 1526.2291652230754 993.6653575956509 1660.7044199253705 1129.3434780896291 1674.4188960049014 1142.9363673276937 1539.943641302606
1287.7164026801925 1531.9056799278242 1275.3199473420366 1654.544543513642 1388.2128992958415 1665.9558726467487 1400.6093546339973 1543.3170090609306
1163.6156378128337 1531.9183027854092 1150.6353815404007 1660.332743436367 1272.3883461838789 1672.6396512497681 1285.3686024563121 1544.2252105988105
1444.9008088373437 1508.5377005324262 1430.3176095979582 1652.8101504688966 1497.043164887198 1659.5548343470045 1511.6263641265834 1515.282384410534
1535.3120603364632 1516.8926752399266 1520.7240239580833 1661.212979277677 1650.766527318839 1674.357801708664 1665.3545636972187 1530.0374976709136
1665.2569657712231 1537.660957584677 1652.9160246562235 1659.7506156875568 1783.8195560979375 1672.9824716724956 1796.1604972129371 1550.8928135696156
1799.6323102570086 1544.238707528733 1787.4486016647381 1664.7728550134348 1908.081886852882 1676.9665845409709 1920.2655954451523 1556.432437056269
1907.1304673198597 1532.3998915860066 1893.155601367 1670.654064450055 2002.2377324248648 1681.6801921090369 2016.2125983777246 1543.4260192449883
132.0347200301485 1612.6512580554381 118.62789534616786 1745.2857651533573 238.9706264257493 1757.4501251896504 252.3774511097297 1624.815618091731
258.2550271762268 1615.5554040486054 244.707267094803 1749.5841933433278 348.16441526417384 1760.0417422735422 361.71217534559787 1626.0129529788198
376.76460317345936 1625.77696933755 364.11188431244204 1750.9510630649638 480.3798259993432 1762.7035394353309 493.0325448603603 1637.5294457079171
520.3345604023631 1636.9871156921138 510.1160762785861 1738.0791816355518 597.8392237272676 1746.9463225048821 608.0577078510447 1645.8542565614441
641.3165990594871 1634.0981154556725 629.5028697358316 1750.97203622108 747.6062419047446 1762.910039685643 759.4199712284 1646.0361189202351
768.7380474965629 1641.9577896345188 758.3052042472356 1745.1705230461666 859.39366781875 1755.388643038694 869.8265110680774 1652.1759096270462
898.1174723247725 1648.7374969380573 886.3755543495594 1764.900983799152 995.3336768426009 1775.9145765520655 1007.0755948178141 1659.7510896909707
1013.4679306398739 1655.083500916631 1002.1237490448536 1767.3121583169623 1117.5572482626187 1778.9802884328185 1128.9014298576387 1666.7516310324872
1136.6906859914068 1658.1088213254875 1124.7920729533525 1775.8225016823958 1236.9852252475735 1787.1630943868367 1248.883838285628 1669.4494140299282
1276.7380022911113 1656.4507509860439 1264.582588270307 1776.704978606912 1387.185946750015 1789.097845054489 1399.3413607708192 1668.8436174336205
1404.5527625812554 1649.2822747202667 1391.018074865788 1783.1817383278017 1509.5306925857224 1795.1611087297874 1523.0653803011894 1661.2616451222525
1520.6600559964932 1649.5927836378532 1505.673745778032 1797.8532342587318 1636.2760888664548 1811.0546458326512 1651.2623990849158 1662.7941952117726
1642.0460093725817 1656.6956227165633 1627.743068548418 1798.1954596265202 1749.3454390152506 1810.4871452344119 1763.6483798394142 1668.987308324455
1773.7065423670967 1670.3888345969146 1762.0358982804376 1785.847204676061 1868.8839875499984 1796.6475132232008 1880.5546316366576 1681.1891431440545
1897.6885810242206 1667.4998343604734 1885.5756088606163 1787.3341821855915 2011.13407727767 1800.025754013229 2023.2470494412746 1680.1914061881112
369.5103951451197 1731.6708864589243 353.3455605317008 1891.590548407812 458.47159363934475 1902.2167898470477 474.6364282527635 1742.29712789816
494.663792511648 1747.263319611301 480.3891462589504 1888.4832366574244 603.9615900173472 1900.9740591853567 618.2362362700445 1759.7541421392334
2029.3870572851777 1682.0710557566506 2016.9345502639774 1805.2644419477715 2118.8521391822637 1815.5663707349213 2131.3046462034636 1692.3729845438004
638.4124530663199 1757.3184226017509 626.3582198852008 1876.5716622097439 727.71596907582 1886.8170018539608 739.770202256939 1767.563762245968
754.3177891220753 1755.6330118617616 740.2988689323511 1894.323015888654 867.5315394100421 1907.1838176852011 881.5504595997662 1768.493813658309
882.7384214906663 1763.4522945687115 869.3598913781519 1895.8068818027973 991.6726957492973 1908.170378759131 1005.0512258618115 1775.8157915250454
1009.2414689400198 1773.3507280824847 997.3716879333201 1890.779171453195 1104.4996970667144 1901.607774571801 1116.369478073414 1784.1793312010905
1127.2259558025985 1770.582902261733 1114.9976555135756 1891.5581980316429 1260.816696573936 1906.29772820262 1273.044996862959 1785.3224324327098
1268.5148048651968 1774.8795440394833 1256.615116907366 1892.603858641121 1382.878702106368 1905.3667043573123 1394.778390064199 1787.6423897556751
1383.6229143489193 1775.2304444289662 1370.171497968186 1908.3060998120936 1515.6999849199842 1923.0162604918278 1529.1514013007172 1789.9406051087003
1531.5127390790553 1794.2724963480653 1518.2615345381391 1925.3674441948997 1649.4396687213225 1938.6270572914166 1662.6908732622387 1807.5321094445821
1664.6465508019467 1794.895534174927 1652.0939378608377 1919.0792741341943 1761.1867031634315 1930.1064767129526 1773.7393161045406 1805.9227367536853
1776.9994573225026 1801.36271256919 1764.6878856987455 1923.1618165635073 1883.4910575272424 1935.170556456736 1895.8026291509993 1813.3714524624186
519.1990562984327 1881.2323011726671 507.1013063403377 2000.9160548211396 619.5743784983922 2012.2849420970465 631.6721284564871 1892.601188448574
633.3483733225365 1882.6227769655616 619.7712437498698 2016.9421203688466 735.3287515324581 2028.6227853907712 748.9058811051249 1894.3034419874866
755.2998073051755 1903.7141910854834 741.2672772896067 2042.5388379219285 860.4796946691248 2054.5889447525797 874.5122246846937 1915.764297916135
887.908529893413 1891.3478378026484 875.8956636497169 2010.19183185962 994.2789556824633 2022.158129895649 1006.2918219261594 1903.3141358386779
1012.1708606483576 1895.3319506711239 1000.0018368017086 2015.7208211015445 1114.5849421832438 2027.3029925832252 1126.7539660298928 1906.9141221528048
1159.7375536033219 1906.3805311381016 1147.3726175959619 2028.7075721258993 1220.0243441269868 2036.051279143794 1232.3892801343468 1913.7242381559963
1277.3585172188323 1894.6200499337135 1262.815072537205 2038.4992056862566 1367.671820025744 2049.0982274738017 1382.2152647073713 1905.2190717212598
1389.8028095490774 1928.1055859507815 1377.164237973793 2053.1397197462784 1494.4172163064763 2064.991764576666 1507.0557878817608 1939.957630781169
1521.5335226214893 1918.7771759343887 1509.107160332202 2041.7119107511335 1641.135688351615 2055.057482481826 1653.5620506409023 1932.1227476650806
1663.4282437625343 1938.061576684866 1651.9698089618726 2051.4205477852606 1773.593447918163 2063.714383232705 1785.0518827188248 1950.355412132311
1789.406202077234 1934.9706190889426 1778.2045682593218 2045.7890429253775 1889.4180010301254 2057.0306046296855 1900.6196348480375 1946.2121807932513
1915.141811560555 1925.8845579039282 1901.5772168939566 2060.0798927423893 2039.225410679499 2073.9935057419616 2052.790005346097 1939.7981709034993
899.4776566042151 2028.9928715203582 886.5550643944913 2156.8368381989194 998.1777427163161 2168.119766840651 1011.10033492604 2040.2758001620896
994.2544736279174 2009.9463857387555 980.7067135464933 2143.9751750334785 1084.1638617158644 2154.4327239636923 1097.7116217972884 2020.4039346689697
1257.357672840115 2043.5494500672612 1246.7665221482816 2148.328328341816 1372.1956648781475 2161.006827803497 1382.7868155699807 2056.227949528942
1383.4025409343647 2041.770205312128 1371.0904318507196 2163.57462642881 1496.9288201316067 2176.294492827914 1509.2409292152518 2054.490071711232
1491.4612821928572 2051.677615579235 1479.3918268062284 2171.0814493638736 1593.834972255847 2182.649473559821 1605.9044276424756 2063.245639775182
1613.8917073832665 2051.9815959489424 1598.4799036730344 2204.451478772053 1713.601580292779 2216.0880895571136 1729.0133840030112 2063.618206734003
1752.8696656979662 2046.8906383530184 1736.874061053457 2205.136098241269 1860.855750362875 2217.6682877066246 1876.851355007384 2059.422827818374
# Transcript
*H
***ILO*
**IANQIPP*
*NWSENTHNER*
DIATAYTAYTON*
NTEKAIESTEFANW
FANWIEPEINESANDA
PEISKAIESTEFANW*
NWIKAIEIKONICAL*
KAIFILOTIMIASTH*
PALINCEIROTONHQE
*YSXENOYSEPIA**
TEXENIKOYEPE*
**SY*TETAG*

# Lines: x1 y1 x2 y2 x3 y3 x4 y4
