# Baseline angle
0
# Boxes: x1 y1 x2 y2 x3 y3 x4 y4
919 292 919 408 1034 408 1034 292
1031 280 1031 392 1136 392 1136 280
1142 282 1142 398 1255 398 1255 282
1260 266 1260 390 1354 390 1354 266
1394 258 1394 400 1443 400 1443 258
1471 252 1471 377 1591 377 1591 252
276 541 276 670 330 670 330 541
364 529 364 660 476 660 476 529
480 520 480 664 588 664 588 520
603 517 603 656 660 656 660 517
699 522 699 646 820 646 820 522
831 525 831 630 932 630 932 525
954 497 954 638 1070 638 1070 497
243 689 243 784 352 784 352 689
371 658 371 789 480 789 480 658
498 656 498 772 558 772 558 656
599 653 599 780 707 780 707 653
718 646 718 768 824 768 824 646
376 780 376 897 471 897 471 780
487 768 487 885 598 885 598 768
634 756 634 862 678 862 678 756
716 752 716 868 815 868 815 752
827 760 827 837 951 837 951 760
954 734 954 854 1048 854 1048 734
1052 745 1052 853 1152 853 1152 745
1156 740 1156 838 1262 838 1262 740
1271 722 1271 834 1363 834 1363 722
279 904 279 1020 379 1020 379 904
386 904 386 1006 486 1006 486 904
494 898 494 1008 598 1008 598 898
615 874 615 990 731 990 731 874
756 868 756 986 802 986 802 868
855 868 855 960 947 960 947 868
983 850 983 966 1036 966 1036 850
390 1016 390 1125 495 1125 495 1016
506 1024 506 1117 608 1117 608 1024
619 1002 619 1112 726 1112 726 1002
751 997 751 1104 838 1104 838 997
860 981 860 1089 966 1089 966 981
968 990 968 1092 1072 1092 1072 990
1084 965 1084 1081 1176 1081 1176 965
1188 954 1188 1086 1271 1086 1271 954
392 1120 392 1252 496 1252 496 1120
503 1126 503 1222 604 1222 604 1126
651 1105 651 1222 704 1222 704 1105
743 1096 743 1218 859 1218 859 1096
863 1090 863 1210 963 1210 963 1090
959 1089 959 1204 1076 1204 1076 1089
1078 1086 1078 1198 1187 1198 1187 1086
610 1230 610 1322 751 1322 751 1230
751 1205 751 1318 859 1318 859 1205
872 1209 872 1317 960 1317 960 1209
975 1204 975 1314 1076 1314 1076 1204
1083 1209 1083 1304 1195 1304 1195 1209
504 1332 504 1452 620 1452 620 1332
643 1324 643 1440 752 1440 752 1324
774 1320 774 1441 842 1441 842 1320
874 1320 874 1416 970 1416 970 1320
1002 1305 1002 1424 1055 1424 1055 1305
544 1468 544 1577 636 1577 636 1468
648 1446 648 1560 755 1560 755 1446
763 1432 763 1542 866 1542 866 1432
879 1424 879 1526 991 1526 991 1424
987 1420 987 1526 1087 1526 1087 1420
650 1538 650 1653 759 1653 759 1538
762 1544 762 1629 887 1629 887 1544
887 1524 887 1637 991 1637 991 1524
1000 1532 1000 1626 1094 1626 1094 1532
644 1656 644 1772 762 1772 762 1656
775 1660 775 1753 866 1753 866 1660
872 1658 872 1754 1003 1754 1003 1658
268 794 268 902 361 902 361 794
# Transcript
S CARIS
INHIDOS
OSIHS
NHSIFWN ALK*
YLASIOI
FANHS DER
HQIDHS S*
**WN EYA
ASIOI
ANHS S
FWN O
POM*
***
# Lines: x1 y1 x2 y2 x3 y3 x4 y4
852 354 1625 353
217 596 1153 566
214 729 940 690
241 854 1427 775
249 943 1116 926
368 1063 1350 1028
342 1174 1291 1146
580 1266 1288 1255
435 1394 1235 1369
452 1486 1318 1474
614 1596 1272 1599
582 1692 1323 1710