# Baseline angle
-0.06756989010020442
# Boxes: x1 y1 x2 y2 x3 y3 x4 y4
522 727 532.0155535013232 874.999444830848 665 866 654.9844464986768 718.000555169152
689 705 698.8828582382117 851.0386120851015 862 840 852.1171417617883 693.9613879148985
878 678 888.9004083103712 839.0749099539402 1023 830 1012.0995916896288 668.9250900460598
1041 669 1051.193344586283 819.6266567833829 1223 808 1212.806655413717 657.3733432166171
1248 647 1258.693756337485 805.0212217822053 1392 796 1381.306243662515 637.9787782177947
1413 626 1423.5154736166915 781.3867449460653 1577 771 1566.4845263833085 615.6132550539347
1595 610 1606.611539144394 781.5832626499314 1763 771 1751.388460855606 599.4167373500686
1785 608 1795.7702382380608 767.1513918545159 1931 758 1920.2297617619392 598.8486081454841
1980 593 1990.5650946784917 749.1199934477448 2081 743 2070.4349053215087 586.8800065522552
2127 573 2139.1347446244367 752.3146496939506 2262 744 2249.8652553755633 564.6853503060494
2277 571 2287.246015980534 722.404979929138 2441 712 2430.753984019466 560.595020070862
2474 573 2482.939756511661 705.1024345258563 2647 694 2638.060243488339 561.8975654741437
2659 539 2669.155857842654 689.0727166297095 2818 679 2807.844142157346 528.9272833702905
522 904 531.8235945432252 1049.1628747675898 682 1039 672.1764054567748 893.8371252324102
694 896 703.644295044948 1038.513373050091 859 1028 849.355704955052 885.4866269499088
890 866 900.8522956618883 1026.3639512172244 1054 1016 1043.1477043381117 855.6360487827757
1092 857 1101.8099183059207 1001.9607815404718 1249 992 1239.1900816940793 847.0392184595282
1255 827 1265.7884732211335 986.4208494906733 1405 977 1394.2115267788665 817.5791505093267
1436 823 1445.7415371193974 966.9503154048814 1578 958 1568.2584628806026 814.0496845951186
1628 804 1638.306788088838 956.3030070116133 1761 948 1750.693211911162 795.6969929883867
1771 794 1779.961533463018 926.4242316896945 1934 916 1925.038466536982 783.5757683103055
1946 782 1955.0207971580046 915.2999690072061 2122 904 2112.979202841995 770.7000309927939
2129 766 2137.598375720696 893.0578638456578 2301 882 2292.401624279304 754.9421361543422
2310 750 2319.0744853297397 884.0933170343199 2483 873 2473.9255146702603 738.9066829656801
2493 727 2503.1204046539915 876.5488262387532 2659 866 2648.8795953460085 716.4511737612468
2684 697 2694.7200920346104 855.410383355083 2819 847 2808.2799079653896 688.589616644917
548 1083 558.7246507803786 1241.4777477641223 684 1233 673.2753492196214 1074.5222522358777
722 1064 731.2851709067438 1201.2066096173405 823 1195 813.7148290932562 1057.7933903826595
907 1042 917.4298742245793 1196.121846055676 1067 1186 1056.5701257754206 1031.878153944324
1105 1028 1115.0965941476672 1177.196979312198 1251 1168 1240.9034058523328 1018.803020687802
1272 1018 1282.3159055803744 1170.4377358296922 1407 1162 1396.6840944196256 1009.5622641703079
1442 1000 1452.1421816053492 1149.8706234025915 1598 1140 1587.8578183946508 990.1293765974085
1626 986 1636.0302465161114 1134.2165629393246 1787 1124 1776.9697534838886 975.7834370606754
1978 948 1988.1057116392035 1097.3317081302764 2126 1088 2115.8942883607965 938.6682918697234
2171 926 2181.5762457249953 1082.2847720285406 2304 1074 2293.4237542750047 917.7152279714594
2354 919 2364.168517302475 1069.2597849754688 2501 1060 2490.831482697525 909.740215024531
2526 913 2535.0324398403422 1046.472012471607 2675 1037 2665.9675601596578 903.5279875283928
2707 886 2717.6051066129216 1042.7112482477405 2802 1037 2791.3948933870784 880.2887517522595
562 1257 571.5759138584251 1398.502906914501 712 1389 702.4240861415749 1247.497093085499
746 1237 756.8365858696164 1397.131808227389 877 1389 866.1634141303836 1228.868191772611
923 1220 932.6523957590009 1362.6330769868114 1075 1353 1065.347604240999 1210.3669230131886
1122 1198 1132.0520234674689 1346.5383601031629 1273 1337 1262.9479765325311 1188.4616398968371
1292 1190 1301.7131678673047 1333.5311040692868 1413 1326 1403.2868321326953 1182.4688959307132
1454 1163 1464.1421816053492 1312.8706234025915 1610 1303 1599.8578183946508 1153.1293765974085
1623 1140 1632.4102905974526 1279.0554984241203 1781 1269 1771.5897094025474 1129.9445015758797
1814 1136 1825.5021292459571 1305.966516832987 1958 1297 1946.4978707540429 1127.033483167013
1991 1108 2001.4881211420825 1262.9825584918292 2149 1253 2138.511878857918 1098.0174415081708
2169 1104 2179.0120115330387 1251.9471053031673 2326 1242 2315.9879884669613 1094.0528946968327
2365 1099 2375.304262898037 1251.265692365291 2527 1241 2516.695737101963 1088.734307634709
2549 1079 2560.25241500619 1245.276499217181 2653 1239 2641.74758499381 1072.723500782819
2704 1048 2713.404715074201 1186.9731091337223 2846 1178 2836.595284925799 1039.0268908662777
584 1438 594.235881711514 1589.2552262297008 731 1580 720.764118288486 1428.7447737702992
750 1432 759.773448339775 1576.421866268157 899 1567 889.226551660225 1422.578133731843
956 1396 966.9814489567152 1558.2724444352898 1104 1549 1093.0185510432848 1386.7275555647102
1136 1377 1146.691231146684 1534.983907135883 1309 1524 1298.308768853316 1366.016092864117
1319 1374 1328.5166501634385 1514.6271695969892 1456 1506 1446.4833498365615 1365.3728304030108
1484 1356 1493.8099183059207 1500.9607815404718 1641 1491 1631.1900816940793 1346.0392184595282
1665 1343 1674.7086091215365 1486.4637396602473 1785 1479 1775.2913908784635 1335.5362603397527
1852 1334 1862.0976109251508 1483.2120041935564 2013 1473 2002.9023890748492 1323.7879958064436
2009 1318 2019.8568544076566 1478.4313156262638 2174 1468 2163.143145592344 1307.5686843737362
2182 1292 2192.8340606788156 1452.094493581067 2342 1442 2331.1659393211844 1281.905506418933
2374 1267 2384.4400084935996 1421.2715997551131 2551 1410 2540.5599915064004 1255.7284002448869
2549 1260 2559.390879067633 1413.545616137039 2730 1402 2719.609120932367 1248.454383862961
599 1628 608.952747838052 1775.0713679856556 743 1766 733.047252161948 1618.9286320143444
768 1611 778.1695340799583 1761.2748098568275 930 1751 919.8304659200417 1600.7251901431725
956 1589 966.6664038628757 1746.6170353279692 1094 1738 1083.3335961371242 1580.3829646720308
1157 1580 1166.8387791938471 1725.3872577596715 1276 1718 1266.1612208061529 1572.6127422403285
1326 1569 1336.0439227534162 1717.4186561664426 1490 1707 1479.9560772465838 1558.5813438335574
1500 1554 1510.4835623963143 1708.9151940827896 1657 1699 1646.5164376036857 1544.0848059172104
1679 1550 1688.0962622810969 1684.415114198158 1842 1674 1832.9037377189031 1539.584885801842
1846 1522 1857.561392940944 1692.8422541504985 2003 1683 1991.438607059056 1512.1577458495015
2024 1509 2034.9277607849806 1670.4790964081762 2175 1661 2164.0722392150196 1499.5209035918238
2186 1500 2195.8281532889937 1645.230239176629 2347 1635 2337.1718467110063 1489.769760823371
2393 1488 2402.7435706743645 1631.9803651675984 2565 1621 2555.2564293256355 1477.0196348324016
2577 1454 2587.5782792799628 1610.3148217912578 2740 1600 2729.4217207200372 1443.6851782087422
621 1809 630.9127359036219 1955.4801131856598 771 1946 761.0872640963781 1799.5198868143402
802 1787 812.6653870853921 1944.6020104466106 925 1937 914.3346129146079 1779.3979895533894
978 1780 987.8990596663173 1926.2780199585418 1125 1917 1115.1009403336827 1770.7219800414582
1158 1762 1168.8695138674775 1922.6183839720231 1311 1913 1300.1304861325225 1752.3816160279769
1337 1753 1347.2769104234278 1904.861505911055 1493 1895 1482.7230895765722 1743.138494088945
1504 1739 1513.8874169839798 1885.1059764941408 1678 1874 1668.1125830160202 1727.8940235058592
1719 1729 1727.827296280773 1859.4406140648362 1823 1853 1814.172703719227 1722.5593859351638
1882 1708 1891.3874968686116 1846.7186763789234 2035 1837 2025.6125031313884 1698.2813236210766
2057 1687 2067.6902143692005 1844.9688822545245 2215 1835 2204.3097856307995 1677.0311177454755
2225 1668 2234.7015251849675 1811.3590606048858 2373 1802 2363.2984748150325 1658.6409393951142
2423 1659 2432.513108195154 1799.5748300693085 2574 1790 2564.486891804846 1649.4251699306915
2579 1639 2588.3018974764996 1776.4537774885343 2728 1767 2718.6981025235004 1629.5462225114657
628 2003 637.4057318516844 2141.9881340150814 785 2132 775.5942681483156 1993.011865984919
836 1977 845.6255349202252 2119.2361554161803 923 2114 913.3744650797748 1971.7638445838195
974 1962 983.3429261884132 2100.0600571698888 1132 2090 1122.6570738115868 1951.9399428301115
1157 1950 1166.935529632463 2096.816935230857 1312 2087 1302.064470367537 1940.1830647691434
1351 1925 1360.9801003126613 2072.4755544398918 1501 2063 1491.0198996873387 1915.5244455601082
1532 1891 1543.3182710019119 2058.249650706449 1680 2049 1668.6817289980881 1881.7503492935512
1709 1882 1720.2200121499789 2047.7976834703004 1865 2038 1853.7799878500211 1872.2023165296998
1879 1871 1888.44220181783 2010.5270492873958 2044 2000 2034.5577981821698 1860.4729507126042
2061 1870 2071.3944210359173 2023.5979556647196 2228 2013 2217.6055789640827 1859.4020443352804
2241 1843 2251.2495579488186 1994.4573194568188 2391 1985 2380.7504420511814 1833.5426805431812
2436 1832 2444.7629822041845 1961.49024745468 2585 1952 2576.2370177958155 1822.50975254532
652 2168 663.0771826178474 2331.6870970251166 821 2321 809.9228173821526 2157.3129029748834
828 2156 837.4138325657372 2295.1078379518012 972 2286 962.5861674342628 2146.8921620481988
1024 2139 1033.9790835351776 2286.4605295585334 1159 2278 1149.0209164648224 2130.5394704414666
1169 2118 1179.8340606788154 2278.094493581067 1329 2268 1318.1659393211846 2107.905506418933
1376 2095 1387.2818010357664 2261.710735434134 1516 2253 1504.7181989642336 2086.289264565866
1535 2089 1544.356602425718 2227.2621503970063 1696 2217 1686.643397574282 2078.7378496029937
1715 2071 1724.5323599557105 2211.8593125868247 1885 2201 1875.4676400442895 2060.1406874131753
1908 2059 1916.9934446833956 2191.8957825529696 2078 2181 2069.0065553166046 2048.10421744703
2088 2045 2096.2559781522473 2166.9982682841014 2244 2157 2235.7440218477527 2035.001731715899
2247 2018 2256.72989443706 2161.7782719404804 2416 2151 2406.27010556294 2007.2217280595196
2433 1994 2444.534040466335 2164.4380676962624 2584 2155 2572.465959533665 1984.5619323037376
665 2346 675.7130080980413 2504.3057042997216 828 2494 817.2869919019587 2335.6942957002784
842 2341 851.611367047087 2483.026797305457 985 2474 975.388632952913 2331.973202694543
1024 2323 1033.2127561161028 2459.136539070464 1183 2449 1173.7872438838972 2312.863460929536
1199 2299 1209.3569342922883 2452.0440155110464 1343 2443 1332.6430657077117 2289.9559844889536
1418 2289 1428.5924471531007 2445.524179901981 1525 2439 1514.4075528468993 2282.475820098019
1589 2269 1599.675521354412 2426.7517641460477 1729 2418 1718.324478645588 2260.2482358539523
1735 2248 1744.940088378231 2394.8842996398957 1891 2385 1881.059911621769 2238.1157003601043
1947 2216 1958.198726834455 2381.483151190067 2054 2375 2042.801273165545 2209.516848809933
2078 2201 2089.5613929409437 2371.842254150499 2235 2362 2223.4386070590563 2191.157745849501
2286 2197 2296.137622859581 2346.803258993552 2441 2337 2430.862377140419 2187.196741006448
1200 2473 1208.7994521703304 2603.029162726995 1357 2593 1348.2005478296696 2462.970837273005
1404 2462 1412.9240467193888 2593.870291536021 1544 2585 1535.0759532806112 2453.129708463979
1565 2449 1573.0376834970236 2567.772536647965 1747 2556 1738.9623165029764 2437.227463352035
1744 2421 1752.9134208145351 2552.713272952979 1926 2541 1917.0865791854649 2409.286727047021
2099 2398 2109.289569883249 2550.0485742568144 2243 2541 2232.710430116751 2388.9514257431856
2297 2370 2305.813128407635 2500.231255954113 2457 2490 2448.186871592365 2359.768744045887
1390 2620 1401.6171146676459 2791.6656519403296 1574 2780 1562.3828853323541 2608.3343480596704
1589 2594 1600.9508863803917 2770.5977835674125 1728 2762 1716.0491136196083 2585.4022164325875
1786 2594 1796.2373901248313 2745.2775159946646 1889 2739 1878.7626098751687 2587.7224840053354
1941 2573 1950.4639787691874 2712.8488464512343 2096 2703 2086.5360212308124 2563.1511535487657
2110 2566 2120.314397167057 2718.4154460647283 2289 2707 2278.685602832943 2554.5845539352717
2312 2525 2324.127660687868 2704.209970638589 2475 2694 2462.872339312132 2514.790029361411
1398 2808 1409.1582232641913 2972.884631506466 1570 2962 1558.8417767358087 2797.115368493534
1579 2796 1588.6751894878419 2938.9698990320085 1736 2929 1726.3248105121581 2786.0301009679915
1783 2778 1793.7347850493989 2936.6275014635594 1936 2927 1925.2652149506011 2768.3724985364406
1985 2745 1997.6964536255928 2932.615001773002 2125 2924 2112.3035463744072 2736.384998226998
2113 2755 2122.505007481101 2895.4551261325882 2277 2885 2267.494992518899 2744.5448738674118
2293 2738 2303.430891002063 2892.1368709370345 2468 2881 2457.569108997937 2726.8631290629655
1443 3009 1452.4558780551347 3148.729142514514 1611 3138 1601.5441219448653 2998.270857485486
1619 2993 1629.346800023268 3145.894261811609 1746 3138 1735.653199976732 2985.105738188391
1769 2976 1779.562077851857 3132.0754139178175 1958 3120 1947.437922148143 2963.9245860821825
1965 2954 1976.2301464189989 3119.9474371697374 2138 3109 2126.769853581001 2943.0525628302626
2130 2925 2139.9846590584293 3072.542918848931 2281 3063 2271.0153409415707 2915.457081151069
# Transcript
EDOXENTHIBOLH
ATHSEGRAMMATE
EIPEEPA*NESAI
SESTIPOENOTID
THNPOLINTHNA
EPEIDHAYTOHS
ERGETAITHSPO
LITHNEPOHSA
TOGGRAMMATE
POLHIKAIEN*
DHMW*KA
YRIONE
TOKRAT
LIDHS



# Lines: x1 y1 x2 y2 x3 y3 x4 y4
