# Baseline angle
-0.0372959526634169
# Boxes: x1 y1 x2 y2 x3 y3 x4 y4
796 772 802.5129537748628 946.5479929106743 978 940 971.4870462251372 765.4520070893257
1016 760 1021.5107897399364 907.6898687921172 1174 902 1168.4892102600636 754.3101312078828
1204 754 1210.2065207009314 920.3355473959182 1380 914 1373.7934792990686 747.6644526040818
682 974 688.0241069556024 1135.4468357257424 834 1130 827.9758930443976 968.5531642742576
856 974 861.399562279505 1118.7089586481259 934 1116 928.600437720495 971.291041351874
1020 956 1025.9301193964272 1114.9279571370546 1158 1110 1152.0698806035728 951.0720428629453
1250 960 1255.560286314939 1109.0163833232084 1390 1104 1384.439713685061 954.9836166767916
1432 942 1437.6542738741143 1093.535261911896 1586 1088 1580.3457261258857 936.464738088104
1656 922 1661.2649759870508 1063.1020288228515 1798 1058 1792.7350240129492 916.8979711771487
844 1174 849.8116614408463 1329.7532687996738 1004 1324 998.1883385591537 1168.2467312003262
1028 1168 1034.3444434620878 1338.0318950084975 1196 1332 1189.6555565379122 1161.9681049915025
1288 1152 1294.023551173411 1313.4319406920374 1386 1310 1379.976448826589 1148.5680593079626
1466 1142 1472.2365524703587 1309.1404026518107 1610 1304 1603.7634475296413 1136.8595973481893
1666 1126 1671.6598352471358 1277.6843074190958 1824 1272 1818.3401647528642 1120.3156925809042
688 1418 693.201575979494 1557.4029005237612 838 1552 832.798424020506 1412.5970994762388
846 1410 850.9757828143753 1543.3516148633985 1048 1536 1043.0242171856248 1402.6483851366015
1046 1370 1052.3939400370905 1541.3584095395886 1196 1536 1189.6060599629095 1364.6415904604114
1260 1360 1265.9690490075782 1519.9712756874517 1426 1514 1420.0309509924218 1354.0287243125483
1496 1342 1501.6292476955173 1492.864557129498 1632 1488 1626.3707523044827 1337.135442870502
1676 1326 1682.112533141756 1489.8166688072304 1838 1484 1831.887466858244 1320.1833311927696
1882 1312 1888.3800366045366 1482.98579577159 2022 1478 2015.6199633954634 1307.01420422841
676 1596 681.2816601061154 1737.54916534445 830 1732 824.7183398938846 1590.45083465555
852 1570 858.2866048275528 1738.4818122166068 1032 1732 1025.7133951724475 1563.5181877833932
1040 1556 1046.4879275962658 1729.8772881282764 1204 1724 1197.5120724037342 1550.1227118717236
1276 1532 1282.6258503574222 1709.5736357408557 1432 1704 1425.3741496425778 1526.4263642591443
1492 1520 1498.675346932425 1698.900150271947 1630 1694 1623.324653067575 1515.099849728053
1656 1524 1662.6319675126351 1701.73757628176 1870 1694 1863.3680324873649 1516.26242371824
1886 1492 1893.2909937667987 1687.3995640550593 2038 1682 2030.7090062332013 1486.6004359449407
714 1782 720.3583468946417 1952.4045087764962 892 1946 885.6416531053583 1775.5954912235038
920 1786 925.327820212416 1928.7862620882365 1000 1926 994.672179787584 1783.2137379117635
1074 1780 1079.7510421198003 1934.1286632541835 1244 1928 1238.2489578801997 1773.8713367458165
1290 1746 1296.2921662005745 1914.6308577238067 1474 1908 1467.7078337994255 1739.3691422761933
1502 1748 1507.3645249192477 1891.7699529187387 1662 1886 1656.6354750807523 1742.2300470812613
1704 1734 1709.0636532183375 1869.706552911182 1862 1864 1856.9363467816625 1728.293447088818
1938 1712 1943.302794033819 1854.1155573058386 2000 1852 1994.697205966181 1709.8844426941614
722 2026 726.9668849726515 2159.1131515688944 864 2154 859.0331150273485 2020.8868484311056
900 1988 905.9773910671105 2148.194843948251 1072 2142 1066.0226089328896 1981.805156051749
1128 1988 1133.6648408379663 2139.8184578925902 1236 2136 1230.3351591620337 1984.1815421074095
1316 1980 1321.4968863073823 2127.3172550241184 1464 2122 1458.5031136926177 1974.6827449758819
1514 1958 1520.1097524552454 2121.7421460536307 1674 2116 1667.8902475447546 1952.2578539463693
1724 1938 1730.2504559029126 2105.51301641981 1878 2100 1871.7495440970874 1932.48698358019
1914 1934 1919.839468305954 2090.4984963356715 2094 2084 2088.160531694046 1927.5015036643283
724 2230 728.6826973908063 2355.4968880829365 876 2350 871.3173026091937 2224.5031119170635
906 2202 911.8478103654863 2358.722064596471 1092 2352 1086.1521896345137 2195.277935403529
1104 2194 1109.7482614332896 2348.054140500584 1272 2342 1266.2517385667104 2187.945859499416
1324 2180 1329.7593841793328 2334.3522315149826 1500 2328 1494.2406158206672 2173.6477684850174
1548 2160 1553.6487125010929 2311.3862164046964 1698 2306 1692.3512874989071 2154.6137835953036
1734 2154 1740.4795855367333 2327.6537198674773 1892 2322 1885.5204144632667 2148.3462801325227
730 2424 735.3728669787799 2567.9935211795378 896 2562 890.6271330212201 2418.0064788204622
930 2414 935.5741897474929 2563.3889970912073 1080 2558 1074.425810252507 2408.6110029087927
1134 2400 1139.8611580158488 2557.0797833307647 1276 2552 1270.1388419841512 2394.9202166692353
1374 2390 1379.4740850331048 2536.706177961615 1452 2534 1446.5259149668952 2387.293822038385
1536 2362 1541.8945262539785 2519.974056373962 1702 2514 1696.1054737460215 2356.025943626038
1758 2362 1762.9007042785843 2493.3395005162047 1906 2488 1901.0992957214157 2356.6604994837953
948 2604 954.485146909755 2777.8027653746763 1110 2772 1103.514853090245 2598.1972346253237
1132 2596 1137.5219124859793 2743.9879598065163 1298 2738 1292.4780875140207 2590.0120401934837
1346 2582 1351.5080090534257 2729.615346038517 1502 2724 1496.4919909465743 2576.384653961483
1168 2806 1172.9585429131191 2938.889583308095 1304 2934 1299.0414570868809 2801.110416691905
# Transcript
*HNA*
EIROTO
*NEIDO
DWREASK
OYEKTWN
AIAYTOI
OSIONAN
*OMENAS
AKAITO
*STH*
*D*