# Baseline angle
-0.3217731163413009
# Boxes: x1 y1 x2 y2 x3 y3 x4 y4
1010 454 1062.4046793973087 611.2022154773895 1213 561 1160.5953206026913 403.79778452261047
1192 392 1240.0042416883539 536.0018951076509 1372 492 1323.9957583116461 347.9981048923491
1347 354 1393.704110826835 494.10179583804694 1520 452 1473.295889173165 311.89820416195306
1506 308 1549.4039348485537 438.20201243668606 1682 394 1638.5960651514463 263.79798756331394
1659 261 1706.904205587308 404.70180937307566 1835 362 1787.095794412692 218.2981906269243
965 698 1012.1040972867158 839.3016649790734 1133 799 1085.8959027132842 657.6983350209266
1123 678 1160.503068441271 790.5007444749439 1231 767 1193.496931558729 654.4992555250561
1228 636 1271.8041695066238 767.4026261162865 1432 714 1388.1958304933762 582.5973738837135
1411 586 1451.1037363068003 706.3021613500003 1587 661 1546.8962636931997 540.6978386499997
1571 532 1612.8037182473693 657.4017236486814 1731 618 1689.1962817526307 492.59827635131865
1716 491 1757.003790454551 614.0021207372782 1892 569 1850.996209545449 445.9978792627217
1872 446 1907.9033031095219 553.7018093934374 2024 515 1988.0966968904781 407.29819060656257
2029 380 2073.4039122799913 513.2017191319146 2194 473 2149.596087720008 339.7982808680854
551 1078 598.0039032413677 1219.0011054472238 694 1187 646.9960967586323 1045.9988945527762
706 1032 751.704065704982 1169.1018860868435 881 1126 835.295934295018 988.8981139131564
905 983 945.2037724078463 1103.6022470845755 1085 1057 1044.7962275921539 936.3977529154245
1123 921 1164.9038220388302 1046.702012439231 1296 1003 1254.0961779611698 877.2979875607687
1297 851 1340.9040025364236 982.7021026829376 1478 937 1434.0959974635764 805.2978973170624
1505 796 1545.6036686138398 917.8018454843024 1668 877 1627.3963313861602 755.1981545156976
1662 743 1709.2041785147053 884.6018860842983 1840 841 1792.7958214852947 699.3981139157017
1816 674 1867.0043770539132 827.0016243612608 1990 786 1938.9956229460868 632.9983756387392
2002 640 2041.2036821590495 757.6022019627225 2178 712 2138.796317840951 594.3977980372775
2187 580 2228.6033752836165 704.800739955632 2303 680 2261.3966247163835 555.199260044368
2280 528 2324.8041920650057 662.402468182165 2479 611 2434.1958079349943 476.5975318178351
500 1350 545.2039754536402 1485.6017281552672 667 1445 621.7960245463598 1309.3982718447328
664 1306 708.7040205831289 1440.1019763356403 841 1396 796.2959794168711 1261.8980236643597
830 1252 873.8040341257934 1383.402220004337 1016 1336 972.1959658742066 1204.597779995663
1005 1199 1049.1036009056081 1331.300852760265 1131 1304 1086.8963990943919 1171.699147239735
1119 1157 1165.8041920548244 1297.402016943272 1302 1252 1255.1958079451756 1111.597983056728
1300 1112 1339.803628003663 1231.4019041462748 1464 1190 1424.196371996337 1070.5980958537252
1450 1067 1490.003655078811 1187.0019402447754 1616 1145 1575.996344921189 1024.9980597552246
1584 1011 1628.1040070481001 1143.3020710961132 1764 1098 1719.8959929518999 965.6979289038868
1743 967 1782.1031270981528 1084.3005594656743 1846 1063 1806.8968729018472 945.6994405343257
1827 940 1870.9038897190649 1071.701764256313 1993 1031 1949.0961102809351 899.298235743687
1969 902 2008.4031902743466 1020.20068129875 2078 997 2038.5968097256532 878.7993187012501
2057 874 2100.004061206032 1003.0024817222842 2253 952 2209.995938793968 822.9975182777158
2215 823 2256.5037453250625 947.501872556905 2381 906 2339.4962546749375 781.498127443095
2377 770 2414.9034836071155 883.7018996371437 2537 843 2499.0965163928845 729.2981003628563
2502 703 2551.1044131651397 850.3021613347291 2696 802 2646.8955868348603 654.6978386652709
483 1607 524.6037588626365 1731.8018906061554 650 1690 608.3962411373635 1565.1981093938446
615 1562 660.2038400728095 1697.6013220433176 764 1663 718.7961599271905 1527.3986779566824
732 1529 771.7035467756737 1648.1016830410497 886 1610 846.2964532243263 1490.8983169589503
870 1492 908.5035873960313 1607.5020756179701 1039 1564 1000.4964126039687 1448.4979243820299
1018 1450 1059.603713735693 1574.8017552355054 1179 1535 1137.396286264307 1410.1982447644946
1149 1407 1186.3034023816713 1518.901791341642 1303 1480 1265.6965976183287 1368.098208658358
1276 1365 1312.703321156227 1475.1016830461401 1424 1438 1387.296678843773 1327.8983169538599
1405 1320 1447.8037408057505 1448.4015657145599 1560 1411 1517.1962591942495 1282.5984342854401
1530 1281 1572.4037543458696 1408.2016965735334 1690 1369 1647.5962456541304 1241.7983034264666
1659 1237 1700.0036776371924 1360.0017823106537 1820 1320 1778.9963223628076 1196.9982176893463
1789 1198 1831.103397844543 1324.3006948312336 1904 1300 1861.896602155457 1173.6993051687664
1873 1170 1909.4033256704486 1279.2017642690391 2024 1241 1987.5966743295514 1131.7982357309609
1999 1120 2042.8038761814908 1251.4017462070626 2164 1211 2120.196123818509 1079.5982537929374
2136 1083 2176.303582874174 1203.9016559659017 2290 1166 2249.696417125826 1045.0983440340983
2258 1040 2299.2037047123404 1163.6018184091542 2421 1123 2379.7962952876596 999.3981815908458
2397 992 2441.50385812715 1125.5015341251901 2554 1088 2509.49614187285 954.4984658748097
2518 944 2562.303740798115 1076.90122728539 2661 1044 2616.696259201885 911.0987727146102
2619 921 2662.6038039793993 1051.8015747379122 2776 1014 2732.3961960206007 883.1984252620878
865 1719 906.8036505569539 1844.4015205927067 1016 1808 974.1963494430461 1682.5984794072933
1009 1673 1052.503813005297 1803.5016243739867 1168 1765 1124.496186994703 1634.4983756260133
1173 1627 1216.303898747508 1756.9019267021108 1345 1714 1301.696101252492 1584.0980732978892
1323 1574 1363.8036731255163 1696.401813897478 1485 1656 1444.1963268744837 1533.598186102522
1464 1513 1510.9041830289268 1653.7019673071973 1645 1609 1598.0958169710732 1468.2980326928027
1627 1480 1670.0039032617292 1609.0020079250098 1802 1565 1758.9960967382708 1435.9979920749902
1800 1416 1842.3037859352394 1542.9018138949327 1965 1502 1922.6962140647606 1375.0981861050673
1969 1374 2011.4039122901722 1501.2021703708078 2150 1455 2107.5960877098278 1327.7978296291922
2133 1323 2170.403054903697 1435.2007264256936 2240 1412 2202.596945096303 1299.7992735743064
2238 1298 2275.4034836096607 1410.2020124468668 2402 1368 2364.5965163903393 1255.7979875531332
2370 1238 2410.703388826281 1360.1009836243288 2495 1332 2454.296611173719 1209.8990163756712
2497 1204 2531.8031090692643 1308.4014754810344 2632 1275 2597.1968909307357 1170.5985245189656
2610 1164 2648.7035693442363 1280.1019763458212 2775 1238 2736.2964306557637 1121.8980236541788
1356 1792 1401.0040386323792 1927.0019627980662 1533 1883 1487.9959613676208 1747.9980372019338
1513 1740 1549.4034159243356 1849.2020350103387 1676 1807 1639.5965840756644 1697.7979649896613
1680 1690 1720.5034971319635 1811.5013536377776 1821 1778 1780.4965028680365 1656.4986463622224
1800 1650 1841.4037317874886 1774.2018545076548 1965 1733 1923.5962682125114 1608.7981454923452
1932 1607 1969.9037769322485 1720.7027795463675 2131 1667 2093.0962230677515 1553.2972204536325
2109 1546 2153.6036009030627 1679.8007399505416 2231 1654 2186.3963990969373 1520.1992600494584
2202 1522 2248.4044086661897 1661.2027569701697 2417 1605 2370.5955913338103 1465.7972430298303
2375 1465 2413.8035828818097 1581.4019943950714 2541 1539 2502.1964171181903 1422.5980056049286
2520 1412 2561.303357234366 1535.900753493206 2636 1511 2594.696642765634 1387.099246506794
1841 1850 1881.903709226562 1972.7018996320533 2007 1931 1966.096290773438 1808.2981003679467
1999 1803 2042.9039574094802 1934.7019673122877 2174 1891 2130.0960425905196 1759.2980326877123
2173 1734 2223.104368033106 1884.3018003446327 2353 1841 2302.895631966894 1690.6981996553673
2316 1704 2360.003587368034 1836.0008347110145 2441 1809 2396.996412631966 1676.9991652889855
1705 1906 1744.4035061629515 2024.201628893299 1856 1987 1816.5964938370485 1868.798371106701
# Transcript
***
* PANAQ
KIWNOS KH
*RATHGOS EPI T
KLEIDHS MIKIWNOS
*TRATHGOS EPI THN PARA
*LHS SALAMINIOY
STRATIWTI
*OKLEI