# Baseline angle
6.171421365603957
# Boxes: x1 y1 x2 y2 x3 y3 x4 y4
347 844 364.0481238539269 995.9012367733611 479 983 461.9518761460731 831.0987632266389
484 851 497.9549320823382 975.3404529764227 599 964 585.0450679176618 839.6595470235773
602 856 613.4577068237827 958.0898165705356 739 944 727.5422931762173 841.9101834294644
381 1019 394.1553224293871 1136.2158159043374 503 1124 489.8446775706129 1006.7841840956626
503 988 518.0044445849187 1121.6917603998709 640 1108 624.9955554150812 974.3082396001291
655 973 668.718586231006 1095.2345774307482 751 1086 737.281413768994 963.7654225692518
784 930 800.9757238078552 1081.2561419444537 928 1067 911.0242761921448 915.7438580555463
379 1139 395.35934975601134 1284.7641604459425 518 1271 501.64065024398866 1125.2358395540575
525 1144 536.8626135349609 1249.6975936334431 650 1237 638.1373864650391 1131.3024063665569
652 1117 666.3258742564085 1244.6456011261823 779 1232 764.6741257435915 1104.3543988738177
791 1096 806.186562443062 1231.314456722792 907 1220 891.813437556938 1084.685543277208
904 1074 916.1758304042207 1182.4884010106364 1072 1165 1059.8241695957793 1056.5115989893636
379 1276 391.3975015142917 1386.46352249997 547 1369 534.6024984857083 1258.53647750003
563 1252 575.9031840938296 1366.969227051669 638 1360 625.0968159061704 1245.030772948331
650 1247 663.1699971706483 1364.3465699606786 791 1350 777.8300028293517 1232.6534300393214
784 1232 795.7855984343037 1337.01137800407 983 1316 971.2144015656963 1210.98862199593
957 1187 971.0126573871487 1311.854793748989 1041 1304 1026.9873426128513 1179.145206251011
1055 1177 1069.358576967823 1304.9369869908226 1247 1285 1232.641423032177 1157.0630130091774
448 1396 462.46955660558797 1524.9258315333443 542 1516 527.530443394412 1387.0741684666557
547 1388 561.8947267728472 1520.714158905857 693 1506 678.1052732271528 1373.285841094143
669 1374 683.8947267728472 1506.714158905857 815 1492 800.1052732271528 1359.285841094143
806 1348 820.5000238310743 1477.1972988966793 947 1463 932.4999761689257 1333.8027011033207
943 1345 956.6517748997541 1466.6392788551047 1096 1451 1082.3482251002458 1329.3607211448953
1077 1321 1091.3778667636695 1449.10886184763 1226 1434 1211.6221332363305 1305.89113815237
1202 1307 1214.422380024958 1417.6851936100409 1372 1400 1359.577619975042 1289.3148063899591
403 1528 418.70901116705954 1667.9695500342832 561 1652 545.2909888329405 1512.0304499657168
563 1516 576.6302496179794 1637.4474854969922 741 1619 727.3697503820206 1497.5525145030078
722 1504 734.7221839786505 1617.3564899794005 827 1607 814.2778160213495 1493.6435100205995
825 1492 838.0829223833153 1608.5707210754301 959 1595 945.9170776166847 1478.4292789245699
971 1468 984.1202401493152 1584.9032277405365 1108 1571 1094.8797598506849 1454.0967722594635
1099 1451 1112.684621693898 1572.9319485176002 1219 1561 1205.315378306102 1439.0680514823998
1243 1422 1257.6934632015868 1552.9208715239834 1355 1542 1340.3065367984132 1411.0791284760166
1355 1412 1369.0102778184912 1536.8335914498289 1519 1520 1504.9897221815088 1395.1664085501711
431 1669 445.0939993769321 1794.5795625831188 575 1780 560.9060006230678 1654.4204374168812
575 1633 590.1254839093596 1767.7702381982676 695 1756 679.8745160906404 1621.2297618017324
695 1626 710.9046860235001 1767.713041162893 842 1753 826.0953139764999 1611.286958837107
861 1612 875.4355920684801 1740.623202620196 979 1729 964.5644079315199 1600.376797379804
986 1605 999.0829223833153 1721.5707210754301 1120 1708 1106.9170776166845 1591.4292789245699
1127 1593 1138.723546240367 1697.458484026747 1223 1688 1211.276453759633 1583.541515973253
1235 1573 1249.844969751514 1705.2708166857149 1377 1691 1362.155030248486 1558.7291833142851
1375 1537 1392.3433127530336 1691.5314123422547 1504 1679 1486.6566872469664 1524.4685876577453
1504 1523 1518.2285956996702 1649.7788351872039 1641 1636 1626.7714043003298 1509.2211648127961
436 1813 448.7300081793982 1926.42620473397 604 1909 591.2699918206017 1795.57379526603
587 1780 600.9831638218966 1904.5920018384522 731 1890 717.0168361781034 1765.4079981615478
727 1763 740.8587712685639 1886.4836462880971 861 1873 847.1412287314361 1749.5163537119029
850 1750 863.157557915315 1867.2357344056431 990 1853 976.842442084685 1735.7642655943569
998 1710 1014.1116823923098 1853.5574085958854 1126 1841 1109.8883176076902 1697.4425914041146
1254 1694 1267.4256328178271 1813.6243203631602 1371 1802 1357.5743671821729 1682.3756796368398
1382 1685 1395.4765075821242 1805.0776218339547 1512 1792 1498.5234924178758 1671.9223781660453
1526 1664 1538.9743223142077 1779.603078832069 1678 1764 1665.0256776857923 1648.396921167931
465 1936 477.8759260145056 2050.7263536424375 618 2035 605.1240739854944 1920.2736463575625
621 1894 636.274754973359 2030.1002648586937 753 2017 737.725245026641 1880.8997351413063
742 1894 756.8834052604778 2026.613282601474 896 2011 881.1165947395222 1878.386717398526
867 1896 879.2742267039229 2005.3651262002675 1034 1988 1021.7257732960771 1878.6348737997325
1048 1863 1061.2628047555309 1981.1734988970456 1143 1972 1129.7371952444691 1853.8265011029544
1142 1852 1154.6531371614708 1964.7412729024513 1286 1950 1273.3468628385292 1837.2587270975487
1295 1819 1309.980683817216 1952.4800485404526 1439 1938 1424.019316182784 1804.5199514595474
1425 1806 1440.1096914251345 1940.6295248912736 1517 1932 1501.8903085748655 1797.3704751087264
1511 1802 1524.4063430219805 1921.4524455063531 1671 1905 1657.5936569780195 1785.5475544936469
1670 1781 1682.6802511580652 1893.982862513828 1834 1877 1821.3197488419348 1764.017137486172
490 2077 505.2883119716561 2213.2210596643818 632 2199 616.7116880283439 2062.7789403356182
623 2047 636.8587712685639 2170.483646288097 757 2157 743.1412287314361 2033.5163537119029
768 2032 782.2896742333727 2159.323053711729 901 2146 886.7103257666273 2018.6769462882714
898 2014 913.018001583216 2147.812555205559 1045 2133 1029.981998416784 1999.1874447944408
1034 1999 1049.3629475036557 2135.886072994595 1182 2121 1166.6370524963443 1984.1139270054052
1179 1982 1194.2747549733588 2118.100264858693 1311 2105 1295.7252450266412 1968.8997351413063
1287 1960 1302.4986615693579 2098.0953048493325 1437 2083 1421.5013384306421 1944.9046951506673
1442 1936 1456.9242203380993 2068.976950816394 1528 2061 1513.0757796619007 1928.023049183606
1540 1932 1552.80240822547 2046.0712995628774 1696 2030 1683.19759177453 1915.9287004371226
1687 1921 1698.8659667638526 2026.7274713854017 1839 2011 1827.1340332361474 1905.2725286145983
518 2207 530.886129783911 2321.8172706961677 654 2308 641.113870216089 2193.1827293038323
656 2191 667.8366172813304 2296.4659632727194 770 2285 758.1633827186696 2179.5340367272806
775 2160 790.5326261064657 2298.3979337624805 901 2286 885.4673738935343 2147.6020662375195
909 2153 922.4765075821243 2273.0776218339547 1039 2260 1025.5234924178758 2139.9223781660453
1051 2127 1066.8684860004641 2268.3904937484394 1204 2253 1188.1315139995359 2111.6095062515606
1223 2111 1236.530879658043 2231.5620848545627 1295 2225 1281.469120341957 2104.4379151454373
1331 2089 1346.2363194643951 2224.757798942934 1451 2213 1435.7636805356049 2077.242201057066
1446 2072 1460.8065342425502 2203.9283507699556 1576 2191 1561.1934657574498 2059.0716492300444
1564 2044 1581.0887948488185 2196.263621190426 1726 2180 1708.9112051511815 2027.7363788095738
1714 2038 1727.6744179244927 2159.84103146387 1851 2146 1837.3255820755073 2024.1589685361298
521 2317 535.8811697745499 2449.593364100169 657 2436 642.1188302254501 2303.406635899831
675 2300 690.9601758423826 2442.2074634341534 773 2433 757.0398241576174 2290.7925365658466
785 2308 797.6418156491013 2420.6403965980685 937 2405 924.3581843508987 2292.3596034019315
951 2282 964.8169825307083 2405.11130262038 1046 2396 1032.1830174692918 2272.88869737962
1057 2266 1072.018001583216 2399.812555205559 1204 2385 1188.981998416784 2251.187444794441
1197 2253 1211.182191907229 2379.36537071902 1357 2363 1342.817808092771 2236.63462928098
1344 2227 1360.1116823923098 2370.557408595885 1472 2358 1455.8883176076902 2214.442591404115
1458 2208 1472.3891882760388 2336.2097381520125 1599 2322 1584.6108117239612 2193.7902618479875
1599 2188 1613.9558053065496 2321.2583774303816 1741 2307 1726.0441946934504 2173.7416225696184
1729 2167 1743.7816557318838 2298.7066796598847 1857 2286 1842.2183442681162 2154.2933203401153
538 2452 552.1799564213012 2578.345452217715 680 2564 665.8200435786988 2437.654547782285
675 2435 689.4627060650745 2563.8647922315727 813 2550 798.5372939349255 2421.1352077684273
1843 1992 1859.7223236466043 2140.998310043278 2029 2122 2012.2776763533957 1973.0016899567224
1855 2149 1868.5556140859799 2269.782472166779 2027 2252 2013.4443859140201 2131.217527833221
799 2422 813.9546875635857 2555.248418179729 932 2542 917.0453124364143 2408.751581820271
944 2400 956.9743223142078 2515.6030788320686 1096 2500 1083.0256776857923 2384.3969211679314
1094 2403 1106.1102808986625 2510.9043454835005 1230 2497 1217.8897191013375 2389.0956545164995
1207 2375 1220.6506571567902 2496.6293196044517 1351 2482 1337.3493428432098 2360.3706803955483
1355 2366 1366.6782601908897 2470.054978809216 1483 2457 1471.3217398091103 2352.945021190784
1485 2324 1500.0757268880266 2458.3268959781253 1601 2447 1585.9242731119734 2312.6731040218747
1613 2327 1626.0331653619824 2443.1273788552876 1743 2430 1729.9668346380176 2313.8726211447124
1763 2294 1776.6608609261955 2415.720236658182 1890 2403 1876.3391390738045 2281.279763341818
549 2589 562.2197541919813 2706.7899121808205 694 2692 680.7802458080187 2574.2100878191795
680 2561 694.488702318705 2690.0964225922967 829 2675 814.511297681295 2545.9035774077033
822 2539 837.5088653387631 2677.1862219030622 955 2664 939.4911346612369 2525.8137780969378
961 2524 975.351870510039 2651.877231486906 1099 2638 1084.6481294899609 2510.122768513094
1100 2521 1112.9121260375414 2636.0489010568913 1247 2621 1234.0878739624586 2505.9510989431087
1249 2500 1263.2376817261115 2626.8597929902808 1360 2616 1345.7623182738885 2489.1402070097192
1360 2485 1374.759012707145 2616.504927051119 1504 2602 1489.240987292855 2470.495072948881
1499 2471 1512.4391898161243 2590.7451151688483 1626 2578 1612.5608101838757 2458.2548848311517
1630 2446 1643.9198498022663 2570.027864812622 1760 2557 1746.0801501977337 2432.972135187378
561 2712 575.6357378967764 2842.406530751417 704 2828 689.3642621032236 2697.593469248583
696 2697 711.2034726702511 2832.465129280439 849 2817 833.7965273297489 2681.534870719561
858 2679 874.0099328637157 2821.6508056542957 960 2812 943.9900671362843 2669.3491943457043
958 2673 972.319023715895 2800.5845618244107 1129 2783 1114.6809762841049 2655.4154381755893
1121 2656 1134.7581394829338 2778.5870025971603 1238 2767 1224.2418605170662 2644.4129974028397
1240 2633 1254.8947267728472 2765.714158905857 1386 2751 1371.1052732271528 2618.285841094143
1386 2625 1399.856535782636 2748.4637277867914 1502 2737 1488.143464217364 2613.5362722132086
1521 2598 1533.8092587659833 2712.132338864649 1633 2701 1620.1907412340167 2586.867661135351
591 2853 604.6144571337543 2974.306772189998 741 2959 727.3855428662457 2837.693227810002
738 2833 753.0779623739544 2967.346814479431 872 2954 856.9220376260456 2819.653185520569
1030 2794 1045.356241045872 2930.826317490678 1124 2922 1108.643758954128 2785.173682509322
1121 2789 1133.9121260375414 2904.0489010568913 1268 2889 1255.0878739624586 2773.9510989431087
1271 2770 1284.3871973088635 2889.2818544474007 1376 2879 1362.6128026911365 2759.7181455525993
1407 2739 1419.3952660283637 2849.4436039986645 1557 2834 1544.6047339716363 2723.5563960013355
560 2986 573.0771895857658 3102.5196410243116 747 3083 733.9228104142342 2966.4803589756884
874 2942 888.929809052919 3075.026747069658 1005 3062 990.070190947081 2928.973252930342
1022 2929 1034.8228157642804 3043.2531336703373 1144 3031 1131.1771842357196 2916.7468663296627
1177 2915 1189.337684806283 3024.9305470239524 1260 3017 1247.662315193717 2907.0694529760476
1266 2890 1280.1199956305627 3015.811192943843 1421 3000 1406.8800043694373 2874.188807056157
743 2958 756.9447283129329 3082.2495359226928 875 3069 861.0552716870671 2944.7504640773072
1424 2861 1440.2858319669756 3006.1091063663825 1566 2992 1549.7141680330244 2846.8908936336175
618 3120 630.9969653389463 3235.8048314408343 754 3222 741.0030346610537 3106.1951685591657
743 3097 756.1937579383509 3214.5582818200965 877 3201 863.8062420616491 3083.4417181799035
877 3065 893.0890393675712 3208.3556559871195 1021 3194 1004.9109606324288 3050.6443440128805
1025 3053 1039.794094987217 3184.81751521492 1154 3172 1139.205905012783 3040.18248478508
1158 3034 1172.2410349550034 3160.889670742239 1296 3147 1281.7589650449966 3020.110329257761
1288 3022 1303.6976896546903 3161.8686737299004 1454 3145 1438.3023103453097 3005.1313262700996
621 3240 633.8137297378393 3354.17217586726 769 3339 756.1862702621607 3224.82782413274
763 3195 779.8773275081529 3345.3794167548226 908 3331 891.1226724918471 3180.6205832451774
905 3200 918.4029897930886 3319.4225677543945 1038 3306 1024.5970102069114 3186.5774322456055
1049 3194 1063.3631920224084 3321.978107791289 1179 3309 1164.6368079775916 3181.021892208711
1182 3167 1197.224997952026 3302.6569226385514 1310 3290 1294.775002047974 3154.3430773614486
1302 3158 1317.278108202251 3294.130142610652 1461 3278 1445.721891797749 3141.869857389348
652 3370 667.3629475036557 3506.886072994595 800 3492 784.6370524963443 3355.113927005405
788 3350 802.1799564213012 3476.345452217715 930 3462 915.8200435786988 3335.654547782285
919 3330 934.8786897698694 3471.481410802169 1055 3458 1039.1213102301303 3316.518589197831
1093 3326 1106.6439506990064 3447.5695641005354 1183 3439 1169.3560493009936 3317.4304358994646
1194 3287 1208.9433660512163 3420.147541875346 1335 3406 1320.0566339487837 3272.852458124654
672 3503 685.8723282668611 3626.6044410937857 816 3612 802.1276717331389 3488.3955589062143
808 3480 821.7354964581951 3602.3852499883947 941 3589 927.2645035418049 3466.6147500116053
944 3473 957.021843849613 3589.026502550905 1082 3575 1068.978156150387 3458.973497449095
1079 3439 1094.7327719347622 3579.1812618937015 1230 3564 1214.2672280652378 3423.8187381062985
708 3626 721.1802009400536 3743.4374870144084 832 3731 818.8197990599464 3613.5625129855916
829 3605 843.4729098344799 3733.955709285303 950 3722 935.5270901655201 3593.044290714697
933 3601 946.0862756122073 3717.6005988273887 1094 3701 1080.9137243877926 3584.3994011726113
711 3778 724.0704831279821 3894.4598855203944 844 3881 830.9295168720179 3764.5401144796056
844 3753 857.2548364720533 3871.1025003446216 974 3858 960.7451635279467 3739.8974996553784
972 3728 985.6766534104206 3849.8609499651757 1127 3834 1113.3233465895794 3712.1390500348243
708 3905 720.6791334151012 4017.9729032631753 863 4002 850.3208665848988 3889.0270967368247
855 3858 871.6838881376403 4006.6558441275183 1029 3989 1012.3161118623597 3840.3441558724817
# Transcript
*
TOL
IOIS
KLHRW
AITWID
IPOTAMW
TWI:PROS
TESKAIEYN
TOSEX*GET*
DHMWICEIRO
DRASAYTIKA
NESAFIKOMEN
INTONDHMONT
AIOPWSANSI
AZEKAIOTI
YSINONTE
LH*IOIA
WNKAIOY
TOYAQH
DHMONT
ILOIO
NEPE
LIT
AQH
OT