# Baseline angle
0
# Boxes: x1 y1 x2 y2 x3 y3 x4 y4
3202 424 3202 541 3311 541 3311 424
3337 428 3337 552 3446 552 3446 428
3468 428 3468 534 3574 534 3574 428
3595 428 3595 531 3701 531 3701 428
3723 447 3723 540 3813 540 3813 447
3847 436 3847 541 3948 541 3948 436
3963 448 3963 543 4072 543 4072 448
2342 541 2342 657 2436 657 2436 541
2447 559 2447 664 2548 664 2548 559
2575 563 2575 666 2676 666 2676 563
2694 561 2694 659 2819 659 2819 561
2828 553 2828 672 2926 672 2926 553
2964 568 2964 657 3060 657 3060 568
3076 572 3076 665 3183 665 3183 572
3215 577 3215 674 3313 674 3313 577
3346 567 3346 675 3447 675 3447 567
3477 568 3477 682 3573 682 3573 568
3597 583 3597 664 3680 664 3680 583
3727 581 3727 668 3829 668 3829 581
3853 579 3853 678 3932 678 3932 579
3955 572 3955 673 4058 673 4058 572
1808 671 1808 769 1918 769 1918 671
1947 679 1947 773 2055 773 2055 679
2075 685 2075 767 2158 767 2158 685
2196 671 2196 775 2316 775 2316 671
2331 686 2331 779 2416 779 2416 686
2451 687 2451 785 2557 785 2557 687
2599 689 2599 779 2659 779 2659 689
2694 685 2694 783 2803 783 2803 685
2838 699 2838 783 2922 783 2922 699
2955 688 2955 782 3059 782 3059 688
3090 692 3090 795 3192 795 3192 692
3216 693 3216 781 3294 781 3294 693
3335 690 3335 784 3433 784 3433 690
3469 692 3469 785 3570 785 3570 692
3603 699 3603 784 3674 784 3674 699
3718 693 3718 811 3801 811 3801 693
3850 704 3850 793 3934 793 3934 704
3956 694 3956 803 4058 803 4058 694
946 786 946 891 1051 891 1051 786
1080 793 1080 895 1184 895 1184 793
1202 800 1202 900 1302 900 1302 800
1952 804 1952 908 2050 908 2050 804
2077 814 2077 899 2180 899 2180 814
2211 798 2211 905 2297 905 2297 798
2319 809 2319 917 2427 917 2427 809
2445 819 2445 912 2554 912 2554 819
2571 822 2571 928 2671 928 2671 822
2699 821 2699 915 2795 915 2795 821
2950 823 2950 922 3047 922 3047 823
2823 813 2823 922 2911 922 2911 813
3084 831 3084 924 3181 924 3181 831
3214 826 3214 928 3312 928 3312 826
3329 822 3329 928 3451 928 3451 822
3472 828 3472 924 3556 924 3556 828
3587 829 3587 927 3681 927 3681 829
3713 835 3713 930 3816 930 3816 835
3840 830 3840 936 3934 936 3934 830
3966 834 3966 927 4065 927 4065 834
178 882 178 1003 284 1003 284 882
310 900 310 996 412 996 412 900
438 904 438 1002 525 1002 525 904
565 908 565 999 653 999 653 908
824 908 824 1001 914 1001 914 908
950 906 950 1007 1055 1007 1055 906
1074 915 1074 1005 1182 1005 1182 915
1201 918 1201 1006 1304 1006 1304 918
1324 918 1324 1011 1433 1011 1433 918
1444 933 1444 1025 1533 1025 1533 933
1946 925 1946 1026 2049 1026 2049 925
2070 934 2070 1022 2170 1022 2170 934
2201 939 2201 1034 2305 1034 2305 939
2337 938 2337 1031 2431 1031 2431 938
2442 931 2442 1028 2545 1028 2545 931
2569 947 2569 1033 2678 1033 2678 947
2716 942 2716 1039 2782 1039 2782 942
2811 946 2811 1036 2930 1036 2930 946
2951 939 2951 1034 3045 1034 3045 939
3080 942 3080 1041 3178 1041 3178 942
3204 946 3204 1034 3313 1034 3313 946
3354 943 3354 1038 3420 1038 3420 943
3455 951 3455 1046 3561 1046 3561 951
3590 956 3590 1034 3674 1034 3674 956
3722 953 3722 1052 3810 1052 3810 953
3840 951 3840 1042 3913 1042 3913 951
3957 959 3957 1045 4037 1045 4037 959
4061 969 4061 1061 4166 1061 4166 969
312 1024 312 1129 410 1129 410 1024
443 1028 443 1120 526 1120 526 1028
563 1030 563 1123 667 1123 667 1030
691 1030 691 1125 788 1125 788 1030
814 1024 814 1115 921 1115 921 1024
943 1021 943 1134 1017 1134 1017 1021
1073 1038 1073 1134 1186 1134 1186 1038
1207 1038 1207 1132 1302 1132 1302 1038
1326 1043 1326 1127 1419 1127 1419 1043
1445 1049 1445 1140 1531 1140 1531 1049
1572 1051 1572 1130 1654 1130 1654 1051
1688 1040 1688 1147 1788 1147 1788 1040
1825 1055 1825 1150 1911 1150 1911 1055
1947 1058 1947 1154 2010 1154 2010 1058
2073 1042 2073 1146 2172 1146 2172 1042
2191 1061 2191 1153 2307 1153 2307 1061
2334 1053 2334 1149 2401 1149 2401 1053
2453 1056 2453 1155 2553 1155 2553 1056
2573 1063 2573 1171 2664 1171 2664 1063
2691 1068 2691 1161 2793 1161 2793 1068
2819 1066 2819 1168 2911 1168 2911 1066
2930 1069 2930 1166 3029 1166 3029 1069
3091 1076 3091 1160 3170 1160 3170 1076
3212 1069 3212 1162 3307 1162 3307 1069
3333 1070 3333 1171 3435 1171 3435 1070
3461 1061 3461 1170 3547 1170 3547 1061
3585 1085 3585 1172 3669 1172 3669 1085
3706 1077 3706 1178 3810 1178 3810 1077
3833 1074 3833 1179 3927 1179 3927 1074
3953 1073 3953 1175 4047 1175 4047 1073
4092 1085 4092 1171 4173 1171 4173 1085
309 1148 309 1245 412 1245 412 1148
444 1148 444 1233 497 1233 497 1148
563 1143 563 1245 662 1245 662 1143
676 1145 676 1253 782 1253 782 1145
818 1147 818 1259 910 1259 910 1147
949 1153 949 1259 1038 1259 1038 1153
1073 1159 1073 1251 1162 1251 1162 1159
1197 1156 1197 1258 1293 1258 1293 1156
1316 1156 1316 1253 1406 1253 1406 1156
1441 1150 1441 1257 1535 1257 1535 1150
1561 1161 1561 1251 1659 1251 1659 1161
1678 1164 1678 1256 1780 1256 1780 1164
1816 1173 1816 1260 1908 1260 1908 1173
1936 1170 1936 1270 2038 1270 2038 1170
2061 1171 2061 1269 2171 1269 2171 1171
2198 1166 2198 1273 2293 1273 2293 1166
2317 1172 2317 1272 2424 1272 2424 1172
2441 1184 2441 1270 2528 1270 2528 1184
2571 1182 2571 1290 2670 1290 2670 1182
2695 1175 2695 1273 2779 1273 2779 1175
2821 1182 2821 1267 2905 1267 2905 1182
2943 1180 2943 1291 3042 1291 3042 1180
3080 1187 3080 1266 3183 1266 3183 1187
3208 1193 3208 1279 3298 1279 3298 1193
3327 1183 3327 1281 3423 1281 3423 1183
3459 1190 3459 1294 3556 1294 3556 1190
3580 1196 3580 1287 3684 1287 3684 1196
3728 1185 3728 1285 3785 1285 3785 1185
3818 1195 3818 1275 3944 1275 3944 1195
3961 1191 3961 1292 4061 1292 4061 1191
300 1273 300 1371 407 1371 407 1273
422 1269 422 1381 530 1381 530 1269
566 1275 566 1374 656 1374 656 1275
686 1290 686 1375 779 1375 779 1290
812 1281 812 1375 911 1375 911 1281
946 1285 946 1378 1040 1378 1040 1285
1079 1289 1079 1378 1182 1378 1182 1289
1209 1291 1209 1380 1268 1380 1268 1291
1325 1287 1325 1395 1421 1395 1421 1287
1443 1291 1443 1381 1535 1381 1535 1291
1565 1293 1565 1381 1663 1381 1663 1293
1683 1287 1683 1383 1781 1383 1781 1287
1812 1300 1812 1395 1911 1395 1911 1300
1950 1314 1950 1399 2035 1399 2035 1314
2068 1303 2068 1402 2166 1402 2166 1303
2199 1303 2199 1405 2288 1405 2288 1303
2332 1303 2332 1405 2424 1405 2424 1303
2439 1308 2439 1392 2546 1392 2546 1308
2579 1312 2579 1399 2643 1399 2643 1312
2700 1303 2700 1411 2794 1411 2794 1303
2835 1316 2835 1413 2889 1413 2889 1316
2936 1313 2936 1410 3039 1410 3039 1313
3076 1311 3076 1412 3190 1412 3190 1311
3214 1323 3214 1414 3277 1414 3277 1323
3318 1316 3318 1409 3431 1409 3431 1316
3456 1308 3456 1418 3554 1418 3554 1308
3576 1316 3576 1416 3671 1416 3671 1316
3702 1332 3702 1415 3824 1415 3824 1332
3860 1314 3860 1410 3919 1410 3919 1314
3967 1320 3967 1427 4060 1427 4060 1320
4070 1323 4070 1415 4184 1415 4184 1323
171 1400 171 1492 276 1492 276 1400
308 1403 308 1506 406 1506 406 1403
428 1403 428 1511 531 1511 531 1403
572 1403 572 1500 654 1500 654 1403
698 1409 698 1502 785 1502 785 1409
819 1417 819 1498 904 1498 904 1417
945 1413 945 1507 1018 1507 1018 1413
1082 1403 1082 1520 1172 1520 1172 1403
1201 1412 1201 1505 1299 1505 1299 1412
1325 1417 1325 1503 1412 1503 1412 1417
1439 1418 1439 1506 1532 1506 1532 1418
1560 1424 1560 1508 1636 1508 1636 1424
1691 1419 1691 1514 1759 1514 1759 1419
1824 1431 1824 1520 1920 1520 1920 1431
1940 1433 1940 1527 2035 1527 2035 1433
2060 1425 2060 1530 2156 1530 2156 1425
2196 1432 2196 1535 2294 1535 2294 1432
2334 1435 2334 1531 2404 1531 2404 1435
2439 1443 2439 1535 2530 1535 2530 1443
2573 1438 2573 1547 2675 1547 2675 1438
2695 1446 2695 1540 2776 1540 2776 1446
2812 1440 2812 1541 2924 1541 2924 1440
2961 1443 2961 1538 3029 1538 3029 1443
3074 1432 3074 1556 3174 1556 3174 1432
3198 1441 3198 1545 3298 1545 3298 1441
3329 1448 3329 1541 3424 1541 3424 1448
3461 1446 3461 1543 3534 1543 3534 1446
3575 1451 3575 1538 3683 1538 3683 1451
3711 1453 3711 1545 3805 1545 3805 1453
3828 1458 3828 1544 3929 1544 3929 1458
3956 1461 3956 1563 4055 1563 4055 1461
300 1526 300 1630 405 1630 405 1526
440 1538 440 1636 508 1636 508 1538
559 1530 559 1630 653 1630 653 1530
691 1554 691 1648 779 1648 779 1554
813 1546 813 1639 918 1639 918 1546
944 1543 944 1654 1044 1654 1044 1543
1072 1544 1072 1646 1162 1646 1162 1544
1190 1551 1190 1646 1279 1646 1279 1551
1311 1530 1311 1653 1407 1653 1407 1530
167 1515 167 1639 262 1639 262 1515
1443 1555 1443 1650 1538 1650 1538 1555
1551 1544 1551 1667 1652 1667 1652 1544
1697 1553 1697 1643 1770 1643 1770 1553
1823 1563 1823 1659 1916 1659 1916 1563
1933 1559 1933 1649 2038 1649 2038 1559
2063 1555 2063 1642 2156 1642 2156 1555
2193 1551 2193 1661 2280 1661 2280 1551
2318 1556 2318 1656 2414 1656 2414 1556
2445 1567 2445 1677 2530 1677 2530 1567
2567 1571 2567 1659 2658 1659 2658 1571
2692 1563 2692 1660 2791 1660 2791 1563
2813 1574 2813 1661 2906 1661 2906 1574
2940 1573 2940 1663 3034 1663 3034 1573
3091 1574 3091 1661 3150 1661 3150 1574
3196 1576 3196 1656 3296 1656 3296 1576
3342 1574 3342 1663 3402 1663 3402 1574
3448 1569 3448 1666 3542 1666 3542 1569
3581 1580 3581 1669 3642 1669 3642 1580
3699 1569 3699 1671 3804 1671 3804 1569
3825 1580 3825 1672 3913 1672 3913 1580
3967 1576 3967 1661 4030 1661 4030 1576
4076 1575 4076 1668 4162 1668 4162 1575
4220 1579 4220 1667 4300 1667 4300 1579
185 1653 185 1749 270 1749 270 1653
430 1653 430 1757 508 1757 508 1653
551 1663 551 1750 644 1750 644 1663
678 1654 678 1751 791 1751 791 1654
811 1667 811 1758 923 1758 923 1667
934 1672 934 1760 1031 1760 1031 1672
1066 1677 1066 1764 1162 1764 1162 1677
1180 1671 1180 1770 1273 1770 1273 1671
1321 1684 1321 1765 1417 1765 1417 1684
1429 1668 1429 1765 1510 1765 1510 1668
1557 1670 1557 1772 1641 1772 1641 1670
1696 1671 1696 1770 1784 1770 1784 1671
1814 1678 1814 1783 1899 1783 1899 1678
1948 1687 1948 1769 2034 1769 2034 1687
2064 1682 2064 1789 2151 1789 2151 1682
2178 1697 2178 1777 2280 1777 2280 1697
2322 1690 2322 1785 2419 1785 2419 1690
2445 1699 2445 1799 2541 1799 2541 1699
2568 1693 2568 1795 2664 1795 2664 1693
2683 1706 2683 1798 2789 1798 2789 1706
2818 1716 2818 1804 2882 1804 2882 1716
2945 1705 2945 1814 3036 1814 3036 1705
3061 1710 3061 1800 3155 1800 3155 1710
3198 1709 3198 1802 3292 1802 3292 1709
3324 1705 3324 1812 3419 1812 3419 1705
3446 1727 3446 1818 3542 1818 3542 1727
3576 1717 3576 1807 3655 1807 3655 1717
3702 1715 3702 1821 3800 1821 3800 1715
3827 1714 3827 1813 3925 1813 3925 1714
3937 1709 3937 1802 4034 1802 4034 1709
420 1793 420 1884 505 1884 505 1793
547 1799 547 1889 649 1889 649 1799
678 1789 678 1891 780 1891 780 1789
826 1799 826 1889 889 1889 889 1799
942 1800 942 1905 1035 1905 1035 1800
1077 1801 1077 1894 1134 1894 1134 1801
1186 1801 1186 1910 1289 1910 1289 1801
1310 1802 1310 1894 1408 1894 1408 1802
1427 1801 1427 1908 1529 1908 1529 1801
1552 1815 1552 1908 1647 1908 1647 1815
1682 1810 1682 1906 1790 1906 1790 1810
1813 1810 1813 1903 1899 1903 1899 1810
1942 1817 1942 1902 2033 1902 2033 1817
2060 1811 2060 1913 2153 1913 2153 1811
2180 1816 2180 1908 2289 1908 2289 1816
2308 1829 2308 1917 2400 1917 2400 1829
2435 1825 2435 1925 2519 1925 2519 1825
2544 1832 2544 1922 2650 1922 2650 1832
2665 1826 2665 1952 2774 1952 2774 1826
2800 1837 2800 1938 2904 1938 2904 1837
2936 1830 2936 1931 3035 1931 3035 1830
3062 1834 3062 1936 3158 1936 3158 1834
3198 1836 3198 1933 3289 1933 3289 1836
3323 1840 3323 1944 3423 1944 3423 1840
3439 1845 3439 1948 3540 1948 3540 1845
3570 1842 3570 1947 3659 1947 3659 1842
3697 1848 3697 1943 3795 1943 3795 1848
3818 1865 3818 1948 3912 1948 3912 1865
3950 1852 3950 1951 4045 1951 4045 1852
4075 1844 4075 1953 4175 1953 4175 1844
413 1915 413 2011 514 2011 514 1915
550 1921 550 2012 653 2012 653 1921
688 1920 688 2014 749 2014 749 1920
810 1924 810 2012 903 2012 903 1924
935 1931 935 2013 1018 2013 1018 1931
1054 1921 1054 2019 1158 2019 1158 1921
1184 1926 1184 2023 1276 2023 1276 1926
1306 1932 1306 2027 1405 2027 1405 1932
1424 1927 1424 2032 1534 2032 1534 1927
1565 1939 1565 2033 1622 2033 1622 1939
1676 1939 1676 2030 1777 2030 1777 1939
1806 1940 1806 2029 1900 2029 1900 1940
1920 1949 1920 2043 2026 2043 2026 1949
2056 1945 2056 2032 2139 2032 2139 1945
2170 1940 2170 2054 2278 2054 2278 1940
2308 1955 2308 2046 2414 2046 2414 1955
2435 1948 2435 2049 2523 2049 2523 1948
2546 1947 2546 2043 2655 2043 2655 1947
2679 1964 2679 2044 2763 2044 2763 1964
2793 1960 2793 2067 2890 2067 2890 1960
2900 1956 2900 2049 2945 2049 2945 1956
2940 1970 2940 2054 3038 2054 3038 1970
3066 1975 3066 2058 3165 2058 3165 1975
3165 1982 3165 2061 3203 2061 3203 1982
3209 1978 3209 2062 3304 2062 3304 1978
3327 1969 3327 2078 3406 2078 3406 1969
3439 1974 3439 2064 3544 2064 3544 1974
3567 1992 3567 2070 3654 2070 3654 1992
3691 1981 3691 2075 3798 2075 3798 1981
3815 1991 3815 2076 3912 2076 3912 1991
3936 1978 3936 2091 4032 2091 4032 1978
4064 1983 4064 2082 4161 2082 4161 1983
412 2040 412 2132 504 2132 504 2040
533 2043 533 2137 633 2137 633 2043
663 2044 663 2133 763 2133 763 2044
804 2054 804 2146 896 2146 896 2054
933 2048 933 2142 1041 2142 1041 2048
1050 2043 1050 2146 1150 2146 1150 2043
1181 2047 1181 2147 1267 2147 1267 2047
1296 2048 1296 2169 1399 2169 1399 2048
1436 2056 1436 2156 1493 2156 1493 2056
1529 2067 1529 2168 1638 2168 1638 2067
1664 2067 1664 2158 1771 2158 1771 2067
1799 2068 1799 2159 1905 2159 1905 2068
1923 2066 1923 2162 2034 2162 2034 2066
2057 2069 2057 2159 2158 2159 2158 2069
2178 2073 2178 2163 2278 2163 2278 2073
2315 2074 2315 2175 2410 2175 2410 2074
2427 2072 2427 2164 2531 2164 2531 2072
2553 2086 2553 2169 2645 2169 2645 2086
2687 2084 2687 2172 2751 2172 2751 2084
2801 2080 2801 2192 2901 2192 2901 2080
2928 2091 2928 2180 3030 2180 3030 2091
3064 2096 3064 2176 3146 2176 3146 2096
3175 2099 3175 2196 3298 2196 3298 2099
3330 2097 3330 2202 3424 2202 3424 2097
3444 2095 3444 2199 3542 2199 3542 2095
3561 2125 3561 2203 3677 2203 3677 2125
3698 2102 3698 2201 3795 2201 3795 2102
3818 2117 3818 2203 3908 2203 3908 2117
3926 2115 3926 2195 4038 2195 4038 2115
4083 2093 4083 2188 4147 2188 4147 2093
394 2169 394 2256 514 2256 514 2169
548 2170 548 2256 611 2256 611 2170
407 2299 407 2391 478 2391 478 2299
491 2292 491 2390 574 2390 574 2292
606 2304 606 2398 666 2398 666 2304
687 2311 687 2404 790 2404 790 2311
799 2316 799 2405 885 2405 885 2316
928 2302 928 2410 1029 2410 1029 2302
1047 2317 1047 2405 1146 2405 1146 2317
1154 2314 1154 2414 1239 2414 1239 2314
1242 2325 1242 2419 1336 2419 1336 2325
1335 2312 1335 2418 1428 2418 1428 2312
1444 2314 1444 2419 1549 2419 1549 2314
1565 2321 1565 2413 1663 2413 1663 2321
1673 2319 1673 2418 1763 2418 1763 2319
1770 2317 1770 2420 1874 2420 1874 2317
1878 2334 1878 2415 1954 2415 1954 2334
1987 2322 1987 2427 2082 2427 2082 2322
2090 2335 2090 2430 2170 2430 2170 2335
2189 2342 2189 2426 2273 2426 2273 2342
2309 2333 2309 2436 2411 2436 2411 2333
2430 2334 2430 2433 2526 2433 2526 2334
2528 2346 2528 2436 2633 2436 2633 2346
2635 2333 2635 2433 2700 2433 2700 2333
2716 2343 2716 2434 2813 2434 2813 2343
2826 2346 2826 2448 2915 2448 2915 2346
2935 2339 2935 2454 3038 2454 3038 2339
3068 2361 3068 2431 3141 2431 3141 2361
3176 2357 3176 2457 3246 2457 3246 2357
3272 2349 3272 2461 3377 2461 3377 2349
3393 2358 3393 2470 3491 2470 3491 2358
3487 2367 3487 2472 3540 2472 3540 2367
3565 2383 3565 2477 3679 2477 3679 2383
3693 2381 3693 2467 3764 2467 3764 2381
3778 2358 3778 2470 3886 2470 3886 2358
3898 2360 3898 2484 3997 2484 3997 2360
3995 2368 3995 2470 4088 2470 4088 2368
4083 2376 4083 2465 4191 2465 4191 2376
389 2395 389 2508 494 2508 494 2395
497 2405 497 2510 569 2510 569 2405
587 2411 587 2515 673 2515 673 2411
689 2417 689 2505 783 2505 783 2417
790 2419 790 2504 893 2504 893 2419
912 2416 912 2520 1007 2520 1007 2416
1029 2418 1029 2527 1123 2527 1123 2418
1141 2433 1141 2520 1234 2520 1234 2433
1239 2426 1239 2538 1326 2538 1326 2426
1334 2427 1334 2531 1428 2531 1428 2427
1453 2433 1453 2534 1507 2534 1507 2433
1541 2440 1541 2539 1647 2539 1647 2440
1680 2433 1680 2543 1790 2543 1790 2433
1793 2450 1793 2541 1874 2541 1874 2450
1885 2445 1885 2547 1983 2547 1983 2445
1994 2442 1994 2545 2075 2545 2075 2442
2090 2445 2090 2545 2187 2545 2187 2445
2200 2443 2200 2554 2294 2554 2294 2443
2304 2439 2304 2555 2396 2555 2396 2439
2408 2453 2408 2561 2510 2561 2510 2453
2526 2461 2526 2572 2616 2572 2616 2461
2632 2454 2632 2563 2724 2563 2724 2454
2736 2467 2736 2555 2839 2555 2839 2467
2846 2468 2846 2572 2913 2572 2913 2468
2939 2465 2939 2577 3033 2577 3033 2465
3047 2477 3047 2576 3140 2576 3140 2477
3164 2489 3164 2572 3252 2572 3252 2489
3270 2487 3270 2581 3371 2581 3371 2487
3373 2478 3373 2584 3459 2584 3459 2478
3465 2485 3465 2590 3576 2590 3576 2485
3584 2506 3584 2586 3652 2586 3652 2506
3696 2487 3696 2596 3783 2596 3783 2487
3789 2501 3789 2603 3871 2603 3871 2501
3888 2496 3888 2595 3970 2595 3970 2496
3995 2515 3995 2599 4089 2599 4089 2515
4096 2502 4096 2597 4167 2597 4167 2502
375 2520 375 2624 478 2624 478 2520
501 2517 501 2618 584 2618 584 2517
589 2519 589 2625 676 2625 676 2519
680 2530 680 2624 776 2624 776 2530
793 2524 793 2633 875 2633 875 2524
904 2524 904 2628 1010 2628 1010 2524
1021 2537 1021 2630 1137 2630 1137 2537
1143 2539 1143 2633 1242 2633 1242 2539
1241 2555 1241 2645 1332 2645 1332 2555
1329 2555 1329 2645 1413 2645 1413 2555
1431 2547 1431 2649 1517 2649 1517 2547
1550 2545 1550 2652 1659 2652 1659 2545
1670 2555 1670 2669 1767 2669 1767 2555
1780 2557 1780 2643 1877 2643 1877 2557
1886 2569 1886 2648 1958 2648 1958 2569
1980 2560 1980 2655 2087 2655 2087 2560
2099 2560 2099 2662 2176 2662 2176 2560
2191 2570 2191 2664 2285 2664 2285 2570
2306 2557 2306 2653 2402 2653 2402 2557
2413 2576 2413 2663 2520 2663 2520 2576
2526 2583 2526 2665 2588 2665 2588 2583
2623 2583 2623 2660 2727 2660 2727 2583
2729 2572 2729 2676 2812 2676 2812 2572
2839 2587 2839 2670 2911 2670 2911 2587
2935 2587 2935 2675 3030 2675 3030 2587
3045 2597 3045 2678 3142 2678 3142 2597
3172 2591 3172 2686 3264 2686 3264 2591
3272 2588 3272 2694 3373 2694 3373 2588
3378 2600 3378 2701 3479 2701 3479 2600
3484 2600 3484 2693 3561 2693 3561 2600
3583 2594 3583 2705 3657 2705 3657 2594
3672 2614 3672 2701 3769 2701 3769 2614
3786 2613 3786 2699 3851 2699 3851 2613
3885 2608 3885 2698 3954 2698 3954 2608
4005 2605 4005 2701 4088 2701 4088 2605
4093 2614 4093 2711 4184 2711 4184 2614
479 2633 479 2715 561 2715 561 2633
584 2630 584 2718 672 2718 672 2630
688 2632 688 2723 781 2723 781 2632
790 2632 790 2732 867 2732 867 2632
917 2644 917 2741 974 2741 974 2644
1016 2645 1016 2740 1117 2740 1117 2645
1139 2641 1139 2736 1232 2736 1232 2641
1245 2643 1245 2736 1304 2736 1304 2643
1337 2649 1337 2744 1426 2744 1426 2649
1431 2653 1431 2743 1516 2743 1516 2653
1556 2651 1556 2740 1609 2740 1609 2651
1664 2653 1664 2748 1761 2748 1761 2653
1786 2657 1786 2763 1845 2763 1845 2657
1884 2653 1884 2755 1976 2755 1976 2653
1988 2660 1988 2736 2054 2736 2054 2660
2086 2673 2086 2768 2177 2768 2177 2673
2184 2674 2184 2771 2271 2771 2271 2674
2304 2672 2304 2764 2392 2764 2392 2672
2426 2665 2426 2757 2487 2757 2487 2665
2529 2680 2529 2772 2617 2772 2617 2680
2636 2673 2636 2770 2726 2770 2726 2673
2739 2685 2739 2767 2825 2767 2825 2685
2829 2690 2829 2779 2923 2779 2923 2690
2938 2683 2938 2785 3021 2785 3021 2683
3053 2680 3053 2783 3146 2783 3146 2680
3168 2693 3168 2787 3258 2787 3258 2693
3275 2689 3275 2780 3382 2780 3382 2689
3383 2693 3383 2789 3474 2789 3474 2693
3486 2699 3486 2785 3570 2785 3570 2699
3586 2705 3586 2787 3647 2787 3647 2705
3675 2707 3675 2794 3776 2794 3776 2707
3781 2705 3781 2794 3868 2794 3868 2705
3899 2711 3899 2818 3986 2818 3986 2711
3986 2713 3986 2810 4073 2810 4073 2713
4099 2710 4099 2810 4193 2810 4193 2710
469 2738 469 2833 566 2833 566 2738
585 2736 585 2841 672 2841 672 2736
686 2731 686 2818 785 2818 785 2731
792 2733 792 2843 879 2843 879 2733
903 2742 903 2835 1000 2835 1000 2742
1019 2731 1019 2837 1088 2837 1088 2731
1126 2745 1126 2826 1201 2826 1201 2745
1234 2742 1234 2845 1319 2845 1319 2742
1335 2750 1335 2834 1427 2834 1427 2750
1436 2745 1436 2849 1516 2849 1516 2745
1527 2745 1527 2830 1649 2830 1649 2745
1662 2750 1662 2856 1761 2856 1761 2750
1784 2761 1784 2854 1876 2854 1876 2761
1884 2760 1884 2858 1967 2858 1967 2760
1990 2768 1990 2859 2069 2859 2069 2768
2079 2765 2079 2862 2177 2862 2177 2765
2184 2776 2184 2872 2281 2872 2281 2776
2301 2772 2301 2873 2389 2873 2389 2772
2413 2777 2413 2875 2483 2875 2483 2777
2511 2782 2511 2869 2615 2869 2615 2782
2624 2788 2624 2878 2716 2878 2716 2788
2712 2786 2712 2881 2805 2881 2805 2786
2826 2786 2826 2880 2911 2880 2911 2786
2914 2794 2914 2899 3008 2899 3008 2794
3033 2803 3033 2900 3141 2900 3141 2803
3155 2810 3155 2899 3255 2899 3255 2810
3265 2798 3265 2906 3351 2906 3351 2798
3368 2805 3368 2889 3442 2889 3442 2805
3467 2798 3467 2904 3561 2904 3561 2798
3575 2797 3575 2907 3672 2907 3672 2797
3674 2814 3674 2914 3767 2914 3767 2814
3780 2814 3780 2907 3873 2907 3873 2814
3894 2811 3894 2910 3980 2910 3980 2811
3999 2817 3999 2916 4088 2916 4088 2817
4106 2818 4106 2913 4196 2913 4196 2818
364 2871 364 2966 463 2966 463 2871
480 2886 480 2968 562 2968 562 2886
582 2878 582 2970 689 2970 689 2878
693 2881 693 2982 773 2982 773 2881
791 2874 791 2974 886 2974 886 2874
914 2891 914 2972 994 2972 994 2891
1023 2882 1023 2963 1112 2963 1112 2882
1146 2886 1146 2981 1211 2981 1211 2886
1210 2890 1210 2985 1315 2985 1315 2890
1342 2887 1342 2984 1421 2984 1421 2887
1427 2886 1427 2989 1530 2989 1530 2886
1535 2906 1535 2981 1635 2981 1635 2906
1668 2905 1668 2989 1731 2989 1731 2905
1766 2922 1766 3002 1857 3002 1857 2922
1876 2914 1876 2999 1935 2999 1935 2914
1981 2920 1981 3006 2059 3006 2059 2920
2089 2922 2089 3013 2174 3013 2174 2922
2178 2925 2178 3018 2271 3018 2271 2925
2294 2916 2294 3009 2395 3009 2395 2916
2405 2924 2405 3010 2499 3010 2499 2924
2524 2932 2524 3018 2602 3018 2602 2932
2632 2917 2632 3014 2710 3014 2710 2917
2733 2917 2733 3026 2825 3026 2825 2917
2824 2916 2824 3020 2902 3020 2902 2916
2919 2927 2919 3022 3019 3022 3019 2927
3047 2940 3047 3039 3138 3039 3138 2940
3180 2946 3180 3040 3233 3040 3233 2946
3267 2946 3267 3050 3351 3050 3351 2946
3353 2952 3353 3040 3436 3040 3436 2952
3467 2949 3467 3046 3556 3046 3556 2949
3575 2942 3575 3045 3628 3045 3628 2942
3676 2950 3676 3046 3768 3046 3768 2950
3788 2968 3788 3042 3858 3042 3858 2968
3895 2970 3895 3074 3989 3074 3989 2970
3995 2958 3995 3049 4092 3049 4092 2958
378 2975 378 3070 471 3070 471 2975
495 2987 495 3069 568 3069 568 2987
589 2979 589 3084 680 3084 680 2979
695 2981 695 3078 787 3078 787 2981
800 3001 800 3088 860 3088 860 3001
920 2997 920 3074 1000 3074 1000 2997
1031 2988 1031 3103 1117 3103 1117 2988
1149 3004 1149 3101 1238 3101 1238 3004
1246 3005 1246 3087 1292 3087 1292 3005
1333 3007 1333 3108 1419 3108 1419 3007
1442 3018 1442 3119 1520 3119 1520 3018
1539 3017 1539 3114 1623 3114 1623 3017
1652 3020 1652 3116 1752 3116 1752 3020
1772 3024 1772 3114 1863 3114 1863 3024
1873 3023 1873 3123 1957 3123 1957 3023
1985 3031 1985 3121 2076 3121 2076 3031
2085 3021 2085 3118 2164 3118 2164 3021
2191 3036 2191 3119 2266 3119 2266 3036
2306 3041 2306 3124 2399 3124 2399 3041
2411 3046 2411 3126 2490 3126 2490 3046
2515 3052 2515 3140 2621 3140 2621 3052
2621 3041 2621 3139 2715 3139 2715 3041
2713 3053 2713 3140 2810 3140 2810 3053
2817 3057 2817 3145 2908 3145 2908 3057
2926 3057 2926 3143 3018 3143 3018 3057
3051 3056 3051 3137 3139 3137 3139 3056
3166 3060 3166 3159 3256 3159 3256 3060
3276 3062 3276 3159 3347 3159 3347 3062
3357 3051 3357 3151 3434 3151 3434 3051
3455 3064 3455 3155 3537 3155 3537 3064
3565 3054 3565 3148 3625 3148 3625 3054
3664 3072 3664 3165 3744 3165 3744 3072
3775 3068 3775 3165 3853 3165 3853 3068
3882 3075 3882 3171 3983 3171 3983 3075
3979 3079 3979 3170 4072 3170 4072 3079
4096 3077 4096 3172 4194 3172 4194 3077
4206 3079 4206 3172 4272 3172 4272 3079
391 3119 391 3212 472 3212 472 3119
495 3104 495 3201 551 3201 551 3104
565 3118 565 3207 660 3207 660 3118
691 3110 691 3193 778 3193 778 3110
783 3117 783 3206 876 3206 876 3117
906 3106 906 3199 985 3199 985 3106
1013 3118 1013 3203 1099 3203 1099 3118
1135 3121 1135 3209 1219 3209 1219 3121
1230 3127 1230 3220 1311 3220 1311 3127
1333 3121 1333 3213 1415 3213 1415 3121
1425 3143 1425 3209 1521 3209 1521 3143
1538 3133 1538 3230 1622 3230 1622 3133
1664 3144 1664 3241 1749 3241 1749 3144
1772 3142 1772 3237 1851 3237 1851 3142
1866 3154 1866 3247 1954 3247 1954 3154
1979 3159 1979 3246 2058 3246 2058 3159
2079 3158 2079 3245 2141 3245 2141 3158
2169 3164 2169 3243 2248 3243 2248 3164
2291 3159 2291 3255 2394 3255 2394 3159
2396 3166 2396 3260 2493 3260 2493 3166
2521 3164 2521 3254 2585 3254 2585 3164
2614 3165 2614 3257 2703 3257 2703 3165
2723 3171 2723 3274 2815 3274 2815 3171
2825 3172 2825 3276 2906 3276 2906 3172
2927 3175 2927 3268 3001 3268 3001 3175
3044 3179 3044 3264 3131 3264 3131 3179
3168 3177 3168 3274 3259 3274 3259 3177
3293 3186 3293 3279 3370 3279 3370 3186
3380 3180 3380 3268 3433 3268 3433 3180
3455 3185 3455 3275 3553 3275 3553 3185
3565 3180 3565 3278 3657 3278 3657 3180
3681 3207 3681 3301 3768 3301 3768 3207
3780 3200 3780 3298 3861 3298 3861 3200
3885 3217 3885 3293 3956 3293 3956 3217
3989 3202 3989 3299 4090 3299 4090 3202
4091 3209 4091 3303 4178 3303 4178 3209
4186 3197 4186 3297 4269 3297 4269 3197
380 3220 380 3302 461 3302 461 3220
492 3226 492 3307 570 3307 570 3226
586 3227 586 3318 675 3318 675 3227
678 3224 678 3320 771 3320 771 3224
787 3232 787 3322 864 3322 864 3232
900 3228 900 3326 990 3326 990 3228
1012 3238 1012 3319 1098 3319 1098 3238
1134 3233 1134 3331 1225 3331 1225 3233
1240 3243 1240 3328 1315 3328 1315 3243
1335 3236 1335 3335 1426 3335 1426 3236
1427 3247 1427 3328 1514 3328 1514 3247
1519 3235 1519 3331 1610 3331 1610 3235
1647 3244 1647 3334 1761 3334 1761 3244
1773 3253 1773 3326 1846 3326 1846 3253
1866 3250 1866 3346 1951 3346 1951 3250
1964 3255 1964 3345 2055 3345 2055 3255
2062 3259 2062 3339 2132 3339 2132 3259
2167 3253 2167 3349 2271 3349 2271 3253
2283 3263 2283 3354 2373 3354 2373 3263
2402 3267 2402 3349 2483 3349 2483 3267
2516 3261 2516 3349 2600 3349 2600 3261
2633 3262 2633 3355 2707 3355 2707 3262
2721 3274 2721 3365 2823 3365 2823 3274
2839 3284 2839 3374 2891 3374 2891 3284
3043 3280 3043 3371 3130 3371 3130 3280
3156 3283 3156 3363 3242 3363 3242 3283
3251 3283 3251 3372 3351 3372 3351 3283
3369 3286 3369 3364 3422 3364 3422 3286
3457 3287 3457 3373 3540 3373 3540 3287
3555 3286 3555 3370 3643 3370 3643 3286
3656 3299 3656 3381 3741 3381 3741 3299
3772 3298 3772 3381 3866 3381 3866 3298
3872 3293 3872 3383 3949 3383 3949 3293
3976 3300 3976 3394 4069 3394 4069 3300
4087 3319 4087 3389 4163 3389 4163 3319
4175 3304 4175 3391 4262 3391 4262 3304
379 3308 379 3411 455 3411 455 3308
272 3314 272 3409 367 3409 367 3314
464 3321 464 3398 538 3398 538 3321
580 3318 580 3406 672 3406 672 3318
683 3320 683 3419 772 3419 772 3320
777 3327 777 3415 873 3415 873 3327
885 3327 885 3411 979 3411 979 3327
1023 3333 1023 3432 1111 3432 1111 3333
1135 3336 1135 3426 1220 3426 1220 3336
1233 3334 1233 3431 1324 3431 1324 3334
1329 3347 1329 3430 1409 3430 1409 3347
1428 3342 1428 3438 1508 3438 1508 3342
1520 3346 1520 3439 1619 3439 1619 3346
1649 3351 1649 3431 1753 3431 1753 3351
1761 3346 1761 3438 1817 3438 1817 3346
1851 3359 1851 3444 1936 3444 1936 3359
1956 3359 1956 3447 2062 3447 2062 3359
2074 3353 2074 3450 2151 3450 2151 3353
2159 3362 2159 3448 2273 3448 2273 3362
2296 3372 2296 3458 2374 3458 2374 3372
2396 3370 2396 3464 2493 3464 2493 3370
2500 3375 2500 3453 2578 3453 2578 3375
2605 3377 2605 3462 2708 3462 2708 3377
2728 3381 2728 3456 2805 3456 2805 3381
2806 3377 2806 3472 2899 3472 2899 3377
2913 3379 2913 3470 2996 3470 2996 3379
3020 3387 3020 3472 3126 3472 3126 3387
3141 3392 3141 3475 3201 3475 3201 3392
3223 3392 3223 3473 3336 3473 3336 3392
3348 3378 3348 3479 3455 3479 3455 3378
3456 3390 3456 3488 3540 3488 3540 3390
3555 3393 3555 3487 3659 3487 3659 3393
3676 3395 3676 3491 3729 3491 3729 3395
3767 3404 3767 3496 3836 3496 3836 3404
3866 3403 3866 3487 3969 3487 3969 3403
3993 3416 3993 3504 4051 3504 4051 3416
4070 3405 4070 3490 4177 3490 4177 3405
259 3419 259 3508 364 3508 364 3419
373 3421 373 3514 428 3514 428 3421
471 3413 471 3509 560 3509 560 3413
572 3424 572 3501 657 3501 657 3424
687 3425 687 3510 745 3510 745 3425
776 3427 776 3515 873 3515 873 3427
907 3433 907 3523 995 3523 995 3433
1016 3435 1016 3523 1080 3523 1080 3435
1117 3438 1117 3525 1199 3525 1199 3438
1245 3447 1245 3529 1331 3529 1331 3447
1344 3441 1344 3522 1404 3522 1404 3441
1410 3439 1410 3537 1512 3537 1512 3439
1530 3442 1530 3533 1613 3533 1613 3442
1639 3456 1639 3541 1741 3541 1741 3456
1755 3453 1755 3555 1851 3555 1851 3453
1855 3459 1855 3553 1946 3553 1946 3459
1953 3466 1953 3560 2057 3560 2057 3466
2064 3460 2064 3548 2126 3548 2126 3460
2160 3467 2160 3553 2266 3553 2266 3467
2279 3471 2279 3557 2367 3557 2367 3471
2386 3474 2386 3567 2493 3567 2493 3474
2796 3475 2796 3574 2891 3574 2891 3475
2903 3475 2903 3580 3022 3580 3022 3475
3023 3490 3023 3571 3112 3571 3112 3490
3142 3486 3142 3583 3225 3583 3225 3486
3233 3492 3233 3582 3300 3582 3300 3492
3350 3484 3350 3579 3445 3579 3445 3484
3454 3488 3454 3588 3543 3588 3543 3488
3556 3497 3556 3591 3648 3591 3648 3497
3676 3501 3676 3595 3752 3595 3752 3501
3773 3505 3773 3599 3834 3599 3834 3505
135 3517 135 3596 224 3596 224 3517
249 3514 249 3585 363 3585 363 3514
382 3518 382 3601 432 3601 432 3518
465 3527 465 3612 561 3612 561 3527
579 3526 579 3618 664 3618 664 3526
681 3525 681 3621 783 3621 783 3525
789 3541 789 3612 874 3612 874 3541
908 3532 908 3618 963 3618 963 3532
1019 3530 1019 3624 1104 3624 1104 3530
1120 3540 1120 3626 1215 3626 1215 3540
1233 3536 1233 3621 1313 3621 1313 3536
1323 3537 1323 3636 1382 3636 1382 3537
1407 3540 1407 3636 1502 3636 1502 3540
1529 3549 1529 3637 1611 3637 1611 3549
1659 3555 1659 3646 1748 3646 1748 3555
1751 3570 1751 3649 1851 3649 1851 3570
1857 3572 1857 3665 1969 3665 1969 3572
1975 3575 1975 3667 2058 3667 2058 3575
2064 3565 2064 3659 2164 3659 2164 3565
2169 3570 2169 3663 2262 3663 2262 3570
2269 3572 2269 3673 2372 3673 2372 3572
2393 3570 2393 3661 2486 3661 2486 3570
2501 3582 2501 3671 2600 3671 2600 3582
2605 3581 2605 3652 2673 3652 2673 3581
2712 3572 2712 3666 2784 3666 2784 3572
2794 3585 2794 3673 2893 3673 2893 3585
2921 3593 2921 3678 3018 3678 3018 3593
3028 3593 3028 3687 3123 3687 3123 3593
3142 3598 3142 3689 3230 3689 3230 3598
3251 3608 3251 3686 3336 3686 3336 3608
3358 3599 3358 3689 3418 3689 3418 3599
3443 3610 3443 3686 3529 3686 3529 3610
3552 3605 3552 3710 3659 3710 3659 3605
3668 3611 3668 3700 3752 3700 3752 3611
3765 3617 3765 3706 3873 3706 3873 3617
143 3615 143 3718 233 3718 233 3615
243 3623 243 3707 345 3707 345 3623
368 3620 368 3711 463 3711 463 3620
467 3628 467 3699 565 3699 565 3628
573 3625 573 3706 666 3706 666 3625
677 3626 677 3708 765 3708 765 3626
784 3624 784 3718 853 3718 853 3624
884 3633 884 3716 968 3716 968 3633
1007 3649 1007 3724 1112 3724 1112 3649
1122 3646 1122 3719 1211 3719 1211 3646
1232 3635 1232 3715 1324 3715 1324 3635
1334 3646 1334 3724 1408 3724 1408 3646
1428 3649 1428 3740 1502 3740 1502 3649
1527 3659 1527 3750 1614 3750 1614 3659
1641 3652 1641 3753 1729 3753 1729 3652
1758 3656 1758 3749 1849 3749 1849 3656
1865 3663 1865 3751 1929 3751 1929 3663
1952 3665 1952 3763 2058 3763 2058 3665
2066 3665 2066 3765 2142 3765 2142 3665
2147 3670 2147 3748 2255 3748 2255 3670
2285 3674 2285 3762 2343 3762 2343 3674
2393 3676 2393 3769 2471 3769 2471 3676
2499 3680 2499 3770 2565 3770 2565 3680
2598 3685 2598 3771 2698 3771 2698 3685
2705 3687 2705 3760 2779 3760 2779 3687
2804 3689 2804 3776 2888 3776 2888 3689
2922 3692 2922 3776 2984 3776 2984 3692
3027 3693 3027 3778 3141 3778 3141 3693
3153 3697 3153 3787 3221 3787 3221 3697
3255 3714 3255 3792 3340 3792 3340 3714
3363 3713 3363 3802 3456 3802 3456 3713
3467 3699 3467 3798 3552 3798 3552 3699
3561 3713 3561 3809 3658 3809 3658 3713
3682 3709 3682 3801 3771 3801 3771 3709
254 3746 254 3832 356 3832 356 3746
377 3743 377 3833 447 3833 447 3743
466 3742 466 3842 573 3842 573 3742
586 3741 586 3839 670 3839 670 3741
670 3750 670 3832 769 3832 769 3750
782 3753 782 3842 867 3842 867 3753
902 3747 902 3835 965 3835 965 3747
1014 3756 1014 3849 1110 3849 1110 3756
1121 3766 1121 3865 1210 3865 1210 3766
1255 3763 1255 3868 1338 3868 1338 3763
1362 3765 1362 3862 1414 3862 1414 3765
1443 3762 1443 3854 1531 3854 1531 3762
1534 3777 1534 3856 1621 3856 1621 3777
1662 3769 1662 3854 1714 3854 1714 3769
1752 3776 1752 3871 1853 3871 1853 3776
1871 3781 1871 3885 1958 3885 1958 3781
1961 3778 1961 3875 2061 3875 2061 3778
2071 3781 2071 3872 2159 3872 2159 3781
2174 3776 2174 3884 2273 3884 2273 3776
2271 3802 2271 3873 2379 3873 2379 3802
2411 3792 2411 3890 2476 3890 2476 3792
2500 3788 2500 3890 2586 3890 2586 3788
2600 3804 2600 3889 2697 3889 2697 3804
2718 3797 2718 3893 2783 3893 2783 3797
2810 3807 2810 3903 2895 3903 2895 3807
2901 3808 2901 3904 2990 3904 2990 3808
3033 3810 3033 3899 3120 3899 3120 3810
3149 3826 3149 3903 3232 3903 3232 3826
3249 3818 3249 3912 3340 3912 3340 3818
3357 3823 3357 3901 3434 3901 3434 3823
365 3855 365 3959 455 3959 455 3855
470 3865 470 3960 540 3960 540 3865
564 3865 564 3953 665 3953 665 3865
900 3865 900 3958 985 3958 985 3865
1003 3871 1003 3968 1086 3968 1086 3871
1112 3874 1112 3961 1205 3961 1205 3874
1226 3878 1226 3972 1332 3972 1332 3878
1348 3879 1348 3973 1442 3973 1442 3879
1472 3885 1472 3970 1525 3970 1525 3885
1533 3879 1533 3969 1624 3969 1624 3879
1638 3894 1638 3988 1739 3988 1739 3894
1765 3905 1765 3983 1851 3983 1851 3905
1867 3903 1867 3992 1942 3992 1942 3903
1954 3906 1954 3995 2034 3995 2034 3906
2066 3907 2066 3983 2145 3983 2145 3907
2294 3922 2294 4007 2384 4007 2384 3922
2398 3913 2398 4003 2469 4003 2469 3913
2499 3916 2499 4002 2599 4002 2599 3916
2604 3927 2604 4003 2708 4003 2708 3927
457 3970 457 4067 554 4067 554 3970
579 3971 579 4055 662 4055 662 3971
897 3969 897 4064 987 4064 987 3969
997 3978 997 4069 1089 4069 1089 3978
1126 3980 1126 4079 1213 4079 1213 3980
1252 3977 1252 4070 1348 4070 1348 3977
1361 3986 1361 4061 1439 4061 1439 3986
1446 3988 1446 4074 1545 4074 1545 3988
1549 3998 1549 4087 1599 4087 1599 3998
1636 3997 1636 4088 1724 4088 1724 3997
1746 3996 1746 4091 1832 4091 1832 3996
1845 4006 1845 4089 1943 4089 1943 4006
1964 4000 1964 4112 2074 4112 2074 4000
762 4067 762 4169 860 4169 860 4067
886 4061 886 4150 983 4150 983 4061
992 4071 992 4152 1089 4152 1089 4071
1114 4072 1114 4169 1213 4169 1213 4072
1262 4076 1262 4164 1349 4164 1349 4076
1350 4080 1350 4157 1442 4157 1442 4080
1459 4083 1459 4174 1514 4174 1514 4083
885 4174 885 4256 970 4256 970 4174
1006 4168 1006 4252 1070 4252 1070 4168
1106 4178 1106 4254 1196 4254 1196 4178
1254 4179 1254 4263 1326 4263 1326 4179
1358 4188 1358 4266 1455 4266 1455 4188
2924 3281 2924 3367 3025 3367 3025 3281
# Transcript
****EYHNORA
**EXYMBALLESQAIT*
*HMONOTIDOKEITHIBOY*
*HEY**KARNANPROQYMOSEST*
PERIONDHMO***NAQHNAIWNKAIPOEIOT
*YNATAIAGAQONEINAIDEAYTONPROXENO
*AIEYERGETHNTOYDHMOYTOYAQHNAIWN**
*AYTONKAIEKGONOYSKAIEINAIAYTWIKA*
APERTOISALLOISEYERGETAISKAIANAG*
UAITODETOUHFISMAENSTHLHILIQINHITO
N*RAMMATEATHSBOYLHSKAISTHSAIENA**
*OLEIEISDETHNANAGRAFHNTHSSTHLHS
NAITONTAMIANTOYDHMOY:DD:DRACMASE
NKATAUHFISMATAANALISKOMENWNTWI
WI
IFILOKLEOYSARCONTOSEPITHSOINEIDOSENA
PRYTANEASHIEYQYGENHSHFAISTODHMOYKHFI
YSEGRAMMATEYENQARGHLIWNOSDEYTERAIIST*
*OYTRITEIKAIEIKOSTEITHSPRYTANEIASEKK
*ATWNPROEDRWNEPEUHFIZENEYALKOSFALHRE
DOXENTWIDHMWIDIOFANTOSFRASIKLEIDOYM*
NOYSIOSEIPENTAMENALLAKAQAPERTHIBOYLEI
EIDHDEEYHNWREYHPIOYDIEYERGESIANPROXEN
*EGENETOTOYDHMOYTOYAQHNAIWNKAIAPANTAOS
PROSETAXENAYTWIODHMOSOAQHNAIWNKAIIDIA*
*AIKOINEIEPIMELETAIAGA*TYCEI**EUHFI*
TWIDHMWIEPAINESAMENEYHNORAEYHPIOYKA
FANWSAIQALLOYSTEFANWIFILOTIMIASENE
PIMELEIASEINAIDEAYTWIKAIEGGONO
KIA**GKTHSINAPECO*TITW***
EP**ELESQAIDEAY***
YSANKAI***
AIDET
# Lines: x1 y1 x2 y2 x3 y3 x4 y4
3105 464 4103 510
2296 616 4113 620
1735 700 4091 752
892 824 4135 877
119 920 4204 1014
230 1064 4235 1127
256 1192 4096 1247
218 1326 4274 1362
110 1436 4111 1504
98 1571 4363 1638
107 1684 4094 1758
359 1825 4228 1883
364 1960 4293 2025
364 2092 4238 2149
340 2209 710 2217
347 2337 4240 2421
311 2440 4259 2545
333 2569 4247 2660
417 2670 4233 2768
429 2790 4271 2855
311 2903 4178 2982
326 3004 4310 3136
355 3153 4300 3280
359 3241 4343 3354
189 3345 4307 3445
206 3460 3885 3551
74 3546 3967 3673
115 3649 3866 3760
175 3793 3482 3868
314 3892 2851 3966
376 4014 2186 4053
674 4101 1607 4134
763 4187 1651 4223