# Baseline angle
12.483342873110207
# Boxes: x1 y1 x2 y2 x3 y3 x4 y4
561.1174395295916 1766.1249163052967 570.4932677999122 1878.789355930144 676.0708361591971 1870.0032903940191 666.6950078888765 1757.3388507691718
647.8554998920774 1765.0029728705676 656.5689235569325 1869.7076417393778 787.0644223930925 1858.8479295603463 778.3509987282374 1754.1432606915362
761.9349144888548 1755.9266348438312 771.063210874486 1865.6166128772581 906.5389510245509 1854.342449719201 897.4106546389198 1744.6524716857741
490.1262300881824 2157.6977625824675 498.75570920285645 2261.3937135617157 605.3343936756344 2252.5243360880354 596.7049145609606 2148.8283851087867
585.6347122329792 2147.791711987147 595.5922479700628 2267.4462269289547 729.069810173711 2256.338350252608 719.1122744366273 2136.683835310801
709.6248956889017 2142.5539255685653 718.5037201777916 2249.246129897296 838.0360999174346 2239.2987581363986 829.1572754285447 2132.6065538076673
811.0380257840718 2119.1151319925284 824.8926659492506 2285.5991188371777 941.4049734410642 2275.903074636723 927.5503332758854 2109.4190877920737
902.1405009130956 2116.597389875945 912.2631844291639 2238.236399567245 1028.7982972491823 2228.5384575289127 1018.675613733114 2106.8994478376126
565.4555243883069 2279.904543982868 572.1759563747835 2360.6604710288093 640.8972050858163 2354.941553608352 634.1767730993395 2274.1856265624106
623.2581632658867 2275.1238600581446 631.2246051624686 2370.8524385052883 747.7728943943387 2361.153399938405 739.8064524977565 2265.424821491262
572.0271005716706 2395.7570984927543 580.4076560538786 2496.461863973233 683.998195738314 2487.841157086968 675.6176402561061 2387.1363916064897
680.6561977726396 2386.7727097376714 690.5295780886668 2505.415972864561 795.1075506896723 2496.7130927434664 785.2341703736453 2378.069829616578
538.2177637551342 2545.051869814546 547.7594145912401 2659.708912750026 652.3394143325309 2651.0058639322315 642.7977634964247 2536.348820996751
642.8604720679941 2536.397183399099 652.4022916008003 2651.0562534748638 760.9685115334996 2642.0214751771487 751.4266920006933 2527.3624051013835
754.2320841803174 2524.1757262232077 763.3591153406975 2633.8505007044982 868.9382040551964 2625.0643086458485 859.8111728948165 2515.3895341645575
848.4367373728082 2474.24093557698 864.1158053292019 2662.6481199042346 978.6238534537445 2653.1188682755915 962.9447854973505 2464.7116839483365
610.7221175589948 2669.4991224137275 619.0202889354978 2769.2139210522796 735.566551027083 2759.5150511820966 727.2683796505798 2659.800252543544
723.6747961908277 2652.129827957882 732.3038113895757 2755.820204301347 827.92039033598 2747.8630828974497 819.291375137232 2644.1727065539844
485.07593220177296 2666.846556641001 493.7871628095254 2771.5248726861073 572.4617991573709 2764.977643746048 563.7505685496187 2660.299327700942
560.142935990333 2676.6926189101696 567.4428823864698 2764.4122684493673 612.2432624535518 2760.6840231276606 604.9433160574142 2672.9643735884624
828.3100143005685 2655.5167337916714 836.6079748061965 2755.2289985048674 948.1714616585207 2745.9447904845856 939.8735011528929 2646.232525771389
922.5671322654919 2654.7449093644145 930.6163800095292 2751.4685225041962 1044.1744973127716 2742.0183232214285 1036.1252495687343 2645.2947100816473
495.87368382485397 2797.4007927265684 504.3362438451909 2899.0909639833326 586.002065691807 2892.294811410808 577.5395056714699 2790.6046401540443
569.1273247454153 2785.3217161111384 578.2537232931691 2894.9888888163605 668.8844862898857 2887.4466823074135 659.7580877421312 2777.779509602192
637.9749586502039 2780.630947974443 647.6825585746205 2897.2821145757703 754.2546548414728 2888.413285366365 744.5470549170564 2771.7621187650384
734.2327612623008 2767.6526801281325 744.1884413356821 2887.2848965268054 833.8175814338338 2879.8260441295897 823.8619013604524 2760.193827730917
815.9387530622961 2784.9769666640655 825.2319020076868 2896.6478919514875 936.7893074391563 2887.364190021306 927.4961584937655 2775.693264733884
920.836228333002 2767.2704796654643 930.5437017348938 2883.920125911578 1034.1261328581895 2875.3000938121136 1024.418659456298 2758.6504475660004
1014.2616002457162 2768.5742752671713 1021.9775158911812 2861.2924103828377 1097.6685685163247 2854.993472462619 1089.95265287086 2762.2753373469523
485.5705524124255 2939.734363900407 495.6107674744394 3060.382393179639 623.1084926059029 3049.7721528973498 613.0682775438895 2929.1241236181177
604.9149423009671 2926.853502045244 614.4577740139748 3041.524734962718 746.9413150951265 3030.499579785477 737.3984833821189 2915.828346868003
714.1285087994183 2912.803701595116 724.0871410650527 3032.4713929487743 883.4751345128582 3019.207274652942 873.5165022472235 2899.5395832992835
487.82607071864413 3185.3843438254426 498.2799354503577 3311.002985502226 601.8578055080127 3302.383332970337 591.4039407762994 3176.764691293554
578.5089277200038 3189.925207847958 587.4707267530493 3297.6144740096133 707.9991547554732 3287.584212052909 699.037355722428 3179.894945891255
685.0624048920092 3180.1090730406668 695.5173661522738 3305.740891129301 825.0056674540858 3294.9649969779266 814.5507061938212 3169.333178889292
804.0621120346764 3187.3250067958656 812.0277526219329 3283.0439563266555 909.641495944611 3274.920632789397 901.6758553573547 3179.201683258607
612.2209252465921 3330.6252477298544 621.347872058622 3440.2990086410036 724.9338506774166 3431.6786813223134 715.8069038653866 3322.004920411165
706.9875771272075 3311.7498221362903 717.0244182552176 3432.357308609824 764.797739558506 3428.3816579259533 754.760898430496 3307.774171452419
755.9782019732414 3321.7457551690386 765.0225116345164 3430.426508527833 875.5848823733475 3421.225612445107 866.5405727120723 3312.5448590863125
848.9090203765015 3317.0699674385814 856.4605895523073 3407.813236721108 968.0286374702723 3398.528649133251 960.4770682944666 3307.7853798507244
543.5381758622211 3470.763322274226 550.8409479280865 3558.516926413196 662.410516201265 3549.2322123028134 655.1077441353998 3461.4786081638435
647.4315637077809 3465.1808531097704 655.8097574361866 3565.8572386262604 703.5932144408987 3561.8807444588883 695.2150207124932 3461.204358942398
687.7075805134155 3466.866815823546 695.6741067583478 3562.596407840832 814.2155060859222 3552.7315045339883 806.24897984099 3457.001912516702
798.419787946467 3446.6725808714364 807.7128947176824 3558.342999373787 918.2737451012999 3549.1422298135863 908.9806383300843 3437.471811311235
838.2837101781558 3576.8296694386972 846.7477462946194 3678.537578172954 963.2929948160622 3668.8387926511214 954.8289586995984 3567.130883916864
2267.3883790951895 413.2699900143416 2277.1791222604616 530.9202455888767 2388.7334869815045 521.6367967037456 2378.9427438162325 403.98654112920985
2363.646181707287 400.29172216803136 2374.2665437915866 527.9110757165868 2492.7917259968826 518.0475219833445 2482.171363912583 390.4281684347884
2473.609068673038 383.1697044669122 2485.3054428583287 523.7189343839862 2553.996284465089 518.0025474140305 2542.2999102797976 377.45331749695697
2546.518026847726 391.18742346184445 2555.5617460705494 499.861081829642 2652.1723461394504 491.8212389266391 2643.1286269166258 383.1475805588411
2634.1361568012135 382.9373747678237 2644.3422787773625 505.57902092783047 2772.835545386536 494.885932623911 2762.629423410387 372.2442864639038
2242.4809720982275 536.7431493514523 2253.2677050125885 666.3616944165676 2383.7505342219674 655.5030365919124 2372.963801307607 525.8844915267975
2352.766071200496 535.6491127876786 2362.310505532155 650.3396035378594 2532.6631384316906 636.1630183013694 2523.1187041000317 521.4725275511887
2188.0653057556356 703.796839093678 2197.8564706626585 821.4521625189257 2319.376385862222 811.3393899339924 2309.5852209552 693.6840665087448
2313.726471519096 682.3662203679337 2324.842572159575 815.9426056604691 2399.516291548947 809.7283292514076 2388.4001909084677 676.1519439588717
2368.5318285274748 689.8744054471736 2379.152528005175 817.4978132762992 2505.6501505932883 806.9708005832154 2495.029451115588 679.3473927540895
2485.0512779197525 679.2340147907917 2495.089552969714 799.8587319567469 2576.745745899977 793.0633806935482 2566.707470850015 672.438663527593
2566.524973371259 669.485325162171 2576.480906489691 789.1205822712709 2672.089376874955 781.1641356541738 2662.1334437565233 661.5288785450732
2647.0844971856473 660.8156583404859 2656.2122453070037 770.499048167987 2778.732769834989 760.303005819673 2769.605021713633 650.6196159921719
1921.134677920234 1006.8299064698281 1931.5883317810722 1132.4460142212554 2030.1834265994667 1124.2410235392676 2019.7297727386276 998.6249157878401
2005.927867377458 1000.8203289745888 2016.5476811974822 1128.4330943172192 2122.117647780699 1119.6476613937195 2111.497833960675 992.0348960510896
2107.2510816846006 988.4265304257606 2118.2029623779463 1120.0295702403694 2231.743342203695 1110.580847053728 2220.79146151035 978.9778072391196
2212.3134081251246 972.713237871214 2224.0107101422655 1113.2736170598544 2314.625762801774 1105.7327179503343 2302.9284607846325 965.1723387616939
2304.1502233152105 991.2064630021109 2313.192129048508 1099.8583296118459 2366.950862059763 1095.3845786179932 2357.908956326466 986.7327120082582
2367.025764090954 974.9686561256344 2378.3093320900457 1110.5574093465807 2490.851129727658 1101.1917872266201 2479.567561728566 965.6030340056734
2486.287728394587 961.0911970484435 2496.822416787528 1087.6810545195183 2550.572027667503 1083.208062660816 2540.037339274561 956.6182051897413
2532.708179702203 964.2758006968193 2543.079238586461 1088.8994076809645 2649.647280572744 1080.0309158649595 2639.2762216884857 955.4073088808152
2622.237078514836 954.8643036109538 2633.0230522940456 1084.473726544787 2745.567890642086 1075.107851379776 2734.7819168628757 945.4984284459429
1577.4660306381354 1182.75563192035 1586.5110150862113 1291.4444938402844 1713.0182665906773 1280.9166798378744 1703.9732821426014 1172.2278179179405
1692.576754883841 1167.2146807387412 1702.201085044877 1282.8652380116464 1800.8012477139832 1274.6598255879082 1791.176917552947 1159.0092683150028
1781.1090564744468 1157.8856092377844 1790.6499481754024 1272.5335300419829 1877.2919570553534 1265.3232638838326 1867.7510653543984 1150.6753430796334
1852.0323104081988 1154.026587153299 1862.652756840849 1281.646954271997 1983.171049141849 1271.6175357987943 1972.5506027091988 1143.9971686800964
1963.8984760299768 1147.7847133095709 1972.9422796011504 1256.4593852475107 2071.5459897657556 1248.253677604547 2062.5021861945816 1139.5790056666074
2059.406958174773 1137.8786627142508 2068.949410320205 1252.5453345660842 2192.4639559706875 1242.2665707186654 2182.921503825255 1127.5998988668318
1399.5022695766424 1311.8637251943503 1409.0411790913709 1426.4878271002015 1448.8451007222689 1423.175382331122 1439.3061912075405 1308.5512804252708
1444.094377610022 1317.2063744565987 1452.973202098912 1423.8985787853298 1572.5055818385551 1413.9512070244311 1563.6267573496655 1307.2590026957
1549.7336831449093 1308.469262456243 1558.2803142379526 1411.1696719577817 1666.8526155915067 1402.134387569966 1658.3059844984634 1299.4339780684272
1637.599089853124 1303.2090054283042 1646.6428512501236 1411.883170581173 1744.2500063668763 1403.7603953081896 1735.2062449698767 1295.0862301553207
1719.6572546021127 1288.3949041046383 1729.696921399851 1409.036345177944 1844.239430909236 1399.504225705397 1834.1997641114979 1278.8627846320915
1834.265935135245 1278.9159618401013 1843.806362920275 1393.5583080085162 1919.4862662738517 1387.2602979201486 1909.9458384888221 1272.6179517517337
1910.4269421369793 1265.5930112479168 1920.2980450475538 1384.20890798096 1971.062045064541 1379.984375838798 1961.1909421539667 1261.3684791057547
1957.2670115722594 1261.719008757193 1967.3887250823018 1383.346362391855 2061.0030718017197 1375.5558648630686 2050.8813582916773 1253.928511228406
2053.3524728114194 1258.7891387160635 2063.8893964356384 1385.4058557959124 2170.456424851779 1376.537448328258 2159.91950122756 1249.920731248409
2132.570716657906 1270.2986930896507 2141.199183592379 1373.98248122719 2223.860546916704 1367.1034806330354 2215.232079982232 1263.4196924954954
2216.4572246811313 1253.326546152112 2227.6562576915903 1387.8994864925 2302.329470295891 1381.685252257613 2291.1304372854315 1247.1123119172248
2281.8954487921737 1255.9416609092439 2290.939336711698 1364.6173464173262 2391.536156972007 1356.2457740344023 2382.4922690524827 1247.57008852632
2371.589198774625 1248.5233582674325 2382.126122398844 1375.1400753472817 2488.6931508149846 1366.2716678796273 2478.156227190765 1239.6549507997781
2443.5090499304038 1244.581910598038 2453.301353540153 1362.250917220208 2601.7282550317263 1349.8989706458087 2591.9359514219773 1232.229964023638
2566.0905082397544 1234.4435636542291 2575.7979816416455 1351.0932099003426 2679.3804127649414 1342.4731778008781 2669.6729393630503 1225.8235315547647
2655.7842582222056 1227.0252610124178 2665.824051542469 1347.6682224409371 2783.356226195411 1337.8873058584495 2773.3164328751473 1217.2443444299304
1303.177055136474 1433.2163232837838 1313.9625228255836 1562.8196647967623 1414.5487005993969 1554.4489780715141 1403.7632329102873 1424.8456365585357
1410.1351700299056 1440.424766835864 1418.762498261652 1544.0948717764804 1474.5168752939683 1539.4550451717917 1465.889547062222 1435.784940231175
1461.0515441413227 1425.1760669782952 1471.506294530712 1550.8053511415742 1596.0118205932633 1540.4441188401004 1585.5570702038738 1414.8148346768219
1576.4919707266642 1413.621504684795 1586.116343061875 1529.272568742772 1685.7130607788338 1520.9842239490533 1676.0886884436227 1405.333159891077
1664.1101006801518 1405.3714559907746 1674.4811595644105 1529.9950629749192 1781.0492015506934 1521.1265711589149 1770.6781426664347 1396.5029641747699
1763.5150559250299 1406.1806980830272 1773.2229088944966 1522.834905394782 1885.7743354484624 1513.4684819654958 1876.0664824789956 1396.8142746537412
1888.4269012211894 1387.8222966082733 1897.7204719083304 1499.4982897464079 2019.2434278183223 1489.3852641164244 2009.949857131181 1377.7092709782899
2008.6779725437304 1385.9040041954097 2017.7227461209304 1494.5903321899877 2139.2472223861355 1484.4771800374783 2130.2024488089346 1375.790852042901
2122.0427791001075 1373.5176958497002 2131.335801522974 1485.187100781909 2239.903541810887 1476.1521959616682 2230.6105193880207 1364.4827910294593
2217.8809635845414 1367.5980341424893 2226.758016758079 1474.2689534982292 2304.43508448793 1467.8047412765004 2295.558031314392 1361.1338219207603
2280.4118216144107 1371.4570228763755 2289.6219960156463 1482.130886330874 2400.183353184335 1472.9300745964981 2390.973178783099 1362.2562111419993
2380.8208642844347 1360.1422471344831 2390.363021210641 1474.8053714908183 2506.9016815261584 1465.1071342332607 2497.3595245999513 1350.4440098769257
1189.4750893879404 1587.1119469542418 1197.6911297037889 1685.8398194612948 1333.172444489637 1674.5651923873122 1324.9564041737885 1575.8373198802592
1319.6171975489635 1571.3312092210244 1329.075578621689 1684.9876428280832 1425.683644765233 1676.9480107959553 1416.2252636925075 1563.291577188897
1419.10457837875 1573.1370485353045 1427.5654514320854 1674.8069483892195 1469.3690713646135 1671.3280906159039 1460.9081983112783 1569.6581907619886
1464.9480505920028 1569.34547162949 1473.5776140550267 1673.042436178881 1582.1494086235093 1664.0071939652398 1573.5198451604856 1560.3102294158489
1575.158214312481 1555.213245594453 1584.2015961419054 1663.8828496816805 1672.839755827988 1656.5064657385194 1663.796373998564 1547.8368616512917
1653.0576488004237 1550.7772444156044 1662.1847221349788 1660.4525256819659 1768.7603658973298 1651.5834012533358 1759.6332925627748 1541.9081199869738
1761.1097669070296 1534.8166751063309 1770.1538656974292 1643.4948945397691 1875.7334611969995 1634.708660306944 1866.6893624065997 1526.0304408735055
1860.349870982089 1533.632722754529 1868.3155537435207 1629.3521790703905 1966.925852114051 1621.145923163151 1958.9601693526192 1525.4264668472902
1941.2465873392325 1516.9078525717173 1950.1250744347226 1623.596002619879 2061.685013791548 1614.3120898188222 2052.806526696058 1507.6239397706609
2047.3879365866924 1502.1087316542898 2056.431023196891 1610.7747882460185 2138.093297548009 1603.9789308927188 2129.0502109378103 1495.3128743009897
2125.6170734142715 1501.6591193635495 2134.9092101794613 1613.3178818092629 2222.5492944624775 1606.024556758607 2213.2571576972878 1494.3657943128937
1139.1581983308429 1706.6661625819152 1148.8651656426339 1823.3097274071738 1240.4889361917035 1815.6848837474724 1230.7819688799123 1699.0413189222138
1219.2156784326576 1704.0585046773026 1228.591717573854 1816.7254782275056 1339.1520611724 1807.52475084148 1329.7760220312039 1694.8577772912768
1322.6969383536725 1693.4930494027108 1332.8194109988656 1815.1295251686552 1444.371748579623 1805.8462449802237 1434.24927593443 1684.2097692142795
1434.4731881874218 1698.2961705861915 1442.8515927867027 1798.9750900280374 1495.6178250306762 1794.5839340107646 1487.2394204313955 1693.905014568918
1482.3173450478484 1682.298150261323 1491.6103674707142 1793.9675551935316 1600.178107758627 1784.9326503732905 1590.8850853357615 1673.2632454410818
1582.2243440052994 1677.045383436503 1590.9367976641283 1781.7383962486751 1698.5115303996874 1772.7861285791892 1689.7990767408585 1668.0931157670175
1666.3506385801322 1675.1046204142822 1675.0630922389614 1779.7976332264543 1782.6378249745205 1770.8453655569679 1773.9253713156916 1666.152352744796
1779.6330195516016 1661.7217148465452 1788.6774557354015 1770.4039885605534 1902.229491617789 1760.9542953678863 1893.185055433989 1652.2720216538783
1877.2171217253615 1652.6474103034343 1886.2615157349867 1761.3291772323714 1998.8169965695224 1751.9624164096847 1989.7726025598968 1643.2806494807478
1973.474924337458 1639.6691424571236 1982.519613566309 1748.3544568815594 2102.0509797358095 1738.407169469011 2093.0062905069594 1629.7218550445752
2098.4617050154084 1634.348930453633 2107.5887783499634 1744.0242117199946 2214.1644221123147 1735.1550872913645 2205.037348777759 1625.4798060250027
2191.2351624519692 1615.6383560298862 2202.104448168735 1746.2488950772122 2323.6177751623736 1736.1366707565546 2312.748489445608 1605.5261317092284
2311.980787283964 1619.6996469491855 2321.1055832130664 1729.3475618217017 2373.867254391399 1724.9567853720037 2364.7424584622972 1615.308870499488
2360.6566901966 1601.6260065953534 2371.1104705799635 1727.2436347019943 2472.6952305419136 1718.789846910066 2462.2414501585504 1593.172218803425
2437.9791455901795 1590.2138248623141 2447.355732995651 1702.8873866184435 2570.871292216276 1692.608538422674 2561.4947048108043 1579.934976666545
1133.4259251040057 1843.6046197210726 1141.9724718486991 1946.3040156524687 1248.5516631065489 1937.4345960046132 1240.0051163618555 1834.7352000732171
1226.2743179223567 1837.9322347685888 1234.738143167945 1939.637609577489 1346.300616450127 1930.353485905557 1337.8367912045387 1828.6481110966567
1330.6697494804898 1826.2877566870602 1340.3772228823816 1942.9374029331743 1443.9596540056773 1934.3173708337097 1434.2521806037855 1817.667724587596
1419.704094783669 1810.896676269031 1429.0779408677631 1923.537296995531 1487.8174219779949 1918.6490528484771 1478.4435758939007 1806.008432121977
1473.0183010605667 1812.5077036010168 1483.14102675081 1934.1472200773885 1600.6726946186805 1924.3663456690758 1590.549968928437 1802.726829192704
1580.2311829118441 1810.6643465699426 1588.279544998206 1907.3773172232288 1680.910006296552 1899.6686977100462 1672.8616442101904 1802.95572705676
1667.2798239740882 1783.396525072496 1678.7290880164398 1920.976361248861 1787.2836518925012 1911.9425529571718 1775.8343878501494 1774.362716780806
1771.2556374045566 1778.8106531300673 1782.123573547721 1909.404975055114 1871.747139010089 1901.9465865738234 1860.879202866925 1771.3522646487763
1850.2340946994357 1775.2888235883365 1860.4388249278081 1897.9137458409937 1956.045774957859 1889.957425746421 1945.8410447294864 1767.3325034937643
1932.7868129578783 1766.4543055968338 1943.1574922745613 1891.0733515153374 2040.7565388301746 1882.951251029155 2030.3858595134916 1758.332205110651
2020.487368496275 1759.2008541248406 2031.5221815596014 1891.8004489873015 2145.062054600279 1882.3517679748356 2134.027241536953 1749.7521731123745
2128.359655026825 1765.3302748699844 2138.8141523711643 1890.9565183228356 2257.340348146602 1881.0928802412432 2246.885850802263 1755.466636788392
2242.638633220321 1751.8649437173385 2253.1736168324883 1878.4583486839115 2313.899113047428 1873.404830235348 2303.36412943526 1746.8114252687747
2297.36905484691 1746.3349393253154 2306.4129849406095 1855.0111316184693 2408.006360248771 1846.5566268655648 2398.962430155071 1737.8804345724116
2386.7405926928445 1722.888655546159 2397.6090349261094 1853.4890588920616 2499.1912609627034 1845.0354819710083 2488.322818729439 1714.4350786251061
2463.5610043738507 1717.5384827301925 2473.6832661481685 1839.172424570781 2580.2528284896653 1830.3038062322512 2570.130566715347 1708.6698643916627
2555.9148436827477 1705.8865144455451 2568.1934735990767 1853.4324078855043 2677.739524672278 1844.3160889655846 2665.460894755949 1696.7701955256257
1167.5725211644963 1953.162868965398 1180.0986407913401 2103.682717211705 1258.7499650259094 2097.1374282836982 1246.223845399066 1946.6175800373908
1235.2587066774397 1946.5613319695576 1245.4641116926127 2069.194362783354 1357.015942488299 2059.911124769098 1346.8105374731258 1937.2780939553018
1330.7671888222362 1936.6552813742376 1341.8017488405117 2069.251835526271 1449.362291594077 2060.3007487336863 1438.3277315758016 1927.704194581653
1439.7184981597225 1943.6988737564998 1449.0089057837354 2055.3368580142933 1495.7902331048122 2051.443760132827 1486.499825480799 1939.8057758750333
1487.6301001988195 1952.7806351521303 1496.5088403393595 2059.471825910719 1614.0481099832984 2049.6903188897813 1605.1693698427584 1942.9991281311923
1592.5350656726446 1923.0325559042935 1602.6573274469624 2044.6664977448818 1709.226889788459 2035.797879406352 1699.104628014141 1914.1639375657637
1678.2424267669871 1915.9439556021182 1689.0283161978468 2045.552364965809 1799.5800444501824 2036.3523545407588 1788.7941550193227 1906.743945177068
1773.7434187086649 1918.079497256034 1783.285238241471 2032.7385673317995 1891.8514581741704 2023.7037890340835 1882.309638641364 1909.0447189583183
1880.1320447108521 1906.270168004688 1890.1694341031377 2026.884242684148 1950.8979710285043 2021.8304711905334 1940.8605816362187 1901.2163965110735
1927.1444555190692 1892.3477677087826 1937.3503244501676 2014.9863731583628 2059.8642607722286 2004.790879074324 2049.65839184113 1882.1522736247443
2033.0310378086833 1886.6004473745088 2042.987139623816 2006.2377316238944 2142.581830200489 1997.9495555268757 2132.6257283853565 1878.31227127749
2128.62194553839 1877.690994001216 2138.4119295685105 1995.33212744447 2232.028303428214 1987.5414612189827 2222.2383193980922 1869.9003277757288
2212.8306656981313 1876.7468282010223 2222.7869362099636 1996.3861395906924 2326.367846978046 1987.7662340137535 2316.411576466214 1868.126922624083
2313.0748571983377 1863.4388580150753 2322.613766713066 1978.0629599209265 2362.4176883439636 1974.7505151518474 2352.878778829235 1860.1264132459962
2352.526618154882 1855.1588485085788 2361.8196405777476 1966.8282534407874 2470.3873808656604 1957.7933486205468 2461.094358442795 1846.1239436883384
2439.8974713536427 1843.9190081484765 2450.6005549370475 1972.5323828195285 2564.1424551180107 1963.0835331103624 2553.439371534606 1834.4701584393101
1155.1862795199859 2106.7062863362635 1164.4791332461514 2218.373664128187 1269.0606533426555 2209.6704887878673 1259.76779961649 2098.003110995943
1248.6341220420572 2071.8853051902624 1259.6675433576065 2204.468176145373 1340.3210998191626 2197.7562633422544 1329.2876785036133 2065.1733923871443
1331.598968225045 2068.033773308896 1341.5554917819275 2187.6761254089934 1451.115732837123 2178.5586256121724 1441.1592092802402 2058.9162735120753
1414.8036009596406 2079.213625342847 1423.8484167110162 2187.900460122496 1546.3694480240736 2177.704375600007 1537.324632272698 2069.0175408203577
1511.6383826661008 2073.211538050727 1521.1806239406574 2187.875675977204 1639.7123943518786 2178.011573979686 1630.170153077322 2063.347436053209
1621.2715672922159 2052.1031314614993 1631.559272064744 2175.7251155470794 1728.1622703575758 2167.6859052567024 1717.8745655850478 2044.0639211711223
1694.5102278065394 2064.1072393445406 1703.140423882189 2167.81180567 1826.6605441684542 2157.532577906655 1818.0303480928048 2053.8280115811963
1800.4867258841816 2047.3149239830582 1810.1943258085983 2163.966090584385 1916.7664220754507 2155.0972613749805 1907.0588221510343 2038.446094773653
1895.7479312742512 2034.4190817216563 1905.7045813536588 2154.0629541769677 2018.2544875524109 2144.696657270206 2008.2978374730037 2025.0527848148954
1980.7059719012937 2030.4026986704716 1989.0045228453719 2130.122058374665 2114.519780367627 2119.6767971746594 2106.2212294235487 2019.9574374704666
2088.75059980478 2026.4837216104343 2097.9609007285408 2137.159105420147 2211.511923040786 2127.7094965758297 2202.3016221170255 2017.0341127661172
2267.733462048257 1994.6225379674397 2277.358340473568 2110.2796834462706 2388.913718764753 2100.9961502127894 2379.2888403394422 1985.339004733958
2374.3693648051717 1985.803000382175 2384.3256353170036 2105.4423117718447 2487.9065460850857 2096.822406194906 2477.9502755732537 1977.1830948052357
2191.737306216341 2009.9386830036788 2200.9469323533003 2120.605958252252 2298.553073899911 2112.4832673276187 2289.3434477629507 2001.8159920790456
1168.7265460544213 2234.0234540010224 1177.35589864657 2337.7178846250576 1280.9449179757917 2329.0973042613177 1272.3155653836434 2225.402873637283
1267.741843984111 2193.7249332354313 1278.9414252588465 2328.304461781745 1366.5698534852252 2321.012106737115 1355.37027221049 2186.4325781908015
1335.2481979209983 2209.2133862940086 1344.7900174538045 2323.8724563697733 1453.3562373865038 2314.8376780720578 1443.8144178536975 2200.178607996293
1435.6572405910222 2197.898610552116 1446.9407664159387 2333.486856987991 1558.4860090056986 2324.204167238011 1547.2024831807823 2188.6159208021354
1533.8108316560265 2207.842078812432 1542.9382002098066 2317.520907574292 1656.489729307123 2308.0712565558006 1647.3623607533427 2198.3924277939404
1636.7975380675869 2191.2970402056767 1645.9249909697176 2300.976882537679 1761.4696301627382 2291.361366779227 1752.3421772606077 2181.6815244472236
1730.9872108538398 2165.445434057921 1742.0220239171654 2298.045028920382 1855.5618969578436 2288.5963479079155 1844.527083894518 2155.996753045455
1838.8669875875082 2159.533262553829 1850.5642052562998 2300.092628172327 1939.1861478201035 2292.7175938027667 1927.488930151312 2152.158228184269
1200.2055625853473 2359.8569611374196 1209.1655481288658 2467.524435541012 1286.8421090736456 2461.060265493458 1277.8821235301273 2353.3927910898656
1276.5389109600187 2336.4856127400535 1286.9094637541766 2461.1031383033437 1381.5188451662334 2453.229834927102 1371.148292372075 2328.612309363811
1350.5343821447614 2333.3759111228683 1360.241982069178 2450.027077724195 1466.8140783360304 2441.1582485147906 1457.106478411614 2324.507081913463
1452.1872987915397 2324.9685014621487 1461.978379350212 2442.6228113172538 1581.505184454072 2432.675903472281 1571.7141038953994 2315.0215936171758
1553.6678740653806 2326.60948960661 1562.7952847933361 2436.288825153542 1677.3433689385047 2426.7562417650697 1668.2159582105492 2317.076906218138
1654.7438116177957 2311.2258993917 1664.864597295987 2432.8421037547955 1736.5547329626565 2426.876118365574 1726.4339472844654 2305.2599140024786
1707.3161876305123 2303.867551725441 1717.6879213015714 2428.499267270725 1840.2008440534894 2418.3038575350365 1829.82911038243 2293.672141989752
1827.5672589530527 2301.949259312577 1837.10966892431 2416.615424379339 1959.62765952694 2406.4195929019 1950.0852495556833 2291.7534278351377
1933.7086082005135 2287.150138395149 1944.6612480290096 2418.762300341039 2076.1396187160985 2407.820794494754 2065.1869788876024 2276.208632548864
2042.5849821562092 2281.155541306148 2053.9492894681784 2417.7144967512427 2114.6697178324057 2412.6614000444297 2103.3054105204365 2276.1024445993344
2106.4496299508614 2276.876901093998 2116.3232633119387 2395.5232049313145 2226.8805662000573 2386.322730590339 2217.0069328389804 2267.676426753022
2346.4572190864883 2267.0607329361064 2356.580324344307 2388.704810478119 2483.0809876428475 2378.1775447399846 2472.9578823850293 2256.5334671979726
2472.1183848499486 2245.630114210362 2482.5715747948616 2371.240647326006 2570.2045640868814 2363.9479127138006 2559.751374141968 2238.337379598157
2534.8140940496364 2251.482297388303 2545.268169652225 2377.1034729904422 2653.828814949141 2368.0691586086523 2643.374739346552 2242.4479830065125
2624.1856318955706 2228.0360136091467 2637.708289535778 2390.53073955196 2748.2432938807638 2381.3321208746856 2734.7206362405564 2218.837394931873
1174.0467914085116 2492.4643466425937 1183.8374502254335 2610.1135886469874 1293.3987048507715 2600.996004501817 1283.6080460338492 2483.3467624974232
1272.9571931439352 2487.2940054026835 1282.8303204149117 2605.934227819145 1381.4289627288042 2597.7289419179315 1371.5558354578277 2479.08871950147
1356.5139988275241 2466.335469577036 1367.7949098535878 2601.8922953384945 1417.5537394765122 2597.751412527289 1406.2728284504483 2462.19458676583
1402.102704082931 2471.5956932543754 1412.4738473155394 2596.2203138086625 1521.0349993975267 2587.185957252697 1510.6638561649181 2462.5613366984103
1479.6649460281183 2475.214895436653 1488.7921458851986 2584.8916970582286 1598.3574547911062 2575.7737755196576 1589.230254934026 2466.0969738980825
1575.091002588006 2464.312247619306 1584.6330751658627 2578.9743584054986 1699.1786253856753 2569.441985887902 1689.6365528078184 2454.7798751017094
1680.9026494958305 2445.5267378137696 1691.0241521349974 2567.151557523075 1779.6557236151543 2559.77572184419 1769.5342209759874 2438.1509021348834
1752.2305411510085 2458.6922940886557 1761.0258428314671 2564.3808483785374 1866.606958686251 2555.5944876231874 1857.811657005792 2449.9059333333057
1843.760124610815 2437.074353583736 1854.79409419064 2569.6638127447723 1948.4028662742744 2561.873779131911 1937.36889669445 2429.2843199708745
1933.9484281027208 2435.635634274088 1944.3190230710538 2560.2536666224496 2039.9249595309625 2552.2974308762273 2029.5543645626294 2427.6793985278664
2014.5004617139898 2439.007559701639 2023.3784427193787 2545.689628328945 2122.979721501978 2537.400903967652 2114.1017404965887 2430.7188353403462
2110.0089438587866 2429.101509106319 2119.2188652149716 2539.772331850391 2223.8008920965467 2531.069114335896 2214.5909707403616 2420.398291591824
2197.3797970575474 2417.8616687462168 2207.4167647080826 2538.470675574965 2258.1797511549275 2534.2462277811533 2248.1427835043924 2413.637220952405
2241.312500411655 2415.231540232248 2251.517061943327 2537.8544353446196 2343.1377917819696 2530.2298447299686 2332.933230250297 2407.606949617596
2326.4353922085147 2413.2083516251173 2335.7281615863303 2524.874715846899 2438.3165715871305 2516.3374052465397 2429.023802209315 2404.6710410247574
2407.9915132449305 2404.456259218524 2416.7868570995643 2510.1453202934767 2523.3645280022006 2501.2760271681464 2514.5691841475664 2395.5869660931935
2506.9843405652628 2400.2825152006403 2516.359156655383 2512.9347919837783 2598.0194038662153 2506.139103327179 2588.6445877760952 2393.486826544041
2583.5574754915424 2391.9425507185915 2592.849612256732 2503.6013131643044 2680.4896965397493 2496.307988113649 2671.1975597745595 2384.6492256679358
2687.952907049675 2380.2980726370633 2698.3218993993573 2504.8968471527182 2756.0587440408817 2500.092041465745 2745.6897516912 2375.4932669500904
2743.1853723888375 2368.7060593279675 2754.2197637104123 2501.3005863397166 2857.7940862725695 2492.6812290270527 2846.759694950994 2360.086702015304
2832.384568861835 2355.308173353993 2843.668010338401 2490.895406219726 2953.220142832457 2481.7785812097054 2941.9367013558904 2346.191348343973
2942.085198666621 2359.279548485264 2951.1288757152706 2467.952700067991 3046.742920736318 2459.995789534968 3037.699243687669 2351.3226379522416
1184.7621174466835 2622.021985506135 1194.718809700266 2741.666364746517 1308.2652709468705 2732.2171354697757 1298.3085786932875 2612.5727562293932
1301.3639924238705 2612.37819207178 1311.154271673217 2730.022873010532 1411.7465308678852 2721.651680195184 1401.9562516185383 2604.0069992564318
1391.3799545428385 2620.9878705673136 1398.6824735636533 2708.738433995856 1504.2727115497194 2699.951314105355 1496.9701925289041 2612.2007506768127
1468.7998159275653 2586.4891015578296 1482.9035484219103 2755.9663010415343 1606.3902208934753 2745.689856773742 1592.2864883991306 2576.212657290038
1576.844443831052 2582.5701244977927 1586.7161371800776 2701.193116221833 1651.4319078669953 2695.807530899948 1641.5602145179696 2577.184539175907
1624.8309812519392 2604.690075364686 1633.2957343293785 2706.406599445153 1766.7824186643086 2695.297963633656 1758.3176655868695 2593.5814395531884
1734.8837840057186 2576.5230626363586 1744.6743163001154 2694.1707842855376 1851.245905781897 2685.3019972503084 1841.4553734874999 2567.6542756011286
1830.6395429052425 2569.60680370712 1840.5966147264005 2689.2557440131436 1963.1120714036742 2679.0601234065803 1953.1549995825162 2559.4111831005566
1938.346978265974 2573.74303000821 1947.4743889939296 2683.422365555142 2062.022473139098 2673.8897821666696 2052.8950624111426 2564.2104466197375
2048.8943345292073 2551.555600612046 2059.264887323365 2676.1731261753366 2153.874268735422 2668.2998227990943 2143.503715941264 2543.682297235804
2126.0444485498497 2550.191816684188 2136.167511633493 2671.8353874411296 2261.6716198841814 2661.3910540729753 2251.548556800539 2539.7474833160336
2250.6191013032544 2539.8886185705614 2261.9007292902943 2675.4540596782313 2328.6009947267053 2669.9033265773614 2317.3193667396663 2534.3378854696916
2312.8202569934883 2539.7612184163386 2323.523677970293 2668.37864736796 2445.0380185340746 2658.2663386989525 2434.3345975572693 2529.6489097473304
2427.8410654511654 2535.265262261938 2437.8802261588035 2655.9006219143894 2540.4640750939625 2647.363690881605 2530.4249143863244 2526.728331229154
2532.22900680618 2535.6623764296455 2541.273358641629 2644.3436365735115 2652.8322844283125 2635.059808120805 2643.787932592863 2526.378547976939
1199.0442142453003 2758.3085281691397 1207.6735668374486 2862.002958793174 1311.2625861666704 2853.382378429435 1302.6332335745221 2749.6879478053997
1296.2986140794244 2745.2478347379197 1305.758091680701 2858.91744475683 1428.2765890684025 2848.721571105216 1418.8171114671259 2735.051961086306
1393.1333957858844 2739.245747445799 1402.17795849221 2847.929541515022 1518.719659518154 2838.231051212414 1509.6750968118288 2729.5472571431915
1496.7795068767173 2730.673486615262 1505.4097029523668 2834.3780529407213 1628.9298232386325 2824.098825177377 1620.299627162983 2720.394258851917
1616.1238967652585 2717.7926247600985 1625.5001889515052 2830.4626390207295 1742.039862837164 2820.7643174148216 1732.663570650918 2708.094303154191
1721.1862232057827 2702.0793322055524 1731.3082741092253 2823.7107401207845 1832.8950612114609 2815.256783632156 1822.7730103080182 2693.6253757169243
1805.327498186854 2676.0553846848593 1819.1805779075562 2842.520620481874 1898.8203486288385 2835.893073970687 1884.967268908136 2669.4278381736726
1194.7356465712737 2876.0643613350526 1204.2779721941806 2990.729512831672 1324.8028527011063 2980.6995460941935 1315.2605270781994 2866.0343945975746
1314.8218667239964 2872.1528744781344 1324.0309867708556 2982.8140683058527 1409.6784677432395 2975.6865658209817 1400.4693476963803 2865.0253719932634
1392.886152381757 2869.71006774334 1402.013436587187 2979.387882935058 1513.5718555887993 2970.1040966565265 1504.444571383369 2860.426281464808
1499.1099272141264 2855.907544047939 1509.315079184249 2978.5375341513086 1614.8875796928223 2969.7518903569335 1604.6824277226995 2847.1219002535645
1587.5523130167044 2857.6234675741907 1596.7631622047404 2968.30543958983 1723.2694001390641 2957.7777099357695 1714.0585509510277 2847.095737920131
1710.6358150386275 2841.4231117133095 1720.8400391768996 2964.041952545112 1804.4883286327245 2957.0808208903027 1794.2841044944525 2834.4619800584996
1791.854743532288 2840.7262226678426 1801.3135041725889 2954.3872173405425 1906.8905657468028 2945.6011939785926 1897.431805106502 2831.9401993058927
1886.4490540399665 2831.8991948794596 1896.1562322226328 2948.5452936300744 1992.7627780109633 2940.505788120471 1983.0555998282966 2823.8596893698564
1987.0154576766895 2834.6192058308575 1996.1422779661943 2944.291446386792 2096.738591441432 2935.9199161780425 2087.6117711519273 2826.247675622108
2090.2494408429775 2821.063958890183 2100.122441591429 2939.702660951432 2195.7314187617644 2931.746172160159 2185.8584180133125 2813.107470098911
2165.278960265342 2757.6638704419097 2183.0313796454166 2970.9854377505403 2298.523313191031 2961.3743081062926 2280.7708938109567 2748.0527407976615
2273.2112017714435 2800.9146651567885 2285.0739046126205 2943.46257980535 2364.725838175612 2936.8340211139625 2352.8631353344354 2794.2861064654007
2358.581370323031 2801.88126821574 2369.36658496709 2931.481569018291 2463.9734324537903 2923.6084765129244 2453.188217809731 2794.008175710374
2453.422957585437 2796.044032093438 2463.8770753622002 2921.6657144806486 2573.434275706969 2912.548467728878 2562.980157930205 2786.9267853416686
2550.5874416315323 2794.028333689427 2560.8758633650364 2917.6589331212176 2674.4202974713558 2908.209872541177 2664.1318757378517 2784.5792731093857
2664.1995249426377 2784.6318170097993 2675.234717573539 2917.2359729379014 2797.743586044887 2907.040900595613 2786.7083934139855 2774.4367446675114
2781.550720387125 2771.915806324454 2792.3362724245844 2901.5201614075745 2894.9155602941023 2892.9836099423665 2884.130008256642 2763.3792548592455
2884.1178086710206 2762.429373856798 2896.396354239 2909.9742537266147 3003.949295216497 2901.0237995466555 2991.6707496485187 2753.478919676839
1203.1205856226359 3013.842054729538 1211.9996631565764 3120.537299768697 1337.5113731833326 3110.0923337879167 1328.6322956493927 3003.3970887487585
1323.9561262426587 3006.858350621629 1333.7464054920056 3124.5030315603813 1434.3386646866738 3116.131838745033 1424.548385437327 2998.4871578062807
1418.4680111654284 2997.034725611218 1428.1759484832453 3113.6899464931153 1542.7204851329154 3104.157658323868 1533.0125478150987 2987.502437441972
1535.5569494489503 3005.412107758263 1544.2687704951536 3110.097518794367 1636.8951775129299 3102.389236674584 1628.1833564667265 2997.7038256384803
1618.611711419966 2990.5155808496875 1628.651420391879 3111.157528708064 1744.1904849491164 3101.542476865537 1734.1507759772035 2980.900529007161
1725.6597421014255 2986.679029374559 1735.6992823766384 3107.3189500926514 1847.252126742467 3098.0356277300452 1837.2125864672541 2977.395707011953
1821.5803521707674 2981.7559648893757 1831.3713062069146 3099.4087543892674 1947.9084461672182 3089.710643654235 1938.1174921310708 2972.0578541543427
1930.9587698390364 2969.699358883302 1940.998774030175 3090.344854237177 2063.5137239223777 3080.149275804789 2053.4737197312393 2959.503780450914
2058.1860217157678 2967.204087376075 2067.4786645710583 3078.8689312426422 2167.077409428301 3070.580417752224 2157.7847665730105 2958.9155738856566
2161.6672816367827 2956.6386321014825 2170.710663466207 3065.308236188711 2259.3488231522897 3057.9318522455496 2250.305441322865 2949.262248158321
2239.401864954907 2950.20943647858 2248.2797616119465 3056.890491535744 2345.887930298841 3048.7676319144107 2337.010033641802 2942.0865768572467
2337.3156694683034 2945.121520823578 2346.194620479718 3051.8152455075233 2468.7166653629183 3041.6190766366835 2459.837714351503 2934.9253519527383
2455.4911207618807 2942.371482358505 2464.6162962585586 3052.023958296662 2526.346962867561 3046.886790517142 2517.221787370883 2937.2343145789855
2520.854409491133 2931.948407644373 2530.645152656405 3049.598663218909 2642.1995173774476 3040.3152143337775 2632.4087742121756 2922.6649587592424
2599.4956742432564 2936.48178146377 2607.29684183833 3030.2243448062063 2737.797915310272 3019.3641687112495 2729.9967477151995 2925.621605368813
2720.585981821126 2920.446276772707 2730.376176722122 3038.089944141316 2828.975325821086 3029.8846160659286 2819.1851309200893 2912.2409486973193
1213.3413581513541 3137.4201102609154 1222.966700492591 3253.0828303755306 1345.4841843101499 3242.887041072266 1335.8588419689127 3127.224320957652
1317.811725091277 3138.8138216506504 1326.9391779934074 3248.4936639826537 1442.483817186428 3238.878148224201 1433.3563642842976 3129.198305892198
1432.667682379136 3132.3246710521953 1442.7899441534541 3253.958612892784 1549.3595064949507 3245.089994554254 1539.2372447206326 3123.4560527136655
1529.5848896705054 3127.319180982103 1539.4590712958582 3245.9720730253457 1662.9715898060556 3235.6934778746263 1653.0974081807028 3117.0405858313834
1635.8011742997558 3125.558249535938 1645.0944497676712 3237.2306951785736 1759.6415203426977 3227.6981961384517 1750.3482448747818 3116.0257504958163
1739.5297109754972 3117.9825859274274 1749.154378529934 3233.637197480903 1855.7269815818572 3224.768326097322 1846.1023140274208 3109.1137145438474
1852.8120919469663 3104.599680359691 1863.6802811351808 3235.1970429951657 1959.2831768846622 3227.2410602939935 1948.4149876964475 3096.643697658519
1944.5814619583812 3098.0131237700884 1954.4546314035329 3216.6538529716217 2054.049828765278 3208.365634700428 2044.1766593201255 3089.724905498895
2051.045023342358 3099.241983990006 2060.1716327609884 3208.911690620584 2155.7851709969646 3200.954822261736 2146.658561578335 3091.2851156311576
2127.6181582686377 3090.9020195079565 2136.9110119948036 3202.5693972998806 2241.492532091307 3193.866221959561 2232.199678365142 3082.1988441676367
2210.5830044516256 3087.05048762659 2220.539359311808 3206.690812586403 2326.113380175595 3197.905042269503 2316.1570253154123 3078.2647173096902
2321.280231478439 3090.9394371729522 2332.5617329429533 3226.503357925409 2396.272333235808 3221.20142193448 2384.9908317712943 3085.6375011820237
2373.687756321337 3081.587895062639 2383.147529141839 3195.2610525770474 2512.6419118645063 3184.484652335572 2503.182139044004 3070.8114948211633
2479.3270618562246 3072.8507830622834 2489.201285655752 3191.504181890596 2613.7103592138023 3181.142654369897 2603.8361354142744 3062.4892555415836
2589.1176074490386 3065.7771631663463 2598.82508085093 3182.426809412459 2702.4075119742265 3173.8067773129947 2692.7000385723345 3057.157131066882
1237.334660212397 3281.9341976579844 1247.5379986929934 3404.5423960032913 1310.2586321439217 3399.3228441180663 1300.0552936633258 3276.71464577276
1286.0780083037037 3288.9403390246507 1294.6243020033467 3391.6366942456198 1395.2241629740831 3383.264868817646 1386.6778692744401 3280.568513596677
1377.2703992207555 3275.3776018808585 1387.058696283875 3392.9984639212635 1440.8128682294898 3388.525092494986 1431.0245711663702 3270.904230454581
1431.4987771347712 3275.9096064059077 1440.8746054050919 3388.574046030755 1546.452173764377 3379.7879804946297 1537.0763454940566 3267.1235408697826
1506.3259943717233 3270.7242847597586 1516.0327929868138 3387.3658224447327 1603.6703433444745 3380.072708264953 1593.9635447293838 3263.4311705799782
1600.7554537095837 3259.9040625273205 1611.6238959428483 3390.504465873222 1713.2061219794427 3382.0508889521693 1702.337679746178 3251.4504856062676
1711.0405528118517 3258.8100259635467 1721.2458313045 3381.4415364221295 1829.8079969566297 3372.407095517814 1819.6027184639815 3249.775585059232
1814.2745359781393 3245.254779022873 1824.1477475974662 3363.896015009477 1924.7395000070633 3355.5248643683035 1914.8662883877366 3236.8836283817
1908.5316539430628 3244.4829545956163 1918.1575445485755 3360.1522629161564 2053.630243988213 3348.87835280315 2044.0043533827002 3233.2090444826094
2033.1887322813764 3235.1763537040165 2043.393926425675 3357.8068505924575 2149.9629819821 3348.938274428103 2139.7577878378015 3226.307777539662
2140.071911793018 3229.3466077848334 2149.1160105834174 3338.024827218272 2254.695606082988 3329.238592985447 2245.651507292588 3220.560373552009
2239.731633995742 3221.1040492939323 2249.438896526758 3337.7511616146894 2348.0385524107933 3329.5457913651267 2338.3312898797767 3212.898679044369
2339.556207368284 3214.8546852470854 2349.3444622572283 3332.475040502419 2402.102079154991 3328.0846014461213 2392.313824266046 3210.464246190788
2386.898320516137 3204.918673839289 2397.186193985365 3328.542685065154 2497.7754124696057 3320.1717452948556 2487.487539000378 3196.547734068991
2486.887745058497 3200.6625042364963 2496.5954715054386 3317.3151911930377 2606.1572329158475 3308.1975648736916 2596.4495064689063 3191.54487791715
2582.4786527882025 3191.753050863204 2592.2694381276497 3309.4038132228106 2704.820357896544 3300.037431967699 2695.029572557097 3182.3866696080922
1243.7338950228243 3407.835149973052 1253.688183348429 3527.4506424643755 1310.4310068674586 3522.728558276507 1300.476718541853 3403.1130657851836
1283.9274862435495 3408.5245154648005 1292.8055515972887 3515.20759766225 1394.3999404755925 3506.7530085609956 1385.5218751218533 3400.0699263635465
1375.1123869574822 3407.0033705702435 1384.1544192133047 3515.656757535192 1440.9028173681174 3510.934209431399 1431.8607851122947 3402.28082246645
1425.2794406015992 3394.826887963666 1434.9871248743661 3511.479068135136 1543.5523312369228 3502.4443741857704 1533.8446469641563 3385.792194014301
1530.7389145604304 3408.179766017727 1538.372952190291 3499.914015712323 1638.9783877968107 3491.541726368423 1631.3443501669499 3399.8074766738278
1612.4598867666637 3401.4208680551883 1620.0940509190498 3493.156638104997 1723.6891516691257 3484.5355516511568 1716.05498751674 3392.7997816013485
1866.5996685867283 3368.3607516541533 1877.965367646474 3504.9364310065994 1971.5721125898235 3497.146566090438 1960.206413530078 3360.5708867379926
1241.9055850991872 3543.4473075505466 1251.9426370980723 3664.0573279494365 1304.6987336406214 3659.6670154156645 1294.6616816417359 3539.0569950167746
1296.8757932773838 3552.948687073841 1305.2560113661916 3653.6493982737497 1400.8741106678092 3645.692150347327 1392.493892579002 3544.9914391474176
1381.174429225154 3540.9595262464386 1390.4671564287944 3652.6253836831484 1492.059011381742 3644.1710054527694 1482.7662841781016 3532.50514801606
1450.3517654695786 3540.255146997852 1459.893585002385 3654.914217073617 1568.459804935084 3645.8794387759026 1558.9179854022777 3531.2203687001374
1557.5646473208562 3538.4117899667785 1566.5238315550487 3646.069635454017 1625.2658465906368 3641.1811804360877 1616.306662356444 3533.5233349488494
1605.7310163177995 3538.441750779255 1613.863112083467 3636.160905396746 1725.4276125059334 3626.8766130281147 1717.2955167402663 3529.1574584106233
1698.5044737543608 3519.731176355508 1708.376968412712 3638.363796995901 1792.0272850088213 3631.4024966443917 1782.1547903504702 3512.769876003998
1802.7275639395564 3518.1350960791606 1813.3471668887057 3645.745327496435 1913.9343582326615 3637.3745564228366 1903.3147552835126 3509.7643250055635
1899.3075786881705 3521.1848093701956 1907.27132143755 3616.8809535727805 1960.0400876068793 3612.4895866846323 1952.0763448574999 3516.793442482047
1949.1374397895324 3517.063530124745 1957.517784400865 3617.7657616798665 2056.1255488460392 3609.5597166435027 2047.7452042347068 3508.8574850883806
2030.858411995766 3510.304632162205 2039.9862022912966 3619.9885287747775 2163.5032818671352 3609.7095540564833 2154.375491571604 3500.0256574439104
2143.0617701602987 3496.0075549573503 2153.680909193522 3623.6122117388413 2243.3059950111037 3616.1536967350257 2232.686855977881 3488.549039953535
2233.414924822022 3496.5620300917567 2242.292779304886 3603.2425783638496 2338.9043929439285 3595.202651112497 2330.026538461065 3488.522102840404
2336.64890798831 3483.0067831510833 2346.76893453135 3604.6138653828966 2400.5210793366805 3600.140662653319 2390.40105279364 3478.5335804215056
2390.0455398501163 3485.614407705096 2399.3377187894803 3597.2736769358808 2487.97435812035 3589.897419515244 2478.6821791809853 3478.23815028446
2472.4334069387414 3474.7866952695385 2482.3082211767196 3593.447189088849 2620.7690654047 3581.9246083884263 2610.894251166722 3463.264114569116
1270.214978387975 3691.618081496088 1279.090218071986 3798.2672090937654 1313.915418744193 3795.3690887811867 1305.0401790601816 3688.719961183509
1303.267537884692 3690.8912316381447 1312.1458984576564 3797.577861331092 1420.7161726709255 3788.542745639977 1411.8378120979608 3681.856115947029
1392.7140111124163 3680.4831373302513 1401.8393553057947 3790.137640408693 1467.5562421062057 3784.668743149253 1458.4308979128273 3675.014240070811
1446.0282173893138 3682.094164662237 1454.408983742397 3782.801464068072 1562.9822986660931 3773.7660953319055 1554.6015323130102 3673.058795926071
1544.0319376907385 3665.9612539800273 1553.3260144679798 3777.6433285390162 1686.8076309521978 3766.5351144692695 1677.5135541749564 3654.85303991028
1657.8088721716613 3658.5579317444544 1666.68651578365 3765.235946091191 1758.315354183432 3757.6106806897387 1749.4377105714432 3650.932666343002
1738.862949495504 3655.8678482549326 1747.6581668276126 3761.555388974672 1851.2461725866922 3752.9348929592816 1842.4509552545828 3647.247352239543
1820.7487728715553 3651.102144736448 1829.875297941835 3760.770837796884 1923.4957260821072 3752.9798341779965 1914.3692010118275 3643.3111411175605
1909.8580535565243 3648.7492537896815 1918.9015619084737 3757.4203782321233 2010.5293867381129 3749.7951971790208 2001.4858783861637 3641.1240727365794
1998.3004393591027 3650.465177315934 2007.2601718575706 3758.129611009098 2078.957402515237 3752.163035181426 2069.997670016769 3644.4986014882616
2077.1964710690722 3645.946750552176 2086.489493491938 3757.6161554843843 2195.0572337798512 3748.581250664144 2185.764211356985 3636.9118457319346
2183.6675226561683 3635.1340185228564 2193.291304552929 3750.777987589836 2278.936251599957 3743.650695975841 2269.3124697031963 3628.0067269088618
2255.0928203024932 3625.2129875212986 2265.2983096660164 3747.8470319052376 2378.8432505574074 3738.3979291510204 2368.637761193885 3615.763884767082
2364.815920716637 3593.0595859048626 2377.5914700660464 3746.5767010707946 2471.189599663185 3738.7875531156096 2458.4140503137755 3585.270437949677
2452.419070263887 3608.8927217093133 2463.3703605187816 3740.4886665329254 2562.9589696745998 3732.2009965260077 2552.0076794197057 3600.6050517023955
2551.501813372247 3593.673982664221 2563.0330397785538 3732.2387178318013 2648.6663307689428 3725.112396223832 2637.135104362637 3586.5476610562523
2629.6335442086793 3616.310957649926 2638.4285928440877 3721.9964712293804 2738.0303784117577 3713.707704693912 2729.2353297763493 3608.022191114457
2718.5030383420403 3598.9266827878423 2728.8743080971735 3723.5528236973432 2840.425125322717 3714.2696700314373 2830.0538555675844 3589.643529121937
1265.4793023831653 3828.474113050336 1272.9453665643136 3918.189913395666 1323.7240633483657 3913.964158202428 1316.2579991672176 3824.2483578570977
1315.3990792725554 3813.307838777677 1325.603682978403 3935.9312406751205 1418.2209678648971 3928.2237176904882 1408.0163641590493 3805.600315793046
1407.4232162418161 3797.6694816049203 1418.0421865783394 3925.2721112461268 1503.6810522045125 3918.145325722232 1493.062081867989 3790.5426960810255
1511.2191980962289 3815.17359971691 1519.6819689874412 3916.8663048990293 1606.330566073318 3909.6554904766035 1597.867795182106 3807.962785294483
1595.6002596289081 3804.181036111534 1604.3956878318918 3909.8711107566287 1712.9664688302325 3900.835952891339 1704.1710406272482 3795.1458782462432
1688.2013756925319 3795.5188594929687 1697.4938498511221 3907.181676219251 1793.1063745169563 3899.2248922087533 1783.8139003583665 3787.5620754824713
1770.3419660264294 3781.701355391329 1780.7127718656377 3906.321921665047 1881.3014835648075 3897.9510240689233 1870.9306777255993 3773.3304577952063
1856.041836917653 3786.65434733839 1864.6714425548516 3890.351818672853 1974.2397921711863 3881.2336440892313 1965.6101865339879 3777.536172754769
1957.3575610216758 3786.3021410387973 1966.0709846865311 3891.0068099076075 2096.5664835226908 3880.1470977285762 2087.853059857836 3775.4424288597666
2080.5234886285084 3771.098382399943 2089.151365124531 3874.7750755464863 2157.8609577789252 3869.057128132054 2149.233081282903 3765.380434985512
2152.1136374446514 3763.1705458424403 2162.069528388908 3882.805296166469 2256.6814437263206 3874.931781919352 2246.725552782064 3755.2970315953226
2252.3503387417386 3761.904167905729 2262.555448537686 3884.5336512240265 2367.1313939984075 3875.8309397996327 2356.9262842024596 3753.2014564813344
2352.9317227846996 3740.540994358655 2366.7023340513465 3906.015249743601 2457.3047170840746 3898.475404988457 2443.534105817427 3733.0011496035113
2442.445641191094 3755.2126817712615 2451.0743189964423 3858.899003834157 2538.718457560029 3851.6053413901004 2530.0897797546813 3747.9190193272048
2523.259931963329 3737.4912143664224 2532.7178491201294 3851.1420733376967 2618.363809737299 3844.0146973753517 2608.9058925804984 3730.3638384040773
2602.987709725508 3730.8971675737016 2613.1924399538807 3853.522089826358 2708.799389983931 3845.5657697317856 2698.5946597555585 3722.940847479129
2693.9253336847137 3726.386231013062 2703.219157416905 3838.0652648616237 2830.72144361401 3827.454645011759 2821.427619881819 3715.775611163197
1512.8077881694567 3931.4382821513414 1523.1788470537153 4056.061889135486 1629.746889039998 4047.193397319481 1619.3758301557395 3922.5697903353366
1625.6630608101425 3937.15557497194 1635.202940330897 4051.7913329344287 1697.9276280623953 4046.5714436558046 1688.3877485416406 3931.935685693315
1672.6754716183598 3923.2331746760347 1682.3838306779273 4039.8934634086436 1806.8939178061191 4029.5318515395948 1797.1855587465516 3912.871562806986
1771.7507245236013 3920.0560278801786 1781.5414676888734 4037.7062834547137 1893.0958324099156 4028.422834569583 1883.3050892446433 3910.7725789950473
1872.8191718728974 3916.714029914504 1882.7749784688042 4036.347766668391 1975.3937837105123 4028.6401171612342 1965.4379771146055 3909.006380407347
1963.4196032893478 3920.258296714993 1972.2155375824323 4025.954452780942 2092.7449791549993 4015.924106475889 2083.9490448619144 3910.227950409939
2067.815034847481 3908.6138186334647 2075.1164573397446 3996.351205650155 2154.796264081653 3989.72032737914 2147.4948415893896 3901.9829403624494
2146.1340874630873 3897.1192113155157 2155.177680163387 4005.7913493281003 2248.7986150887305 3998.000303535037 2239.7550223884314 3889.3281655224537
2213.4006548483667 3897.576280458775 2222.030091788865 4001.271724652952 2327.6122212137916 3992.4852795492525 2318.982784273293 3888.7898353550754
2300.1795485465263 3903.443444042954 2308.310843002868 4001.152969744092 2400.9407975161425 3993.4443924050847 2392.8095030598006 3895.734866703947
2378.416175577224 3890.952239502978 2387.1295148937284 3995.655894801646 2515.6319036341843 3984.962047362575 2506.9185643176793 3880.258392063907
1842.9287787657986 4040.59931717616 1853.8807016333192 4172.20286377584 1968.417636506921 4162.671208219219 1957.4657136394007 4031.0676616195396
1950.553788541621 4043.738946255223 1960.5111555820044 4163.391434056744 2090.002497594244 4152.6152868603185 2080.045130553861 4032.962799058797
2071.9737984591266 4031.6898304522683 2080.7704497131867 4137.394601864429 2218.241327099241 4125.954405269711 2209.4446758451804 4020.2496338575506
2188.410822266495 4020.0528425738594 2198.699412696699 4143.685469145934 2316.230066994427 4133.904679085973 2305.9414765642227 4010.2720525138966
2306.084229847499 4023.3648130258584 2314.629005276841 4126.042923984264 2379.352884524898 4120.656663875578 2370.808109095556 4017.978552917173
2356.9106881708876 4019.161108195499 2365.540040763037 4122.855538819535 2469.1290600922584 4114.234958455792 2460.4997075001093 4010.540527831758
2457.821774553485 4001.784323536534 2467.4474542881226 4117.451097931718 2597.937378488499 4106.591849668612 2588.3116987538615 3990.925075273429
2199.2985230282034 4273.016195595841 2210.5820066789447 4408.603935246643 2321.130694220853 4399.404177866644 2309.847210570112 4263.816438215841
2298.78590385799 4274.82203491012 2308.9913088731632 4397.455065723916 2420.543139668849 4388.171827709661 2410.3377346536768 4265.538796895866
2404.1779326381507 4263.095131243683 2414.6299838803375 4388.691981162405 2475.3559868803477 4383.638420539664 2464.903935638161 4258.041570620943
2458.653587306893 4266.616927434814 2467.9470314715095 4378.291400217733 2586.480322237944 4368.427171697693 2577.1868780733284 4256.752698914772
2567.612386847499 4261.618927567841 2577.9004711876014 4385.245472719062 2683.472464911103 4376.459871098862 2673.184380571 4252.83332594764
491 1905 500.0486228883506 2013.7325831595804 617 2004 607.9513771116494 1895.2674168404196
601 1898 609.2635359699689 1997.2986030176587 721 1988 712.7364640300311 1888.7013969823413
700 1884 712.1684505586469 2030.2219255478865 835 2020 822.8315494413531 1873.7780744521135
809 1884 818.0352073370432 1992.5713754745918 897 1986 887.9647926629568 1877.4286245254082
875 1884 882.9675647677394 1979.7420714043567 976 1972 968.0324352322606 1876.2579285956433
401 2020 409.93192730442826 2127.3303131744387 486 2121 477.06807269557174 2013.669686825561
484 2034 492.07061812820035 2130.9804099034254 612 2121 603.9293818717996 2024.0195900965746
603 2023 611.1050070270463 2120.3936433699623 736 2110 727.8949929729537 2012.6063566300375
713 2026 721.3601648949686 2126.4597424255885 811 2119 802.6398351050312 2018.5402575744113
800 1993 810.6191367333449 2120.60462914505 902 2113 891.3808632666551 1985.3953708549502
892 2006 900.3943271216608 2106.8702520910415 1019 2097 1010.6056728783392 1996.1297479089587
# Transcript
PAL
*NAFLY
RANAFL
ANAFL
AL
WE
ANAF
SISHMA
*TROYANA
PAL
AQMO
*OIOQ
OIOQ
*M
DWROY
OY
*TRATOY
*EYSEINIOY
*SERMOY
IMOSARISTOBOYLOY
SIMOSLHNAIOY
*WSIMOSAGNOY
ZWSIMOSAQHNAIOY
ZWSIMOSEYELPISTOY
ZWSIMOSDIONYSIOY
HRASABASKANTOY
HRAKLAS)
HRAKEIDHSIS**WROY
HLIODWROSOKAIEYTYCIDHS
QEOFILOSZWSIMOY
QALLOS)
QEODWROSEYFROSYNOY
QHSEYSANDRONIKOY
QALLOSEYTYCIDOY
ISIGENHSPONTIKOY
ISIDOT**)
IOYLIOSDIONYSIOS
ISIDWROSTELESFOROY
IKELOSELPIDHFOROY
LIOSEYRETOS
**KLWDIOY
*YSIOY


# Lines: x1 y1 x2 y2 x3 y3 x4 y4
497.31213632970685 1819.9562005095004 943.7876917979088 1783.0295384702617
361.4302647387276 1984.7169876311104 1013.384679520597 1908.7206650461976
448.98847306726293 2072.799676930977 1053.915496634677 2034.8089391404405
479.2161254183154 2207.767410235437 1058.8310709167417 2142.7711414590185
533.7067938438961 2320.660133891718 822.2104543161026 2314.8603154344123
541.2674770461683 2448.471855065932 835.7657012567765 2418.0942986007003
498.81846757102267 2602.494845540013 1005.8391768281595 2557.5504311552427
462.86606554685113 2725.8780890890966 1063.8891258110655 2689.2136508602234
473.33411483029636 2852.4459362865555 1123.287844964992 2788.6560571206965
470.6740588544501 2990.1337138930135 920.3042571585522 2954.9529695431015
444.5153210282135 3256.1952113618095 937.741030143668 3226.439541859055
556.2916042125626 3394.452444508912 1007.5028690361742 3354.123862879046
506.7240336227651 3510.9344428855943 962.5061566319678 3465.2107472210473
780.6983872428267 3632.7665140264453 1059.0712243249432 3625.7977569741747
2214.0367218026972 471.8669239285348 2771.224484703951 414.7460269371868
2159.5461200783157 625.8824241994976 2690.162950527589 562.9318146395656
2086.5547696693184 750.3222199461597 2868.224184281428 677.645358016365
1687.0617308980559 1088.4010746136805 2853.664949967406 986.8977285750875
1492.545474377288 1260.0181656889774 2792.3779992648897 1119.4002178859957
1401.69779955671 1386.9382191860293 2799.0095304238052 1272.3741463656172
1281.7914443306427 1502.213827952152 2806.6601294141064 1389.1408725126219
1123.5123509549676 1626.6836178618896 2325.243749549998 1525.2851680175631
1128.158177872948 1767.7808052620935 2596.3032468857677 1660.4027053844043
1164.7026060989192 1894.1987816959731 2660.849803319649 1761.4261781643868
1144.0213745416736 2032.3736226087658 2621.330630535033 1878.0805179140061
1191.1986698703083 2153.898528720537 2506.384790809745 2029.0687755032914
1194.608113014653 2280.046757790332 2057.001902610969 2200.6934234829064
1185.3914946122804 2411.252908352053 2780.606454535133 2287.3447502738463
1180.2436906829257 2543.125953796165 3097.3595533205753 2392.5943317923466
1178.0856784196528 2674.75172248555 2760.9892987291846 2583.971059285851
1177.591158260798 2802.226251117009 1946.7094467079792 2747.645500150403
1202.5061221620783 2933.6197234579054 2997.932227518139 2828.2722023386673
1208.815441184477 3070.5656708001816 2858.730861921442 2989.293877326896
1218.616595585531 3201.202332470659 2733.7441145940916 3128.068201294008
1220.0253540827027 3339.557004959508 2756.3361817116815 3255.6401359166143
1208.6506900664572 3468.934812246993 1978.0986808532748 3418.340450168496
1249.9233374447185 3603.992461339481 2677.9422604154834 3521.004777690542
1257.5664462318998 3732.8007797357213 2901.831985976338 3656.0099286599993
1259.6346094083437 3879.128230000789 2796.2826295800774 3787.156157596767
1533.5340276466154 3987.922111670377 2645.294438691991 3939.118541798723
1736.517682154254 4088.533423175214 2655.4252954326807 4073.741592357308
2197.74745067177 4363.451775842473 2670.291894879379 4338.41683528889