# Baseline angle
5.743272890815789
# Boxes: x1 y1 x2 y2 x3 y3 x4 y4
261 742 398.94355538961355 972.1704008057864 491 917 353.05644461038645 686.8295991942136
98 1047 267.4855053538714 1329.8007918738126 424 1236 254.51449464612853 953.1992081261874
410 1018 509.68628195598353 1184.3349288615987 587 1138 487.3137180440165 971.6650711384013
607 927 725.5255806608186 1124.7698800743924 892 1025 773.4744193391814 827.2301199256076
868 797 985.1273480021673 992.4368115192685 1111 917 993.8726519978327 721.5631884807315
275 1354 388.59984707396495 1543.5508801309272 518 1466 404.40015292603505 1276.4491198690728
460 1243 594.4793145456724 1467.3900241779288 772 1361 637.5206854543276 1136.6099758220712
748 1181 839.9969438203036 1334.504622758339 981 1250 889.0030561796964 1096.495377241661
962 1037 1065.1940233289256 1209.1878897734205 1204 1126 1100.8059766710744 953.8121102265796
1221 919 1329.8401527661545 1100.6089306614688 1456 1025 1347.1598472338458 843.3910693385313
1466 831 1570.2616973952797 1004.9693935710321 1677 941 1572.7383026047203 767.0306064289679
369 1584 499.61669512780514 1801.9449194605709 623 1728 492.38330487219486 1510.0550805394291
616 1481 743.3549727418493 1693.5024618787563 866 1620 738.6450272581507 1407.4975381212437
892 1363 1009.4174459970419 1558.9208643738193 1051 1534 933.5825540029581 1338.0791356261807
1084 1258 1203.7744936641084 1457.853796251026 1322 1387 1202.2255063358916 1187.146203748974
1319 1150 1446.0000946969242 1361.91031807322 1576 1284 1448.9999053030758 1072.08968192678
1559 1054 1692.0902016817568 1276.072172765814 1799 1212 1665.9097983182432 989.927827234186
1747 958 1865.4410410555079 1155.6288186468873 2020 1063 1901.5589589444921 865.3711813531127
230 1937 357.09071416539194 2149.061524262731 479 2076 351.90928583460806 1863.938475737269
504 1848 598.8162086244449 2006.2088027261098 746 1918 651.1837913755551 1759.7911972738902
715 1752 811.2266010094103 1912.5621608052456 959 1824 862.7733989905897 1663.4378391947544
959 1606 1073.1222843637224 1796.4226106009717 1224 1706 1109.8777156362776 1515.5773893990283
1173 1512 1312.1575091797504 1744.1959846008854 1471 1649 1331.8424908202496 1416.8040153991146
1483 1387 1587.8945137087653 1562.0253007071071 1643 1529 1538.1054862912347 1353.9746992928929
1651 1296 1774.8183520189114 1502.601313347406 1931 1409 1807.1816479810886 1202.398686652594
323 2199 437.8198807272589 2390.5866086880324 614 2285 499.1801192727411 2093.4133913119676
554 2081 680.1060597385596 2291.4185457021226 851 2189 724.8939402614404 1978.5814542978774
859 1939 972.3507881554001 2128.135304419917 1051 2081 937.6492118445998 1891.8646955800832
1056 1851 1167.745477141396 2037.4567082472454 1307 1954 1195.254522858604 1767.5432917527546
1315 1769 1418.807080087151 1942.2108264329759 1571 1851 1467.192919912849 1677.7891735670241
1535 1620 1650.5372366460556 1812.7835772516123 1787 1731 1671.4627633539444 1538.2164227483877
1771 1517 1881.520883590734 1701.413371118636 1989 1637 1878.479116409266 1452.586628881364
501 2419 610.465369250694 2601.652156845036 710 2542 600.534630749306 2359.347843154964
721 2288 823.8513050103145 2459.616035491896 930 2396 827.1486949896855 2224.383964508104
950 2189 1064.4771624086477 2380.014754406508 1208 2294 1093.5228375913523 2102.985245593492
1148 2082 1288.4742421646695 2316.393064109507 1466 2210 1325.5257578353305 1975.6069358904927
1386 1962 1505.5056751902832 2161.405250063496 1638 2082 1518.4943248097168 1882.5947499365038
1640 1878 1754.4756424428585 2069.0122182160067 1903 1980 1788.5243575571415 1788.9877817839936
1880 1763 2000.3860304565446 1963.8741967200801 2137 1882 2016.6139695434551 1681.12580327992
289 2770 396.49910032860754 2949.3712721048228 584 2837 476.5008996713925 2657.6287278951772
571 2641 668.6385133601646 2803.918055074883 812 2718 714.3614866398354 2555.081944925117
831 2521 931.9108755066453 2689.378265990208 1041 2624 940.0891244933547 2455.621734009792
1031 2436 1125.9007482297557 2594.3498641536144 1285 2499 1190.0992517702443 2340.6501358463856
1279 2325 1372.229137199912 2480.5606408394565 1520 2392 1426.770862800088 2236.4393591605435
1490 2200 1594.776534856091 2374.828443088569 1748 2283 1643.223465143909 2108.171556911431
1792 2077 1884.1088428098212 2230.6913356148716 1947 2193 1854.891157190179 2039.3086643851286
407 2983 521.9135401273054 3174.742887258546 680 3080 565.0864598726946 2888.257112741454
675 2859 788.1573894921503 3047.8126025168826 923 2967 809.8426105078497 2778.1873974831174
908 2724 1046.4644727135822 2955.03959508533 1165 2884 1026.5355272864178 2652.96040491467
1139 2644 1248.9741268483485 2827.501061600567 1415 2728 1305.0258731516515 2544.498938399433
1387 2541 1500.7613264556403 2730.8203220334294 1679 2624 1565.2386735443597 2434.1796779665706
1670 2383 1777.6277189418067 2562.585883056871 1832 2530 1724.3722810581933 2350.414116943129
554 3245 646.9633586576651 3400.1171670329295 799 3309 706.0366413423349 3153.8828329670705
780 3091 891.6533377071387 3277.302965867233 1044 3186 932.3466622928613 2999.697034132767
1041 2979 1151.1584057168627 3162.808546360592 1291 3079 1180.8415942831373 2895.191453639408
1251 2852 1366.9690544673454 3045.504101532146 1533 2946 1417.0309455326546 2752.495898467854
1521 2762 1621.3732385589951 2929.4811736151487 1759 2847 1658.6267614410049 2679.5188263848513
1755 2630 1861.4663854754062 2807.648100688745 1966 2745 1859.5336145245938 2567.351899311255
630 3420 743.9562450846793 3610.145560126965 861 3540 747.0437549153207 3349.854439873035
875 3312 991.1396536437564 3505.7887605776573 1176 3395 1059.8603463562436 3201.2112394223427
1128 3195 1264.080065662309 3422.0610117790957 1396 3343 1259.919934337691 3115.9389882209043
1366 3087 1480.5662619113261 3278.163424405517 1621 3194 1506.4337380886739 3002.836575594483
1602 2975 1729.0016146627133 3186.912854263722 1854 3112 1726.9983853372867 2900.087145736278
802 3642 903.0182145987948 3810.5573702752354 949 3783 847.9817854012052 3614.4426297247646
1011 3535 1135.005670819004 3741.913870488434 1255 3670 1130.994329180996 3463.086129511566
1263 3438 1381.7174593582793 3636.0900457869247 1497 3567 1378.2825406417207 3368.9099542130753
1478 3311 1603.2439440617693 3519.980033331557 1710 3456 1584.7560559382307 3247.019966668443
835 3878 968.0780419554427 4100.051883241802 1115 4012 981.9219580445572 3789.948116758198
1118 3783 1241.0301361869072 3988.2861090708348 1380 3905 1256.9698638130928 3699.7138909291652
1357 3662 1469.6303923050248 3849.9332634753337 1598 3773 1485.3696076949752 3585.0667365246663
1587 3545 1702.2684181722307 3737.335031064082 1853 3647 1737.7315818277693 3454.664968935918
1225 4028 1325.9047956434883 4196.368121228203 1455 4119 1354.0952043565117 3950.631878771798
1488 3899 1584.4984594148139 4060.0157793737785 1708 3986 1611.5015405851861 3824.9842206262215
1699 3783 1796.1930158467717 3945.174705079836 1955 3850 1857.8069841532283 3687.825294920164
1316 4224 1415.311644355798 4389.709814579543 1565 4300 1465.688355644202 4134.290185420457
1559 4124 1676.9110039368038 4320.744407224335 1835 4226 1717.0889960631962 4029.255592775665
1388 4465 1505.4609465260428 4660.993448657783 1694 4548 1576.5390534739572 4352.006551342217
# Transcript
I*
XIQE*
MOSEPE*
*SEIPEEP
EWNYMID*
OTIANHR
*RITONDH
WNEUHFI*
*OLHNDI*
TOSTAE
*IZONT
ITRI*
SDEE
*YGC
SQ
D