# Baseline angle
0
# Boxes: x1 y1 x2 y2 x3 y3 x4 y4
531 277 531 453 668 453 668 277
2096 306 2096 450 2268 450 2268 306
512 837 512 1160 780 1160 780 837
848 882 848 1125 1088 1125 1088 882
1139 885 1139 1135 1398 1135 1398 885
1516 904 1516 1141 1753 1141 1753 904
1772 853 1772 1144 1996 1144 1996 853
2064 847 2064 1164 2320 1164 2320 847
2550 901 2550 1154 2825 1154 2825 901
2832 898 2832 1160 3129 1160 3129 898
3155 888 3155 1154 3456 1154 3456 888
3545 872 3545 1135 3801 1135 3801 872
3923 879 3923 1135 4150 1135 4150 879
4195 895 4195 1180 4524 1180 4524 895
492 1247 492 1375 617 1375 617 1247
640 1250 640 1356 796 1356 796 1250
825 1228 825 1356 889 1356 889 1228
947 1237 947 1362 1036 1362 1036 1237
1081 1231 1081 1359 1158 1359 1158 1231
1222 1240 1222 1365 1305 1365 1305 1240
1347 1260 1347 1373 1463 1373 1463 1260
1478 1259 1478 1376 1603 1376 1603 1259
1617 1260 1617 1382 1709 1382 1709 1260
1730 1256 1730 1373 1858 1373 1858 1256
1904 1262 1904 1368 1996 1368 1996 1262
2006 1258 2006 1394 2134 1394 2134 1258
2310 1244 2310 1373 2427 1373 2427 1244
2457 1244 2457 1365 2535 1365 2535 1244
2574 1253 2574 1379 2691 1379 2691 1253
2719 1245 2719 1373 2829 1373 2829 1245
2844 1250 2844 1370 2931 1370 2931 1250
2979 1253 2979 1382 3095 1382 3095 1253
3117 1260 3117 1372 3209 1372 3209 1260
3246 1257 3246 1394 3368 1394 3368 1257
3399 1255 3399 1394 3504 1394 3504 1255
3531 1262 3531 1399 3640 1399 3640 1262
3682 1270 3682 1384 3774 1384 3774 1270
3802 1246 3802 1398 3910 1398 3910 1246
3947 1255 3947 1409 4049 1409 4049 1255
4078 1259 4078 1399 4203 1399 4203 1259
513 1397 513 1512 621 1512 621 1397
661 1390 661 1514 780 1514 780 1390
783 1389 783 1503 908 1503 908 1389
926 1381 926 1500 1049 1500 1049 1381
1065 1395 1065 1506 1202 1506 1202 1395
1214 1387 1214 1514 1311 1514 1311 1387
1335 1388 1335 1510 1471 1510 1471 1388
1496 1384 1496 1519 1585 1519 1585 1384
1770 1397 1770 1525 1854 1525 1854 1397
1889 1386 1889 1530 2008 1530 2008 1386
2036 1394 2036 1510 2145 1510 2145 1394
2180 1406 2180 1509 2288 1509 2288 1406
2318 1399 2318 1516 2429 1516 2429 1399
2448 1389 2448 1515 2562 1515 2562 1389
2580 1410 2580 1522 2685 1522 2685 1410
2716 1400 2716 1521 2844 1521 2844 1400
2849 1395 2849 1512 2943 1512 2943 1395
2997 1390 2997 1518 3105 1518 3105 1390
3146 1390 3146 1529 3205 1529 3205 1390
3257 1403 3257 1518 3374 1518 3374 1403
3391 1403 3391 1524 3516 1524 3516 1403
3532 1415 3532 1512 3646 1512 3646 1415
3688 1392 3688 1518 3750 1518 3750 1392
3796 1398 3796 1531 3922 1531 3922 1398
3938 1396 3938 1521 4064 1521 4064 1396
484 1542 484 1636 629 1636 629 1542
664 1537 664 1647 786 1647 786 1537
801 1530 801 1659 926 1659 926 1530
934 1523 934 1656 1056 1656 1056 1523
1065 1534 1065 1654 1196 1654 1196 1534
1225 1536 1225 1654 1326 1654 1326 1536
1358 1537 1358 1653 1464 1653 1464 1537
1494 1530 1494 1656 1595 1656 1595 1530
1620 1528 1620 1651 1734 1651 1734 1528
1747 1517 1747 1648 1875 1648 1875 1517
1895 1533 1895 1656 2005 1656 2005 1533
2029 1528 2029 1661 2170 1661 2170 1528
2185 1523 2185 1653 2270 1653 2270 1523
2299 1522 2299 1661 2439 1661 2439 1522
2454 1533 2454 1656 2569 1656 2569 1533
2595 1546 2595 1661 2702 1661 2702 1546
2725 1540 2725 1661 2827 1661 2827 1540
2866 1528 2866 1662 2946 1662 2946 1528
2967 1536 2967 1644 3088 1644 3088 1536
3102 1547 3102 1655 3239 1655 3239 1547
3258 1539 3258 1653 3365 1653 3365 1539
3393 1546 3393 1663 3491 1663 3491 1546
3513 1545 3513 1655 3604 1655 3604 1545
502 1649 502 1777 619 1777 619 1649
658 1651 658 1769 752 1769 752 1651
795 1658 795 1783 901 1783 901 1658
934 1658 934 1783 1040 1783 1040 1658
1063 1668 1063 1786 1182 1786 1182 1668
1207 1677 1207 1788 1328 1788 1328 1677
1354 1669 1354 1788 1457 1788 1457 1669
1488 1674 1488 1786 1568 1786 1568 1674
1597 1663 1597 1792 1727 1792 1727 1663
1746 1654 1746 1772 1857 1772 1857 1654
1881 1665 1881 1779 1992 1779 1992 1665
2018 1675 2018 1785 2150 1785 2150 1675
2178 1661 2178 1788 2277 1788 2277 1661
2308 1665 2308 1796 2431 1796 2431 1665
2450 1663 2450 1785 2559 1785 2559 1663
2601 1663 2601 1785 2670 1785 2670 1663
2849 1677 2849 1793 2956 1793 2956 1677
2996 1648 2996 1774 3073 1774 3073 1648
3105 1676 3105 1791 3227 1791 3227 1676
510 1804 510 1922 638 1922 638 1804
661 1815 661 1933 789 1933 789 1815
801 1798 801 1912 934 1912 934 1798
946 1804 946 1915 1009 1915 1009 1804
1058 1804 1058 1923 1174 1923 1174 1804
1206 1809 1206 1935 1332 1935 1332 1809
1362 1801 1362 1922 1442 1922 1442 1801
1462 1807 1462 1906 1587 1906 1587 1807
1618 1800 1618 1900 1709 1900 1709 1800
1734 1810 1734 1918 1860 1918 1860 1810
1896 1797 1896 1903 1980 1903 1980 1797
2040 1811 2040 1913 2138 1913 2138 1811
2170 1801 2170 1918 2287 1918 2287 1801
2457 1808 2457 1933 2513 1933 2513 1808
2305 1801 2305 1922 2429 1922 2429 1801
2829 1826 2829 1938 2971 1938 2971 1826
2974 1804 2974 1925 3091 1925 3091 1804
513 1932 513 2041 627 2041 627 1932
679 1918 679 2046 735 2046 735 1918
781 1944 781 2046 909 2046 909 1944
936 1926 936 2051 1064 2051 1064 1926
1071 1930 1071 2051 1198 2051 1198 1930
1218 1927 1218 2049 1326 2049 1326 1927
1360 1929 1360 2041 1458 2041 1458 1929
1483 1910 1483 2040 1573 2040 1573 1910
1581 1919 1581 2042 1703 2042 1703 1919
1733 1920 1733 2044 1872 2044 1872 1920
1890 1934 1890 2047 1996 2047 1996 1934
2034 1913 2034 2044 2128 2044 2128 1913
2153 1922 2153 2038 2275 2038 2275 1922
2311 1936 2311 2069 2428 2069 2428 1936
2580 1943 2580 2054 2699 2054 2699 1943
2823 1954 2823 2056 2953 2056 2953 1954
2150 1236 2150 1379 2286 1379 2286 1236
643 2060 643 2178 767 2178 767 2060
931 2062 931 2174 1069 2174 1069 2062
1079 2058 1079 2178 1173 2178 1173 2058
1202 2078 1202 2187 1328 2187 1328 2078
1352 2069 1352 2185 1474 2185 1474 2069
1500 2054 1500 2184 1563 2184 1563 2054
1578 2078 1578 2174 1721 2174 1721 2078
1743 2076 1743 2174 1844 2174 1844 2076
1862 2071 1862 2187 2010 2187 2010 2071
2035 2058 2035 2182 2146 2182 2146 2058
2166 2067 2166 2199 2292 2199 2292 2067
2294 2077 2294 2197 2406 2197 2406 2077
804 2075 804 2164 888 2164 888 2075
2444 2078 2444 2182 2534 2182 2534 2078
2563 2080 2563 2189 2677 2189 2677 2080
2705 2084 2705 2185 2825 2185 2825 2084
512 2213 512 2335 667 2335 667 2213
700 2202 700 2347 805 2347 805 2202
833 2193 833 2354 958 2354 958 2193
1005 2191 1005 2322 1092 2322 1092 2191
1608 2201 1608 2326 1725 2326 1725 2201
1741 2203 1741 2326 1876 2326 1876 2203
1893 2217 1893 2326 2000 2326 2000 2217
2170 2219 2170 2329 2292 2329 2292 2219
2322 2209 2322 2318 2427 2318 2427 2209
2445 2211 2445 2323 2547 2323 2547 2211
2570 2217 2570 2322 2678 2322 2678 2217
2696 2203 2696 2315 2831 2315 2831 2203
636 2347 636 2457 748 2457 748 2347
503 2345 503 2458 623 2458 623 2345
780 2350 780 2463 900 2463 900 2350
931 2357 931 2472 1042 2472 1042 2357
1068 2351 1068 2467 1169 2467 1169 2351
1156 2364 1156 2474 1325 2474 1325 2364
1341 2362 1341 2468 1437 2468 1437 2362
1466 2339 1466 2463 1584 2463 1584 2339
1598 2370 1598 2465 1718 2465 1718 2370
1736 2360 1736 2479 1849 2479 1849 2360
1882 2351 1882 2469 2018 2469 2018 2351
2041 2351 2041 2470 2181 2470 2181 2351
2191 2346 2191 2467 2300 2467 2300 2346
2428 2366 2428 2482 2550 2482 2550 2366
619 2483 619 2599 776 2599 776 2483
806 2487 806 2613 920 2613 920 2487
1055 2505 1055 2598 1174 2598 1174 2505
1212 2488 1212 2595 1325 2595 1325 2488
1352 2487 1352 2596 1465 2596 1465 2487
1474 2487 1474 2607 1591 2607 1591 2487
1603 2484 1603 2607 1731 2607 1731 2484
1750 2491 1750 2604 1860 2604 1860 2491
1868 2507 1868 2603 1996 2603 1996 2507
2028 2487 2028 2598 2140 2598 2140 2487
2162 2483 2162 2606 2296 2606 2296 2483
2301 2491 2301 2619 2433 2619 2433 2491
2445 2485 2445 2617 2572 2617 2572 2485
1223 2632 1223 2747 1298 2747 1298 2632
1060 2635 1060 2746 1177 2746 1177 2635
1329 2609 1329 2735 1460 2735 1460 2609
1464 2623 1464 2731 1599 2731 1599 2623
1608 2632 1608 2753 1712 2753 1712 2632
1918 2629 1918 2731 1974 2731 1974 2629
2011 2625 2011 2749 2143 2749 2143 2625
2299 2647 2299 2753 2418 2753 2418 2647
1061 2765 1061 2863 1165 2863 1165 2765
1204 2750 1204 2855 1328 2855 1328 2750
800 2757 800 2884 893 2884 893 2757
1344 2759 1344 2858 1469 2858 1469 2759
1488 2752 1488 2869 1593 2869 1593 2752
1588 2758 1588 2847 1711 2847 1711 2758
1334 2887 1334 2988 1462 2988 1462 2887
950 2895 950 3006 1050 3006 1050 2895
1482 2889 1482 2985 1587 2985 1587 2889
2714 1952 2714 2053 2817 2053 2817 1952
# Transcript
QE*
*POLITEAEYPOL*
EPIFEREKLEOYSARCONTOSEPITHS
DOSDWDEK*THSPRYTANEIASHIEP
SDHMOCAROYGARGHTTIOSEGR*
KIROFORIWNOSENHI*AIN
ATEIKAIEIKOSTHI**SP
SIATWNPROEDRWN*PEU
*PIMHDEIDOYKYDAQH
DROI****EDO*ENTWI
YQYDHMOYDIOME*Y*
*YS*PESTEILENTE*
**AINWN*IL*N*
S*ATWNB***
**O**OY
