# Baseline angle
0
# Boxes: x1 y1 x2 y2 x3 y3 x4 y4
822 584 822 672 902 672 902 584
938 586 938 666 1030 666 1030 586
1051 579 1051 658 1111 658 1111 579
1164 574 1164 657 1258 657 1258 574
1284 567 1284 661 1364 661 1364 567
1385 572 1385 657 1470 657 1470 572
1487 571 1487 651 1572 651 1572 571
1604 567 1604 653 1694 653 1694 567
1727 568 1727 640 1818 640 1818 568
1837 558 1837 658 1920 658 1920 558
1966 570 1966 637 2047 637 2047 570
2060 557 2060 636 2139 636 2139 557
760 686 760 771 817 771 817 686
827 700 827 770 915 770 915 700
930 697 930 778 1020 778 1020 697
1049 687 1049 783 1140 783 1140 687
1185 695 1185 779 1250 779 1250 695
1286 681 1286 773 1373 773 1373 681
1400 671 1400 771 1474 771 1474 671
1500 674 1500 750 1570 750 1570 674
1604 678 1604 760 1692 760 1692 678
1731 672 1731 756 1812 756 1812 672
1844 669 1844 755 1929 755 1929 669
1964 669 1964 745 2042 745 2042 669
2073 672 2073 752 2168 752 2168 672
606 802 606 892 680 892 680 802
704 801 704 886 796 886 796 801
832 795 832 883 918 883 918 795
954 795 954 878 1012 878 1012 795
1040 796 1040 877 1124 877 1124 796
1172 802 1172 872 1266 872 1266 802
1294 798 1294 878 1362 878 1362 798
1394 787 1394 881 1492 881 1492 787
1517 778 1517 877 1598 877 1598 778
1618 786 1618 863 1711 863 1711 786
1741 775 1741 862 1810 862 1810 775
1847 776 1847 865 1934 865 1934 776
1965 766 1965 869 2044 869 2044 766
2079 784 2079 865 2177 865 2177 784
2194 771 2194 854 2272 854 2272 771
581 929 581 1016 675 1016 675 929
719 921 719 1009 779 1009 779 921
820 923 820 1001 918 1001 918 923
948 920 948 1011 1030 1011 1030 920
1037 912 1037 996 1155 996 1155 912
1158 903 1158 994 1252 994 1252 903
1273 908 1273 1000 1369 1000 1369 908
1390 891 1390 1001 1477 1001 1477 891
1506 891 1506 979 1594 979 1594 891
1610 892 1610 984 1692 984 1692 892
1736 901 1736 984 1829 984 1829 901
1851 883 1851 977 1935 977 1935 883
1944 898 1944 971 2056 971 2056 898
2076 889 2076 987 2167 987 2167 889
588 1032 588 1127 669 1127 669 1032
701 1025 701 1121 793 1121 793 1025
828 1033 828 1122 917 1122 917 1033
929 1043 929 1119 1048 1119 1048 1043
1066 1040 1066 1123 1130 1123 1130 1040
1156 1040 1156 1120 1256 1120 1256 1040
1294 1023 1294 1115 1372 1115 1372 1023
1393 1032 1393 1114 1483 1114 1483 1032
1499 1031 1499 1108 1600 1108 1600 1031
1622 1019 1622 1100 1691 1100 1691 1019
1729 1020 1729 1102 1819 1102 1819 1020
1844 1018 1844 1106 1930 1106 1930 1018
1953 1016 1953 1098 2033 1098 2033 1016
2087 1015 2087 1107 2183 1107 2183 1015
504 1170 504 1258 574 1258 574 1170
606 1161 606 1249 698 1249 698 1161
719 1159 719 1251 816 1251 816 1159
831 1154 831 1254 915 1254 915 1154
942 1146 942 1246 1030 1246 1030 1146
1057 1156 1057 1240 1154 1240 1154 1156
1177 1145 1177 1241 1253 1241 1253 1145
1275 1136 1275 1238 1374 1238 1374 1136
1392 1135 1392 1232 1484 1232 1484 1135
1510 1146 1510 1217 1588 1217 1588 1146
1616 1139 1616 1229 1712 1229 1712 1139
1750 1143 1750 1229 1812 1229 1812 1143
1841 1126 1841 1220 1927 1220 1927 1126
1964 1136 1964 1209 2044 1209 2044 1136
2082 1134 2082 1222 2163 1222 2163 1134
487 1267 487 1352 562 1352 562 1267
595 1280 595 1349 699 1349 699 1280
729 1272 729 1357 787 1357 787 1272
828 1279 828 1356 930 1356 930 1279
942 1272 942 1354 1040 1354 1040 1272
1049 1262 1049 1341 1141 1341 1141 1262
1165 1260 1165 1335 1270 1335 1270 1260
1305 1258 1305 1347 1362 1347 1362 1258
1400 1253 1400 1346 1486 1346 1486 1253
1511 1257 1511 1348 1597 1348 1597 1257
1637 1251 1637 1332 1700 1332 1700 1251
1732 1243 1732 1334 1819 1334 1819 1243
1853 1239 1853 1328 1942 1328 1942 1239
1973 1232 1973 1312 2057 1312 2057 1232
2089 1241 2089 1312 2164 1312 2164 1241
602 1387 602 1466 679 1466 679 1387
696 1373 696 1466 805 1466 805 1373
832 1372 832 1480 920 1480 920 1372
938 1383 938 1469 1026 1469 1026 1383
1059 1380 1059 1481 1148 1481 1148 1380
1181 1367 1181 1461 1271 1461 1271 1367
1283 1362 1283 1473 1387 1473 1387 1362
1402 1376 1402 1467 1492 1467 1492 1376
1516 1368 1516 1461 1596 1461 1596 1368
1616 1361 1616 1452 1707 1452 1707 1361
1732 1355 1732 1455 1826 1455 1826 1355
1848 1367 1848 1444 1937 1444 1937 1367
1970 1363 1970 1435 2050 1435 2050 1363
848 1494 848 1579 906 1579 906 1494
939 1497 939 1581 1046 1581 1046 1497
1065 1493 1065 1587 1152 1587 1152 1493
1171 1482 1171 1563 1264 1563 1264 1482
1294 1486 1294 1564 1391 1564 1391 1486
1413 1478 1413 1564 1497 1564 1497 1478
1509 1479 1509 1556 1611 1556 1611 1479
1620 1467 1620 1562 1702 1562 1702 1467
1745 1467 1745 1558 1823 1558 1823 1467
1843 1470 1843 1558 1926 1558 1926 1470
1293 1613 1293 1690 1380 1690 1380 1613
1413 1605 1413 1690 1491 1690 1491 1605
1508 1606 1508 1685 1594 1685 1594 1606
1632 1595 1632 1694 1726 1694 1726 1595
1739 1602 1739 1691 1824 1691 1824 1602
605 1862 605 1943 690 1943 690 1862
702 1857 702 1933 808 1933 808 1857
841 1861 841 1929 912 1929 912 1861
951 1840 951 1921 1031 1921 1031 1840
598 1979 598 2067 693 2067 693 1979
700 1980 700 2059 809 2059 809 1980
840 1963 840 2050 901 2050 901 1963
955 1960 955 2050 1043 2050 1043 1960
1057 1958 1057 2047 1149 2047 1149 1958
1177 1951 1177 2044 1287 2044 1287 1951
605 2100 605 2178 697 2178 697 2100
704 2091 704 2180 791 2180 791 2091
830 2095 830 2180 923 2180 923 2095
947 2081 947 2167 1036 2167 1036 2081
1070 2081 1070 2163 1148 2163 1148 2081
1182 2070 1182 2166 1279 2166 1279 2070
1297 2064 1297 2158 1385 2158 1385 2064
1414 2066 1414 2157 1501 2157 1501 2066
1530 2066 1530 2148 1588 2148 1588 2066
602 2197 602 2286 688 2286 688 2197
729 2201 729 2278 809 2278 809 2201
840 2203 840 2282 922 2282 922 2203
976 2190 976 2287 1039 2287 1039 2190
1063 2192 1063 2273 1160 2273 1160 2192
1187 2195 1187 2275 1271 2275 1271 2195
1300 2183 1300 2264 1382 2264 1382 2183
1411 2172 1411 2265 1498 2265 1498 2172
1521 2178 1521 2256 1609 2256 1609 2178
618 2315 618 2400 702 2400 702 2315
729 2306 729 2404 805 2404 805 2306
874 2310 874 2387 927 2387 927 2310
964 2311 964 2390 1044 2390 1044 2311
1070 2297 1070 2388 1161 2388 1161 2297
1193 2289 1193 2374 1288 2374 1288 2289
1302 2293 1302 2373 1383 2373 1383 2293
1414 2280 1414 2380 1494 2380 1494 2280
1538 2287 1538 2365 1600 2365 1600 2287
1982 2255 1982 2358 2072 2358 2072 2255
2100 2266 2100 2347 2183 2347 2183 2266
2212 2266 2212 2351 2294 2351 2294 2266
2336 2252 2336 2339 2412 2339 2412 2252
609 2430 609 2524 715 2524 715 2430
731 2431 731 2512 810 2512 810 2431
861 2428 861 2513 947 2513 947 2428
967 2421 967 2515 1053 2515 1053 2421
1079 2414 1079 2513 1159 2513 1159 2414
1183 2416 1183 2498 1274 2498 1274 2416
1290 2418 1290 2489 1392 2489 1392 2418
1415 2406 1415 2493 1505 2493 1505 2406
1521 2406 1521 2495 1595 2495 1595 2406
2004 2393 2004 2470 2093 2470 2093 2393
2111 2388 2111 2465 2188 2465 2188 2388
2219 2383 2219 2458 2308 2458 2308 2383
2323 2384 2323 2466 2416 2466 2416 2384
2452 2380 2452 2454 2541 2454 2541 2380
2566 2362 2566 2453 2664 2453 2664 2362
2670 2361 2670 2452 2764 2452 2764 2361
2783 2361 2783 2458 2879 2458 2879 2361
637 2549 637 2637 698 2637 698 2549
740 2550 740 2627 815 2627 815 2550
859 2544 859 2631 951 2631 951 2544
976 2549 976 2630 1070 2630 1070 2549
1070 2540 1070 2636 1160 2636 1160 2540
1196 2531 1196 2615 1285 2615 1285 2531
1309 2531 1309 2613 1402 2613 1402 2531
1423 2524 1423 2614 1512 2614 1512 2524
1524 2527 1524 2605 1601 2605 1601 2527
1638 2518 1638 2604 1743 2604 1743 2518
2011 2488 2011 2583 2078 2583 2078 2488
2109 2500 2109 2592 2208 2592 2208 2500
2231 2501 2231 2590 2324 2590 2324 2501
2330 2501 2330 2581 2418 2581 2418 2501
2452 2494 2452 2582 2537 2582 2537 2494
2569 2497 2569 2569 2643 2569 2643 2497
2666 2487 2666 2565 2765 2565 2765 2487
2787 2481 2787 2555 2887 2555 2887 2481
2902 2475 2902 2571 2989 2571 2989 2475
627 2663 627 2746 716 2746 716 2663
745 2664 745 2752 830 2752 830 2664
867 2658 867 2750 947 2750 947 2658
982 2652 982 2750 1057 2750 1057 2652
1087 2657 1087 2738 1169 2738 1169 2657
1199 2644 1199 2742 1276 2742 1276 2644
1312 2644 1312 2727 1404 2727 1404 2644
1423 2644 1423 2737 1508 2737 1508 2644
1531 2649 1531 2724 1613 2724 1613 2649
1646 2637 1646 2723 1743 2723 1743 2637
1759 2640 1759 2722 1848 2722 1848 2640
1872 2618 1872 2709 1968 2709 1968 2618
2007 2620 2007 2701 2085 2701 2085 2620
2107 2622 2107 2702 2191 2702 2191 2622
2220 2623 2220 2710 2315 2710 2315 2623
2355 2621 2355 2695 2440 2695 2440 2621
2461 2613 2461 2686 2552 2686 2552 2613
2557 2609 2557 2698 2642 2698 2642 2609
2668 2612 2668 2690 2776 2690 2776 2612
2797 2607 2797 2696 2888 2696 2888 2607
2928 2601 2928 2687 2985 2687 2985 2601
516 2767 516 2851 598 2851 598 2767
629 2760 629 2848 713 2848 713 2760
740 2767 740 2841 809 2841 809 2767
865 2770 865 2841 961 2841 961 2770
982 2762 982 2834 1056 2834 1056 2762
1085 2748 1085 2826 1160 2826 1160 2748
1209 2750 1209 2831 1280 2831 1280 2750
1329 2742 1329 2823 1411 2823 1411 2742
1433 2750 1433 2827 1518 2827 1518 2750
1531 2734 1531 2827 1619 2827 1619 2734
1644 2728 1644 2813 1729 2813 1729 2728
1749 2725 1749 2798 1841 2798 1841 2725
1883 2713 1883 2798 1966 2798 1966 2713
1997 2718 1997 2806 2081 2806 2081 2718
2111 2723 2111 2807 2203 2807 2203 2723
2217 2717 2217 2802 2295 2802 2295 2717
2333 2699 2333 2801 2446 2801 2446 2699
2461 2699 2461 2782 2539 2782 2539 2699
2568 2705 2568 2784 2660 2784 2660 2705
2687 2696 2687 2785 2773 2785 2773 2696
2795 2703 2795 2790 2891 2790 2891 2703
516 2882 516 2976 609 2976 609 2882
628 2872 628 2968 717 2968 717 2872
744 2885 744 2969 836 2969 836 2885
885 2863 885 2961 946 2961 946 2863
987 2866 987 2951 1069 2951 1069 2866
1114 2857 1114 2950 1172 2950 1172 2857
1210 2867 1210 2943 1299 2943 1299 2867
1318 2867 1318 2955 1411 2955 1411 2867
1426 2858 1426 2936 1520 2936 1520 2858
1542 2855 1542 2939 1623 2939 1623 2855
1654 2841 1654 2933 1714 2933 1714 2841
1754 2849 1754 2924 1830 2924 1830 2849
1886 2839 1886 2929 1951 2929 1951 2839
1995 2832 1995 2928 2084 2928 2084 2832
2111 2832 2111 2912 2205 2912 2205 2832
2232 2828 2232 2916 2326 2916 2326 2828
2362 2827 2362 2914 2428 2914 2428 2827
2466 2818 2466 2907 2557 2907 2557 2818
2586 2816 2586 2910 2680 2910 2680 2816
2686 2817 2686 2903 2783 2903 2783 2817
2798 2811 2798 2893 2907 2893 2907 2811
521 3009 521 3102 610 3102 610 3009
629 2996 629 3102 713 3102 713 2996
752 3004 752 3082 839 3082 839 3004
868 3002 868 3092 957 3092 957 3002
993 2997 993 3080 1078 3080 1078 2997
1093 2984 1093 3074 1170 3074 1170 2984
1220 2992 1220 3076 1310 3076 1310 2992
1338 2977 1338 3068 1422 3068 1422 2977
1438 2976 1438 3066 1522 3066 1522 2976
1542 2968 1542 3085 1623 3085 1623 2968
1661 2978 1661 3051 1738 3051 1738 2978
1765 2962 1765 3058 1851 3058 1851 2962
1887 2966 1887 3040 1976 3040 1976 2966
2013 2956 2013 3048 2102 3048 2102 2956
2124 2951 2124 3036 2212 3036 2212 2951
2251 2941 2251 3034 2329 3034 2329 2941
2349 2941 2349 3029 2459 3029 2459 2941
2479 2937 2479 3027 2554 3027 2554 2937
2581 2936 2581 3021 2665 3021 2665 2936
2691 2936 2691 3009 2770 3009 2770 2936
2795 2918 2795 3005 2895 3005 2895 2918
2934 2923 2934 3002 3023 3002 3023 2923
526 3119 526 3212 608 3212 608 3119
633 3123 633 3203 735 3203 735 3123
773 3118 773 3209 833 3209 833 3118
879 3115 879 3202 963 3202 963 3115
1006 3107 1006 3191 1070 3191 1070 3107
1093 3104 1093 3196 1184 3196 1184 3104
1210 3100 1210 3188 1309 3188 1309 3100
1356 3093 1356 3184 1417 3184 1417 3093
1444 3099 1444 3173 1524 3173 1524 3099
1551 3079 1551 3176 1620 3176 1620 3079
1660 3075 1660 3169 1753 3169 1753 3075
1775 3072 1775 3161 1856 3161 1856 3072
1905 3056 1905 3150 1960 3150 1960 3056
2007 3063 2007 3151 2109 3151 2109 3063
2142 3063 2142 3151 2221 3151 2221 3063
2249 3058 2249 3149 2315 3149 2315 3058
2342 3062 2342 3155 2437 3155 2437 3062
2461 3052 2461 3132 2582 3132 2582 3052
2621 3045 2621 3133 2684 3133 2684 3045
2695 3043 2695 3133 2797 3133 2797 3043
2805 3037 2805 3132 2894 3132 2894 3037
2920 3034 2920 3123 3029 3123 3029 3034
432 3228 432 3314 504 3314 504 3228
526 3229 526 3317 612 3317 612 3229
646 3232 646 3306 723 3306 723 3232
759 3222 759 3304 849 3304 849 3222
879 3222 879 3311 964 3311 964 3222
996 3214 996 3298 1088 3298 1088 3214
1100 3208 1100 3286 1178 3286 1178 3208
1222 3196 1222 3295 1322 3295 1322 3196
1345 3196 1345 3294 1428 3294 1428 3196
1451 3196 1451 3307 1542 3307 1542 3196
1565 3192 1565 3282 1642 3282 1642 3192
1658 3197 1658 3284 1744 3284 1744 3197
1773 3188 1773 3279 1876 3279 1876 3188
1896 3185 1896 3259 1985 3259 1985 3185
2010 3180 2010 3269 2085 3269 2085 3180
2126 3169 2126 3254 2209 3254 2209 3169
2231 3165 2231 3258 2326 3258 2326 3165
2363 3171 2363 3260 2446 3260 2446 3171
2460 3166 2460 3266 2537 3266 2537 3166
2678 3158 2678 3252 2789 3252 2789 3158
2802 3149 2802 3238 2891 3238 2891 3149
2935 3151 2935 3238 3025 3238 3025 3151
436 3322 436 3415 522 3415 522 3322
535 3327 535 3428 619 3428 619 3327
640 3344 640 3430 737 3430 737 3344
760 3329 760 3436 853 3436 853 3329
892 3332 892 3423 957 3423 957 3332
995 3324 995 3408 1087 3408 1087 3324
1109 3326 1109 3421 1171 3421 1171 3326
1238 3319 1238 3400 1310 3400 1310 3319
1357 3320 1357 3406 1421 3406 1421 3320
1446 3314 1446 3405 1547 3405 1547 3314
1553 3299 1553 3394 1651 3394 1651 3299
1661 3297 1661 3389 1743 3389 1743 3297
1770 3296 1770 3389 1859 3389 1859 3296
1897 3289 1897 3378 1997 3378 1997 3289
2043 3283 2043 3369 2105 3369 2105 3283
2126 3285 2126 3375 2219 3375 2219 3285
2252 3288 2252 3357 2322 3357 2322 3288
2345 3273 2345 3372 2444 3372 2444 3273
2466 3269 2466 3357 2559 3357 2559 3269
2594 3267 2594 3352 2683 3352 2683 3267
2689 3261 2689 3356 2770 3356 2770 3261
2824 3265 2824 3343 2900 3343 2900 3265
2937 3254 2937 3343 3028 3343 3028 3254
428 3473 428 3563 530 3563 530 3473
541 3462 541 3560 638 3560 638 3462
650 3457 650 3552 748 3552 748 3457
766 3461 766 3544 847 3544 847 3461
891 3458 891 3538 973 3538 973 3458
997 3447 997 3534 1085 3534 1085 3447
1104 3443 1104 3538 1181 3538 1181 3443
1230 3444 1230 3541 1290 3541 1290 3444
1338 3445 1338 3534 1433 3534 1433 3445
1441 3420 1441 3528 1540 3528 1540 3420
1556 3418 1556 3527 1664 3527 1664 3418
1673 3421 1673 3521 1738 3521 1738 3421
1775 3407 1775 3512 1872 3512 1872 3407
1893 3417 1893 3516 1991 3516 1991 3417
2028 3405 2028 3496 2116 3496 2116 3405
2133 3418 2133 3500 2221 3500 2221 3418
2242 3402 2242 3484 2339 3484 2339 3402
2358 3395 2358 3496 2437 3496 2437 3395
2478 3391 2478 3484 2564 3484 2564 3391
2580 3383 2580 3485 2676 3485 2676 3383
2702 3386 2702 3477 2785 3477 2785 3386
2804 3396 2804 3481 2905 3481 2905 3396
538 3582 538 3667 629 3667 629 3582
654 3595 654 3668 745 3668 745 3595
767 3586 767 3670 858 3670 858 3586
892 3583 892 3661 978 3661 978 3583
999 3569 999 3653 1082 3653 1082 3569
1113 3566 1113 3651 1178 3651 1178 3566
1223 3568 1223 3647 1314 3647 1314 3568
1348 3555 1348 3649 1432 3649 1432 3555
1463 3553 1463 3641 1548 3641 1548 3553
1557 3545 1557 3635 1654 3635 1654 3545
1669 3548 1669 3632 1763 3632 1763 3548
1793 3539 1793 3627 1878 3627 1878 3539
1891 3535 1891 3618 1983 3618 1983 3535
2022 3535 2022 3626 2118 3626 2118 3535
2129 3533 2129 3627 2228 3627 2228 3533
2250 3515 2250 3610 2349 3610 2349 3515
2375 3521 2375 3603 2459 3603 2459 3521
2498 3511 2498 3599 2593 3599 2593 3511
2606 3505 2606 3593 2703 3593 2703 3505
2707 3503 2707 3581 2790 3581 2790 3503
2818 3495 2818 3587 2910 3587 2910 3495
754 3688 754 3768 854 3768 854 3688
894 3684 894 3758 985 3758 985 3684
998 3672 998 3767 1085 3767 1085 3672
1101 3670 1101 3766 1179 3766 1179 3670
1223 3676 1223 3767 1308 3767 1308 3676
1330 3670 1330 3762 1420 3762 1420 3670
1452 3664 1452 3746 1561 3746 1561 3664
1566 3654 1566 3755 1658 3755 1658 3654
1680 3649 1680 3750 1766 3750 1766 3649
1785 3660 1785 3749 1885 3749 1885 3660
1898 3658 1898 3741 1985 3741 1985 3658
2020 3650 2020 3729 2120 3729 2120 3650
2143 3642 2143 3722 2228 3722 2228 3642
2259 3638 2259 3725 2351 3725 2351 3638
2376 3635 2376 3741 2459 3741 2459 3635
2500 3629 2500 3722 2563 3722 2563 3629
2600 3624 2600 3707 2693 3707 2693 3624
2707 3623 2707 3708 2806 3708 2806 3623
2827 3619 2827 3712 2917 3712 2917 3619
567 3885 567 3973 633 3973 633 3885
661 3887 661 3975 739 3975 739 3887
774 3887 774 3968 864 3968 864 3887
875 3879 875 3960 968 3960 968 3879
994 3884 994 3971 1088 3971 1088 3884
1131 3882 1131 3962 1225 3962 1225 3882
1255 3875 1255 3966 1337 3966 1337 3875
1361 3881 1361 3962 1448 3962 1448 3881
1462 3872 1462 3955 1541 3955 1541 3872
1569 3865 1569 3950 1661 3950 1661 3865
1683 3857 1683 3944 1776 3944 1776 3857
1801 3856 1801 3937 1897 3937 1897 3856
1929 3856 1929 3938 2011 3938 2011 3856
2023 3850 2023 3935 2111 3935 2111 3850
2152 3838 2152 3936 2237 3936 2237 3838
2246 3836 2246 3934 2334 3934 2334 3836
2367 3840 2367 3918 2453 3918 2453 3840
2482 3837 2482 3927 2571 3927 2571 3837
654 4018 654 4113 756 4113 756 4018
771 4019 771 4110 854 4110 854 4019
886 4009 886 4102 965 4102 965 4009
997 4011 997 4079 1085 4079 1085 4011
1132 4010 1132 4083 1215 4083 1215 4010
1239 4004 1239 4083 1306 4083 1306 4004
1355 3992 1355 4082 1439 4082 1439 3992
1460 3993 1460 4077 1547 4077 1547 3993
1591 3994 1591 4073 1657 4073 1657 3994
1682 3983 1682 4066 1778 4066 1778 3983
1796 3983 1796 4067 1880 4067 1880 3983
1912 3969 1912 4058 2010 4058 2010 3969
2042 3975 2042 4048 2135 4048 2135 3975
2154 3971 2154 4046 2243 4046 2243 3971
2270 3949 2270 4043 2355 4043 2355 3949
2371 3945 2371 4047 2458 4047 2458 3945
2489 3953 2489 4038 2574 4038 2574 3953
664 4122 664 4203 752 4203 752 4122
775 4115 775 4215 860 4215 860 4115
914 4119 914 4202 982 4202 982 4119
1002 4112 1002 4191 1113 4191 1113 4112
1141 4106 1141 4184 1206 4184 1206 4106
1249 4105 1249 4195 1336 4195 1336 4105
1347 4106 1347 4194 1457 4194 1457 4106
1467 4094 1467 4193 1566 4193 1566 4094
1580 4098 1580 4184 1659 4184 1659 4098
1677 4095 1677 4189 1752 4189 1752 4095
1814 4097 1814 4177 1901 4177 1901 4097
1916 4091 1916 4184 2004 4184 2004 4091
2049 4095 2049 4174 2134 4174 2134 4095
2159 4077 2159 4173 2234 4173 2234 4077
2263 4086 2263 4158 2360 4158 2360 4086
2382 4073 2382 4163 2475 4163 2475 4073
2495 4068 2495 4156 2583 4156 2583 4068
2602 4056 2602 4157 2692 4157 2692 4056
2719 4064 2719 4165 2800 4165 2800 4064
649 4248 649 4339 750 4339 750 4248
773 4242 773 4333 870 4333 870 4242
897 4238 897 4329 993 4329 993 4238
1024 4245 1024 4334 1101 4334 1101 4245
1127 4239 1127 4322 1215 4322 1215 4239
1258 4239 1258 4321 1317 4321 1317 4239
1357 4223 1357 4322 1439 4322 1439 4223
1471 4231 1471 4307 1552 4307 1552 4231
1582 4225 1582 4312 1660 4312 1660 4225
1691 4224 1691 4307 1783 4307 1783 4224
1802 4213 1802 4298 1898 4298 1898 4213
1929 4218 1929 4304 1991 4304 1991 4218
2034 4218 2034 4295 2125 4295 2125 4218
2160 4201 2160 4293 2242 4293 2242 4201
2286 4206 2286 4290 2376 4290 2376 4206
2386 4201 2386 4289 2477 4289 2477 4201
2510 4192 2510 4278 2567 4278 2567 4192
670 4356 670 4445 759 4445 759 4356
787 4349 787 4454 877 4454 877 4349
909 4356 909 4445 992 4445 992 4356
1015 4355 1015 4447 1110 4447 1110 4355
1130 4346 1130 4438 1201 4438 1201 4346
1242 4341 1242 4423 1332 4423 1332 4341
1356 4339 1356 4425 1446 4425 1446 4339
1467 4333 1467 4424 1558 4424 1558 4333
1579 4337 1579 4417 1668 4417 1668 4337
1698 4324 1698 4409 1785 4409 1785 4324
1825 4321 1825 4411 1917 4411 1917 4321
1926 4318 1926 4397 2014 4397 2014 4318
2028 4313 2028 4397 2127 4397 2127 4313
2165 4317 2165 4403 2227 4403 2227 4317
2283 4311 2283 4391 2358 4391 2358 4311
2384 4297 2384 4391 2479 4391 2479 4297
2502 4303 2502 4380 2592 4380 2592 4303
782 4463 782 4564 881 4564 881 4463
910 4468 910 4549 991 4549 991 4468
1030 4458 1030 4545 1112 4545 1112 4458
1130 4465 1130 4541 1222 4541 1222 4465
1249 4446 1249 4539 1353 4539 1353 4446
1377 4449 1377 4530 1439 4530 1439 4449
1483 4452 1483 4538 1567 4538 1567 4452
1592 4453 1592 4533 1677 4533 1677 4453
1708 4431 1708 4528 1776 4528 1776 4431
1821 4442 1821 4530 1912 4530 1912 4442
1930 4438 1930 4520 2050 4520 2050 4438
2179 4438 2179 4516 2269 4516 2269 4438
2066 4435 2066 4520 2129 4520 2129 4435
2282 4435 2282 4525 2374 4525 2374 4435
2397 4424 2397 4510 2497 4510 2497 4424
2506 4415 2506 4502 2608 4502 2608 4415
917 4579 917 4667 1009 4667 1009 4579
1027 4578 1027 4658 1132 4658 1132 4578
1142 4574 1142 4662 1231 4662 1231 4574
1252 4561 1252 4647 1347 4647 1347 4561
1359 4569 1359 4661 1454 4661 1454 4569
1476 4561 1476 4656 1569 4656 1569 4561
1588 4560 1588 4639 1682 4639 1682 4560
1704 4555 1704 4637 1776 4637 1776 4555
1813 4553 1813 4631 1911 4631 1911 4553
1924 4539 1924 4631 1998 4631 1998 4539
2040 4545 2040 4628 2127 4628 2127 4545
2162 4532 2162 4636 2246 4636 2246 4532
2287 4536 2287 4619 2363 4619 2363 4536
2395 4536 2395 4616 2477 4616 2477 4536
2504 4537 2504 4619 2598 4619 2598 4537
1041 4697 1041 4792 1106 4792 1106 4697
1140 4696 1140 4789 1229 4789 1229 4696
1267 4701 1267 4786 1359 4786 1359 4701
1385 4700 1385 4788 1448 4788 1448 4700
1479 4691 1479 4786 1566 4786 1566 4691
1586 4692 1586 4788 1677 4788 1677 4692
1694 4698 1694 4786 1793 4786 1793 4698
1822 4687 1822 4777 1902 4777 1902 4687
1928 4680 1928 4775 2021 4775 2021 4680
2061 4677 2061 4762 2159 4762 2159 4677
2170 4669 2170 4758 2283 4758 2283 4669
2294 4674 2294 4747 2398 4747 2398 4674
2410 4658 2410 4747 2503 4747 2503 4658
2518 4665 2518 4743 2615 4743 2615 4665
2078 5029 2078 5108 2173 5108 2173 5029
2204 5016 2204 5103 2262 5103 2262 5016
2276 5012 2276 5098 2360 5098 2360 5012
1962 5138 1962 5218 2040 5218 2040 5138
2072 5121 2072 5214 2169 5214 2169 5121
2208 5115 2208 5209 2293 5209 2293 5115
2306 5124 2306 5213 2402 5213 2402 5124
2430 5111 2430 5214 2522 5214 2522 5111
1753 5255 1753 5350 1831 5350 1831 5255
1849 5259 1849 5350 1935 5350 1935 5259
1971 5252 1971 5341 2047 5341 2047 5252
2085 5240 2085 5343 2174 5343 2174 5240
2200 5242 2200 5329 2288 5329 2288 5242
2305 5241 2305 5326 2403 5326 2403 5241
2414 5234 2414 5300 2525 5300 2525 5234
2546 5218 2546 5311 2626 5311 2626 5218
2659 5240 2659 5308 2754 5308 2754 5240
712 5404 712 5490 802 5490 802 5404
838 5398 838 5489 925 5489 925 5398
946 5394 946 5486 1043 5486 1043 5394
1073 5392 1073 5490 1149 5490 1149 5392
1187 5387 1187 5472 1244 5472 1244 5387
1278 5390 1278 5474 1370 5474 1370 5390
1399 5390 1399 5468 1493 5468 1493 5390
1510 5381 1510 5465 1602 5465 1602 5381
1611 5371 1611 5466 1720 5466 1720 5371
1738 5372 1738 5450 1823 5450 1823 5372
1850 5361 1850 5458 1954 5458 1954 5361
1983 5356 1983 5447 2062 5447 2062 5356
2110 5353 2110 5441 2193 5441 2193 5353
2218 5353 2218 5434 2306 5434 2306 5353
2308 5337 2308 5430 2405 5430 2405 5337
2422 5335 2422 5436 2521 5436 2521 5335
617 5521 617 5618 706 5618 706 5521
726 5519 726 5625 799 5625 799 5519
848 5518 848 5624 935 5624 935 5518
962 5513 962 5606 1046 5606 1046 5513
1075 5512 1075 5611 1168 5611 1168 5512
1189 5504 1189 5618 1279 5618 1279 5504
1288 5502 1288 5605 1378 5605 1378 5502
1414 5493 1414 5596 1495 5596 1495 5493
1527 5494 1527 5575 1604 5575 1604 5494
1623 5482 1623 5580 1712 5580 1712 5482
1746 5492 1746 5570 1837 5570 1837 5492
1852 5472 1852 5581 1933 5581 1933 5472
1991 5479 1991 5560 2075 5560 2075 5479
2093 5471 2093 5562 2180 5562 2180 5471
2213 5468 2213 5562 2297 5562 2297 5468
2332 5459 2332 5544 2410 5544 2410 5459
2439 5460 2439 5545 2498 5545 2498 5460
2551 5451 2551 5530 2641 5530 2641 5451
2661 5449 2661 5539 2756 5539 2756 5449
622 5626 622 5723 703 5723 703 5626
727 5627 727 5719 817 5719 817 5627
847 5630 847 5713 927 5713 927 5630
960 5623 960 5702 1050 5702 1050 5623
1065 5620 1065 5712 1158 5712 1158 5620
1175 5619 1175 5701 1267 5701 1267 5619
1297 5615 1297 5704 1363 5704 1363 5615
1418 5612 1418 5698 1517 5698 1517 5612
1528 5612 1528 5699 1611 5699 1611 5612
1642 5617 1642 5687 1717 5687 1717 5617
1754 5585 1754 5695 1833 5695 1833 5585
1866 5586 1866 5669 1957 5669 1957 5586
1984 5579 1984 5668 2101 5668 2101 5579
2105 5590 2105 5659 2186 5659 2186 5590
2214 5582 2214 5668 2297 5668 2297 5582
2328 5560 2328 5660 2397 5660 2397 5560
2411 5574 2411 5664 2514 5664 2514 5574
2538 5567 2538 5653 2640 5653 2640 5567
2683 5557 2683 5650 2742 5650 2742 5557
2772 5554 2772 5654 2853 5654 2853 5554
619 5740 619 5835 711 5835 711 5740
735 5746 735 5831 819 5831 819 5746
831 5741 831 5831 923 5831 923 5741
959 5729 959 5837 1039 5837 1039 5729
1070 5739 1070 5826 1163 5826 1163 5739
1190 5731 1190 5817 1274 5817 1274 5731
1295 5734 1295 5819 1396 5819 1396 5734
1425 5726 1425 5820 1514 5820 1514 5726
1531 5724 1531 5817 1612 5817 1612 5724
1634 5715 1634 5816 1722 5816 1722 5715
1768 5711 1768 5803 1829 5803 1829 5711
1856 5713 1856 5805 1948 5805 1948 5713
1986 5719 1986 5798 2069 5798 2069 5719
2102 5719 2102 5798 2183 5798 2183 5719
2216 5707 2216 5797 2317 5797 2317 5707
2332 5697 2332 5787 2423 5787 2423 5697
2446 5695 2446 5783 2525 5783 2525 5695
2547 5698 2547 5780 2656 5780 2656 5698
2678 5695 2678 5776 2757 5776 2757 5695
622 5846 622 5940 712 5940 712 5846
725 5840 725 5924 805 5924 805 5840
848 5846 848 5936 929 5936 929 5846
958 5847 958 5943 1056 5943 1056 5847
1094 5839 1094 5917 1175 5917 1175 5839
1200 5834 1200 5909 1286 5909 1286 5834
1325 5831 1325 5919 1382 5919 1382 5831
1413 5824 1413 5915 1502 5915 1502 5824
1543 5833 1543 5907 1620 5907 1620 5833
1629 5814 1629 5891 1713 5891 1713 5814
1757 5822 1757 5908 1849 5908 1849 5822
1877 5816 1877 5911 1972 5911 1972 5816
1984 5812 1984 5900 2078 5900 2078 5812
2108 5799 2108 5884 2192 5884 2192 5799
2219 5803 2219 5889 2310 5889 2310 5803
2337 5800 2337 5888 2427 5888 2427 5800
2446 5805 2446 5893 2562 5893 2562 5805
2566 5788 2566 5871 2646 5871 2646 5788
2679 5786 2679 5872 2769 5872 2769 5786
2785 5794 2785 5862 2873 5862 2873 5794
634 6065 634 6164 696 6164 696 6065
732 6072 732 6159 818 6159 818 6072
843 6067 843 6156 942 6156 942 6067
986 6071 986 6154 1065 6154 1065 6071
1088 6060 1088 6151 1177 6151 1177 6060
1210 6057 1210 6142 1301 6142 1301 6057
1323 6047 1323 6152 1412 6152 1412 6047
1430 6062 1430 6149 1520 6149 1520 6062
1539 6042 1539 6127 1627 6127 1627 6042
1649 6041 1649 6131 1746 6131 1746 6041
1759 6056 1759 6137 1850 6137 1850 6056
1880 6036 1880 6121 1950 6121 1950 6036
1987 6044 1987 6123 2076 6123 2076 6044
2112 6039 2112 6113 2185 6113 2185 6039
2223 6028 2223 6122 2328 6122 2328 6028
2348 6027 2348 6113 2434 6113 2434 6027
2466 6025 2466 6106 2539 6106 2539 6025
2575 6023 2575 6101 2652 6101 2652 6023
2689 6011 2689 6099 2769 6099 2769 6011
2792 6022 2792 6104 2871 6104 2871 6022
633 6199 633 6291 698 6291 698 6199
738 6190 738 6278 828 6278 828 6190
848 6186 848 6278 947 6278 947 6186
994 6174 994 6270 1074 6270 1074 6174
1097 6174 1097 6263 1179 6263 1179 6174
1198 6176 1198 6268 1275 6268 1275 6176
1315 6174 1315 6267 1382 6267 1382 6174
1435 6159 1435 6253 1520 6253 1520 6159
1543 6179 1543 6256 1632 6256 1632 6179
1653 6154 1653 6253 1715 6253 1715 6154
1757 6159 1757 6259 1851 6259 1851 6159
1872 6157 1872 6255 1945 6255 1945 6157
1996 6157 1996 6243 2093 6243 2093 6157
2122 6147 2122 6241 2194 6241 2194 6147
2227 6148 2227 6247 2315 6247 2315 6148
2353 6143 2353 6242 2427 6242 2427 6143
2465 6141 2465 6232 2564 6232 2564 6141
2575 6139 2575 6225 2653 6225 2653 6139
2692 6147 2692 6227 2794 6227 2794 6147
550 6312 550 6400 627 6400 627 6312
643 6315 643 6404 724 6404 724 6315
751 6302 751 6400 822 6400 822 6302
859 6311 859 6388 954 6388 954 6311
974 6297 974 6397 1077 6397 1077 6297
1084 6302 1084 6388 1172 6388 1172 6302
1210 6296 1210 6383 1266 6383 1266 6296
1327 6296 1327 6372 1418 6372 1418 6296
1438 6283 1438 6363 1522 6363 1522 6283
1530 6298 1530 6366 1648 6366 1648 6298
1663 6274 1663 6360 1758 6360 1758 6274
1782 6277 1782 6364 1863 6364 1863 6277
1885 6270 1885 6366 1962 6366 1962 6270
2002 6272 2002 6359 2082 6359 2082 6272
2123 6262 2123 6350 2207 6350 2207 6262
2241 6267 2241 6345 2334 6345 2334 6267
2358 6249 2358 6347 2431 6347 2431 6249
2451 6261 2451 6335 2572 6335 2572 6261
1091 6402 1091 6496 1176 6496 1176 6402
1198 6391 1198 6479 1282 6479 1282 6391
1323 6383 1323 6478 1382 6478 1382 6383
1424 6355 1424 6478 1503 6478 1503 6355
1556 6381 1556 6467 1638 6467 1638 6381
1667 6376 1667 6471 1757 6471 1757 6376
1766 6380 1766 6457 1862 6457 1862 6380
1898 6370 1898 6458 1980 6458 1980 6370
2013 6370 2013 6455 2077 6455 2077 6370
2115 6368 2115 6458 2214 6458 2214 6368
2246 6373 2246 6455 2337 6455 2337 6373
2356 6360 2356 6445 2419 6445 2419 6360
2467 6357 2467 6443 2552 6443 2552 6357
747 6542 747 6617 830 6617 830 6542
857 6522 857 6622 937 6622 937 6522
970 6528 970 6618 1065 6618 1065 6528
1104 6526 1104 6622 1186 6622 1186 6526
1216 6532 1216 6613 1275 6613 1275 6532
1323 6526 1323 6611 1409 6611 1409 6526
1432 6514 1432 6608 1514 6608 1514 6514
1551 6511 1551 6608 1646 6608 1646 6511
1668 6513 1668 6605 1747 6605 1747 6513
1767 6503 1767 6598 1854 6598 1854 6503
1880 6500 1880 6603 1957 6603 1957 6500
2007 6498 2007 6589 2080 6589 2080 6498
2119 6491 2119 6565 2256 6565 2256 6491
2256 6485 2256 6578 2343 6578 2343 6485
2358 6478 2358 6586 2453 6586 2453 6478
2462 6483 2462 6581 2556 6581 2556 6483
2580 6486 2580 6565 2669 6565 2669 6486
759 6661 759 6741 847 6741 847 6661
863 6654 863 6730 935 6730 935 6654
993 6646 993 6730 1073 6730 1073 6646
1104 6641 1104 6722 1199 6722 1199 6641
1323 6640 1323 6721 1429 6721 1429 6640
1441 6633 1441 6716 1524 6716 1524 6633
1544 6632 1544 6719 1653 6719 1653 6632
1669 6628 1669 6704 1752 6704 1752 6628
1776 6631 1776 6717 1881 6717 1881 6631
1904 6627 1904 6716 1974 6716 1974 6627
2024 6613 2024 6699 2116 6699 2116 6613
2151 6609 2151 6694 2210 6694 2210 6609
2247 6598 2247 6693 2337 6693 2337 6598
2351 6597 2351 6688 2451 6688 2451 6597
988 6752 988 6838 1083 6838 1083 6752
861 6752 861 6850 946 6850 946 6752
752 6761 752 6853 840 6853 840 6761
672 6764 672 6855 724 6855 724 6764
589 6762 589 6849 665 6849 665 6762
1116 6755 1116 6836 1211 6836 1211 6755
1229 6751 1229 6837 1295 6837 1295 6751
1330 6759 1330 6832 1415 6832 1415 6759
1448 6752 1448 6825 1545 6825 1545 6752
1564 6737 1564 6830 1634 6830 1634 6737
1692 6738 1692 6819 1748 6819 1748 6738
1780 6725 1780 6820 1882 6820 1882 6725
2018 6708 2018 6797 2107 6797 2107 6708
2143 6710 2143 6807 2230 6807 2230 6710
2245 6707 2245 6808 2333 6808 2333 6707
760 6862 760 6945 848 6945 848 6862
653 6868 653 6953 733 6953 733 6868
864 6861 864 6946 959 6946 959 6861
982 6865 982 6935 1068 6935 1068 6865
1097 6855 1097 6931 1205 6931 1205 6855
2245 6818 2245 6917 2339 6917 2339 6818
1445 6838 1445 6930 1532 6930 1532 6838
1564 6833 1564 6926 1647 6926 1647 6833
1668 6833 1668 6915 1756 6915 1756 6833
578 6965 578 7063 654 7063 654 6965
682 6973 682 7061 735 7061 735 6973
752 6966 752 7060 865 7060 865 6966
878 6982 878 7061 979 7061 979 6982
996 6962 996 7051 1093 7051 1093 6962
1112 6960 1112 7043 1204 7043 1204 6960
1220 6959 1220 7043 1310 7043 1310 6959
1337 6952 1337 7029 1426 7029 1426 6952
1455 6949 1455 7037 1543 7037 1543 6949
1574 6942 1574 7034 1662 7034 1662 6942
1676 6933 1676 7038 1766 7038 1766 6933
551 7111 551 7184 649 7184 649 7111
654 7099 654 7190 741 7190 741 7099
774 7099 774 7189 874 7189 874 7099
886 7094 886 7176 966 7176 966 7094
999 7101 999 7176 1090 7176 1090 7101
1132 7086 1132 7176 1196 7176 1196 7086
1223 7082 1223 7169 1306 7169 1306 7082
1342 7082 1342 7168 1434 7168 1434 7082
1444 7069 1444 7163 1536 7163 1536 7069
1568 7064 1568 7169 1642 7169 1642 7064
774 7216 774 7301 869 7301 869 7216
897 7216 897 7299 957 7299 957 7216
1010 7202 1010 7307 1100 7307 1100 7202
1110 7196 1110 7294 1205 7294 1205 7196
1219 7209 1219 7294 1309 7294 1309 7209
1345 7192 1345 7285 1436 7285 1436 7192
1452 7201 1452 7276 1550 7276 1550 7201
1569 7186 1569 7268 1652 7268 1652 7186
878 7340 878 7420 977 7420 977 7340
1032 7329 1032 7423 1085 7423 1085 7329
1117 7323 1117 7411 1206 7411 1206 7323
1237 7318 1237 7403 1311 7403 1311 7318
1339 7327 1339 7421 1414 7421 1414 7327
1463 7302 1463 7408 1554 7408 1554 7302
1573 7315 1573 7399 1670 7399 1670 7315
1029 7431 1029 7513 1086 7513 1086 7431
1119 7427 1119 7521 1207 7521 1207 7427
1228 7429 1228 7523 1315 7523 1315 7429
1350 7427 1350 7517 1439 7517 1439 7427
1472 7432 1472 7507 1566 7507 1566 7432
1585 7423 1585 7507 1645 7507 1645 7423
1809 7414 1809 7505 1898 7505 1898 7414
1698 7429 1698 7511 1787 7511 1787 7429
1128 7560 1128 7644 1226 7644 1226 7560
1241 7543 1241 7649 1315 7649 1315 7543
1373 7553 1373 7646 1430 7646 1430 7553
1481 7555 1481 7635 1577 7635 1577 7555
1581 7535 1581 7624 1658 7624 1658 7535
1688 7525 1688 7622 1794 7622 1794 7525
1811 7540 1811 7625 1894 7625 1894 7540
1918 7533 1918 7627 2013 7627 2013 7533
2041 7526 2041 7613 2130 7613 2130 7526
1264 7668 1264 7755 1323 7755 1323 7668
1356 7674 1356 7761 1440 7761 1440 7674
1476 7667 1476 7753 1568 7753 1568 7667
1589 7662 1589 7745 1691 7745 1691 7662
1701 7668 1701 7747 1799 7747 1799 7668
1803 7649 1803 7751 1870 7751 1870 7649
1900 7647 1900 7738 1984 7738 1984 7647
2153 7637 2153 7740 2257 7740 2257 7637
2015 7641 2015 7748 2120 7748 2120 7641
2266 7625 2266 7724 2374 7724 2374 7625
1315 7784 1315 7862 1368 7862 1368 7784
1376 7793 1376 7862 1438 7862 1438 7793
1444 7783 1444 7864 1486 7864 1486 7783
1495 7786 1495 7869 1568 7869 1568 7786
1583 7779 1583 7867 1653 7867 1653 7779
1695 7778 1695 7856 1785 7856 1785 7778
1803 7781 1803 7858 1883 7858 1883 7781
1915 7770 1915 7848 2017 7848 2017 7770
2028 7770 2028 7842 2133 7842 2133 7770
2152 7767 2152 7845 2253 7845 2253 7767
2275 7759 2275 7853 2359 7853 2359 7759
1158 7896 1158 7982 1237 7982 1237 7896
1249 7900 1249 7966 1327 7966 1327 7900
1361 7890 1361 7970 1415 7970 1415 7890
1470 7885 1470 7964 1574 7964 1574 7885
1593 7876 1593 7964 1671 7964 1671 7876
1702 7870 1702 7964 1797 7964 1797 7870
1810 7868 1810 7953 1898 7953 1898 7868
1931 7869 1931 7952 2016 7952 2016 7869
2036 7859 2036 7954 2130 7954 2130 7859
2151 7862 2151 7960 2232 7960 2232 7862
2273 7857 2273 7944 2371 7944 2371 7857
1363 8000 1363 8073 1445 8073 1445 8000
1708 7989 1708 8074 1795 8074 1795 7989
1819 7983 1819 8065 1923 8065 1923 7983
1943 7985 1943 8062 2006 8062 2006 7985
2027 7973 2027 8056 2129 8056 2129 7973
2168 7959 2168 8051 2252 8051 2252 7959
2278 7961 2278 8043 2361 8043 2361 7961
1600 7989 1600 8069 1684 8069 1684 7989
1699 8103 1699 8185 1782 8185 1782 8103
1796 8093 1796 8185 1904 8185 1904 8093
1923 8090 1923 8175 2026 8175 2026 8090
2053 8088 2053 8179 2139 8179 2139 8088
2159 8085 2159 8177 2249 8177 2249 8085
# Transcript
YAINETOYARCO
IASHIPROXENOS*
ENHIKAINEAIEBDO
SIATWNPROEDRWN*
ENTWIDHMWIQEOD*
IDHFYLEYSCEIROT
TWIDHMWIEPIPYQO
ONHQHHRXENPAL
**IWNPASWNES*
OYLHS
*
OMON**
TWIDHM***
MOYTONEPI
NKAISTEFA*
*YRIONTOEINSTE*
*MOYEKTWNEAKATAUHF
*IOPWSDANOT*IASAPOLAB
*YSPROEDROYSOIANLACWSI
SNOMOQETASPROSNOMOQET*
NKAIOIALLOIOIKAQISTAM*
*PROSTETHNBOYLHNKAITOND
*KAIEINAICRHSIMOITWIDHM
ETODETOUHFISMATONGR*MMA
THLHILIQINHIKAITOTHSBOY*
DHMOYOEIPENIPPOCARHSKA*
*NANAGRAFHNTHSSTHLHSDO*
***MASEKTWNKATAUHFISMA
IPYQODHLOYARCONTOS
*ETRADIEPIDEKADEYT
HRIWITWNPROEDRWNEPE
*XENTHIBOYLHIAGASI
HFYLEYSPAYSANIOYO
BOYLHIKAITWIDHMW
OMOYSKAIAIPRYTA
*IKAIESTEFANWKA
********
*
*AIN
OSYNH*
******STEFANWSA
NEPEIDANTASEYQYN**
HITOYSPROEDROYSOIAN*
EKKLHSIANCRHMATISAIP
THSBOYLHSEISTONDHMO
YRESQAIPARATOYDHMOYA*
IPYQODHLOYARCONTOSEP
*IASENEIKAINEAIEBDOM*
EKKLHSIATWNPROEDRW****
******THIBOYLHIKAIT***
***QENEIPENPERIWNFYL*
**TOYDMOYKAIOISY*
*NIASKAICARID*MOS**
**NLACW**PRO*Y**
*EINAYTOYSPR
LESQAITHSB
*AIFYLEAP
AISTEFA*
INESAIDE
ARIDHMONO**
ITHNARCHNK*
***:C:DRACMWNT*
SAIMENTONTA
DTAMIANA
ONAPO