# Baseline angle
0
# Boxes: x1 y1 x2 y2 x3 y3 x4 y4
1220 288 1220 390 1302 390 1302 288
1021 413 1021 517 1089 517 1089 413
1079 415 1079 513 1167 513 1167 415
1186 418 1186 519 1278 519 1278 418
1281 421 1281 528 1358 528 1358 421
746 535 746 647 841 647 841 535
1057 547 1057 647 1133 647 1133 547
1122 546 1122 647 1196 647 1196 546
1200 549 1200 650 1322 650 1322 549
1312 552 1312 658 1363 658 1363 552
1371 553 1371 662 1456 662 1456 553
1459 548 1459 669 1553 669 1553 548
1541 566 1541 671 1641 671 1641 566
1631 576 1631 665 1695 665 1695 576
1171 676 1171 762 1257 762 1257 676
1256 672 1256 774 1340 774 1340 672
1340 667 1340 779 1428 779 1428 667
1420 681 1420 780 1507 780 1507 681
1495 684 1495 782 1580 782 1580 684
1621 686 1621 780 1721 780 1721 686
1707 687 1707 783 1743 783 1743 687
1730 718 1730 788 1809 788 1809 718
485 804 485 901 588 901 588 804
591 808 591 892 669 892 669 808
659 796 659 893 750 893 750 796
995 804 995 892 1090 892 1090 804
1088 793 1088 901 1193 901 1193 793
1177 801 1177 892 1270 892 1270 801
1252 802 1252 899 1292 899 1292 802
1298 808 1298 909 1386 909 1386 808
1395 803 1395 917 1483 917 1483 803
1472 809 1472 919 1551 919 1551 809
1638 804 1638 927 1726 927 1726 804
1725 825 1725 920 1823 920 1823 825
475 921 475 1028 600 1028 600 921
579 931 579 1015 679 1015 679 931
669 928 669 1020 766 1020 766 928
747 934 747 1024 845 1024 845 934
846 927 846 1020 942 1020 942 927
1428 940 1428 1048 1542 1048 1542 940
1548 940 1548 1052 1640 1052 1640 940
1632 938 1632 1059 1704 1059 1704 938
455 1049 455 1157 558 1157 558 1049
562 1054 562 1151 675 1151 675 1054
1169 1067 1169 1174 1261 1174 1261 1067
1258 1067 1258 1173 1335 1173 1335 1067
1337 1073 1337 1180 1406 1180 1406 1073
1398 1082 1398 1194 1477 1194 1477 1082
1477 1085 1477 1194 1569 1194 1569 1085
1561 1084 1561 1199 1650 1199 1650 1084
1713 1092 1713 1192 1816 1192 1816 1092
461 1168 461 1270 579 1270 579 1168
586 1161 586 1271 733 1271 733 1161
712 1180 712 1282 814 1282 814 1180
805 1176 805 1293 900 1293 900 1176
892 1174 892 1287 943 1287 943 1174
947 1183 947 1287 1071 1287 1071 1183
433 1287 433 1415 559 1415 559 1287
565 1275 565 1454 669 1454 669 1275
663 1297 663 1412 734 1412 734 1297
737 1298 737 1425 831 1425 831 1298
553 1554 553 1688 656 1688 656 1554
667 1565 667 1680 747 1680 747 1565
756 1567 756 1691 842 1691 842 1567
846 1574 846 1693 949 1693 949 1574
1132 1590 1132 1702 1190 1702 1190 1590
1192 1601 1192 1716 1291 1716 1291 1601
1284 1608 1284 1706 1389 1706 1389 1608
1385 1598 1385 1720 1502 1720 1502 1598
409 1708 409 1809 510 1809 510 1708
497 1715 497 1820 579 1820 579 1715
695 1700 695 1850 805 1850 805 1700
796 1722 796 1829 847 1829 847 1722
849 1730 849 1843 950 1843 950 1730
936 1736 936 1821 1024 1821 1024 1736
1019 1724 1019 1846 1117 1846 1117 1724
1109 1738 1109 1842 1193 1842 1193 1738
1191 1744 1191 1831 1229 1831 1229 1744
1228 1746 1228 1832 1311 1832 1311 1746
1309 1742 1309 1846 1412 1846 1412 1742
1404 1750 1404 1841 1499 1841 1499 1750
1560 1744 1560 1859 1645 1859 1645 1744
1653 1755 1653 1847 1726 1847 1726 1755
665 1865 665 1962 755 1962 755 1865
730 1867 730 1968 813 1968 813 1867
818 1860 818 1963 901 1963 901 1860
911 1855 911 1957 993 1957 993 1855
990 1871 990 1969 1078 1969 1078 1871
1076 1858 1076 1980 1148 1980 1148 1858
482 1856 482 1959 591 1959 591 1856
591 1860 591 1968 678 1968 678 1860
1526 1881 1526 1983 1649 1983 1649 1881
1647 1879 1647 1992 1724 1992 1724 1879
1709 1888 1709 1968 1766 1968 1766 1888
1765 1879 1765 1982 1830 1982 1830 1879
465 1979 465 2076 553 2076 553 1979
554 1969 554 2075 639 2075 639 1969
633 1975 633 2080 719 2080 719 1975
721 1980 721 2085 826 2085 826 1980
830 1969 830 2076 916 2076 916 1969
911 1974 911 2071 1015 2071 1015 1974
1009 1983 1009 2084 1104 2084 1104 1983
1105 1984 1105 2092 1194 2092 1194 1984
1543 1994 1543 2101 1641 2101 1641 1994
1641 2002 1641 2093 1722 2093 1722 2002
1718 2002 1718 2102 1820 2102 1820 2002
567 2105 567 2207 663 2207 663 2105
667 2095 667 2209 748 2209 748 2095
748 2111 748 2208 838 2208 838 2111
830 2107 830 2204 958 2204 958 2107
958 2107 958 2214 1069 2214 1069 2107
1069 2108 1069 2219 1112 2219 1112 2108
1111 2123 1111 2229 1180 2229 1180 2123
1342 2113 1342 2252 1430 2252 1430 2113
1547 2121 1547 2245 1647 2245 1647 2121
1643 2123 1643 2239 1741 2239 1741 2123
1743 2123 1743 2279 1837 2279 1837 2123
589 2337 589 2444 684 2444 684 2337
680 2334 680 2446 724 2446 724 2334
730 2347 730 2452 856 2452 856 2347
857 2347 857 2459 962 2459 962 2347
954 2343 954 2448 1060 2448 1060 2343
1052 2348 1052 2462 1166 2462 1166 2348
1158 2323 1158 2496 1252 2496 1252 2323
1254 2340 1254 2468 1340 2468 1340 2340
1330 2359 1330 2468 1427 2468 1427 2359
1413 2357 1413 2476 1507 2476 1507 2357
1543 2361 1543 2481 1644 2481 1644 2361
1642 2353 1642 2483 1739 2483 1739 2353
1733 2374 1733 2484 1872 2484 1872 2374
561 2476 561 2585 613 2585 613 2476
604 2499 604 2597 720 2597 720 2499
718 2483 718 2600 818 2600 818 2483
816 2484 816 2603 901 2603 901 2484
887 2464 887 2610 1010 2610 1010 2464
993 2440 993 2622 1098 2622 1098 2440
1095 2490 1095 2606 1174 2606 1174 2490
1172 2497 1172 2599 1258 2599 1258 2497
1244 2508 1244 2611 1335 2611 1335 2508
1331 2478 1331 2594 1395 2594 1395 2478
1534 2485 1534 2614 1639 2614 1639 2485
1630 2490 1630 2614 1727 2614 1727 2490
1730 2515 1730 2631 1846 2631 1846 2515
632 2605 632 2726 742 2726 742 2605
727 2625 727 2719 807 2719 807 2625
808 2628 808 2723 903 2723 903 2628
894 2628 894 2726 990 2726 990 2628
984 2621 984 2737 1078 2737 1078 2621
1068 2640 1068 2731 1171 2731 1171 2640
1167 2637 1167 2740 1251 2740 1251 2637
1235 2641 1235 2733 1328 2733 1328 2641
1320 2652 1320 2742 1417 2742 1417 2652
1508 2627 1508 2757 1628 2757 1628 2627
1594 2651 1594 2751 1683 2751 1683 2651
1681 2645 1681 2758 1760 2758 1760 2645
1749 2656 1749 2770 1845 2770 1845 2656
741 2745 741 2848 818 2848 818 2745
653 2734 653 2848 746 2848 746 2734
816 2740 816 2842 866 2842 866 2740
872 2750 872 2850 959 2850 959 2750
956 2752 956 2861 1050 2861 1050 2752
1049 2762 1049 2860 1146 2860 1146 2762
1141 2756 1141 2860 1214 2860 1214 2756
1198 2770 1198 2864 1283 2864 1283 2770
1282 2772 1282 2867 1368 2867 1368 2772
1366 2777 1366 2868 1458 2868 1458 2777
1515 2771 1515 2884 1625 2884 1625 2771
1624 2780 1624 2886 1708 2886 1708 2780
1688 2777 1688 2885 1802 2885 1802 2777
696 2867 696 2985 789 2985 789 2867
777 2882 777 2991 892 2991 892 2882
888 2875 888 2993 980 2993 980 2875
978 2879 978 3001 1093 3001 1093 2879
1093 2885 1093 3003 1164 3003 1164 2885
1300 2886 1300 3002 1419 3002 1419 2886
1505 2911 1505 3033 1611 3033 1611 2911
1574 2924 1574 3034 1681 3034 1681 2924
1660 2921 1660 3028 1746 3028 1746 2921
1738 2917 1738 3028 1848 3028 1848 2917
683 2997 683 3108 790 3108 790 2997
777 3008 777 3111 877 3111 877 3008
872 3020 872 3103 962 3103 962 3020
953 3016 953 3103 1000 3103 1000 3016
997 3014 997 3109 1080 3109 1080 3014
1281 3022 1281 3128 1373 3128 1373 3022
1374 3028 1374 3136 1478 3136 1478 3028
743 3120 743 3232 844 3232 844 3120
854 3136 854 3229 924 3229 924 3136
930 3131 930 3244 1024 3244 1024 3131
1019 3126 1019 3236 1074 3236 1074 3126
1078 3136 1078 3240 1169 3240 1169 3136
1178 3133 1178 3225 1283 3225 1283 3133
1475 3154 1475 3269 1575 3269 1575 3154
1563 3166 1563 3271 1651 3271 1651 3166
1644 3152 1644 3275 1731 3275 1731 3152
1724 3155 1724 3265 1776 3265 1776 3155
1770 3165 1770 3267 1858 3267 1858 3165
677 3244 677 3359 781 3359 781 3244
779 3247 779 3367 877 3367 877 3247
877 3254 877 3363 977 3363 977 3254
975 3256 975 3372 1089 3372 1089 3256
1088 3263 1088 3365 1171 3365 1171 3263
1172 3269 1172 3370 1256 3370 1256 3269
1258 3262 1258 3373 1366 3373 1366 3262
1373 3271 1373 3383 1439 3383 1439 3271
1480 3273 1480 3386 1590 3386 1590 3273
1586 3283 1586 3382 1688 3382 1688 3283
1687 3272 1687 3376 1731 3376 1731 3272
1728 3274 1728 3383 1816 3383 1816 3274
673 3391 673 3492 779 3492 779 3391
596 3378 596 3487 684 3487 684 3378
770 3376 770 3484 862 3484 862 3376
863 3378 863 3493 947 3493 947 3378
935 3398 935 3493 1018 3493 1018 3398
1009 3390 1009 3498 1087 3498 1087 3390
1088 3389 1088 3501 1211 3501 1211 3389
1215 3397 1215 3507 1284 3507 1284 3397
1278 3409 1278 3502 1366 3502 1366 3409
1365 3403 1365 3525 1458 3525 1458 3403
1512 3404 1512 3536 1626 3536 1626 3404
1623 3426 1623 3529 1724 3529 1724 3426
1719 3423 1719 3518 1778 3518 1778 3423
704 3514 704 3623 800 3623 800 3514
801 3521 801 3630 886 3630 886 3521
876 3527 876 3625 958 3625 958 3527
968 3521 968 3628 1009 3628 1009 3521
1004 3540 1004 3634 1094 3634 1094 3540
1088 3540 1088 3641 1195 3641 1195 3540
1195 3545 1195 3638 1267 3638 1267 3545
1256 3543 1256 3641 1350 3641 1350 3543
1342 3548 1342 3647 1384 3647 1384 3548
1390 3554 1390 3650 1457 3650 1457 3554
564 2217 564 2306 654 2306 654 2217
680 2220 680 2306 716 2306 716 2220
732 2225 732 2308 812 2308 812 2225
816 2226 816 2329 899 2329 899 2226
904 2231 904 2324 940 2324 940 2231
939 2225 939 2327 1044 2327 1044 2225
1025 2239 1025 2329 1121 2329 1121 2239
1132 2234 1132 2334 1211 2334 1211 2234
# Transcript
******)
********IOS)
**S**RONISTAI
********OSEYT*CID
NOY**ANTINOY*ST
ATTAL***PEI*
DH******SKELADK
PWLLIW***
AFRO**********
EREC**IDOS
PA*FILOSDIONYEY*
*PAGAQOS)AGRY
LKAMENHS*LAM
**OLLWNID**)KHF
AIGEIDOS
*SIMOSAFRODEKM
*INOSAFRODIEKM
**YCOSAPOLLGARG
*ERIOSLITOSKOL*
SHSPR**MGARG
*ANDIO***OS
*KASIOSSTEIR
*SKANTOS)PAIA
ONYSODWROS*PAI
*KLEIDHSDIO**


# Lines: x1 y1 x2 y2 x3 y3 x4 y4
1164 354 1371 350
990 458 1432 473
721 591 1720 615
726 710 1828 746
457 846 1963 878
451 953 1884 988
433 1097 1854 1114
408 1209 1176 1241
376 1346 937 1348
409 1634 1523 1650
353 1762 1803 1801
411 1908 2009 1918
425 2015 1900 2046
531 2151 1886 2191
529 2241 1246 2282
553 2378 1940 2430
494 2514 1926 2570
582 2668 1900 2711
592 2770 1875 2841
675 2938 1864 2961
636 3044 1620 3089
692 3182 1992 3215
633 3314 1920 3319
524 3425 1812 3492
696 3578 1564 3590