# Baseline angle
0
# Boxes: x1 y1 x2 y2 x3 y3 x4 y4
308 272 308 392 430 392 430 272
499 274 499 399 548 399 548 274
628 264 628 387 736 387 736 264
773 276 773 403 919 403 919 276
940 273 940 389 1064 389 1064 273
1100 281 1100 382 1206 382 1206 281
1248 276 1248 387 1383 387 1383 276
1436 268 1436 377 1501 377 1501 268
1584 277 1584 396 1699 396 1699 277
1747 268 1747 397 1867 397 1867 268
346 414 346 552 394 552 394 414
469 437 469 550 594 550 594 437
627 427 627 552 752 552 752 427
780 440 780 549 894 549 894 440
934 447 934 543 1047 543 1047 447
1114 437 1114 536 1170 536 1170 437
1250 435 1250 550 1372 550 1372 435
1416 421 1416 544 1534 544 1534 421
1604 420 1604 522 1660 522 1660 420
1755 437 1755 535 1857 535 1857 437
1934 422 1934 520 1995 520 1995 422
2044 428 2044 549 2154 549 2154 428
2213 422 2213 556 2307 556 2307 422
326 596 326 700 434 700 434 596
499 587 499 707 562 707 562 587
630 592 630 706 741 706 741 592
775 590 775 696 920 696 920 590
973 582 973 699 1027 699 1027 582
1075 592 1075 700 1194 700 1194 592
1253 580 1253 703 1379 703 1379 580
1404 588 1404 707 1546 707 1546 588
1557 597 1557 689 1704 689 1704 597
1766 583 1766 693 1835 693 1835 583
1904 583 1904 695 2013 695 2013 583
2046 577 2046 692 2177 692 2177 577
2209 593 2209 693 2307 693 2307 593
2747 567 2747 663 2834 663 2834 567
2893 552 2893 669 3002 669 3002 552
3048 552 3048 660 3160 660 3160 552
3234 546 3234 657 3289 657 3289 546
3362 546 3362 657 3488 657 3488 546
3524 556 3524 670 3636 670 3636 556
3689 566 3689 675 3807 675 3807 566
3842 557 3842 654 3950 654 3950 557
475 736 475 855 595 855 595 736
640 737 640 860 744 860 744 737
782 728 782 847 897 847 897 728
939 733 939 855 1054 855 1054 733
1089 721 1089 863 1223 863 1223 721
1246 741 1246 854 1387 854 1387 741
1402 722 1402 843 1537 843 1537 722
1559 724 1559 869 1713 869 1713 724
1750 723 1750 870 1844 870 1844 723
1884 715 1884 853 2013 853 2013 715
2072 721 2072 848 2146 848 2146 721
2747 697 2747 819 2819 819 2819 697
2889 704 2889 803 3017 803 3017 704
3084 702 3084 821 3140 821 3140 702
3190 709 3190 833 3335 833 3335 709
3350 702 3350 822 3473 822 3473 702
3520 707 3520 823 3642 823 3642 707
3687 707 3687 822 3801 822 3801 707
3828 708 3828 830 3960 830 3960 708
3984 702 3984 823 4112 823 4112 702
300 893 300 1012 428 1012 428 893
461 889 461 1023 601 1023 601 889
647 903 647 1010 733 1010 733 903
781 896 781 1017 897 1017 897 896
923 900 923 1015 1044 1015 1044 900
1077 906 1077 1013 1192 1013 1192 906
1239 889 1239 1020 1372 1020 1372 889
1415 894 1415 1017 1533 1017 1533 894
1581 907 1581 1007 1686 1007 1686 907
1747 893 1747 1012 1875 1012 1875 893
1894 889 1894 1015 2022 1015 2022 889
2061 895 2061 1004 2172 1004 2172 895
2732 843 2732 982 2856 982 2856 843
2909 867 2909 986 3014 986 3014 867
3084 870 3084 984 3157 984 3157 870
3204 869 3204 1003 3327 1003 3327 869
3359 866 3359 994 3473 994 3473 866
3516 866 3516 997 3635 997 3635 866
3661 869 3661 996 3808 996 3808 869
3835 872 3835 999 3946 999 3946 872
3984 864 3984 1000 4109 1000 4109 864
4126 875 4126 993 4317 993 4317 875
4315 870 4315 1000 4428 1000 4428 870
4481 868 4481 976 4599 976 4599 868
319 1067 319 1179 432 1179 432 1067
470 1067 470 1181 597 1181 597 1067
629 1060 629 1186 759 1186 759 1060
786 1049 786 1180 897 1180 897 1049
948 1056 948 1184 1057 1184 1057 1056
1086 1056 1086 1181 1202 1181 1202 1056
1255 1055 1255 1187 1381 1187 1381 1055
1404 1063 1404 1204 1543 1204 1543 1063
1583 1061 1583 1184 1703 1184 1703 1061
1726 1061 1726 1176 1879 1176 1879 1061
1901 1050 1901 1181 2021 1181 2021 1050
2044 1063 2044 1180 2164 1180 2164 1063
2716 1047 2716 1175 2881 1175 2881 1047
2932 1039 2932 1154 2995 1154 2995 1039
3037 1029 3037 1156 3161 1156 3161 1029
3192 1030 3192 1156 3322 1156 3322 1030
3346 1028 3346 1152 3482 1152 3482 1028
3493 1006 3493 1139 3632 1139 3632 1006
3675 1033 3675 1148 3803 1148 3803 1033
3826 1029 3826 1152 3947 1152 3947 1029
3979 1040 3979 1168 4110 1168 4110 1040
4177 1029 4177 1157 4242 1157 4242 1029
4303 1034 4303 1150 4432 1150 4432 1034
4450 1028 4450 1153 4594 1153 4594 1028
4636 1032 4636 1156 4749 1156 4749 1032
310 1215 310 1367 433 1367 433 1215
470 1222 470 1357 589 1357 589 1222
641 1242 641 1339 750 1339 750 1242
780 1214 780 1352 921 1352 921 1214
923 1240 923 1344 1066 1344 1066 1240
1096 1220 1096 1344 1209 1344 1209 1220
1261 1212 1261 1352 1389 1352 1389 1212
1423 1215 1423 1346 1541 1346 1541 1215
1584 1210 1584 1355 1721 1355 1721 1210
1750 1227 1750 1350 1870 1350 1870 1227
1896 1207 1896 1350 2013 1350 2013 1207
2061 1226 2061 1348 2175 1348 2175 1226
2728 1194 2728 1301 2859 1301 2859 1194
2888 1181 2888 1308 3010 1308 3010 1181
3035 1189 3035 1329 3184 1329 3184 1189
3210 1193 3210 1317 3337 1317 3337 1193
3356 1183 3356 1309 3490 1309 3490 1183
3514 1173 3514 1307 3641 1307 3641 1173
3667 1181 3667 1315 3792 1315 3792 1181
3849 1179 3849 1286 3962 1286 3962 1179
3995 1187 3995 1324 4137 1324 4137 1187
4154 1172 4154 1300 4274 1300 4274 1172
4280 1168 4280 1310 4419 1310 4419 1168
4480 1177 4480 1287 4552 1287 4552 1177
4597 1179 4597 1304 4709 1304 4709 1179
4754 1177 4754 1301 4896 1301 4896 1177
4932 1173 4932 1301 5055 1301 5055 1173
323 1394 323 1510 453 1510 453 1394
482 1393 482 1506 594 1506 594 1393
642 1390 642 1510 750 1510 750 1390
786 1388 786 1516 912 1516 912 1388
939 1377 939 1517 1070 1517 1070 1377
1080 1386 1080 1510 1202 1510 1202 1386
1256 1377 1256 1506 1384 1506 1384 1377
1452 1388 1452 1516 1513 1516 1513 1388
1584 1388 1584 1506 1695 1506 1695 1388
1775 1379 1775 1494 1828 1494 1828 1379
1903 1384 1903 1490 2007 1490 2007 1384
2076 1384 2076 1494 2135 1494 2135 1384
2196 1370 2196 1488 2312 1488 2312 1370
2733 1356 2733 1477 2856 1477 2856 1356
2907 1354 2907 1455 3013 1455 3013 1354
3043 1342 3043 1468 3170 1468 3170 1342
3204 1347 3204 1462 3322 1462 3322 1347
3354 1339 3354 1464 3472 1464 3472 1339
3504 1352 3504 1467 3626 1467 3626 1352
3669 1349 3669 1466 3799 1466 3799 1349
3820 1330 3820 1470 3988 1470 3988 1330
3997 1339 3997 1466 4122 1466 4122 1339
4150 1342 4150 1464 4269 1464 4269 1342
4296 1324 4296 1483 4429 1483 4429 1324
4452 1332 4452 1452 4577 1452 4577 1332
4602 1337 4602 1456 4724 1456 4724 1337
322 1530 322 1676 426 1676 426 1530
461 1557 461 1657 572 1657 572 1557
627 1540 627 1669 748 1669 748 1540
784 1553 784 1660 915 1660 915 1553
944 1544 944 1662 1056 1662 1056 1544
1113 1544 1113 1670 1215 1670 1215 1544
1260 1537 1260 1649 1377 1649 1377 1537
1420 1556 1420 1661 1537 1661 1537 1556
1606 1539 1606 1655 1672 1655 1672 1539
1744 1541 1744 1660 1859 1660 1859 1541
1916 1548 1916 1670 2023 1670 2023 1548
2061 1539 2061 1670 2175 1670 2175 1539
2197 1540 2197 1667 2328 1667 2328 1540
2722 1503 2722 1628 2847 1628 2847 1503
2896 1487 2896 1627 3027 1627 3027 1487
3040 1521 3040 1629 3167 1629 3167 1521
3176 1532 3176 1635 3328 1635 3328 1532
3367 1504 3367 1633 3447 1633 3447 1504
3507 1529 3507 1647 3646 1647 3646 1529
3662 1515 3662 1643 3773 1643 3773 1515
3833 1510 3833 1637 3947 1637 3947 1510
3992 1513 3992 1627 4114 1627 4114 1513
4163 1509 4163 1627 4276 1627 4276 1509
4308 1524 4308 1636 4419 1636 4419 1524
4477 1509 4477 1623 4554 1623 4554 1509
4620 1515 4620 1643 4736 1643 4736 1515
4779 1515 4779 1643 4843 1643 4843 1515
4897 1528 4897 1637 5063 1637 5063 1528
337 1694 337 1809 401 1809 401 1694
473 1708 473 1824 597 1824 597 1708
626 1720 626 1829 774 1829 774 1720
810 1702 810 1816 870 1816 870 1702
924 1687 924 1821 1062 1821 1062 1687
1088 1689 1088 1819 1210 1819 1210 1689
1248 1688 1248 1810 1384 1810 1384 1688
1417 1679 1417 1820 1542 1820 1542 1679
1592 1701 1592 1819 1707 1819 1707 1701
1747 1679 1747 1827 1870 1827 1870 1679
1912 1684 1912 1816 1974 1816 1974 1684
2052 1686 2052 1817 2181 1817 2181 1686
2236 1696 2236 1802 2293 1802 2293 1696
2704 1647 2704 1776 2841 1776 2841 1647
2879 1659 2879 1776 3008 1776 3008 1659
3040 1662 3040 1786 3163 1786 3163 1662
3203 1657 3203 1782 3327 1782 3327 1657
3348 1667 3348 1782 3464 1782 3464 1667
3506 1661 3506 1774 3626 1774 3626 1661
3664 1663 3664 1788 3784 1788 3784 1663
3820 1663 3820 1777 3937 1777 3937 1663
3976 1648 3976 1779 4096 1779 4096 1648
4140 1656 4140 1780 4266 1780 4266 1656
4302 1659 4302 1770 4408 1770 4408 1659
4454 1659 4454 1787 4597 1787 4597 1659
4624 1663 4624 1782 4746 1782 4746 1663
4764 1667 4764 1787 4884 1787 4884 1667
4910 1655 4910 1784 5050 1784 5050 1655
314 1840 314 1981 450 1981 450 1840
477 1847 477 1975 595 1975 595 1847
626 1848 626 1970 755 1970 755 1848
788 1846 788 1984 913 1984 913 1846
927 1854 927 1984 1062 1984 1062 1854
1080 1840 1080 1987 1226 1987 1226 1840
1246 1836 1246 1982 1377 1982 1377 1836
1406 1846 1406 1970 1564 1970 1564 1846
1595 1855 1595 1959 1706 1959 1706 1855
1744 1847 1744 1969 1863 1969 1863 1847
1888 1826 1888 1961 2028 1961 2028 1826
2053 1849 2053 1972 2188 1972 2188 1849
2213 1835 2213 1961 2294 1961 2294 1835
2556 1809 2556 1927 2679 1927 2679 1809
2722 1808 2722 1936 2843 1936 2843 1808
2892 1814 2892 1922 3000 1922 3000 1814
3037 1813 3037 1937 3168 1937 3168 1813
3194 1808 3194 1939 3326 1939 3326 1808
3383 1812 3383 1942 3454 1942 3454 1812
3497 1809 3497 1935 3627 1935 3627 1809
3650 1809 3650 1939 3759 1939 3759 1809
3817 1820 3817 1927 3941 1927 3941 1820
3982 1816 3982 1921 4092 1921 4092 1816
4148 1807 4148 1929 4269 1929 4269 1807
4302 1812 4302 1935 4423 1935 4423 1812
4463 1813 4463 1942 4580 1942 4580 1813
4635 1800 4635 1939 4754 1939 4754 1800
4769 1804 4769 1932 4899 1932 4899 1804
4928 1804 4928 1940 5063 1940 5063 1804
322 2006 322 2110 455 2110 455 2006
473 2014 473 2123 602 2123 602 2014
643 1995 643 2129 769 2129 769 1995
801 2012 801 2123 917 2123 917 2012
937 2007 937 2112 1043 2112 1043 2007
1084 2007 1084 2123 1219 2123 1219 2007
1255 2003 1255 2117 1380 2117 1380 2003
1404 2001 1404 2126 1532 2126 1532 2001
1582 1992 1582 2121 1717 2121 1717 1992
1743 1990 1743 2121 1872 2121 1872 1990
1884 1990 1884 2122 2020 2122 2020 1990
2049 1999 2049 2122 2182 2122 2182 1999
2199 1984 2199 2122 2336 2122 2336 1984
2567 1963 2567 2077 2693 2077 2693 1963
2714 1968 2714 2088 2832 2088 2832 1968
2893 1949 2893 2074 3016 2074 3016 1949
3053 1960 3053 2074 3156 2074 3156 1960
3193 1954 3193 2081 3321 2081 3321 1954
3346 1956 3346 2084 3461 2084 3461 1956
3522 1955 3522 2066 3576 2066 3576 1955
3670 1950 3670 2088 3776 2088 3776 1950
3808 1949 3808 2075 3948 2075 3948 1949
3992 1952 3992 2066 4104 2066 4104 1952
4146 1953 4146 2066 4269 2066 4269 1953
4320 1950 4320 2073 4430 2073 4430 1950
4464 1953 4464 2067 4588 2067 4588 1953
4621 1948 4621 2068 4761 2068 4761 1948
4780 1946 4780 2073 4903 2073 4903 1946
4920 1972 4920 2072 5044 2072 5044 1972
324 2164 324 2290 409 2290 409 2164
460 2164 460 2289 574 2289 574 2164
635 2161 635 2295 757 2295 757 2161
784 2167 784 2275 894 2275 894 2167
943 2169 943 2302 1094 2302 1094 2169
1097 2154 1097 2288 1217 2288 1217 2154
1248 2152 1248 2282 1376 2282 1376 2152
1409 2177 1409 2286 1554 2286 1554 2177
1586 2170 1586 2294 1734 2294 1734 2170
1749 2164 1749 2284 1864 2284 1864 2164
1903 2175 1903 2297 2054 2297 2054 2175
2081 2159 2081 2286 2156 2286 2156 2159
2186 2162 2186 2288 2324 2288 2324 2162
2555 2113 2555 2253 2694 2253 2694 2113
2712 2139 2712 2254 2857 2254 2857 2139
2897 2127 2897 2248 2962 2248 2962 2127
910 3357 910 3477 1043 3477 1043 3357
1097 3354 1097 3479 1228 3479 1228 3354
1242 3347 1242 3473 1366 3473 1366 3347
1382 3337 1382 3466 1539 3466 1539 3337
1583 3354 1583 3467 1699 3467 1699 3354
1736 3330 1736 3476 1870 3476 1870 3330
3477 3310 3477 3428 3620 3428 3620 3310
3662 3322 3662 3436 3779 3436 3779 3322
3808 3308 3808 3437 3940 3437 3940 3308
3969 3304 3969 3427 4110 3427 4110 3304
4157 3323 4157 3437 4260 3437 4260 3323
4287 3297 4287 3446 4414 3446 4414 3297
3419 5827 3419 5977 3559 5977 3559 5827
3560 5820 3560 5970 3652 5970 3652 5820
3652 5836 3652 5960 3761 5960 3761 5836
3770 5816 3770 5961 3903 5961 3903 5816
3928 5827 3928 5955 4079 5955 4079 5827
4110 5816 4110 5943 4255 5943 4255 5816
# Transcript
****
AINYNKAIEN**
IAYTOIKAIOIPR**
AITWIDHMWIEPA*ESAIAYTO
*SENEKAKAIFI**IMIASTHSE*
HMONTONAQHNA**KAISTEFANWSA
ATERONAYTWNC**WISTEFANWIAPO*
RACMWNANAGRA**DETODETOUHFISMA
ENSTHLHILIQINTONGRAMMATEAT**
BOYLHSKAISTHSENTWIASKLHPIEIW
ITWIENASTEIEI**ETHNANAGRAFHNTH
SSTHLHSDOYNAIONTAMIANTOYDHMOY
PDRACMASEKTWN*ATAUHFISMATAANAL
ISKOMENWNTWID*MWI
ODHMOSODHMOS
HBOYLH



# Lines: x1 y1 x2 y2 x3 y3 x4 y4
239 299 1948 325
276 472 2354 481
256 635 3995 630
340 779 4228 760
256 944 4643 908
261 1127 4809 1091
233 1276 5116 1228
252 1461 4816 1400
284 1615 5107 1580
268 1752 5174 1708
281 1893 5225 1871
275 2053 5232 2005
256 2200 3104 2194
768 3394 4508 3375
3276 5887 4700 5848