# Baseline angle
6.318165116294742
# Boxes: x1 y1 x2 y2 x3 y3 x4 y4
403 328 396.68407953673227 508.4853824722971 640 517 646.3159204632677 336.5146175277029
650 354 644.1258835970609 521.8602749729272 791 527 796.8741164029391 359.13972502707287
803 368 797.1099834521242 536.3146416415647 931 541 936.8900165478758 372.68535835843534
928 371 922.5673145687925 526.2458289501399 1087 532 1092.4326854312073 376.7541710498602
1082 373 1076.5956321387484 527.4366187211821 1207 532 1212.4043678612516 377.56338127881793
1204 371 1198.1463443666976 538.2755827091423 1276 541 1281.8536556333024 373.7244172908576
1279 373 1272.9340039530375 546.3434774834072 1406 551 1412.0659960469625 377.6565225165928
1415 378 1409.1646906877786 544.7513134760991 1502 548 1507.8353093122214 381.24868652390086
1475 380 1468.7113605629145 559.7057927872509 1620 565 1626.2886394370855 385.29420721274914
1617 385 1611.3312172098767 546.9926083582153 1783 553 1788.6687827901233 391.00739164178475
1778 368 1772.1124296282683 536.2447390771588 1908 541 1913.8875703717317 372.75526092284116
1903 364 1897.0362250792036 534.4223800503205 2085 541 2090.963774920796 370.57761994967944
2174 380 2168.0393760715333 550.3323364756677 2330 556 2335.9606239284667 385.6676635243324
2316 378 2309.9535733621906 550.784256968161 2459 556 2465.0464266378094 383.21574303183894
2459 366 2452.724814531707 545.3213286830191 2615 551 2621.275185468293 371.67867131698085
556 601 550.2288095394123 765.9190365295933 724 772 729.7711904605877 607.0809634704067
729 599 722.7186990913469 778.4960850940336 880 784 886.2813009086531 604.5039149059664
887 613 881.7300266433849 763.5961264742376 979 767 984.2699733566151 616.4038735257624
955 606 948.2208195240021 799.723620836445 1099 805 1105.779180475998 611.276379163555
1089 608 1082.0668556102128 806.1233335986357 1250 812 1256.9331443897872 613.8766664013643
1252 616 1245.6377887342926 797.8082004577153 1394 803 1400.3622112657074 621.1917995422847
1391 625 1384.8005008088849 802.1584979818131 1466 805 1472.1994991911151 627.8415020181869
1466 611 1459.2354965808668 804.3042054500104 1622 810 1628.7645034191332 616.6957945499896
1617 632 1611.3717656605531 792.8338853072286 1759 798 1764.6282343394469 637.1661146927714
1759 632 1754.0489622636123 773.4821394100304 1826 776 1830.9510377363877 634.5178605899696
1831 637 1825.3766580128413 797.6940801784172 1977 803 1982.6233419871587 642.3059198215828
1956 642 1950.5230968539 798.5094058477351 2136 805 2141.4769031461 648.4905941522649
2481 623 2475.194376529096 788.9030031695655 2678 796 2683.805623470904 630.0969968304345
2685 625 2679.7322862752308 775.5315546481232 2836 781 2841.2677137247692 630.4684453518768
2843 613 2837.1113930844945 781.2743596210704 2915 784 2920.8886069155055 615.7256403789296
2913 613 2907.472950242946 770.9424084180534 3052 776 3057.527049757054 618.0575915819466
3043 601 3036.8787784454967 775.9216159208286 3182 781 3188.1212215545033 606.0783840791714
3187 596 3180.959875346849 768.6041698188552 3278 772 3284.040124653151 599.3958301811448
3285 584 3278.5698140741442 767.7506619891213 3400 772 3406.4301859258558 588.2493380108787
3393 604 3387.373880109109 764.7734622764872 3451 767 3456.626119890891 606.2265377235128
436 796 428.64744022377795 1006.108656541771 597 1012 604.352559776222 801.891343458229
590 827 584.6503393744026 979.8732905557166 674 983 679.3496606255974 830.1267094442834
655 820 648.8296683783158 996.3249979472354 811 1002 817.1703316216842 825.6750020527646
830 820 823.1975808506329 1014.3876951982998 955 1019 961.8024191493671 824.6123048017002
959 820 952.0579622661198 1018.3774721077202 1027 1021 1033.9420377338802 822.6225278922798
1012 844 1006.2146507544344 1009.3236416440722 1197 1016 1202.7853492455656 850.6763583559278
1183 841 1177.093896762889 1009.7743390484935 1355 1016 1360.906103237111 847.2256609515065
1324 836 1317.1980991225198 1030.372884926344 1478 1036 1484.8019008774802 841.627115073656
1485 832 1478.197580850633 1026.3876951982998 1610 1031 1616.802419149367 836.6123048017002
1596 822 1588.2881426971726 1042.3760359186733 1749 1048 1756.7118573028274 827.6239640813266
1740 848 1733.5647351775574 1031.8957978562241 1908 1038 1914.4352648224426 854.1042021437758
1910 827 1902.7229399566572 1034.9511565788562 2047 1040 2054.2770600433428 832.0488434211437
2047 856 2040.8235529379556 1032.49975435825 2198 1038 2204.1764470620446 861.5002456417503
2184 851 2177.448168722115 1038.226831142081 2371 1045 2377.551831277885 857.7731688579188
2361 856 2354.9436021133156 1029.0691979640756 2553 1036 2559.0563978866844 862.9308020359244
2500 877 2494.333663386021 1038.9227057938097 2668 1045 2673.666336613979 883.0772942061906
2649 863 2643.095119850961 1031.7393877662907 2822 1038 2827.904880149039 869.2606122337094
2807 858 2800.911801823442 1031.9779313013505 2973 1038 2979.088198176558 864.0220686986494
2937 856 2931.426286351909 1015.2758878800545 3095 1021 3100.573713648091 861.7241121199455
3088 841 3081.6903815213914 1021.3052953229914 3273 1028 3279.3096184786086 847.6947046770088
3256 848 3250.1417837419976 1015.4059083042896 3410 1021 3415.8582162580024 853.5940916957104
3388 856 3382.298193831931 1018.9362929776931 3527 1024 3532.701806168069 861.0637070223069
3515 844 3508.5886786671117 1027.2115824841223 3674 1033 3680.4113213328883 849.7884175158778
3676 860 3671.3413216738427 993.1276010206223 3782 997 3786.6586783261573 863.8723989793777
446 1064 440.54896824771174 1219.770098183183 590 1225 595.4510317522884 1069.229901816817
592 1067 586.4299556161252 1226.171034033446 753 1232 758.5700443838748 1072.828965966554
746 1060 739.4689612193399 1246.632659344632 950 1254 956.5310387806601 1067.367340655368
952 1074 945.2797142957593 1266.040628552415 1087 1271 1093.7202857042407 1078.959371447585
1079 1064 1072.4018779196754 1252.5496491274994 1171 1256 1177.5981220803246 1067.4503508725006
1161 1076 1154.8008325364733 1253.1490184481488 1322 1259 1328.1991674635267 1081.8509815518512
1322 1084 1315.9078008316376 1258.0922646816236 1399 1261 1405.0921991683624 1086.9077353183764
1391 1072 1384.3955759350165 1260.7297362768054 1535 1266 1541.6044240649835 1077.2702637231946
1538 1072 1531.9056863830817 1246.1526877123652 1699 1252 1705.0943136169183 1077.8473122876348
1677 1108 1671.691737824554 1259.6902776991099 1852 1266 1857.308262175446 1114.3097223008901
1187 1295 1179.3830252949062 1512.6646461788039 1389 1520 1396.6169747050938 1302.3353538211961
1358 1280 1349.4148789139872 1525.3306484449163 1540 1532 1548.5851210860128 1286.6693515550837
1591 1280 1582.528812648987 1522.0748484617563 1809 1530 1817.471187351013 1287.9251515382437
1831 1297 1822.9249893620527 1527.753599880476 2030 1535 2038.0750106379473 1304.246400119524
2044 1290 2035.4417868515725 1534.5617202364526 2248 1542 2256.5582131484275 1297.4382797635474
2232 1297 2224.1376615033005 1521.6762255725469 2462 1530 2469.8623384966995 1305.3237744274531
2481 1297 2473.1951880036963 1520.0323333660926 2558 1523 2565.8048119963037 1299.9676666339074
2575 1290 2566.9249893620527 1520.753599880476 2774 1528 2782.0750106379473 1297.246400119524
2791 1290 2783.5616375144355 1502.5605770342645 2939 1508 2946.4383624855645 1295.4394229657355
2927 1300 2919.5516662655605 1512.8455180301787 3124 1520 3131.4483337344395 1307.1544819698213
3129 1292 3121.396997535586 1509.2653718026165 3371 1518 3378.603002464414 1300.7346281973835
3383 1288 3375.15463955302 1512.1910564170794 3484 1516 3491.84536044698 1291.8089435829206
453 1506 445.19867072361393 1728.9328102577756 590 1734 597.801329276386 1511.0671897422244
600 1523 593.2438716530727 1716.0648772128816 820 1724 826.7561283469273 1530.9351227871184
823 1523 815.4370277143754 1739.1214590235859 1012 1746 1019.5629722856246 1529.8785409764141
1010 1525 1001.5607994831591 1766.16078438619 1197 1773 1205.4392005168409 1531.83921561381
1178 1544 1170.3126044586138 1763.6770102746157 1351 1770 1358.6873955413862 1550.3229897253843
1305 1568 1297.9238994890716 1770.2084848210002 1492 1777 1499.0761005109284 1574.7915151789998
1497 1564 1489.546069097087 1777.0054641692375 1718 1785 1725.453930902913 1571.9945358307625
1728 1571 1720.7451420862528 1778.316702760913 1826 1782 1833.2548579137472 1574.683297239087
1826 1568 1818.4705693642077 1783.162964132152 2071 1792 2078.5294306357923 1576.837035867848
2076 1561 2067.686445826993 1798.5702818529571 2280 1806 2288.313554173007 1568.4297181470429
2292 1573 2284.7344660211925 1780.6217847670746 2467 1787 2474.2655339788075 1579.3782152329254
2642 1600 2634.69636374666 1808.7106052536556 2843 1816 2850.30363625334 1607.2893947463444
2851 1588 2843.2121246924066 1810.5483461535437 2999 1816 3006.7878753075934 1593.4516538464563
2975 1588 2967.3683482380416 1806.0840615652387 3165 1813 3172.6316517619584 1594.9159384347613
3148 1576 3140.1298047029813 1800.9007435377198 3343 1808 3350.8701952970187 1583.0992564622802
3335 1571 3327.411342864862 1787.8554359498462 3503 1794 3510.588657135138 1577.1445640501538
3496 1564 3488.2867330648023 1784.4163179391676 3705 1792 3712.7132669351977 1571.5836820608324
3700 1532 3691.6572782575618 1770.4037818875352 3823 1775 3831.3427217424382 1536.5962181124648
429 1808 423.0626147449022 1977.6682621138127 604 1984 609.9373852550978 1814.3317378861873
590 1811 583.6400483661382 1992.743628631601 791 2000 797.3599516338618 1818.256371368399
791 1820 784.4838248205032 2006.207913219906 950 2012 956.5161751794968 1825.792086780094
923 1823 916.2538429019477 2015.7799362169671 1094 2022 1100.7461570980524 1829.2200637830329
1067 1828 1060.1341254541758 2024.2010130774768 1283 2032 1289.8658745458242 1835.7989869225232
1262 1854 1255.887340062001 2028.6769569454082 1408 2034 1414.112659937999 1859.3230430545918
1394 1861 1387.984150563992 2032.9104749130888 1562 2039 1568.015849436008 1867.0895250869112
1543 1849 1535.8920991991981 2052.117218158275 1704 2058 1711.1079008008019 1854.8827818417246
1708 1849 1701.5561735610531 2033.1404568316443 1869 2039 1875.4438264389469 1854.8595431683557
1852 1852 1845.241612021227 2045.1294490389957 2013 2051 2019.758387978773 1857.8705509610043
2016 1871 2010.0743273537362 2040.3335595637398 2172 2046 2177.925672646264 1876.6664404362602
2167 1868 2160.3053991452725 2059.3066516261542 2323 2065 2329.6946008547275 1873.6933483738455
2311 1876 2304.8406761709643 2052.0104364074095 2476 2058 2482.1593238290357 1881.9895635925907
2464 1890 2458.883804012876 2036.2017444503383 2596 2041 2601.116195987124 1894.7982555496617
2589 1873 2582.554618745393 2057.184887647512 2663 2060 2669.445381254607 1875.8151123524883
2656 1892 2650.2349249797726 2056.744280118579 2829 2063 2834.7650750202274 1898.255719881421
2839 1859 2832.2136675398683 2052.927997791371 2920 2056 2926.7863324601317 1862.072002208629
2906 1885 2900.095119850961 2053.7393877662907 3079 2060 3084.904880149039 1891.2606122337093
3088 1859 3080.7498478942425 2066.1822283703927 3247 2072 3254.2501521057575 1864.8177716296073
3249 1868 3242.920363439947 2041.7332723259303 3422 2048 3428.079636560053 1874.2667276740697
3412 1856 3405.9643946105407 2028.4750261666263 3621 2036 3627.0356053894593 1863.5249738333737
424 2008 418.1241422371021 2175.9100365270856 535 2180 540.8758577628979 2012.0899634729142
537 2032 530.8211067618113 2208.569656922655 686 2214 692.1788932381887 2037.4303430773446
676 2051 670.6281372448071 2204.50774437366 799 2209 804.3718627551929 2055.49225562634
799 2041 791.8038503137116 2246.6390412151745 945 2252 952.1961496862884 2046.3609587848255
933 2072 926.7775938631041 2249.8130928100036 1075 2255 1081.222406136896 2077.1869071899964
1065 2077 1059.0914505867447 2245.844241612899 1235 2252 1240.9085494132553 2083.155758387101
1240 2068 1233.2354965808668 2261.30420545001 1396 2267 1402.7645034191332 2073.69579454999
1406 2072 1398.888429934982 2275.222072004884 1564 2281 1571.111570065018 2077.777927995116
1567 2108 1561.555083688072 2263.5953417721685 1716 2269 1721.444916311928 2113.4046582278315
1711 2092 1704.3136290341886 2283.0714721843988 1788 2286 1794.6863709658114 2094.9285278156012
1795 2087 1788.6610274076615 2268.144126095861 1956 2274 1962.3389725923385 2092.855873904139
1951 2099 1944.4212607845297 2286.9957593505446 2116 2293 2122.5787392154707 2105.0042406494554
2109 2099 2102.739491588572 2277.9019132965846 2277 2284 2283.260508411428 2105.0980867034154
2284 2084 2277.290722088408 2275.7260670125893 2428 2281 2434.709277911592 2089.2739329874107
2426 2106 2419.908132559226 2280.0827851479594 2589 2286 2595.091867440774 2111.9172148520406
2589 2099 2582.5327483433857 2283.8098619317907 2788 2291 2794.4672516566143 2106.1901380682093
2800 2099 2794.177253296087 2265.392321120406 2983 2272 2988.822746703913 2105.607678879594
3004 2075 2995.9332192509687 2305.51842043872 3124 2310 3132.0667807490313 2079.48157956128
3124 2089 3117.568404441774 2272.7909440096155 3295 2279 3301.431595558226 2095.2090559903845
3283 2077 3276.2293811405066 2270.478961861025 3434 2276 3440.7706188594934 2082.521038138975
1192 2262 1184.1095304776436 2487.480105063213 1399 2495 1406.8904695223564 2269.519894936787
1420 2310 1413.3419466041446 2500.262261955441 1463 2502 1469.6580533958554 2311.737738044559
1461 2303 1453.9190071367834 2505.3482899498117 1644 2512 1651.0809928632166 2309.6517100501883
1629 2315 1622.3469841397225 2505.118308031256 1819 2512 1825.6530158602775 2321.881691968744
1807 2305 1799.8774221423334 2508.5366335447097 1956 2514 1963.1225778576666 2310.4633664552903
2112 2324 2105.1208580296816 2520.580146443417 2260 2526 2266.8791419703184 2329.419853556583
2275 2298 2267.888429934982 2501.222072004884 2433 2507 2440.111570065018 2303.777927995116
2424 2317 2417.05951708178 2515.333041291853 2579 2521 2585.94048291822 2322.666958708147
2570 2332 2563.91057873537 2506.012882583553 2735 2512 2741.08942126463 2337.987117416447
2733 2324 2726.145319791123 2519.8811207993595 2901 2526 2907.854680208877 2330.1188792006405
2927 2334 2921.1356683016375 2501.580664715304 3076 2507 3081.8643316983625 2339.419335284696
3100 2327 3093.543610952744 2511.4994491873376 3165 2514 3171.456389047256 2329.5005508126624
3151 2315 3144.5850094028956 2498.316436330731 3307 2504 3313.4149905971044 2320.683563669269
3309 2305 3302.383863326183 2494.0644388268784 3472 2500 3478.616136673817 2310.9355611731216
3470 2267 3463.1912788659743 2461.5677823476058 3647 2468 3653.8087211340257 2273.4322176523942
3662 2315 3657.585462377376 2441.150972909082 3739 2444 3743.414537622624 2317.849027090918
3647 2252 3638.3830786241138 2498.2393817821912 3803 2504 3811.6169213758862 2257.7606182178088
2548 2533 2541.4595496033603 2719.9016081256723 2630 2723 2636.5404503966397 2536.0983918743277
2618 2538 2612.7848790623293 2687.028649513399 2812 2694 2817.2151209376707 2544.971350486601
2829 2538 2822.290722088408 2729.7260670125893 2973 2735 2979.709277911592 2543.2739329874107
2978 2538 2971.320076202137 2728.8872362397196 3146 2735 3152.679923797863 2544.1127637602804
3129 2540 3122.541496504188 2724.559872218079 3278 2730 3284.458503495812 2545.440127781921
3283 2540 3276.8995709427213 2714.3274441233793 3439 2720 3445.1004290572787 2545.6725558766207
3441 2528 3434.5698140741442 2711.750661989121 3556 2716 3562.4301859258558 2532.249338010879
3535 2516 3528.0474727453584 2714.6772233755905 3623 2718 3629.9525272546416 2519.3227766244095
3609 2526 3603.456158737525 2684.422246835229 3820 2692 3825.543841262475 2533.577753164771
3568 2699 3564.532111444885 2798.0992834506665 3676 2802 3679.467888555115 2702.9007165493335
3688 2706 3684.960088447824 2792.869301532111 3803 2797 3806.039911552176 2710.130698467889
3393 2756 3386.244576469258 2949.0447362026343 3585 2956 3591.755423530742 2762.9552637973657
# Transcript
WNESTIAIOQEN*OPL*
*WNIOSOINAIOSPAIDOTRI**
DIABIOYABASKANTOSEYMOLPO*
KHFEISIEYS
GYMNASIARCOI
BOHDROMIWNAHRAKLEI
DHSSWTELOYSESTIAIOQEN
IEREYSANTINOOYEFHBOY
****UIWNAASKLHPIADHS)
***********IMAKTHRIW
NA
*******************H
# Lines: x1 y1 x2 y2 x3 y3 x4 y4
328 406 2694 460
515 665 3620 710
404 850 3822 927
406 1135 1963 1169
1134 1378 3528 1401
392 1577 3883 1681
412 1881 3662 1956
339 2114 3638 2178
1108 2386 3825 2380
2483 2612 3846 2614
3564 2743 3862 2751
3364 2862 3748 2865