# Baseline angle
-0.1027416855045975
# Boxes: x1 y1 x2 y2 x3 y3 x4 y4
550 398 563.8349404028353 532.1833762354829 682 520 668.1650595971647 385.81662376451703
694 376 708.3208363903317 514.8960213357235 814 504 799.6791636096683 365.10397866427655
846 374 858.0953968386506 491.3117583062029 1026 474 1013.9046031613494 356.6882416937971
1040 352 1050.9553046371157 458.25414501931357 1228 440 1217.0446953628843 333.74585498068643
1248 330 1260.0974296748382 447.33147453302 1370 436 1357.9025703251618 318.66852546698
1386 330 1395.0936015753996 418.19771722886173 1494 408 1484.9063984246004 319.80228277113827
1522 292 1534.5265479747582 413.4934398621855 1646 402 1633.4734520252418 280.5065601378145
1656 290 1667.1193028024686 397.84474294621094 1782 386 1770.8806971975314 278.15525705378906
610 532 621.9775394023083 648.1686736045419 740 636 728.0224605976917 519.8313263954581
754 508 767.3343417843978 637.3281321357692 916 622 902.6656582156022 492.67186786423076
922 492 934.8631484278424 616.7580860350018 1078 602 1065.1368515721576 477.2419139649982
1080 480 1091.998576930626 596.372713990343 1212 584 1200.001423069374 467.62728600965715
1198 466 1210.640103349911 588.5947994043357 1294 580 1281.359896650089 457.40520059566427
1286 454 1298.286767429698 573.1678380052292 1426 560 1413.713232570302 440.8321619947708
1418 438 1428.8247774060198 542.9881775449967 1516 534 1505.1752225939802 429.0118224550033
1500 420 1512.5055104464402 541.2893994763846 1622 530 1609.4944895535598 408.71060052361554
1616 418 1626.6270719175955 521.0706564596424 1734 510 1723.3729280824045 406.92934354035754
1756 390 1768.6043631906525 512.2481600190616 1868 502 1855.3956368093475 379.75183998093837
1866 380 1878.187914685486 498.20907746255205 2016 484 2003.812085314514 365.79092253744795
586 676 598.8421108995246 800.5540456492007 740 786 727.1578891004754 661.4459543507993
730 664 741.6893489032361 777.3735495896556 852 766 840.3106510967639 652.6264504103444
838 652 850.3308753225214 771.5956350036483 924 764 911.6691246774786 644.4043649963517
918 642 930.053321782015 758.9036775346008 1094 742 1081.946678217985 625.0963224653992
1098 626 1108.2189911459936 725.1127315162779 1216 714 1205.7810088540064 614.8872684837221
1208 596 1221.2859318303856 724.8586099778393 1346 712 1332.7140681696144 583.1413900221607
1338 588 1350.0069446641903 704.453871603488 1432 696 1419.9930553358097 579.546128396512
1434 564 1447.6098624887163 696.0003733779997 1564 684 1550.3901375112837 551.9996266220003
1552 546 1564.5539204004526 667.7589216343144 1698 654 1685.4460795995474 532.2410783656856
1690 536 1701.8513142324018 650.9444312897358 1808 640 1796.1486857675982 525.0555687102642
1780 522 1792.3435451172747 641.7185177763043 1906 630 1893.6564548827253 510.2814822236957
1898 512 1910.9556662746777 637.655405191351 2024 626 2011.0443337253223 500.344594808649
2004 492 2017.0965940755254 619.0222465056302 2124 608 2110.9034059244746 480.97775349436984
2112 468 2125.834940402835 602.1833762354829 2244 590 2230.165059597165 455.81662376451703
2242 468 2253.929129448296 583.699151446612 2348 574 2336.070870551704 458.3008485533881
690 806 703.3069693587032 935.0626503636403 830 922 816.6930306412968 792.9373496363597
818 778 831.9675004701186 913.469059936617 982 898 968.0324995298814 762.530940063383
980 774 990.5766291273956 876.5814180748953 1132 862 1121.4233708726044 759.4185819251047
1120 754 1132.4360629641103 874.6158369326536 1216 866 1203.5639370358897 745.3841630673464
1210 748 1220.2189911459936 847.1127315162779 1328 836 1317.7810088540064 736.8872684837221
1350 722 1361.6325712156597 834.8228698185806 1486 822 1474.3674287843403 709.1771301814194
1502 702 1514.2446923730627 820.7597572336272 1638 808 1625.7553076269373 689.2402427663728
1650 688 1662.9219589516065 813.328482032894 1734 806 1721.0780410483935 680.671517967106
1734 676 1747.6309000170343 808.2044137638006 1866 796 1852.3690999829657 663.7955862361994
1872 648 1885.5741223294576 779.6537339927256 2018 766 2004.4258776705424 634.3462660072744
2024 628 2037.229154142809 756.3079302067642 2176 742 2162.770845857191 613.6920697932358
2170 608 2184.060018316954 744.3663790929662 2304 732 2289.939981683046 595.6336209070338
2318 602 2331.7928653461995 735.7752954638809 2446 724 2432.2071346538005 590.2247045361191
642 946 653.077227745833 1053.436662174609 764 1042 752.922772254167 934.5633378253912
780 922 791.4074933015407 1032.6398669610974 914 1020 902.5925066984593 909.3601330389027
944 908 955.5400533688241 1019.9255506622313 1110 1004 1098.4599466311759 892.0744493377687
1102 874 1114.5896605597115 996.1055610195885 1232 984 1219.4103394402885 861.8944389804115
1240 850 1253.7571251869408 983.4286560786068 1384 970 1370.2428748130592 836.5713439213932
1372 836 1384.9262610127957 961.3702071924048 1534 946 1521.0737389872043 820.6297928075952
1526 826 1538.0112467253794 942.4955967629988 1698 926 1685.9887532746206 809.5044032370012
1706 818 1717.0141151608798 924.8245410172059 1822 914 1810.9858848391202 807.1754589827941
1810 798 1821.815574073143 912.5977919044617 1944 900 1932.184425926857 785.4022080955383
1952 776 1963.2602306033164 885.2115842604901 2072 874 2060.7397693966836 764.7884157395099
2060 766 2070.227358879558 865.193889129423 2140 858 2129.772641120442 758.806110870577
2144 756 2156.1248021005326 873.5969563051491 2288 860 2275.8751978994674 742.4030436948509
2294 734 2306.160542259792 851.9435956904231 2422 840 2409.839457740208 722.0564043095769
720 1064 731.3780880396587 1174.3546689621512 890 1158 878.6219119603413 1047.6453310378488
882 1058 891.6846852044848 1151.9305642581073 988 1142 978.3153147955152 1048.0694357418927
976 1038 986.6754818716078 1141.5401786175723 1118 1128 1107.3245181283921 1024.4598213824277
1108 1014 1119.3086405573285 1123.68110641842 1252 1110 1240.6913594426715 1000.3188935815799
1242 1002 1253.1403403307863 1110.048783332012 1370 1098 1358.8596596692137 989.951216667988
1374 978 1385.1193028024686 1085.844742946211 1500 1074 1488.8806971975314 966.1552570537891
1494 970 1503.6679497373561 1063.7682490318173 1676 1046 1666.3320502626439 952.2317509681828
1676 924 1690.2513889080014 1062.2224587919925 1770 1054 1755.7486110919986 915.7775412080075
1782 932 1791.6426101478492 1025.5224834865055 1884 1016 1874.3573898521508 922.4775165134946
1874 908 1885.1760804900453 1016.395422717286 1986 1006 1974.8239195099547 897.604577282714
1988 898 2000.1605422597916 1015.9435956904231 2116 1004 2103.839457740208 886.0564043095769
2104 870 2118.897217388476 1014.4862693654961 2240 1002 2225.102782611524 857.5137306345039
2236 872 2250.249356071814 1010.2027425651753 2388 996 2373.750643928186 857.7972574348247
580 1204 593.3343417843978 1333.3281321357692 742 1318 728.6656582156022 1188.6718678642308
726 1184 739.5551176373275 1315.4694098337416 812 1308 798.4448823626725 1176.5305901662584
806 1180 820.482801719497 1320.4669030358036 922 1310 907.517198280503 1169.5330969641964
930 1172 942.2046501526146 1290.3713926888424 1004 1284 991.7953498473854 1165.6286073111576
1000 1168 1010.2106234124292 1267.0315739031328 1156 1252 1145.7893765875708 1152.968426096867
1192 1124 1205.4058221029154 1254.0214109063174 1322 1242 1308.5941778970846 1111.9785890936826
1326 1122 1337.8513142324018 1236.9444312897358 1444 1226 1432.1486857675982 1111.0555687102642
1450 1102 1463.1597066604788 1229.6343676630331 1576 1218 1562.8402933395212 1090.3656323369669
1582 1072 1597.1854078875479 1219.2813933803825 1726 1206 1710.8145921124521 1058.7186066196175
1736 1064 1747.9017570226015 1179.4336696744829 1820 1172 1808.0982429773985 1056.5663303255171
1796 1044 1810.8825147575349 1188.343670366023 1950 1174 1935.1174852424651 1029.656329633977
1954 1026 1968.657436843416 1168.16066750854 2106 1154 2091.342563156584 1011.8393324914603
2098 1014 2111.6372349144112 1146.2658551501286 2250 1132 2236.3627650855888 999.7341448498713
2244 998 2258.327171287708 1136.9574627220513 2384 1124 2369.672828712292 985.0425372779484
776 1326 790.4386938266739 1466.0391060373845 946 1450 931.5613061733261 1309.9608939626155
1068 1294 1079.4074933015409 1404.6398669610974 1202 1392 1190.5925066984591 1281.3601330389026
1276 1264 1288.2951351632626 1383.2489956183742 1378 1374 1365.7048648367374 1254.7510043816258
1488 1232 1500.0259493563206 1348.638195762472 1642 1334 1629.9740506436794 1217.361804237528
1750 1210 1761.2034529157397 1318.660904489415 1884 1306 1872.7965470842603 1197.339095510585
1954 1176 1967.00407622869 1302.124927349281 2104 1288 2090.99592377131 1161.875072650719
812 1456 823.8155740731428 1570.5977919044617 946 1558 934.1844259268572 1443.4022080955383
966 1432 978.2152871111805 1550.474559234681 1138 1534 1125.7847128888195 1415.525440765319
1180 1406 1191.655641580165 1519.0466264311988 1260 1512 1248.344358419835 1398.9533735688012
1300 1392 1311.281268131634 1501.415624646291 1422 1490 1410.718731868366 1380.584375353709
1448 1362 1460.581292826147 1484.0244034064433 1616 1468 1603.418707173853 1345.9755965935567
1656 1332 1668.6948482013001 1455.1257629485935 1796 1442 1783.3051517986999 1318.8742370514065
1836 1318 1847.5484211023884 1430.0067082753762 1964 1418 1952.4515788976116 1305.9932917246238
1996 1300 2007.8723517607195 1415.148471675537 2116 1404 2104.127648239281 1288.851528324463
2118 1266 2131.6603052789164 1398.4896117627468 2214 1390 2200.3396947210836 1257.5103882372532
2260 1260 2272.0553546182027 1376.923393761418 2378 1366 2365.9446453817973 1249.076606238582
578 1608 591.3911194719743 1737.8788119068445 726 1724 712.6088805280257 1594.1211880931555
748 1584 760.6444054111004 1706.6365245638465 922 1690 909.3555945888996 1567.3634754361535
932 1550 947.2021433546765 1697.4437086066725 1000 1692 984.7978566453235 1544.5562913933275
1020 1548 1032.2720647987571 1667.0252390057562 1178 1652 1165.7279352012429 1532.9747609942438
1174 1528 1186.7158857296179 1651.3298033343947 1316 1638 1303.2841142703821 1514.6701966656053
1324 1516 1336.640103349911 1638.5947994043356 1420 1630 1407.359896650089 1507.4052005956644
1414 1492 1428.1505033276017 1629.2439820224981 1576 1614 1561.8494966723983 1476.7560179775019
1574 1484 1585.9417992430494 1599.8220342192678 1720 1586 1708.0582007569506 1470.1779657807322
1724 1470 1734.58499686096 1572.6625756880403 1838 1562 1827.41500313904 1459.3374243119597
1822 1444 1834.6738106729824 1566.9217225627926 1960 1554 1947.3261893270176 1431.0782774372074
1954 1430 1966.6170329854058 1552.3710427917174 2106 1538 2093.382967014594 1415.6289572082826
2122 1410 2134.0469868846385 1526.842236148273 2278 1512 2265.9530131153615 1395.157763851727
2276 1388 2287.9417992430494 1503.8220342192678 2422 1490 2410.0582007569506 1374.1779657807322
548 1732 562.0873907426485 1868.6318608650952 704 1854 689.9126092573515 1717.3681391349048
796 1700 809.6582724427287 1832.4698955359297 950 1818 936.3417275572713 1685.5301044640703
1048 1668 1062.0516505833898 1804.285221479821 1220 1788 1205.9483494166102 1651.714778520179
1280 1640 1294.213615912555 1777.856103179901 1448 1762 1433.786384087445 1624.143896820099
1510 1618 1523.0481841215133 1744.5527243477002 1606 1736 1592.9518158784867 1609.4472756522998
1642 1608 1653.4221959324818 1718.7824659605703 1758 1708 1746.5778040675182 1597.2175340394297
1772 1576 1785.7718278178818 1709.57125507808 1898 1698 1884.2281721821182 1564.42874492192
1934 1560 1947.736087658623 1693.2246156928059 2076 1680 2062.263912341377 1546.7753843071941
2076 1548 2088.187914685486 1666.2090774625522 2226 1652 2213.812085314514 1533.7909225374478
2214 1522 2226.9556662746777 1647.655405191351 2340 1636 2327.0443337253223 1510.344594808649
2340 1508 2353.378449677221 1637.7559291341884 2448 1628 2434.621550322779 1498.2440708658116
# Transcript
ERMWNOS S
AKLEIDOY SFH
A TIMOKRATOY EK KE
NA DIOY KIKYNNE
TH ATTALOY EITE
POLLODWROY SFH
AIRIWNOS KIKYNN
NEIDOS
* GAIOY ACARN
N MILTIADOY LAK
N ACAIOY ACAR
# Lines: x1 y1 x2 y2 x3 y3 x4 y4
