# Baseline angle
6.5679287354580165
# Boxes: x1 y1 x2 y2 x3 y3 x4 y4
989 214 984.4674139811108 363.5902618270132 1097 367 1101.532586018889 217.4097381729868
1320 235 1274.7668931718695 389.53900206416125 1454 442 1499.2331068281305 287.46099793583875
936 394 906.4957810087944 494.8012245744704 1078 545 1107.5042189912056 444.1987754255296
1123 415 1085.026247964 544.7374015579619 1226 586 1263.973752036 456.262598442038
1305 418 1266.0267591540412 551.1521571230007 1409 593 1447.9732408459588 459.84784287699927
1473 473 1435.913959020134 599.7045349176598 1577 641 1614.086040979866 514.2954650823402
1629 485 1594.9322701413814 601.3924687938563 1761 650 1795.0677298586186 533.6075312061437
910 547 875.4456256273269 665.0550907722172 1029 710 1063.554374372673 591.9449092277828
1078 566 1040.3353814436252 694.6812463920697 1202 742 1239.6646185563748 613.3187536079303
1281 612 1238.5481591845755 757.0368010388881 1358 792 1400.4518408154245 646.9631989611119
1423 631 1383.297026208939 766.6452912236026 1569 821 1608.702973791061 685.3547087763974
1629 665 1587.1926259256754 807.8349790987866 1721 847 1762.8073740743246 704.1650209012134
1800 691 1763.393936675736 816.0646902748479 1893 854 1929.606063324264 728.9353097251521
874 703 827.9842930111081 860.212757115276 981 905 1027.015706988892 747.787242884724
1075 746 1033.6529147738936 887.2624013067024 1166 926 1207.3470852261064 784.7375986932976
1245 775 1203.4885815723824 916.8238460260327 1351 960 1392.5114184276176 818.1761539739673
1433 814 1392.4550478580522 952.5219119828196 1500 984 1540.5449521419478 845.4780880171804
1572 833 1534.4339813645317 961.3443795604716 1687 1006 1724.5660186354683 877.6556204395284
1793 862 1753.0206034856296 998.5896900235884 1874 1034 1913.9793965143704 897.4103099764116
1932 883 1890.9488704206005 1023.2512682339486 2037 1066 2078.0511295794 925.7487317660516
667 859 621.3131152981172 1015.089335098656 785 1063 830.6868847018828 906.910664901344
871 876 823.5705598261515 1038.0427794353946 984 1085 1031.4294401738484 922.9572205646056
1046 929 1008.6772256795657 1056.513334860271 1147 1097 1184.3227743204343 969.4866651397291
1253 936 1202.7492926627308 1107.6816444739611 1279 1130 1329.2507073372692 958.3183555260389
1365 970 1325.2574927101844 1105.7803575030175 1490 1154 1529.7425072898154 1018.2196424969825
1553 1010 1512.7444925302934 1147.533023667655 1651 1188 1691.2555074697066 1050.466976332345
1733 1013 1682.3418710301723 1186.0736013155324 1829 1229 1879.6581289698277 1055.9263986844676
1901 1056 1856.1744706884147 1209.1465126446303 2006 1253 2050.8255293115853 1099.8534873553697
631 1037 590.9878927293141 1173.7014463894948 756 1222 796.0121072706859 1085.2985536105052
830 1061 784.7075149817441 1215.7418677722635 912 1253 957.2924850182559 1098.2581322277365
984 1106 946.8350479066112 1232.9741348985303 1087 1274 1124.1649520933888 1147.02586510147
1186 1116 1147.4870480022591 1247.5795793309167 1289 1289 1327.5129519977409 1157.4204206690833
1349 1152 1316.017181039329 1264.685868490358 1464 1308 1496.982818960671 1195.314131509642
1545 1181 1501.2133371131415 1330.5972233781363 1629 1368 1672.7866628868585 1218.4027766218637
1711 1205 1669.1005369792347 1348.1496011727954 1795 1385 1836.8994630207653 1241.8503988272046
1865 1229 1823.2518482318142 1371.632645968644 1968 1414 2009.7481517681858 1271.367354031356
2035 1274 1997.8153590992272 1401.0414017492578 2148 1445 2185.184640900773 1317.9585982507422
624 1217 585.8816035698728 1347.2315794265644 732 1390 770.1183964301272 1259.7684205734356
802 1219 757.5755372304941 1370.776267982689 895 1411 939.4244627695059 1259.223732017311
480 1150 423.660426740523 1342.4842673602425 545 1378 601.339573259477 1185.5157326397575
993 1270 950.1008922852889 1416.5648893157936 1037 1442 1079.8991077147111 1295.4351106842064
1152 1289 1105.9250707049694 1446.4150902454187 1248 1488 1294.0749292950306 1330.5849097545813
1344 1322 1301.6862926042368 1466.5648679278752 1433 1505 1475.3137073957632 1360.4351320721248
1502 1358 1462.2311370443479 1493.8704016892943 1613 1538 1652.7688629556521 1402.1295983107057
1673 1390 1630.9690704180257 1533.5987569482595 1769 1574 1811.0309295819743 1430.4012430517405
1862 1404 1815.3725370263237 1563.302822689471 1910 1591 1956.6274629736763 1431.697177310529
2013 1435 1969.3449595583375 1584.1475350247126 2126 1630 2169.655040441663 1480.8524649752874
588 1373 546.2782038976507 1515.5426017823672 705 1562 746.7217961023493 1419.4573982176328
763 1394 719.8906704945439 1541.2831124941686 859 1582 902.1093295054561 1434.7168875058314
924 1445 888.7222477727041 1565.5265126931893 1027 1606 1062.2777522272959 1485.4734873068107
1147 1471 1106.0274697661498 1610.982733408997 1171 1630 1211.9725302338502 1490.017266591003
1315 1486 1267.0246930059582 1649.907734543898 1404 1690 1451.9753069940418 1526.092265456102
1473 1522 1431.5082703797664 1663.756579175305 1569 1704 1610.4917296202336 1562.243420824695
1661 1558 1619.1070479537002 1701.127356415206 1728 1733 1769.8929520462998 1589.872643584794
1805 1584 1767.5918035915772 1711.8051795987305 1922 1757 1959.4081964084228 1629.1948204012695
717 1567 675.6332259665096 1708.3296681574302 818 1750 859.3667740334904 1608.6703318425698
919 1608 878.6917811986204 1745.7131120402084 989 1778 1029.3082188013796 1640.2868879597916
1092 1639 1050.0940260047687 1782.1718459303847 1193 1824 1234.9059739952313 1680.8281540696153
1269 1673 1229.7900258134728 1806.9609570656119 1370 1848 1409.2099741865272 1714.0390429343881
1454 1709 1414.9346702076 1842.4667791970094 1550 1882 1589.0653297924 1748.5332208029906
693 1747 655.9139590201339 1873.7045349176597 797 1915 834.0860409798661 1788.2954650823403
876 1788 832.2068261386758 1937.6194681357256 977 1980 1020.7931738613242 1830.3805318642744
1178 190 1126.7828263770607 364.9835785171742 1243 399 1294.2171736229393 224.01642148282582
# Transcript
SFH*
TOYAZ
ASENEK
NEPIMEL
SKAITOLO
AIALLOAGA
ESAIDEKAIT
ENOIEPIT*
TONPA
HM*********
# Lines: x1 y1 x2 y2 x3 y3 x4 y4
