# Baseline angle
0.07552127315238177
# Boxes: x1 y1 x2 y2 x3 y3 x4 y4
1097 474 1086.7204265386467 609.8560647030201 1234 621 1244.2795734613533 485.1439352969798
192 608 181.94612987470884 740.8731425863565 329 752 339.05387012529116 619.1268574136435
387 609 377.1559856116649 739.0996642231361 508 749 517.8440143883352 618.9003357768639
551 633 542.4829727733738 745.5620441673051 654 754 662.5170272266262 641.4379558326949
742 619 731.2373246683103 761.2407964432343 847 770 857.7626753316897 627.7592035567657
909 634 898.6578076330804 770.6836436019146 1035 781 1045.3421923669196 644.3163563980854
1096 655 1086.681396444913 778.1557722002061 1230 789 1239.318603555087 665.8442277997939
1297 656 1286.6431903182047 792.876827772739 1394 801 1404.3568096817953 664.123172227261
1482 684 1472.50938732732 809.429065143446 1599 819 1608.49061267268 693.570934856554
200 779 190.95387108743526 898.5547149380914 329 909 338.04612891256477 789.4452850619086
385 771 374.7721189820278 906.1728912270939 465 913 475.2278810179722 777.8271087729061
534 791 524.1661405829922 920.9654549150467 670 932 679.8338594170078 802.0345450849533
737 798 728.0315661012496 916.5278884006325 840 925 848.9684338987504 806.4721115993675
906 801 896.1913716625676 930.6319979683931 1020 940 1029.8086283374323 810.3680020316069
1101 837 1092.349581766002 951.3249555756854 1207 960 1215.650418233998 845.6750444243146
1265 819 1254.0957804646994 963.1114614622063 1398 974 1408.9042195353006 829.8885385377937
1474 839 1463.5553403330628 977.0378636182872 1582 986 1592.4446596669372 847.9621363817128
1637 856 1627.6415480504616 979.6824133176843 1764 990 1773.3584519495384 866.3175866823157
1836 868 1825.887201821833 1001.6519427373944 1923 1009 1933.112798178167 875.3480572626056
176 953 167.2421933290637 1068.7442139225334 316 1080 324.7578066709363 964.2557860774667
366 958 356.37153397639963 1085.2509514145618 472 1094 481.62846602360037 966.7490485854385
534 966 524.0339798598505 1097.7121067408084 660 1108 669.9660201401495 976.2878932591916
727 977 716.781043669125 1112.0549415016235 835 1121 845.218956330875 985.9450584983765
891 985 880.5358018812661 1123.2960861195868 1022 1134 1032.4641981187337 995.7039138804131
1082 1012 1072.8501735031873 1132.9251945370827 1206 1143 1215.1498264968127 1022.0748054629173
1273 1006 1262.4711812006117 1145.150120715979 1353 1152 1363.5288187993883 1012.8498792840211
1450 1032 1440.5878538319923 1156.3920424911082 1594 1168 1603.4121461680077 1043.6079575088918
1631 1030 1620.9485904431692 1162.8406234211188 1742 1172 1752.0514095568308 1039.1593765788812
1810 1047 1799.7330420784344 1182.6893362296933 1936 1193 1946.2669579215656 1057.3106637703067
188 1120 178.12875275700128 1250.4595768672875 291 1259 300.8712472429987 1128.5404231327125
354 1157 345.574054817834 1268.3582930416405 473 1278 481.425945182166 1166.6417069583595
513 1139 502.65088472107146 1275.7751376298872 651 1287 661.3491152789286 1150.2248623701128
702 1160 692.3747660357179 1287.208236134445 835 1298 844.6252339642821 1170.791763865555
896 1173 886.6997046124793 1295.9138092815251 1020 1306 1029.3002953875207 1183.0861907184749
1071 1176 1060.7570428737797 1311.3721388656584 1188 1321 1198.2429571262203 1185.6278611343416
1261 1197 1251.996180050347 1315.9955546553756 1371 1325 1380.003819949653 1206.0044453446244
1456 1206 1445.56549530439 1343.903654310198 1579 1354 1589.43450469561 1216.096345689802
1613 1226 1603.0567503709658 1357.4111689593924 1743 1368 1752.9432496290342 1236.5888310406076
1799 1238 1789.1913716625677 1367.631997968393 1913 1377 1922.8086283374323 1247.368002031607
165 1292 154.1437820553899 1435.4770667341365 280 1445 290.85621794461014 1301.5229332658635
347 1311 336.362562479443 1451.5856386454457 474 1462 484.637437520557 1321.4143613545543
522 1348 513.6277490363032 1458.6486638682168 624 1467 632.3722509636968 1356.3513361317832
704 1339 694.0673641356652 1470.270896183563 783 1477 792.9326358643348 1345.729103816437
865 1352 855.0099790645054 1484.0293041048433 1000 1495 1009.9900209354946 1362.9706958951567
1042 1363 1031.3568698516642 1503.6608730907997 1168 1514 1178.6431301483358 1373.3391269092003
1245 1372 1235.434152881966 1498.4233725156673 1362 1508 1371.565847118034 1381.5766274843327
1426 1380 1414.3092802444864 1534.505941856543 1553 1545 1564.6907197555136 1390.494058143457
1604 1397 1593.3056362016555 1538.337983098986 1721 1548 1731.6943637983445 1406.662016901014
1992 1236 1980.1486563824512 1392.6287659090747 2104 1402 2115.851343617549 1245.3712340909253
1797 1395 1785.8611524415403 1542.2123333043405 1902 1551 1913.1388475584597 1403.7876666956595
1977 1418 1967.0673641356652 1549.270896183563 2056 1556 2065.932635864335 1424.729103816437
141 1518 132.78591232987816 1626.5583589809225 284 1638 292.21408767012184 1529.4416410190775
332 1509 321.96443804227533 1641.6311796676757 459 1652 469.03556195772467 1519.3688203323243
502 1513 491.7924289246824 1647.9044726109155 612 1657 622.2075710753176 1522.0955273890845
677 1529 667.5195422986474 1654.2948558353567 809 1665 818.4804577013526 1539.7051441646433
885 1548 874.2454778645495 1690.1330428326426 965 1697 975.7545221354505 1554.8669571673574
1032 1552 1021.7387347062131 1687.6141017843393 1159 1698 1169.261265293787 1562.3858982156607
1227 1569 1217.1819881820982 1698.7560111616035 1379 1711 1388.8180118179018 1581.2439888383965
1437 1578 1426.5199542821601 1716.5055298730301 1552 1726 1562.4800457178399 1587.4944701269699
1582 1585 1571.4788756034786 1724.0484305731272 1703 1734 1713.5211243965214 1594.9515694268728
1771 1612 1762.2080375623912 1728.1956205946576 1905 1739 1913.7919624376088 1622.8043794053424
1948 1617 1938.5024644153111 1742.5205591714189 2077 1753 2086.497535584689 1627.4794408285811
157 1664 145.23650636759294 1819.4677300635265 258 1828 269.76349363240706 1672.5322699364735
330 1694 320.12306012922255 1824.5348113126415 432 1833 441.87693987077745 1702.4651886873585
499 1705 488.7342723626646 1840.6730766470746 612 1850 622.2657276373354 1714.3269233529254
661 1713 651.9197153207627 1833.0061216102156 784 1843 793.0802846792373 1722.9938783897844
857 1728 847.0433633403198 1859.588093547598 945 1867 954.9566366596802 1735.411906452402
1030 1741 1019.4902608590361 1879.897961682419 1153 1890 1163.509739140964 1751.102038317581
1224 1746 1214.6187775393464 1869.9833510991007 1347 1880 1356.3812224606536 1756.0166489008993
1415 1761 1404.9896691218507 1893.2977227210217 1520 1902 1530.0103308781493 1769.7022772789783
1577 1771 1566.0445468146904 1915.7885714703925 1701 1926 1711.9554531853096 1781.2114285296075
1762 1787 1752.1205995607622 1917.567330477879 1890 1928 1899.8794004392378 1797.432669522121
1950 1801 1939.9030494209392 1934.442498983951 2053 1943 2063.096950579061 1809.557501016049
2108 1828 2099.785912329878 1936.5583589809225 2251 1948 2259.214087670122 1839.4416410190775
308 1860 295.7074046816543 2022.4604008343128 435 2033 447.2925953183457 1870.5395991656872
480 1884 469.744427333992 2019.5388673389853 608 2030 618.255572666008 1894.4611326610147
666 1912 657.5045130002587 2024.2773659685076 786 2034 794.4954869997413 1921.7226340314924
832 1910 822.0282872320718 2041.7873411861626 957 2052 966.9717127679282 1920.2126588138374
1010 1911 998.7948426832834 2059.0886909510914 1143 2070 1154.2051573167168 1921.9113090489086
1197 1928 1186.2291714720714 2070.348550053826 1327 2081 1337.7708285279286 1938.6514499461741
1398 1954 1388.0738282543018 2085.18546562333 1531 2096 1540.9261717456982 1964.8145343766698
1575 1966 1564.4402574932574 2105.5588121079863 1676 2114 1686.5597425067426 1974.4411878920134
1744 1954 1732.2328155149023 2109.5165088113827 1884 2121 1895.7671844850977 1965.4834911886169
1934 1965 1922.1828121491237 2121.1773592369505 2052 2131 2063.817187850876 1974.8226407630495
2116 1985 2105.420719041461 2124.8170346092866 2240 2135 2250.579280958539 1995.1829653907134
116 2052 107.03356787633784 2170.501432703135 259 2182 267.9664321236621 2063.498567296865
302 2072 293.24588418175426 2187.6954351746767 403 2196 411.75411581824574 2080.3045648253233
461 2072 450.6065739830716 2209.360753610101 578 2219 588.3934260169283 2081.639246389899
648 2083 638.0693659107533 2214.2444404860657 767 2224 776.9306340892467 2092.7555595139343
816 2104 806.7509382624881 2226.2366992733387 949 2237 958.2490617375119 2114.7633007266613
1015 2111 1005.4252281948689 2237.541322241138 1104 2245 1113.5747718051311 2118.458677758862
1181 2123 1171.9412555476474 2242.721443411418 1321 2254 1330.0587444523526 2134.278556588582
1391 2128 1380.7273494506555 2263.7645706750473 1516 2274 1526.2726505493445 2138.2354293249527
1556 2145 1546.2596831959127 2273.7291846241446 1682 2284 1691.7403168040873 2155.2708153758554
1745 2157 1734.7981215524612 2291.829238165561 1856 2301 1866.2018784475388 2166.170761834439
1922 2161 1912.8217103642937 2282.301366763853 2041 2292 2050.1782896357063 2170.698633236147
2107 2181 2097.620007823577 2304.9670915164816 2217 2314 2226.379992176423 2190.0329084835184
2293 2173 2282.6590379173103 2309.6673840192957 2406 2319 2416.3409620826897 2182.3326159807043
108 2219 96.55083117965474 2370.313575986436 251 2382 262.4491688203453 2230.686424013564
285 2238 273.75053194528346 2386.6743069313047 397 2396 408.24946805471654 2247.3256930686953
458 2251 448.3918439190543 2377.982532798383 594 2389 603.6081560809457 2262.017467201617
651 2256 640.7595034422401 2391.339619700421 742 2399 752.2404965577599 2263.660380299579
812 2275 801.9416675311603 2407.932117449092 935 2418 945.0583324688397 2285.067882550908
1010 2281 999.7855060126734 2415.995966638888 1132 2426 1142.2144939873265 2291.004033361112
1192 2285 1180.911155807319 2431.551482878773 1319 2442 1330.088844192681 2295.448517121227
1383 2302 1372.7867362969037 2436.9797070562695 1492 2446 1502.2132637030963 2311.0202929437305
1537 2335 1527.9058694967448 2455.189109666161 1684 2467 1693.0941305032552 2346.810890333839
1742 2320 1730.701758863735 2469.3188977742534 1819 2476 1830.298241136265 2326.6811022257466
1908 2345 1899.0701842114706 2463.0175068657727 2031 2473 2039.9298157885294 2354.9824931342273
2107 2346 2095.6822204119385 2495.577120275553 2207 2504 2218.3177795880615 2354.422879724447
2276 2366 2265.009160763788 2511.2562377251356 2407 2522 2417.990839236212 2376.7437622748644
807 2455 797.0547485958774 2586.4376246568895 897 2594 906.9452514041226 2462.5623753431105
981 2455 970.5130313701511 2593.597023901003 1108 2604 1118.486968629849 2465.402976098997
1182 2464 1171.3751780192306 2604.418910172119 1298 2614 1308.6248219807694 2473.581089827881
1361 2473 1350.7021183710804 2609.0980276217015 1508 2621 1518.2978816289196 2484.9019723782985
1531 2490 1521.096598765417 2620.884527841914 1668 2632 1677.903401234583 2501.115472158086
1707 2507 1697.583391488444 2631.4510173538433 1837 2642 1846.416608511556 2517.5489826461567
1886 2515 1876.1307545320894 2645.4331211697895 2029 2657 2038.8692454679106 2526.5668788302105
2093 2530 2084.556976934498 2641.5839963777025 2209 2651 2217.443023065502 2539.4160036222975
2276 2540 2266.757861174497 2662.1452052453665 2397 2672 2406.242138825503 2549.8547947546335
1895 2689 1883.2340457991324 2844.5002492287645 2022 2855 2033.7659542008676 2699.4997507712355
2064 2708 2052.5976024861147 2858.695440840985 2202 2870 2213.4023975138853 2719.304559159015
2242 2725 2230.3775917778316 2878.6031285122945 2381 2890 2392.6224082221684 2736.3968714877055
3026 134 3016.679394669825 257.1822278977038 3120 265 3129.320605330175 141.8177721022962
3196 146 3186.606161999559 270.1500795724274 3330 281 3339.393838000441 156.8499204275726
3376 149 3365.6647305450892 285.5921495739418 3490 295 3500.3352694549108 158.40785042605825
3542 137 3530.719608237929 286.08299832331255 3675 297 3686.280391762071 147.91700167668745
3737 153 3726.7558125895494 288.3883984482772 3867 299 3877.2441874104506 163.6116015517228
3926 170 3916.411382370851 296.7243102970834 4039 306 4048.588617629149 179.27568970291662
4108 164 4097.654575573762 300.726358882031 4207 309 4217.345424426238 172.27364111796902
4297 167 4286.541494509044 305.22085167423285 4429 316 4439.458505490956 177.77914832576712
2457 320 2448.708676109436 429.57912205064133 2560 438 2568.291323890564 328.42087794935867
2649 329 2639.1376774440982 459.34162714181696 2780 470 2789.8623225559018 339.65837285818304
2834 338 2824.404459458842 464.8158043250562 2959 475 2968.595540541158 348.1841956749438
3031 327 3020.451642748815 466.40834321727857 3134 475 3144.548357251185 335.59165678272143
3192 352 3184.2113164315692 454.93616780912754 3304 464 3311.7886835684308 361.06383219087246
3352 339 3341.460567435912 478.2903934918081 3483 489 3493.539432564088 349.7096065081919
3549 359 3540.324350686427 473.6584125223392 3677 484 3685.675649313573 369.3415874776608
3736 350 3725.970130670054 482.55594522232155 3864 493 3874.029869329946 360.44405477767845
3915 364 3904.6875010562044 500.2912117925256 4033 510 4043.3124989437956 373.7087882074744
4094 373 4084.3987668310633 499.89103877041026 4218 510 4227.601233168936 383.10896122958974
4283 379 4273.593546459771 503.3168080457542 4428 515 4437.406453540229 390.6831919542458
2441 497 2431.2596831959127 625.7291846241446 2567 636 2576.7403168040873 507.2708153758553
2632 521 2623.8042204974445 629.3163960622416 2765 640 2773.1957795025555 531.6836039377584
2822 527 2813.6208261242946 637.7401578961894 2936 647 2944.3791738757054 536.2598421038106
3004 520 2994.120599560762 650.5673304778791 3132 661 3141.879400439238 530.4326695221209
3192 522 3182.080751166311 653.0939715953573 3313 663 3322.919248833689 531.9060284046427
3359 530 3349.757861174497 652.145205245366 3480 662 3489.242138825503 539.854794754634
3544 529 3534.3930742032844 655.9662732157643 3667 666 3676.6069257967156 539.0337267842357
3733 532 3723.2129118894522 661.3473197695957 3864 672 3873.7870881105478 542.6526802304043
3905 537 3895.063673282975 668.3196749314194 4023 678 4032.936326717025 546.6803250685806
4097 566 4088.87499259925 673.3810635527556 4216 683 4224.12500740075 575.6189364472444
4301 544 4291.003514945868 676.1147346650761 4382 683 4391.996485054132 550.8852653349239
2437 672 2426.443489552576 811.5160968278702 2565 822 2575.556510447424 682.4839031721298
2623 690 2614.694830285418 799.762110106587 2750 810 2758.305169714582 700.237889893413
2821 698 2812.220653102179 814.0288921213306 2944 824 2952.779346897821 707.9711078786694
3003 690 2992.6976560275316 826.1570024844364 3136 837 3146.3023439724684 700.8429975155636
3197 707 3188.379275189126 820.9325237662965 3295 829 3303.620724810874 715.0674762337035
3350 701 3340.171833210771 830.8902204696927 3487 842 3496.828166789229 712.1097795303073
3562 707 3551.562263245072 844.9463695903144 3658 853 3668.437736754928 715.0536304096856
3732 726 3722.756630890267 848.1614648279849 3866 859 3875.243369109733 736.8385351720151
3914 711 3904.128752757001 841.4595768672874 4017 850 4026.871247242999 719.5404231327126
4087 720 4078.070184211471 838.0175068657732 4210 848 4218.92981578853 729.9824931342268
4301 722 4290.808276523789 856.6950288574722 4427 867 4437.191723476211 732.3049711425278
2618 862 2607.257634610965 1003.9723778270558 2753 1015 2763.742365389035 873.0276221729442
2810 853 2800.0270569478416 984.8036007687813 2948 996 2957.9729430521584 864.1963992312187
2982 868 2971.5459568525935 1006.1618768114977 3128 1018 3138.4540431474065 879.8381231885023
3188 868 3177.2930206618676 1009.5047115723128 3316 1020 3326.7069793381324 878.4952884276872
3359 873 3348.047007383151 1017.756052305155 3457 1026 3467.952992616849 881.243947694845
3527 884 3516.9872085533902 1016.3302418862594 3658 1027 3668.0127914466098 894.6697581137406
3719 881 3708.6281142099565 1018.0760754113036 3853 1029 3863.3718857900435 891.9239245886964
3908 896 3898.845711159639 1016.984169399818 4018 1026 4027.154288840361 905.015830600182
4093 897 4082.8550478302486 1031.076893712021 4214 1041 4224.144952169751 906.9231062879791
4283 903 4273.965256342993 1022.4042460473834 4414 1033 4423.034743657007 913.5957539526167
4446 896 4435.994131465399 1028.2387478582866 4565 1038 4575.005868534601 905.7612521417134
3170 1056 3161.2857325762056 1171.1687940571985 3278 1180 3286.7142674237944 1064.8312059428015
3338 1036 3327.0970107489293 1180.0952018795874 3458 1190 3468.9029892510707 1045.9047981204126
3507 1062 3497.2059889774437 1191.4388137975686 3650 1203 3659.7940110225563 1073.5611862024314
3735 1048 3723.6765277841596 1197.6523547209072 3834 1206 3845.3234722158404 1056.3476452790928
3911 1055 3900.3650230479034 1195.553119480208 4012 1204 4022.6349769520966 1063.446880519792
4085 1069 4074.863201026488 1202.9691401014293 4181 1211 4191.136798973513 1077.0308598985707
4289 1089 4279.429690538417 1215.4823473784024 4392 1224 4401.570309461583 1097.5176526215976
4449 1081 4438.461797720142 1220.2741339091892 4567 1230 4577.538202279858 1090.7258660908108
3722 1243 3710.160041638009 1399.4782970183664 3836 1409 3847.839958361991 1252.5217029816336
3892 1253 3880.4312859963006 1405.8934993388707 4014 1416 4025.5687140036994 1263.1065006611293
4076 1273 4066.127522472771 1403.4758364499062 4192 1413 4201.8724775272285 1282.5241635500938
4275 1267 4264.971360954285 1399.5396856397028 4390 1409 4400.028639045715 1276.4603143602972
4441 1277 4430.195015705399 1419.79995672595 4565 1430 4575.804984294601 1287.20004327405
4611 1282 4600.992901181169 1414.2550074409055 4743 1425 4753.007098818831 1292.7449925590945
4243 1434 4232.193785421168 1576.816216308569 4380 1588 4390.806214578832 1445.183783691431
4424 1447 4414.351995524603 1574.5091739158613 4553 1585 4562.648004475397 1457.4908260841387
4595 1463 4586.116955517931 1580.399371720322 4713 1590 4721.883044482069 1472.600628279678
4781 1466 4771.329225013488 1593.8101116972775 4906 1604 4915.670774986512 1476.1898883027225
# Transcript
*T
NAQHNAIO
AIAYTOSKAI
AINESAIAUH
RWNAAUOYTYR
YNOIASTHSEI
WNKAISTEFAN*
RYSWISTEFANW
*ENOYSKAIEYE
AQHNAIWNAYTOY
NKAIGHSKAIOIK
ISKATATON
**SMA
*IAS KAQIS*
ONCRONONEPA
NAQHNAZEKAI
AQONOTIANDY
PATERATONAY
*OSTYRION
SENEKA
NAQH


# Lines: x1 y1 x2 y2 x3 y3 x4 y4
1036 534 1328 562
140 663 1662 755
161 835 1959 953
143 996 1975 1128
145 1191 2165 1331
141 1366 2009 1483
143 1578 2118 1701
123 1728 2338 1905
183 1934 2249 2080
89 2092 2408 2239
72 2294 2375 2456
743 2521 2407 2622
1826 2733 2496 2813
2945 164 4498 265
2399 349 4443 452
2379 539 4392 635
2393 736 4450 778
2547 902 4656 993
3123 1114 4626 1161
3653 1317 4733 1348
4186 1498 4934 1548