# Baseline angle
0.0004127986479467438
# Boxes: x1 y1 x2 y2 x3 y3 x4 y4
1401 282 1400.9459445131988 412.948790650714 1525 413 1525.0540554868012 282.051209349286
1553 251 1552.9504851274075 370.94920532374493 1676 371 1676.0495148725925 251.05079467625507
1722 219 1721.94923701865 341.97273433279673 1788 342 1788.05076298135 219.02726566720327
1827 202 1826.9484211344025 326.9492044717313 1950 327 1950.0515788655975 202.05079552826868
1981 195 1980.956673357564 299.9582894490088 2082 300 2082.043326642436 195.04171055099118
1136 460 1135.955433428136 567.9620041252101 1228 568 1228.044566571864 460.0379958747899
1270 437 1269.9583240407596 537.9595285264227 1368 538 1368.0416759592404 437.0404714735772
1409 432 1408.9550245487974 540.9525095869832 1524 541 1524.0449754512026 432.0474904130168
1550 384 1549.950899459633 502.94549030673807 1682 503 1682.049100540367 384.0545096932618
1710 386 1709.9575020220148 488.9508594149953 1829 489 1829.0424979779852 386.04914058500475
1847 363 1846.9566747207853 467.9549870602003 1956 468 1956.0433252792145 363.0450129397997
1988 326 1987.9500677279334 446.9603507155706 2084 447 2084.0499322720666 326.0396492844294
2131 310 2130.957502192417 412.9504466163942 2251 413 2251.042497807583 310.0495533836058
981 612 980.9455281361406 743.9574592509333 1084 744 1084.0544718638594 612.0425407490667
1133 593 1132.9475951963948 719.950029728128 1254 720 1254.0524048036052 593.049970271872
1270 574 1269.944706458201 707.9479645423037 1396 708 1396.055293541799 574.0520354576963
1417 570 1416.9459417867554 700.9553954283308 1525 701 1525.0540582132446 570.0446045716692
1567 534 1566.9467695991927 662.9500293873226 1688 663 1688.0532304008073 534.0499706126774
1719 515 1718.9492467316045 637.9492048125368 1842 638 1842.0507532683955 515.0507951874632
1868 485 1867.949245879591 607.951268805542 1986 608 1986.0507541204092 485.048731194458
1998 455 1997.9422318818297 594.9425971380738 2137 595 2137.0577681181703 455.0574028619262
2144 449 2143.9484240312486 573.9421868955134 2284 574 2284.0515759687514 449.0578131044866
404 820 403.95503051289245 928.9380616359464 554 929 554.0449694871076 820.0619383640536
557 806 556.9525504836345 920.94590378695 688 921 688.0474495163655 806.05409621305
700 814 699.9546165214724 923.9409510557509 843 924 843.0453834785276 814.0590489442491
847 791 846.9599813696617 887.9446684583958 981 888 981.0400186303384 791.0553315416042
1024 772 1023.9562632854061 877.9516845009892 1141 878 1141.043736714594 772.0483154990108
1160 737 1159.9459448540042 867.9479650535119 1286 868 1286.0540551459958 737.0520349464881
1286 718 1285.9521370034226 833.9475548109515 1413 834 1413.0478629965774 718.0524451890485
1435 716 1434.957094335495 819.938475286561 1584 820 1584.042905664505 716.061524713439
1575 676 1574.9517264200567 792.9421882587352 1715 793 1715.0482735799433 676.0578117412648
1747 659 1746.9541992924007 769.9516836489756 1864 770 1864.0458007075993 659.0483163510244
1876 634 1875.950486149824 753.9467285321385 2005 754 2005.0495138501765 634.0532714678615
2036 615 2035.9508963923845 733.9529206815571 2150 734 2150.0491036076155 615.0470793184429
2198 593 2197.952540600277 707.9698461058111 2271 708 2271.047459399723 593.0301538941889
2335 571 2334.952137173825 686.9471420123505 2463 687 2463.047862826175 571.0528579876495
316 1027 315.95667710642334 1131.9492078797855 439 1132 439.0433228935767 1027.0507921202145
459 1000 458.9504803561315 1119.9607636845742 554 1120 554.0495196438685 1000.0392363154256
600 982 599.9484172151399 1106.9586988395556 700 1107 700.0515827848601 982.0413011604444
758 961 757.9574998067794 1063.956225796809 864 1064 864.0425001932206 961.043774203191
884 947 883.9542004852198 1057.9487940587683 1008 1058 1008.0457995147804 947.0512059412316
1060 927 1059.95502659363 1035.9475560037706 1187 1036 1187.04497340637 927.0524439962295
1195 890 1194.9480083358012 1015.9492043013286 1318 1016 1318.0519916641988 890.0507956986714
1330 899 1329.95709024583 1002.9483824529862 1455 1003 1455.04290975417 899.0516175470138
1474 853 1473.9525474163856 967.9533341617691 1587 968 1587.0474525836144 853.0466658382311
1603 834 1602.9521371738253 949.9471420123505 1731 950 1731.0478628261747 834.0528579876495
1752 816 1751.9517264200567 932.9421882587352 1892 933 1892.0482735799433 816.0578117412648
1902 790 1901.950484275394 909.9512693167501 2020 910 2020.049515724606 790.0487306832499
2048 767 2047.9484199415833 891.9520940619386 2164 892 2164.0515800584167 767.0479059380614
2188 752 2187.9500728400144 872.947966757539 2314 873 2314.0499271599856 752.052033242461
2360 728 2359.9546127726126 837.9500326249741 2481 838 2481.0453872273874 728.0499673750259
348 1161 347.9504769480773 1280.9690196565955 423 1281 423.04952305192273 1161.0309803434045
454 1153 453.95213751463075 1268.9463164151484 584 1269 584.0478624853693 1153.0536835848516
616 1121 615.9471788193367 1248.9586983283475 716 1249 716.0528211806633 1121.0413016716525
758 1101 757.953786323397 1212.952096277174 874 1213 874.046213676603 1101.047903722826
922 1077 921.9504825713668 1196.9553973027605 1030 1197 1030.0495174286332 1077.0446026972395
1064 1078 1063.9558499755967 1184.9529227263897 1178 1185 1178.0441500244033 1078.0470772736103
1198 1044 1197.9513083389716 1161.954984844965 1307 1162 1307.0486916610284 1044.045015155035
1342 1020 1341.9504820601587 1139.9566356985638 1447 1140 1447.0495179398413 1020.0433643014362
1500 1008 1499.9595620957575 1105.960354634833 1596 1106 1596.0404379042425 1008.039645365167
1645 969 1644.9492489468398 1091.943838430723 1781 1092 1781.0507510531602 969.056161569277
1791 959 1790.9475953667975 1085.9496169295269 1913 1086 1913.0524046332025 959.0503830704731
1933 953 1932.950485979421 1072.9471413307397 2061 1073 2061.0495140205785 953.0528586692603
2105 920 2104.9471730256446 1047.9727334807833 2171 1048 2171.0528269743554 920.0272665192168
2211 898 2210.955439392231 1005.9475561741733 2338 1006 2338.044560607769 898.0524438258267
2377 869 2376.9447091846446 1002.9413597646869 2519 1003 2519.0552908153554 869.0586402353131
235 1338 234.94882592407583 1461.9686061763837 311 1462 311.05117407592417 1338.0313938236163
349 1323 348.95006926155764 1443.956635528161 454 1444 454.0499307384423 1323.043364471839
465 1304 464.9575088381232 1406.9343474709533 624 1407 624.0424911618768 1304.0656525290467
629 1274 628.9521378554361 1389.9454908179464 761 1390 761.0478621445639 1274.0545091820536
798 1276 797.9653433210048 1359.9554034372584 906 1360 906.0346566789952 1276.0445965627416
926 1216 925.9401629471458 1360.9545674454907 1036 1361 1036.0598370528542 1216.0454325545093
1071 1213 1070.9488351258224 1336.9463150519266 1201 1337 1201.0511648741776 1213.0536849480734
1224 1206 1223.9575045780553 1308.9446674359795 1358 1309 1358.0424954219447 1206.0553325640205
1366 1182 1365.9517243752243 1298.9471418419478 1494 1299 1494.0482756247757 1182.0528581580522
1507 1158 1506.945117382372 1290.952505497318 1622 1291 1622.054882617628 1158.047494502682
1649 1139 1648.9632851216916 1227.941367432809 1791 1228 1791.0367148783084 1139.058632567191
1788 1115 1787.9480103806338 1240.9442507181159 1923 1241 1923.0519896193662 1115.0557492818841
1942 1080 1941.944290762754 1214.954981948119 2051 1215 2051.055709237246 1080.045018051881
2083 1064 2082.9517242048214 1180.9475546405488 2210 1181 2210.0482757951786 1064.0524453594512
2248 1059 2247.9579097085343 1160.9632435434296 2337 1161 2337.0420902914657 1059.0367564565704
2386 1041 2385.9570904162324 1144.9479696543851 2512 1145 2512.0429095837676 1041.0520303456149
662 1416 661.9484199415833 1540.9520940619386 778 1541 778.0515800584167 1416.0479059380614
802 1414 801.9591547500432 1512.9471449091966 930 1513 930.0408452499569 1414.0528550908034
942 1370 941.9488358074332 1493.9446638575225 1076 1494 1076.0511641925668 1370.0553361424775
1089 1377 1088.958737350569 1476.9582903010223 1190 1477 1190.041262649431 1377.0417096989777
1374 1323 1373.9492496284506 1445.942187236319 1514 1446 1514.0507503715494 1323.057812763681
1518 1318 1517.9521393890607 1433.9417756305368 1659 1434 1659.0478606109393 1318.0582243694632
1683 1277 1682.9471735368525 1404.97149508498 1752 1405 1752.0528264631475 1277.02850491502
1837 1265 1836.945522001643 1396.9723200005712 1904 1397 1904.054477998357 1265.0276799994288
1963 1251 1962.9533776144608 1363.942188940346 2103 1364 2103.046622385539 1251.057811059654
2119 1208 2118.950897073995 1326.9512694871528 2237 1327 2237.049102926005 1208.0487305128472
2243 1199 2242.945118063983 1331.9508543029137 2362 1332 2362.054881936017 1199.0491456970863
2408 1173 2407.9529574885432 1286.9599391097886 2505 1287 2505.0470425114568 1173.0400608902114
236 1629 235.94553222580583 1760.9475520845083 363 1761 363.05446777419417 1629.0524479154917
376 1616 375.9496600414136 1737.9479665871363 502 1738 502.0503399585864 1616.0520334128637
533 1595 532.9517253976405 1711.9446650503414 667 1712 667.0482746023595 1595.0553349496586
713 1573 712.9541865121972 1683.9826435440546 755 1684 755.0458134878028 1573.0173564559454
817 1549 816.961216698216 1642.9520993444228 933 1643 933.038783301784 1549.0479006555772
962 1534 961.9595690822687 1631.94342989219 1099 1632 1099.0404309177313 1534.05657010781
1100 1512 1099.9603958722898 1607.940540642788 1244 1608 1244.0396041277102 1512.059459357212
1258 1482 1257.95213308416 1597.9570491787758 1362 1598 1362.04786691584 1482.0429508212242
1399 1480 1398.9587407586232 1579.9500343290013 1520 1580 1520.0412592413768 1480.0499656709987
1546 1454 1545.953790413062 1565.9421891107486 1686 1566 1686.046209586938 1454.0578108892514
1698 1426 1697.9508938363435 1544.9591126605728 1797 1545 1797.0491061636565 1426.0408873394272
1818 1401 1817.9595709566986 1498.9388891075785 1966 1499 1966.0404290433016 1401.0611108924215
1988 1381 1987.9579134573942 1482.9541619742065 2099 1483 2099.042086542606 1381.0458380257935
2231 1335 2230.954198951595 1445.9525092461777 2346 1446 2346.045801048405 1335.0474907538223
2379 1322 2378.9570832593186 1425.9653071956295 2463 1426 2463.0429167406814 1322.0346928043705
2438 1326 2437.960390930611 1421.9525118022186 2553 1422 2553.039609069389 1326.0474881977814
254 1767 253.95543734739852 1874.9525097573858 369 1875 369.0445626526015 1767.0474902426142
384 1744 383.95131157662325 1861.947141671545 512 1862 512.0486884233768 1744.052858328455
524 1728 523.9575064524852 1830.940126651368 669 1831 669.0424935475148 1728.059873348632
691 1710 690.9546127726127 1819.950032624974 812 1820 812.0453872273873 1710.049967375026
860 1680 859.9479981116384 1805.9739722173917 923 1806 923.0520018883616 1680.0260277826083
966 1670 965.9558542356647 1776.9426027613633 1105 1777 1105.0441457643353 1670.0573972386367
1117 1649 1116.9525477571913 1763.9525085645669 1232 1764 1232.0474522428087 1649.0474914354331
1262 1621 1261.9521359810062 1736.950031602558 1383 1737 1383.0478640189938 1621.049968397442
1413 1606 1412.9521378554361 1721.9454908179464 1545 1722 1545.0478621445639 1606.0545091820536
1564 1577 1563.9430530485615 1714.9533302425066 1677 1715 1677.0569469514385 1577.0466697574934
1852 1536 1851.9467714736224 1664.9454886027108 1984 1665 1984.0532285263776 1536.0545113972892
2002 1531 2001.95750236282 1633.9500338177932 2123 1634 2123.04249763718 1531.0499661822068
2139 1502 2138.9529656678733 1615.940124776938 2284 1616 2284.0470343321267 1502.059875223062
2332 1473 2331.9479964076113 1598.9781002034022 2385 1599 2385.0520035923887 1473.0218997965978
2437 1457 2436.948421475208 1581.9483788745292 2562 1582 2562.051578524792 1457.0516211254708
258 1894 257.950901845271 2012.9397111263233 404 2013 404.049098154729 1894.0602888736767
428 1879 427.9500699431685 1999.954984333757 537 2000 537.0499300568315 1879.045015666243
563 1871 562.9566772768261 1975.9487950811845 687 1976 687.0433227231739 1871.0512049188155
699 1835 698.9492462203963 1957.95044320834 819 1958 819.0507537796037 1835.04955679166
873 1835 872.9546115797937 1944.9529222151816 987 1945 987.0453884202061 1835.0470777848184
999 1796 998.9517250568351 1912.9454906475437 1131 1913 1131.0482749431649 1796.0545093524563
1135 1786 1134.9570951875085 1889.9364112935557 1289 1890 1289.0429048124915 1786.0635887064443
1291 1773 1290.9583272784112 1873.9516853530029 1408 1874 1408.0416727215888 1773.0483146469971
1422 1750 1421.9533755696286 1862.9471425235586 1550 1863 1550.0466244303714 1750.0528574764414
2317 1625 2316.9570951875085 1728.9364112935557 2471 1729 2471.0429048124915 1625.0635887064443
2457 1611 2456.9570963803276 1714.9335217033483 2618 1715 2618.0429036196724 1611.0664782966517
1584 1732 1583.9570909274407 1835.946731258582 1713 1836 1713.0429090725593 1732.053268741418
1753 1713 1752.9579143094074 1814.9520979812012 1869 1815 1869.0420856905926 1713.0479020187988
1872 1699 1871.956678469645 1803.945905490977 2003 1804 2003.0433215303551 1699.054094509023
2019 1657 2018.9430556046023 1794.9471382634908 2147 1795 2147.0569443953977 1657.0528617365092
2173 1648 2172.9484219864157 1772.947140478726 2301 1773 2301.0515780135843 1648.052859521274
313 2057 312.9517206263646 2173.956223411171 419 2174 419.0482793736354 2057.043776588829
427 2045 426.95213598100634 2160.950031602558 548 2161 548.0478640189937 2045.0499683974422
582 2021 581.9517264200568 2137.942188258735 722 2138 722.0482735799432 2021.0578117412651
740 2005 739.9517231824053 2121.9500314321554 861 2122 861.0482768175947 2005.0499685678449
888 1977 887.9504883650591 2096.941362150325 1030 2097 1030.049511634941 1977.058637849675
1014 1963 1013.9533762512394 2075.9454913291543 1146 2076 1146.0466237487606 1963.0545086708455
1162 1958 1161.9579160134347 2059.9479699951908 1288 2060 1288.0420839865653 1958.0520300048095
1298 1935 1297.9591550908488 2033.9463193119946 1428 2034 1428.0408449091512 1935.0536806880054
1441 1897 1440.951723352808 2013.949618633554 1563 2014 1563.048276647192 1897.050381366446
1597 1893 1596.9529597037786 2006.9545727279751 1707 2007 1707.0470402962214 1893.045427272025
1737 1868 1736.9521378554361 1983.9454908179464 1869 1984 1869.0478621445639 1868.0545091820536
1866 1831 1865.9492460499937 1953.9508560069412 1985 1954 1985.0507539500068 1831.049143993059
2021 1836 2020.9562668638632 1941.9430157303673 2159 1942 2159.043733136137 1836.0569842696327
2214 1802 2213.954613283821 1911.9487942291712 2338 1912 2338.045386716179 1802.0512057708288
2342 1770 2341.950071817598 1890.9504435491453 2462 1891 2462.049928182402 1770.0495564508547
2481 1755 2480.960397917122 1850.9355870595753 2637 1851 2637.039602082878 1755.0644129404247
171 2241 170.95171261743704 2357.9756249454203 230 2358 230.048287382563 2241.0243750545797
286 2226 285.95502591201915 2334.949207198175 409 2335 409.04497408798085 2226.050792801825
460 2208 459.95544075545274 2315.9442537853647 595 2316 595.0445592445473 2208.0557462146353
597 2172 596.9525469051775 2286.954572557572 707 2287 707.0474530948225 2172.045427442428
747 2167 746.9595655038117 2264.9520986628117 863 2265 863.0404344961883 2167.0479013371883
906 2143 905.9558513388185 2249.949620337581 1028 2250 1028.0441486611817 2143.050379662419
1043 2097 1042.9475931515622 2223.954983311341 1152 2224 1152.0524068484378 2097.045016688659
1173 2074 1172.9451201088157 2206.945900719701 1304 2207 1304.0548798911843 2074.054099280299
1330 2071 1329.9504822305614 2190.9562228999625 1436 2191 1436.0495177694386 2071.0437771000375
1461 2055 1460.9517252272378 2171.945077848942 1594 2172 1594.0482747727622 2055.054922151058
1620 2030 1619.9517260792516 2146.9430138559374 1758 2147 1758.0482739207484 2030.0569861440626
1752 2004 1751.9546160102643 2113.942189451554 1892 2114 1892.0453839897357 2004.057810548446
1904 1984 1903.954603059658 2093.973562145234 1968 2094 1968.045396940342 1984.0264378547658
2034 1969 2033.9517252272376 2085.945077848942 2167 2086 2167.0482747727624 1969.0549221510578
2201 1934 2200.946774029663 2062.939296623695 2348 2063 2348.053225970337 1934.060703376305
2369 1916 2368.9525501428293 2030.9467293841521 2498 2031 2498.0474498571707 1916.0532706158479
2485 1912 2484.9517262496543 2028.9426010573366 2624 2029 2624.0482737503457 1912.057398942664
151 2386 150.9575093493313 2488.9331090751502 313 2489 313.0424906506687 2386.0668909248498
321 2382 320.95708888260816 2485.9516848417943 438 2486 438.04291111739184 2382.0483151582057
464 2358 463.95997898402356 2454.9504476388106 584 2455 584.0400210159764 2358.0495523611894
615 2337 614.9583293232439 2437.94673176979 744 2438 744.0416706767561 2337.05326823021
736 2296 735.9562677158765 2401.940951737362 879 2402 879.0437322841235 2296.059048262638
923 2287 922.9620443402506 2378.9471461020157 1051 2379 1051.0379556597493 2287.0528538979843
1047 2279 1046.963697238682 2366.943018797616 1185 2367 1185.036302761318 2279.056981202384
1222 2235 1221.953366367882 2347.9694336480156 1296 2348 1296.046633632118 2235.0305663519844
1343 2220 1342.951724545627 2336.9467290433467 1472 2337 1472.048275454373 2220.0532709566533
1485 2210 1484.9579148206158 2311.950859585398 1604 2312 1604.0420851793842 2210.049140414602
1639 2177 1638.955850486805 2283.951684330587 1756 2284 1756.044149513195 2177.048315669413
1763 2161 1762.9492533773102 2283.933105667096 1925 2284 1925.0507466226898 2161.066894332904
2023 2120 2022.950074203236 2240.9446643687306 2157 2241 2157.049925796764 2120.0553356312694
2193 2101 2192.962051326762 2192.9302213593724 2362 2193 2362.037948673238 2101.0697786406276
2360 2077 2359.955027275241 2185.9459048093663 2491 2186 2491.044972724759 2077.0540951906337
2507 2062 2506.9546100461694 2171.956637402591 2612 2172 2612.0453899538306 2062.043362597409
177 2547 176.9554409258555 2654.943840986764 313 2655 313.0445590741445 2547.056159013236
370 2501 369.94882285682695 2624.9760365512025 428 2625 428.05117714317305 2501.0239634487975
509 2497 508.95461004616925 2606.956637402591 614 2607 614.0453899538307 2497.043362597409
631 2462 630.9459440019906 2592.9500290465176 752 2593 752.0540559980094 2462.0499709534824
783 2446 782.9484211344023 2570.9492044717313 906 2571 906.0515788655977 2446.0507955282687
923 2431 922.9554407554527 2538.9442537853647 1058 2539 1058.0445592445471 2431.0557462146353
1057 2412 1056.9504881946564 2531.9417749489257 1198 2532 1198.0495118053436 2412.0582250510743
1238 2378 1237.948832910587 2501.9516814337408 1355 2502 1355.051167089413 2378.0483185662592
1366 2370 1365.9537900722567 2481.943014707951 1504 2482 1504.0462099277433 2370.056985292049
1515 2345 1514.9608018547824 2439.9570527572328 1619 2440 1619.0391981452176 2345.0429472427672
1661 2325 1660.9533767624475 2437.9442529333514 1796 2438 1796.0466232375525 2325.0557470666486
1801 2307 1800.9492465612018 2429.949617611138 1923 2430 1923.0507534387982 2307.050382388862
1932 2305 1931.9591540684323 2403.948796103601 2056 2404 2056.0408459315677 2305.051203896399
2050 2277 2049.957091779454 2380.9446672655768 2184 2381 2184.042908220546 2277.0553327344232
2236 2248 2235.9554390514254 2355.9483817713754 2361 2356 2361.0445609485746 2248.0516182286246
2385 2212 2384.947590936327 2338.960349693154 2481 2339 2481.052409063673 2212.039650306846
2519 2206 2518.9542025300525 2316.9438404755556 2655 2317 2655.0457974699475 2206.0561595244444
397 2659 396.9554257600139 2766.9805800622576 444 2767 444.0445742399861 2659.0194199377424
501 2632 500.95544007384194 2739.945904979769 632 2740 632.0445599261581 2632.054095020231
636 2623 635.9546131134181 2732.949207027772 759 2733 759.0453868865819 2623.050792972228
796 2586 795.9504883650591 2705.941362150325 938 2706 938.0495116349409 2586.058637849675
969 2565 968.9492363370389 2687.9743855272013 1031 2688 1031.0507636629613 2565.0256144727987
1061 2562 1060.9575040668472 2664.9459058317825 1192 2665 1192.0424959331528 2562.0540941682175
1225 2520 1224.9517243752243 2636.947141841948 1353 2637 1353.0482756247757 2520.052858158052
1392 2507 1391.9541887274324 2617.9772771622406 1447 2618 1447.0458112725676 2507.0227228377594
1538 2484 1537.9508972443978 2602.950856688552 1657 2603 1657.0491027556022 2484.049143311448
1701 2468 1700.9517225007944 2584.9516826265594 1818 2585 1818.0482774992056 2468.0483173734406
1842 2456 1841.9603914418192 2551.9512734064156 1960 2552 1960.0396085581808 2456.0487265935844
1959 2430 1958.9562651598358 2535.9471437163775 2087 2536 2087.0437348401642 2430.0528562836225
2093 2392 2092.946354755759 2521.9549828001327 2202 2522 2202.053645244241 2392.0450171998673
2242 2382 2241.9480086766066 2507.9483787041263 2367 2508 2367.0519913233934 2382.0516212958737
2399 2363 2398.9480076541904 2488.950855495733 2518 2489 2518.0519923458096 2363.049144504267
2545 2346 2544.9517247160297 2462.946316244746 2675 2463 2675.0482752839703 2346.053683755254
372 2802 371.95461618066696 2911.941776652953 513 2912 513.045383819333 2802.058223347047
538 2754 537.945940764339 2884.957872219937 640 2885 640.054059235661 2754.042127780063
660 2737 659.9422310298164 2876.944661131079 794 2877 794.0577689701836 2737.055338868921
839 2730 838.9512999892387 2847.9752119764166 899 2848 899.0487000107613 2730.0247880235834
968 2714 967.9546146470425 2823.9454918403626 1100 2824 1100.0453853529573 2714.0545081596374
1114 2694 1113.9554359841768 2801.955812146194 1221 2802 1221.0445640158232 2694.044187853806
1230 2678 1229.9558506572075 2784.951271531985 1348 2785 1348.0441493427925 2678.048728468015
1396 2649 1395.9550269344354 2757.9467304065683 1525 2758 1525.0449730655646 2649.0532695934317
1572 2630 1571.9616277927898 2722.956227500836 1678 2723 1678.0383722072102 2630.043772499164
1723 2607 1722.953375399226 2719.94755532216 1850 2720 1850.046624600774 2607.05244467784
1872 2576 1871.946356630189 2705.950442015521 1992 2706 1992.053643369811 2576.049557984479
1996 2567 1995.9541994628034 2677.951270850375 2114 2678 2114.0458005371966 2567.048729149625
2144 2564 2143.954601866839 2673.9764517354415 2201 2674 2201.045398133161 2564.0235482645585
2257 2547 2256.9562629446004 2652.952510098191 2372 2653 2372.0437370553996 2547.047489901809
2412 2507 2411.9533738656014 2619.9512705095694 2530 2620 2530.0466261343986 2507.0487294904306
2570 2492 2569.9550262528246 2600.9483816009724 2695 2601 2695.0449737471754 2492.0516183990276
658 2899 657.9475987748517 3025.941360957506 800 3026 800.0524012251483 2899.058639042494
834 2863 833.9500733512227 2983.946728361736 963 2984 963.0499266487773 2863.053271638264
999 2846 998.9550233559785 2954.9553991771904 1107 2955 1107.0449766440215 2846.0446008228096
1122 2834 1121.953377103253 2946.943427336149 1259 2947 1259.046622896747 2834.056572663851
1275 2819 1274.9541972475683 2929.9566372321883 1380 2930 1380.0458027524317 2819.0433627678117
1399 2799 1398.9537873458132 2910.949619485568 1521 2911 1521.0462126541868 2799.050380514432
1576 2778 1575.9484199415833 2902.9520940619386 1692 2903 1692.0515800584167 2778.0479059380614
1726 2757 1725.958326937606 2857.952510950205 1841 2858 1841.041673062394 2757.047489049795
1883 2735 1882.9603914418192 2830.9512734064156 2001 2831 2001.0396085581808 2735.0487265935844
1991 2718 1990.9599856297295 2814.9343484933693 2150 2815 2150.0400143702705 2718.0656515066307
2169 2706 2168.953774906415 2817.9797537834443 2218 2818 2218.046225093585 2706.0202462165557
2258 2680 2257.953787516216 2791.9492066869666 2381 2792 2381.046212483784 2680.0507933130334
2418 2655 2417.9562649894333 2760.9475565149787 2545 2761 2545.0437350105667 2655.0524434850213
2617 2629 2616.952959362973 2742.955398325177 2725 2743 2725.047040637027 2629.044601674823
1268 2969 1267.962875219937 3058.9343496861884 1427 3059 1427.037124780063 2969.0656503138116
1448 2931 1447.9467675543601 3059.954982970535 1557 3060 1557.0532324456399 2931.045017029465
1587 2917 1586.9508979260086 3035.9492054941475 1710 3036 1710.0491020739914 2917.0507945058525
1754 2895 1753.9529591925705 3008.955811123778 1861 3009 1861.0470408074295 2895.044188876222
1884 2860 1883.9434670399817 2996.950440822702 2004 2997 2004.0565329600183 2860.049559177298
2033 2860 2032.9504839345886 2979.9520949139524 2149 2980 2149.0495160654114 2860.0479050860476
2158 2837 2157.955852190832 2943.947556344576 2285 2944 2285.044147809168 2837.052443655424
2294 2808 2293.950072158404 2928.9496179519433 2416 2929 2416.049927841596 2808.0503820480567
2437 2803 2436.950071135988 2923.95209474355 2553 2924 2553.049928864012 2803.04790525645
2197 2974 2196.9521352993956 3089.9516827969624 2314 3090 2314.0478647006044 2974.0483172030376
# Transcript
**KAI ST*
* TOY PATRO 
* *RESBEYTHN *
WN APANTWN OSTIS
ATROKLEA THN EYNO
*I PROS AYTON KAI OS
I TWN CRHMATWN YPOL
***ELHQ*NAI IATRO
YTHI OPWS AN SWQNZ D
QENTI PRESBYTHI E
*N TOY DHMOY   DDDRACM
* STHLHNDD   ETERAS TW
I KATA PRYTANEIAN EK
MAT ANALISKOM*NWN T
AI DE TON HKONTA PARA
*I XENIA EIS TO PRYTA
N EPIMELHQHNAI DE A
HGON THS KOMIDHS
 WS ASFALES *
E* 


# Lines: x1 y1 x2 y2 x3 y3 x4 y4
1332 335 2152 244
1075 514 2275 346
926 676 2340 479
342 881 2475 639
259 1084 2508 758
302 1218 2529 942
140 1414 2547 1076
536 1505 2547 1206
153 1698 2641 1346
201 1839 2588 1503
217 1969 2636 1644
264 2121 2668 1782
38 2321 2649 1934
107 2452 2640 2094
124 2633 2689 2236
350 2713 2740 2383
326 2876 2739 2492
620 2994 2790 2642
1216 3025 2728 2825
2176 3041 2483 2980