# Baseline angle
0.25058801893750354
# Boxes: x1 y1 x2 y2 x3 y3 x4 y4
4436 154 4407.611925254351 264.9046185352369 4533 297 4561.388074745649 186.09538146476308
4584 205 4559.148128803005 302.0896166677202 4676 332 4700.851871196995 234.91038333227982
4765 237 4737.453997911779 344.6148657891375 4821 366 4848.546002088221 258.3851342108625
4890 272 4862.265385140049 380.3517254630312 4982 411 5009.734614859951 302.6482745369688
5022 311 4994.617125453444 417.9775700956811 5108 447 5135.382874546556 340.0224299043189
4078 249 4050.999136374181 354.4851555582309 4221 398 4248.000863625819 292.5148444417691
4268 289 4240.136668176285 397.85458822823296 4354 427 4381.863331823715 318.14541177176704
4395 319 4368.164808760644 423.8379178365072 4486 454 4512.835191239356 349.1620821634928
4549 347 4519.376371483553 462.7315967948715 4622 489 4651.623628516447 373.2684032051285
4705 398 4680.153863899322 495.0672111796776 4801 526 4825.846136100678 428.9327888203224
4848 418 4817.90164930271 535.5862094393808 4925 563 4955.09835069729 445.4137905606192
4979 468 4955.583765538166 559.480967758107 5067 588 5090.416234461834 496.51903224189294
5134 474 5100.44828194729 605.077592446036 5190 628 5223.55171805271 496.922407553964
3950 372 3926.437843285451 464.05104698743605 4020 488 4043.562156714549 395.94895301256395
4082 397 4058.3992927369936 489.2016536738457 4167 517 4190.600707263007 424.7983463261544
4237 424 4211.325806279325 524.3022109214248 4300 547 4325.674193720675 446.69778907857517
4357 466 4329.069442146244 575.117222354855 4438 603 4465.930557853756 493.8827776451451
4516 501 4488.371161718547 608.9384846499995 4598 637 4625.628838281453 529.0615153500005
4657 531 4627.091857200199 647.8431180355997 4741 677 4770.908142799801 560.1568819644003
4802 565 4770.834958169895 686.7534865175164 4889 717 4920.165041830105 595.2465134824836
4936 611 4911.572830242756 706.4304216857053 5031 737 5055.427169757244 641.5695783142947
5084 639 5055.583249772768 750.0166459754494 5161 777 5189.416750227232 665.9833540245506
3889 504 3862.097582730603 609.1005519631292 3975 638 4001.902417269397 532.8994480368708
4032 531 4003.5274939353603 642.2344691259865 4112 670 4140.47250606464 558.7655308740135
4182 557 4151.963140236436 674.3459808008014 4260 702 4290.036859763564 584.6540191991986
4320 605 4294.292990827184 705.4304121197921 4402 733 4427.707009172816 632.5695878802079
4474 640 4447.024621604245 745.3855915777938 4551 772 4577.975378395755 666.6144084222062
4628 682 4602.650466236895 781.0338512643995 4708 808 4733.349533763105 708.9661487356005
4774 717 4748.270050441918 817.520034071962 4840 841 4865.729949558082 740.479965928038
4899 757 4870.181488718283 869.5862190052942 4989 900 5017.818511281717 787.4137809947058
5045 768 5012.528038398498 894.8592726619278 5142 928 5174.471961601502 801.1407273380722
3858 651 3831.9011048395732 752.9614059034395 3918 775 3944.0988951604268 673.0385940965605
4010 687 3984.700486977986 785.8384336019047 4083 811 4108.299513022013 712.1615663980953
4156 718 4124.170028091563 842.351190565807 4240 872 4271.829971908437 747.648809434193
4286 752 4261.180944255146 848.9614154693529 4359 874 4383.819055744854 777.0385845306471
4432 781 4405.772387875809 883.4642686686412 4486 904 4512.227612124191 801.5357313313588
4606 824 4579.812533550024 926.3074302523437 4688 954 4714.187466449976 851.6925697476563
4741 865 4716.471193634816 960.8274887405823 4807 984 4831.528806365184 888.1725112594177
4872 895 4848.806788887796 985.6096751559585 4948 1011 4971.193211112204 920.3903248440415
5010 910 4984.840674134384 1008.290759860618 5097 1037 5122.159325865616 938.709240139382
3824 789 3797.097582730603 894.1005519631292 3910 923 3936.902417269397 817.8994480368708
3984 823 3953.3039452544203 942.9212793610495 4063 971 4093.6960547455797 851.0787206389505
4117 865 4091.2471100566513 965.6096560241319 4167 985 4192.752889943348 884.3903439758681
4250 888 4221.7234369291655 998.4689722341627 4341 1029 4369.2765630708345 918.5310277658373
4402 946 4377.32686650786 1042.3913362400235 4493 1072 4517.67313349214 975.6086637599763
4576 975 4549.883899550623 1077.028622367567 4624 1096 4650.116100449377 993.971377632433
4683 1006 4657.275785538234 1106.4976285839193 4753 1131 4778.724214461766 1030.5023714160807
4852 1029 4820.906324170493 1150.4746786327394 4905 1172 4936.093675829507 1050.5253213672606
4978 1052 4942.928213893137 1189.0160919463983 5021 1209 5056.071786106863 1071.9839080536017
3618 896 3589.8349486039806 1006.0333259330883 3703 1035 3731.1650513960194 924.9666740669117
3787 945 3760.4493230439975 1048.726396595779 3867 1076 3893.5506769560025 972.2736034042209
3916 990 3890.0757025738712 1091.279299233898 4014 1123 4039.9242974261288 1021.720700766102
4083 1003 4051.2700695737444 1126.9603552408178 4153 1153 4184.729930426256 1029.0396447591822
4212 1035 4185.455058140314 1138.7039911077363 4296 1167 4322.544941859686 1063.2960088922637
4361 1064 4332.047036658201 1177.1114872585383 4441 1205 4469.952963341799 1091.8885127414617
4516 1119 4486.7953378269885 1233.0948073008992 4588 1259 4617.2046621730115 1144.9051926991008
4673 1148 4642.968875332752 1265.323575312759 4755 1294 4785.031124667248 1176.676424687241
4800 1180 4770.2148390676475 1296.3626607584404 4886 1326 4915.7851609323525 1209.6373392415596
4957 1207 4925.834958169895 1328.7534865175164 5044 1359 5075.165041830105 1237.2465134824836
3598 1039 3563.594739097228 1173.4121561682202 3687 1205 3721.405260902772 1070.5878438317798
3749 1101 3720.817743315031 1211.1005423972158 3822 1237 3850.182256684969 1126.8994576027842
3887 1130 3859.5613696160362 1237.1953932462181 3976 1267 4003.4386303839638 1159.8046067537819
403 243 373.50508844731814 358.22873402966985 482 386 511.49491155268186 270.77126597033015
529 273 501.1137277910179 381.9442101804028 599 407 626.8862722089821 298.0557898195972
670 285 637.789612296585 410.83737337336964 740 437 772.210387703415 311.16262662663036
3454 1033 3429.3810272195083 1129.1797448193743 3499 1147 3523.6189727804917 1050.8202551806257
4048 1165 4018.716641604314 1279.4022524036063 4107 1302 4136.283358395685 1187.5977475963937
4174 1195 4143.415456929235 1314.4856330599753 4247 1341 4277.584543070765 1221.5143669400247
4327 1221 4296.91885459166 1338.5189929752535 4416 1369 4446.08114540834 1251.4810070247465
4491 1277 4459.896449103619 1398.5132578789369 4579 1429 4610.103550896381 1307.4867421210631
4634 1300 4606.605655260811 1407.022381071766 4712 1434 4739.394344739189 1326.977618928234
4771 1342 4746.242435188869 1438.7211868307731 4845 1464 4869.757564811131 1367.2788131692269
4910 1377 4879.169493194339 1497.4465476142936 4979 1523 5009.830506805661 1402.5534523857064
338 387 311.7510426163011 489.54765889092346 419 517 445.2489573836989 414.45234110907654
485 417 459.93084054969165 514.9385037818261 593 549 618.0691594503083 451.06149621817394
652 439 623.8907044413884 548.8155027825513 734 577 762.1092955586116 467.18449721744867
800 474 773.6280607488529 577.0281161680828 879 604 905.3719392511471 500.97188383191735
3408 1170 3381.6379358157274 1272.9895369218855 3452 1291 3478.3620641842726 1188.0104630781145
3555 1191 3526.1085275919254 1303.8712586199586 3636 1332 3664.8914724080746 1219.1287413800414
3711 1244 3687.4993342191747 1335.8108183488566 3782 1360 3805.5006657808253 1268.1891816511434
3866 1279 3841.928710526708 1373.0400925602003 3916 1392 3940.071289473292 1297.9599074397997
3982 1307 3956.2929908271844 1407.430412119792 4064 1435 4089.7070091728156 1334.569587880208
4128 1356 4104.366477284852 1448.329854872213 4232 1481 4255.633522715148 1388.670145127787
4313 1390 4288.80572865926 1484.5205498373596 4361 1503 4385.19427134074 1408.4794501626404
4450 1426 4422.599920164494 1533.0447865598085 4524 1559 4551.400079835506 1451.9552134401915
4589 1443 4559.7953378269885 1557.0948073008992 4661 1583 4690.2046621730115 1468.9051926991008
4705 1472 4676.192958910916 1584.5414080292092 4803 1617 4831.807041089084 1504.4585919707908
4845 1525 4817.601515290253 1632.0385548299207 4962 1669 4989.398484709747 1561.9614451700793
295 535 270.84173436291934 629.379885179217 410 665 434.15826563708066 570.620114820783
467 563 441.1241281892029 664.090113301291 515 683 540.8758718107971 581.909886698709
601 604 577.7124825019304 694.9781049929053 695 725 718.2875174980696 634.0218950070947
755 634 729.4659934357232 733.7545371801382 832 760 857.5340065642768 660.2454628198618
176 490 147.7677225739402 600.2959600597105 256 628 284.2322774260598 517.7040399402895
928 656 901.0188865079289 761.4079970658363 1001 787 1027.981113492071 681.5920029341637
1058 688 1030.6056552608104 795.0223810717661 1136 822 1163.3943447391896 714.9776189282339
3362 1305 3335.1033178269195 1410.0781464750867 3452 1440 3478.8966821730805 1334.9218535249133
3515 1345 3486.097057399292 1457.9160695960438 3588 1484 3616.902942600708 1371.0839304039562
3665 1383 3636.78492786289 1493.228743595583 3757 1524 3785.21507213711 1413.771256404417
3819 1428 3795.472253863351 1519.9166140591813 3913 1550 3936.527746136649 1458.0833859408187
3969 1451 3943.4201126651897 1550.933781084478 4014 1569 4039.5798873348103 1469.066218915522
4098 1499 4072.1199882186456 1600.1062870594458 4185 1629 4210.880011781354 1527.8937129405542
4236 1530 4209.673941519387 1632.848872263743 4347 1668 4373.326058480613 1565.151127736257
4424 1570 4395.191363785157 1682.547639759097 4479 1704 4507.808636214843 1591.452360240903
4556 1610 4532.270575773228 1702.7045164390474 4635 1729 4658.729424226772 1636.2954835609526
4683 1631 4656.862554291116 1733.1120125898492 4758 1759 4784.137445708884 1656.8879874101508
4808 1662 4782.869349615968 1760.1787324204056 4915 1794 4940.130650384032 1695.8212675795944
154 627 125.60459503227537 737.9332557531671 204 758 232.39540496772463 647.0667442468329
280 663 251.82921350766426 773.055731421131 361 801 389.17078649233576 690.944268578869
422 687 389.62807988067954 813.4684373369385 505 843 537.3719201193205 716.5315626630615
586 725 556.3091454535127 840.9942309214936 654 866 683.6908545464873 750.0057690785064
729 783 702.8969648690158 884.9775796615943 828 917 854.1030351309842 815.0224203384057
898 801 869.5274939353606 912.2344691259865 978 940 1006.4725060646394 828.7655308740135
1025 840 997.740107320892 946.4971128185218 1113 976 1140.2598926791081 869.5028871814782
3328 1453 3302.8234688454345 1551.3579763247453 3403 1577 3428.1765311545655 1478.6420236752547
3499 1502 3471.7729227730324 1608.3689116201547 3568 1633 3595.2270772269676 1526.6310883798453
3605 1511 3578.922450099081 1612.8780156811572 3638 1628 3664.077549900919 1526.1219843188428
3658 1534 3634.007406749382 1627.7326474574934 3721 1650 3744.992593250618 1556.2673525425066
3796 1573 3770.331541375642 1673.2798054333823 3863 1697 3888.668458624358 1596.7201945666177
3938 1609 3915.0798329785152 1698.5429648913153 3995 1719 4017.9201670214848 1629.4570351086847
4066 1637 4043.275775972321 1725.7774679994914 4134 1749 4156.724224027678 1660.2225320005084
4159 1658 4136.056892593249 1747.6325868434853 4200 1764 4222.943107406751 1674.3674131565147
4231 1684 4210.2361556294145 1765.1187887828742 4284 1784 4304.7638443705855 1702.8812112171258
4372 1710 4344.872964255214 1815.9780762951655 4427 1837 4454.127035744786 1731.0219237048345
4501 1754 4475.354481760909 1854.1901834812124 4584 1882 4609.645518239091 1781.8098165187876
4657 1783 4630.63220071941 1886.011942409928 4697 1903 4723.36779928059 1799.988057590072
4791 1816 4765.638996044262 1915.0786622404844 4863 1940 4888.361003955738 1840.9213377595156
103 745 65.79483162750417 890.3506461026695 166 916 203.20516837249585 770.6493538973305
260 798 228.76773213985348 920.0161206441385 342 949 373.2322678601465 826.9838793558615
397 856 370.08611253796965 961.1453629392141 475 988 501.91388746203035 882.8546370607859
530 882 500.6452756037163 996.6810602883832 623 1028 652.3547243962837 913.3189397116168
706 924 677.3102056820477 1036.0833562400926 802 1068 830.6897943179523 955.9166437599075
856 962 830.298725923501 1062.4080066317495 942 1091 967.701274076499 990.5919933682504
989 996 962.3263411765492 1100.2068538729384 1067 1127 1093.6736588234508 1022.7931461270618
3606 1696 3574.7062412061296 1818.256349282718 3687 1847 3718.2937587938704 1724.743650717282
3748 1732 3723.8015886887024 1826.5367235955143 3835 1855 3859.1984113112976 1760.4632764044857
3893 1757 3861.2200488326534 1881.1557729033125 3970 1909 4001.7799511673466 1784.8442270966875
4032 1796 4004.0522368572942 1905.1844388189827 4101 1930 4128.947763142706 1820.8155611810173
4141 1822 4114.824003742658 1924.2626192762589 4231 1954 4257.175996257342 1851.7373807237411
4330 1855 4298.711976302447 1977.2339437946757 4415 2007 4446.288023697553 1884.7660562053243
4474 1888 4446.549899423403 1995.240204222303 4555 2023 4582.450100576597 1915.759795777697
4616 1915 4588.31540588114 2023.1563078005365 4701 2052 4728.68459411886 1943.8436921994635
4749 1967 4722.510813977721 2070.4861679571995 4830 2098 4856.489186022279 1994.5138320428005
4884 1993 4858.064232381238 2094.3241102099832 4974 2124 4999.935767618762 2022.6758897900172
209 977 182.57230491144554 1080.2459393186198 291 1108 317.42769508855446 1004.7540606813802
388 1010 358.4993533510014 1125.2511395177123 463 1152 492.50064664899855 1036.7488604822877
513 1037 482.7229115978553 1155.2844898670771 591 1183 621.2770884021448 1064.7155101329229
672 1071 642.2533896161052 1187.2120540720307 743 1213 772.7466103838948 1096.7879459279693
827 1109 800.9912712548806 1210.6091498246476 908 1238 934.0087287451194 1136.3908501753524
949 1145 926.1757344901396 1234.1683033244808 1031 1261 1053.8242655098604 1171.8316966755192
1096 1169 1068.4826733933623 1276.5028383489253 1172 1303 1199.5173266066377 1195.4971616510747
3575 1838 3550.421172893725 1934.0229064030768 3648 1959 3672.578827106275 1862.9770935969232
3701 1864 3677.931365881003 1954.1229861489114 3822 1991 3845.068634118997 1900.8770138510886
3876 1903 3850.2913957014252 2003.4366438496795 3915 2020 3940.7086042985748 1919.5633561503205
3992 1934 3969.1757344901393 2023.1683033244808 4074 2050 4096.82426550986 1960.8316966755192
4147 1960 4120.264850242826 2064.4470825115177 4224 2091 4250.735149757174 1986.552917488482
4285 1996 4258.36075175445 2100.0724209446835 4387 2133 4413.63924824555 2028.9275790553168
4430 2036 4406.187739579997 2129.028135299909 4535 2162 4558.812260420003 2068.971864700091
4600 2059 4575.152268773561 2156.073442909565 4653 2176 4677.847731226439 2078.926557090435
4709 2087 4682.437852851364 2190.771207571864 4781 2216 4807.562147148636 2112.228792428136
67 1075 36.40398673660156 1194.53044403606 132 1219 162.59601326339845 1099.46955596394
200 1131 175.4539883458657 1226.8947052047097 254 1247 278.5460116541343 1151.1052947952903
332 1166 303.90217463402166 1275.7706918064664 422 1306 450.09782536597834 1196.2293081935336
484 1186 453.16949319433866 1306.4465476142936 553 1332 583.8305068056613 1211.5534523857064
629 1207 603.7906533932935 1305.4861775231127 723 1336 748.2093466067065 1237.5138224768873
791 1240 761.8240133085718 1353.9827798606868 883 1385 912.1759866914282 1271.0172201393132
935 1276 908.9183101285233 1377.894189439312 1007 1403 1033.0816898714768 1301.105810560688
1052 1310 1027.4170329231677 1406.0390801612316 1164 1441 1188.5829670768323 1344.9609198387684
1203 1341 1176.8912297726993 1442.9999851496368 1298 1474 1324.1087702273007 1372.0000148503632
3671 2000 3643.421182459638 2107.743066987505 3746 2134 3773.578817540362 2026.2569330124952
3831 2048 3806.8516094297934 2142.3413059330196 3911 2169 3935.1483905702066 2074.6586940669804
3962 2084 3938.2533704842785 2176.7717329031752 4029 2200 4052.7466295157215 2107.2282670968248
4086 2117 4061.03661712819 2214.5252629687943 4184 2246 4208.96338287181 2148.4747370312057
4255 2151 4229.337276471958 2251.25739994534 4326 2276 4351.662723528042 2175.74260005466
4402 2183 4375.94125051379 2284.8045674871423 4490 2314 4516.05874948621 2212.1954325128577
4567 2221 4540.866694261673 2323.0958388316944 4603 2339 4629.133305738327 2236.9041611683056
33 1250 9.370617255410039 1342.3136811140582 98 1365 121.62938274458995 1272.6863188859418
155 1271 126.5217588390439 1382.2568746140291 231 1409 259.4782411609561 1297.7431253859709
287 1299 262.58430043538976 1394.3856107096203 390 1427 414.41569956461024 1331.6143892903797
440 1336 416.46651876703413 1427.9390195472236 530 1457 553.5334812329659 1365.0609804527764
612 1353 581.9073843990275 1470.5638039513385 693 1499 723.0926156009725 1381.4361960486615
766 1373 730.3206347779725 1512.3897411142646 846 1542 881.6793652220275 1402.6102588857354
904 1426 875.5274939353606 1537.2344691259864 984 1565 1012.4725060646394 1453.7655308740136
1040 1460 1016.40502783331 1552.1792481858033 1129 1581 1152.59497216669 1488.8207518141967
1193 1499 1168.0022065502899 1596.6596958970492 1267 1622 1291.9977934497101 1524.3403041029508
3652 2144 3626.158538767103 2244.955680373036 3724 2270 3749.841461232897 2169.044319626964
3795 2187 3769.2872557308674 2287.4528176078343 3873 2314 3898.7127442691326 2213.5471823921657
3936 2223 3912.0402222015227 2316.604446259126 3980 2334 4003.9597777984773 2240.395553740874
4083 2254 4055.84588389939 2360.0838720054903 4161 2387 4188.15411610061 2280.9161279945097
4221 2295 4195.990736357656 2392.704506873134 4287 2416 4312.009263642344 2318.295493126866
4381 2316 4354.263255117066 2420.453314241405 4415 2436 4441.736744882934 2331.546685758595
127 1413 98.8234784113476 1523.0781369091733 204 1550 232.1765215886524 1439.9218630908267
269 1453 242.47640339982146 1556.6206008854542 326 1578 352.5235966001785 1474.3793991145458
400 1478 372.29820059219014 1586.223524264664 473 1612 500.70179940780986 1503.776475735336
580 1517 552.4482628154624 1624.63727127718 632 1645 659.5517371845376 1537.36272872282
733 1565 709.5780304418489 1656.5033732461495 817 1684 840.4219695581511 1592.4966267538505
871 1576 844.141868375377 1680.9275397886772 946 1707 972.858131624623 1602.0724602113228
1005 1604 979.1085180260121 1705.1510980355308 1084 1732 1109.891481973988 1630.8489019644692
1198 1626 1171.9970063511973 1727.586744336605 1283 1756 1309.0029936488027 1654.413255663395
3734 2323 3705.734907121799 2433.4241612580777 3833 2466 3861.265092878201 2355.5758387419223
3879 2376 3854.7843833997526 2470.603940059642 3954 2496 3978.2156166002474 2401.396059940358
4040 2399 4014.47172853204 2498.732131692095 4121 2526 4146.528271467961 2426.267868307905
706 1702 679.018886507929 1807.407997065836 779 1833 805.981113492071 1727.592002934164
398 1644 374.7051522798545 1735.0067422108355 445 1753 468.2948477201455 1661.9932577891645
533 1681 510.52333483297656 1768.8103217152855 648 1804 670.4766651670234 1716.1896782847145
230 1603 206.51080441180812 1694.7660073727716 309 1721 332.4891955881918 1629.2339926272284
89 1557 62.80679845370847 1659.3298357403864 167 1686 193.19320154629156 1583.6701642596136
848 1732 820.7786578693493 1838.3465061321122 921 1864 948.2213421306507 1757.6534938678878
971 1761 943.3039356885067 1869.2011187766216 1048 1896 1075.696064311493 1787.7988812233784
1152 1798 1127.080902772964 1895.3522507943421 1239 1924 1263.919097227036 1826.6477492056579
34 1859 4.409186935694024 1974.6033955965045 88 1996 117.59081306430598 1880.3966044034955
153 1900 128.77864830343606 1994.6263455476842 224 2019 248.22135169656394 1924.3736544523158
# Transcript
*
*KAIDE*
WNPROEDR
LAIDHSEDO
LOYERCIEY
IASOIHRAK*
YSINDIOTI
ODWROSONKA
*STHISQAITHSPAR
*OMPH*INAITWIDHMW
TWIAQHNKENAITWIDHM
IPYRWNSYS:CCCC:CILIO
SENNEAD*SASHGENAPA
ASPENTETWIDHMWIE
EIDHMNHMW*KLEWTAI
DEIKNYNTAKAIPOI
NOTIANDY*MON
NAIWNEPA
**
*RO
**