# Baseline angle
-0.1027416855045975
# Boxes: x1 y1 x2 y2 x3 y3 x4 y4
536 410 549.8349404028353 544.1833762354829 668 532 654.1650595971647 397.81662376451703
680 388 694.3208363903317 526.8960213357235 800 516 785.6791636096683 377.10397866427655
832 386 844.0953968386506 503.3117583062029 1012 486 999.9046031613494 368.6882416937971
1026 364 1036.9553046371157 470.25414501931357 1214 452 1203.0446953628843 345.74585498068643
1234 342 1246.0974296748382 459.33147453302 1356 448 1343.9025703251618 330.66852546698
1372 342 1381.0936015753996 430.19771722886173 1480 420 1470.9063984246004 331.80228277113827
1508 304 1520.5265479747582 425.4934398621855 1632 414 1619.4734520252418 292.5065601378145
1642 302 1653.1193028024686 409.84474294621094 1768 398 1756.8806971975314 290.15525705378906
596 544 607.9775394023083 660.1686736045419 726 648 714.0224605976917 531.8313263954581
740 520 753.3343417843978 649.3281321357692 902 634 888.6656582156022 504.67186786423076
908 504 920.8631484278424 628.7580860350018 1064 614 1051.1368515721576 489.2419139649982
1066 492 1077.998576930626 608.372713990343 1198 596 1186.001423069374 479.62728600965715
1184 478 1196.640103349911 600.5947994043357 1280 592 1267.359896650089 469.40520059566427
1272 466 1284.286767429698 585.1678380052292 1412 572 1399.713232570302 452.8321619947708
1404 450 1414.8247774060198 554.9881775449967 1502 546 1491.1752225939802 441.0118224550033
1486 432 1498.5055104464402 553.2893994763846 1608 542 1595.4944895535598 420.71060052361554
1602 430 1612.6270719175955 533.0706564596424 1720 522 1709.3729280824045 418.92934354035754
1742 402 1754.6043631906525 524.2481600190616 1854 514 1841.3956368093475 391.75183998093837
1852 392 1864.187914685486 510.20907746255205 2002 496 1989.812085314514 377.79092253744795
572 688 584.8421108995246 812.5540456492007 726 798 713.1578891004754 673.4459543507993
716 676 727.6893489032361 789.3735495896556 838 778 826.3106510967639 664.6264504103444
824 664 836.3308753225214 783.5956350036483 910 776 897.6691246774786 656.4043649963517
904 654 916.053321782015 770.9036775346008 1080 754 1067.946678217985 637.0963224653992
1084 638 1094.2189911459936 737.1127315162779 1202 726 1191.7810088540064 626.8872684837221
1194 608 1207.2859318303856 736.8586099778393 1332 724 1318.7140681696144 595.1413900221607
1324 600 1336.0069446641903 716.453871603488 1418 708 1405.9930553358097 591.546128396512
1420 576 1433.6098624887163 708.0003733779997 1550 696 1536.3901375112837 563.9996266220003
1538 558 1550.5539204004526 679.7589216343144 1684 666 1671.4460795995474 544.2410783656856
1676 548 1687.8513142324018 662.9444312897358 1794 652 1782.1486857675982 537.0555687102642
1766 534 1778.3435451172747 653.7185177763043 1892 642 1879.6564548827253 522.2814822236958
1884 524 1896.9556662746777 649.655405191351 2010 638 1997.0443337253223 512.3445948086489
1990 504 2003.0965940755254 631.0222465056302 2110 620 2096.9034059244746 492.97775349436984
2098 480 2111.834940402835 614.1833762354829 2230 602 2216.165059597165 467.81662376451703
2228 480 2239.929129448296 595.699151446612 2334 586 2322.070870551704 470.3008485533881
676 818 689.3069693587032 947.0626503636403 816 934 802.6930306412968 804.9373496363597
804 790 817.9675004701186 925.469059936617 968 910 954.0324995298814 774.530940063383
966 786 976.5766291273956 888.5814180748953 1118 874 1107.4233708726044 771.4185819251047
1106 766 1118.4360629641103 886.6158369326536 1202 878 1189.5639370358897 757.3841630673464
1196 760 1206.2189911459936 859.1127315162779 1314 848 1303.7810088540064 748.8872684837221
1336 734 1347.6325712156597 846.8228698185806 1472 834 1460.3674287843403 721.1771301814194
1488 714 1500.2446923730627 832.7597572336272 1624 820 1611.7553076269373 701.2402427663728
1636 700 1648.9219589516065 825.328482032894 1720 818 1707.0780410483935 692.671517967106
1720 688 1733.6309000170343 820.2044137638006 1852 808 1838.3690999829657 675.7955862361994
1858 660 1871.5741223294576 791.6537339927256 2004 778 1990.4258776705424 646.3462660072744
2010 640 2023.229154142809 768.3079302067642 2162 754 2148.770845857191 625.6920697932358
2156 620 2170.060018316954 756.3663790929662 2290 744 2275.939981683046 607.6336209070338
2304 614 2317.7928653461995 747.7752954638809 2432 736 2418.2071346538005 602.2247045361191
628 958 639.077227745833 1065.436662174609 750 1054 738.922772254167 946.5633378253912
766 934 777.4074933015407 1044.6398669610974 900 1032 888.5925066984593 921.3601330389027
930 920 941.5400533688241 1031.9255506622312 1096 1016 1084.4599466311759 904.0744493377687
1088 886 1100.5896605597115 1008.1055610195885 1218 996 1205.4103394402885 873.8944389804115
1226 862 1239.7571251869408 995.4286560786068 1370 982 1356.2428748130592 848.5713439213932
1358 848 1370.9262610127957 973.3702071924048 1520 958 1507.0737389872043 832.6297928075952
1512 838 1524.0112467253794 954.4955967629988 1684 938 1671.9887532746206 821.5044032370012
1692 830 1703.0141151608798 936.8245410172059 1808 926 1796.9858848391202 819.1754589827941
1796 810 1807.815574073143 924.5977919044617 1930 912 1918.184425926857 797.4022080955383
1938 788 1949.2602306033164 897.2115842604901 2058 886 2046.7397693966836 776.7884157395099
2046 778 2056.227358879558 877.193889129423 2126 870 2115.772641120442 770.806110870577
2130 768 2142.1248021005326 885.5969563051491 2274 872 2261.8751978994674 754.4030436948509
2280 746 2292.160542259792 863.9435956904231 2408 852 2395.839457740208 734.0564043095769
706 1076 717.3780880396587 1186.3546689621512 876 1170 864.6219119603413 1059.6453310378488
868 1070 877.6846852044848 1163.9305642581073 974 1154 964.3153147955152 1060.0694357418927
962 1050 972.6754818716078 1153.5401786175723 1104 1140 1093.3245181283921 1036.4598213824277
1094 1026 1105.3086405573285 1135.68110641842 1238 1122 1226.6913594426715 1012.3188935815799
1228 1014 1239.1403403307863 1122.048783332012 1356 1110 1344.8596596692137 1001.951216667988
1360 990 1371.1193028024686 1097.844742946211 1486 1086 1474.8806971975314 978.1552570537891
1480 982 1489.6679497373561 1075.7682490318173 1662 1058 1652.3320502626439 964.2317509681828
1662 936 1676.2513889080014 1074.2224587919925 1756 1066 1741.7486110919986 927.7775412080075
1768 944 1777.6426101478492 1037.5224834865055 1870 1028 1860.3573898521508 934.4775165134946
1860 920 1871.1760804900453 1028.395422717286 1972 1018 1960.8239195099547 909.604577282714
1974 910 1986.1605422597916 1027.943595690423 2102 1016 2089.839457740208 898.0564043095769
2090 882 2104.897217388476 1026.4862693654961 2226 1014 2211.102782611524 869.5137306345039
2222 884 2236.249356071814 1022.2027425651754 2374 1008 2359.750643928186 869.7972574348247
566 1216 579.3343417843978 1345.3281321357692 728 1330 714.6656582156022 1200.6718678642308
712 1196 725.5551176373275 1327.4694098337416 798 1320 784.4448823626725 1188.5305901662584
792 1192 806.482801719497 1332.4669030358036 908 1322 893.517198280503 1181.5330969641964
916 1184 928.2046501526146 1302.3713926888424 990 1296 977.7953498473854 1177.6286073111576
986 1180 996.2106234124292 1279.0315739031328 1142 1264 1131.7893765875708 1164.968426096867
1178 1136 1191.4058221029154 1266.0214109063174 1308 1254 1294.5941778970846 1123.9785890936826
1312 1134 1323.8513142324018 1248.9444312897358 1430 1238 1418.1486857675982 1123.0555687102642
1436 1114 1449.1597066604788 1241.6343676630331 1562 1230 1548.8402933395212 1102.3656323369669
1568 1084 1583.1854078875479 1231.2813933803825 1712 1218 1696.8145921124521 1070.7186066196175
1722 1076 1733.9017570226015 1191.4336696744829 1806 1184 1794.0982429773985 1068.5663303255171
1782 1056 1796.8825147575349 1200.343670366023 1936 1186 1921.1174852424651 1041.656329633977
1940 1038 1954.657436843416 1180.16066750854 2092 1166 2077.342563156584 1023.8393324914603
2084 1026 2097.6372349144112 1158.2658551501286 2236 1144 2222.3627650855888 1011.7341448498713
2230 1010 2244.327171287708 1148.9574627220513 2370 1136 2355.672828712292 997.0425372779484
762 1338 776.4386938266739 1478.0391060373845 932 1462 917.5613061733261 1321.9608939626155
1054 1306 1065.4074933015409 1416.6398669610974 1188 1404 1176.5925066984591 1293.3601330389026
1262 1276 1274.2951351632626 1395.2489956183742 1364 1386 1351.7048648367374 1266.7510043816258
1474 1244 1486.0259493563206 1360.638195762472 1628 1346 1615.9740506436794 1229.361804237528
1736 1222 1747.2034529157397 1330.660904489415 1870 1318 1858.7965470842603 1209.339095510585
1940 1188 1953.00407622869 1314.124927349281 2090 1300 2076.99592377131 1173.875072650719
798 1468 809.8155740731428 1582.5977919044617 932 1570 920.1844259268572 1455.4022080955383
952 1444 964.2152871111805 1562.474559234681 1124 1546 1111.7847128888195 1427.525440765319
1166 1418 1177.655641580165 1531.0466264311988 1246 1524 1234.344358419835 1410.9533735688012
1286 1404 1297.281268131634 1513.415624646291 1408 1502 1396.718731868366 1392.584375353709
1434 1374 1446.581292826147 1496.0244034064433 1602 1480 1589.418707173853 1357.9755965935567
1642 1344 1654.6948482013001 1467.1257629485935 1782 1454 1769.3051517986999 1330.8742370514065
1822 1330 1833.5484211023884 1442.0067082753762 1950 1430 1938.4515788976116 1317.9932917246238
1982 1312 1993.8723517607195 1427.148471675537 2102 1416 2090.127648239281 1300.851528324463
2104 1278 2117.6603052789164 1410.4896117627468 2200 1402 2186.3396947210836 1269.5103882372532
2246 1272 2258.0553546182027 1388.923393761418 2364 1378 2351.9446453817973 1261.076606238582
564 1620 577.3911194719743 1749.8788119068445 712 1736 698.6088805280257 1606.1211880931555
734 1596 746.6444054111004 1718.6365245638465 908 1702 895.3555945888996 1579.3634754361535
918 1562 933.2021433546765 1709.4437086066725 986 1704 970.7978566453235 1556.5562913933275
1006 1560 1018.2720647987571 1679.0252390057562 1164 1664 1151.7279352012429 1544.9747609942438
1160 1540 1172.7158857296179 1663.3298033343947 1302 1650 1289.2841142703821 1526.6701966656053
1310 1528 1322.640103349911 1650.5947994043356 1406 1642 1393.359896650089 1519.4052005956644
1400 1504 1414.1505033276017 1641.2439820224981 1562 1626 1547.8494966723983 1488.7560179775019
1560 1496 1571.9417992430494 1611.8220342192678 1706 1598 1694.0582007569506 1482.1779657807322
1710 1482 1720.58499686096 1584.6625756880403 1824 1574 1813.41500313904 1471.3374243119597
1808 1456 1820.6738106729824 1578.9217225627926 1946 1566 1933.3261893270176 1443.0782774372074
1940 1442 1952.6170329854058 1564.3710427917174 2092 1550 2079.382967014594 1427.6289572082826
2108 1422 2120.0469868846385 1538.842236148273 2264 1524 2251.9530131153615 1407.157763851727
2262 1400 2273.9417992430494 1515.8220342192678 2408 1502 2396.0582007569506 1386.1779657807322
534 1744 548.0873907426485 1880.6318608650952 690 1866 675.9126092573515 1729.3681391349048
782 1712 795.6582724427287 1844.4698955359297 936 1830 922.3417275572713 1697.5301044640703
1034 1680 1048.0516505833898 1816.285221479821 1206 1800 1191.9483494166102 1663.714778520179
1266 1652 1280.213615912555 1789.856103179901 1434 1774 1419.786384087445 1636.143896820099
1496 1630 1509.0481841215133 1756.5527243477002 1592 1748 1578.9518158784867 1621.4472756522998
1628 1620 1639.4221959324818 1730.7824659605703 1744 1720 1732.5778040675182 1609.2175340394297
1758 1588 1771.7718278178818 1721.57125507808 1884 1710 1870.2281721821182 1576.42874492192
1920 1572 1933.736087658623 1705.2246156928059 2062 1692 2048.263912341377 1558.7753843071941
2062 1560 2074.187914685486 1678.2090774625522 2212 1664 2199.812085314514 1545.7909225374478
2200 1534 2212.9556662746777 1659.655405191351 2326 1648 2313.0443337253223 1522.344594808649
2326 1520 2339.378449677221 1649.7559291341884 2434 1640 2420.621550322779 1510.2440708658116
# Transcript
ERMWNOS S
AKLEIDOY SFH
A TIMOKRATOY EK KE
NA DIOY KIKYNNE
TH ATTALOY EITE
POLLODWROY SFH
AIRIWNOS KIKYNN
NEIDOS
* GAIOY ACARN
N MILTIADOY LAK
N ACAIOY ACAR
# Lines: x1 y1 x2 y2 x3 y3 x4 y4
