# Baseline angle
0
# Boxes: x1 y1 x2 y2 x3 y3 x4 y4
2208 709 2208 868 2366 868 2366 709
2208 887 2208 1024 2356 1024 2356 887
1586 1072 1586 1173 1703 1173 1703 1072
1737 1060 1737 1187 1862 1187 1862 1060
1886 1065 1886 1182 2003 1182 2003 1065
2073 1077 2073 1194 2179 1194 2179 1077
2208 1074 2208 1194 2347 1194 2347 1074
2368 1072 2368 1197 2471 1197 2471 1072
2519 1053 2519 1182 2647 1182 2647 1053
1394 1175 1394 1321 1528 1321 1528 1175
1550 1197 1550 1331 1701 1331 1701 1197
1732 1192 1732 1338 1864 1338 1864 1192
1891 1211 1891 1331 2020 1331 2020 1211
2215 1204 2215 1340 2337 1340 2337 1204
2371 1206 2371 1360 2469 1360 2469 1206
2507 1213 2507 1348 2625 1348 2625 1213
1219 1324 1219 1470 1355 1470 1355 1324
1382 1328 1382 1477 1516 1477 1516 1328
1550 1340 1550 1472 1687 1472 1687 1340
1723 1345 1723 1470 1857 1470 1857 1345
1881 1352 1881 1482 1996 1482 1996 1352
2030 1362 2030 1484 2143 1484 2143 1362
2188 1338 2188 1489 2330 1489 2330 1338
2352 1369 2352 1496 2491 1496 2491 1369
1072 1477 1072 1605 1188 1605 1188 1477
1200 1492 1200 1609 1363 1609 1363 1492
1401 1489 1401 1621 1523 1621 1523 1489
1543 1494 1543 1619 1658 1619 1658 1494
1713 1489 1713 1633 1855 1633 1855 1489
1874 1496 1874 1648 2011 1648 2011 1496
2030 1511 2030 1648 2169 1648 2169 1511
2181 1508 2181 1648 2323 1648 2323 1508
2359 1511 2359 1655 2481 1655 2481 1511
784 1655 784 1765 911 1765 911 1655
933 1657 933 1775 1036 1775 1036 1657
1075 1645 1075 1756 1178 1756 1178 1645
1231 1631 1231 1777 1336 1777 1336 1631
1377 1655 1377 1799 1538 1799 1538 1655
1545 1660 1545 1799 1703 1799 1703 1660
1737 1657 1737 1797 1859 1797 1859 1657
1903 1679 1903 1801 1987 1801 1987 1679
2037 1662 2037 1813 2186 1813 2186 1662
2205 1660 2205 1813 2330 1813 2330 1660
2356 1679 2356 1816 2493 1816 2493 1679
2500 1691 2500 1804 2673 1804 2673 1691
626 1782 626 1921 770 1921 770 1782
767 1787 767 1919 904 1919 904 1787
923 1780 923 1924 1029 1924 1029 1780
1068 1768 1068 1928 1219 1928 1219 1768
1224 1809 1224 1931 1346 1931 1346 1809
1387 1799 1387 1938 1514 1938 1514 1799
1547 1809 1547 1928 1689 1928 1689 1809
1711 1816 1711 1936 1859 1936 1859 1816
1879 1809 1879 1936 2018 1936 2018 1809
2035 1806 2035 1957 2145 1957 2145 1806
770 1945 770 2097 916 2097 916 1945
1051 1988 1051 2097 1214 2097 1214 1988
1226 1974 1226 2111 1370 2111 1370 1974
1391 1967 1391 2113 1497 2113 1497 1967
1552 1986 1552 2125 1679 2125 1679 1986
1720 1981 1720 2121 1857 2121 1857 1981
1893 1998 1893 2130 2011 2130 2011 1998
2040 2003 2040 2123 2172 2123 2172 2003
2196 1984 2196 2140 2313 2140 2313 1984
616 2101 616 2255 736 2255 736 2101
777 2111 777 2250 902 2250 902 2111
916 2133 916 2255 1039 2255 1039 2133
1063 2128 1063 2265 1173 2265 1173 2128
1216 2135 1216 2262 1346 2262 1346 2135
1365 2128 1365 2265 1511 2265 1511 2128
1538 2140 1538 2279 1679 2279 1679 2140
1718 2145 1718 2291 1835 2291 1835 2145
1881 2157 1881 2289 2015 2289 2015 2157
2030 2147 2030 2286 2164 2286 2164 2147
760 2281 760 2406 868 2406 868 2281
916 2277 916 2423 1022 2423 1022 2277
1065 2281 1065 2421 1195 2421 1195 2281
1219 2296 1219 2418 1334 2418 1334 2296
1372 2298 1372 2430 1497 2430 1497 2298
1528 2308 1528 2430 1672 2430 1672 2308
1713 2322 1713 2454 1840 2454 1840 2322
1874 2315 1874 2449 1989 2449 1989 2315
754 2479 754 2580 876 2580 876 2479
890 2438 890 2601 1030 2601 1030 2438
1071 2447 1071 2587 1211 2587 1211 2447
1209 2470 1209 2583 1306 2583 1306 2470
1370 2474 1370 2603 1533 2603 1533 2474
1551 2465 1551 2599 1662 2599 1662 2465
1721 2476 1721 2624 1852 2624 1852 2476
1872 2479 1872 2617 1979 2617 1979 2479
2011 2483 2011 2608 2151 2608 2151 2483
2176 2488 2176 2621 2305 2621 2305 2488
756 2601 756 2762 876 2762 876 2601
899 2639 899 2755 1044 2755 1044 2639
1066 2621 1066 2778 1184 2778 1184 2621
1200 2628 1200 2764 1347 2764 1347 2628
1358 2608 1358 2764 1474 2764 1474 2608
1528 2628 1528 2746 1641 2746 1641 2628
1705 2646 1705 2766 1823 2766 1823 2646
1863 2637 1863 2762 2002 2762 2002 2637
2013 2635 2013 2768 2144 2768 2144 2635
2162 2653 2162 2796 2294 2796 2294 2653
2348 2655 2348 2789 2461 2789 2461 2655
742 2773 742 2902 880 2902 880 2773
890 2773 890 2907 1034 2907 1034 2773
1071 2780 1071 2904 1186 2904 1186 2780
1211 2780 1211 2922 1331 2922 1331 2780
1349 2768 1349 2925 1492 2925 1492 2768
1558 2780 1558 2916 1644 2916 1644 2780
1675 2780 1675 2932 1852 2932 1852 2780
1861 2796 1861 2920 1986 2920 1986 2796
2006 2784 2006 2927 2133 2927 2133 2784
2158 2796 2158 2947 2303 2947 2303 2796
742 2911 742 3061 885 3061 885 2911
890 2920 890 3054 1034 3054 1034 2920
1186 2918 1186 3065 1331 3065 1331 2918
1347 2927 1347 3063 1483 3063 1483 2927
1517 2943 1517 3083 1660 3083 1660 2943
1682 2934 1682 3088 1843 3088 1843 2934
1845 2929 1845 3067 1983 3067 1983 2929
731 3081 731 3212 867 3212 867 3081
876 3063 876 3217 1037 3217 1037 3063
1055 3070 1055 3204 1139 3204 1139 3070
1195 3084 1195 3206 1324 3206 1324 3084
1356 3084 1356 3215 1476 3215 1476 3084
1515 3090 1515 3199 1637 3199 1637 3090
1698 3099 1698 3222 1829 3222 1829 3099
1841 3088 1841 3224 1999 3224 1999 3088
2026 3092 2026 3240 2119 3240 2119 3092
745 3242 745 3378 865 3378 865 3242
869 3237 869 3380 1016 3380 1016 3237
1034 3233 1034 3376 1166 3376 1166 3233
1188 3224 1188 3401 1322 3401 1322 3224
1347 3246 1347 3398 1501 3398 1501 3246
1512 3235 1512 3385 1671 3385 1671 3235
1694 3235 1694 3382 1825 3382 1825 3235
1025 3389 1025 3532 1154 3532 1154 3389
1175 3391 1175 3555 1327 3555 1327 3391
1347 3396 1347 3543 1465 3543 1465 3396
1499 3403 1499 3548 1635 3548 1635 3403
1675 3410 1675 3548 1809 3548 1809 3410
1829 3394 1829 3541 1918 3541 1918 3394
1981 3407 1981 3555 2140 3555 2140 3407
2169 3414 2169 3564 2303 3564 2303 3414
735 3548 735 3695 869 3695 869 3548
880 3534 880 3693 969 3693 969 3534
1012 3552 1012 3693 1175 3693 1175 3552
1182 3559 1182 3693 1286 3693 1286 3559
1320 3557 1320 3699 1465 3699 1465 3557
1496 3577 1496 3720 1644 3720 1644 3577
1678 3575 1678 3729 1832 3729 1832 3575
1850 3555 1850 3718 1979 3718 1979 3555
2004 3568 2004 3729 2119 3729 2119 3568
851 3727 851 3893 969 3893 969 3727
1014 3718 1014 3877 1164 3877 1164 3718
1166 3729 1166 3861 1304 3861 1304 3729
1349 3723 1349 3868 1478 3868 1478 3723
1517 3725 1517 3870 1619 3870 1619 3725
1666 3729 1666 3890 1809 3890 1809 3729
1829 3754 1829 3877 1990 3877 1990 3754
2151 3757 2151 3920 2298 3920 2298 3757
704 3895 704 4008 842 4008 842 3895
862 3895 862 4013 980 4013 980 3895
1003 3890 1003 4017 1130 4017 1130 3890
1154 3906 1154 4019 1279 4019 1279 3906
1333 3872 1333 4044 1444 4044 1444 3872
1469 3886 1469 4058 1639 4058 1639 3886
1680 3899 1680 4035 1793 4035 1793 3899
1816 3902 1816 4053 1961 4053 1961 3902
1983 3920 1983 4069 2103 4069 2103 3920
835 4040 835 4178 994 4178 994 4040
1007 4047 1007 4183 1127 4183 1127 4047
1168 4040 1168 4183 1299 4183 1299 4040
1320 4058 1320 4180 1463 4180 1463 4058
1483 4067 1483 4187 1641 4187 1641 4067
1664 4056 1664 4196 1786 4196 1786 4056
1805 4065 1805 4192 1968 4192 1968 4065
1986 4081 1986 4205 2122 4205 2122 4081
2142 4106 2142 4219 2276 4219 2276 4106
688 4173 688 4316 799 4316 799 4173
837 4205 837 4330 987 4330 987 4205
1021 4198 1021 4332 1102 4332 1102 4198
1152 4196 1152 4334 1288 4334 1288 4196
1501 4192 1501 4343 1650 4343 1650 4192
1666 4210 1666 4361 1784 4361 1784 4210
1795 4237 1795 4377 1965 4377 1965 4237
1990 4223 1990 4368 2131 4368 2131 4223
2160 4241 2160 4375 2291 4375 2291 4241
833 4346 833 4470 951 4470 951 4346
985 4346 985 4479 1102 4479 1102 4346
1168 4339 1168 4475 1256 4475 1256 4339
1277 4357 1277 4470 1463 4470 1463 4357
1650 4373 1650 4506 1805 4506 1805 4373
1827 4373 1827 4518 1938 4518 1938 4373
1965 4393 1965 4515 2124 4515 2124 4393
2153 4386 2153 4529 2276 4529 2276 4386
2307 4398 2307 4518 2448 4518 2448 4398
837 4502 837 4636 967 4636 967 4502
1000 4500 1000 4667 1091 4667 1091 4500
1132 4502 1132 4647 1288 4647 1288 4502
1313 4509 1313 4665 1438 4665 1438 4509
1648 4513 1648 4656 1775 4656 1775 4513
1807 4531 1807 4661 1920 4661 1920 4531
1963 4529 1963 4670 2101 4670 2101 4529
2117 4554 2117 4665 2237 4665 2237 4554
819 4667 819 4796 955 4796 955 4667
976 4674 976 4783 1107 4783 1107 4674
1130 4667 1130 4801 1268 4801 1268 4667
1650 4688 1650 4812 1766 4812 1766 4688
1809 4690 1809 4824 1927 4824 1927 4690
1954 4697 1954 4840 2099 4840 2099 4697
837 4808 837 4962 973 4962 973 4808
973 4801 973 4955 1134 4955 1134 4801
1127 4812 1127 4962 1259 4962 1259 4812
1623 4842 1623 4964 1800 4964 1800 4842
# Transcript
E
**H**
OYDHMOY
ITHN*YNO
*PROSTOND*
OTERONTEE**
AQOISTOISTEO**
YDHMOYSWTH****
*E*LANTESAN**
YSANAYTOIS***
ONTONAQH****
ONPOLEMONT*
*SANDRONEUHF
MWIKAIAFES*
IA*EKATO**
MWIAPODEI**
NKATAT**Y**
**NTYCHIAG
EITOYSPRO*
REYEINE*T
EKKLHSIAN*
THNTWNKOL
KAIC*HMATI
*QAIT*SBOYL
EITE*BOYL*
WNK*OFW**
EYNA**