# Baseline angle
6.149351088096589
# Boxes: x1 y1 x2 y2 x3 y3 x4 y4
394 483 407.3491409334215 582.1476186489635 505 569 491.6508590665785 469.85238135103646
532 458 545.6212319864385 559.1685112364991 636 547 622.3787680135615 445.8314887635009
669 440 682.3211385411772 538.9396374371879 771 527 757.6788614588228 428.06036256281214
410 606 424.64096660258247 714.7423513321909 497 705 482.35903339741753 596.2576486678091
534 600 548.6129642103382 708.5343701204152 612 700 597.3870357896618 591.4656298795848
700 586 715.3912002157356 700.314535830469 792 690 776.6087997842644 575.685464169531
821 570 834.2499188952272 668.4106701926153 919 657 905.7500811047728 558.5893298073847
983 714 996.8653206472111 816.9814226122589 1071 807 1057.134679352789 704.0185773877411
834 734 845.5663851733415 819.906617664239 934 808 922.4336148266585 722.093382335761
707 739 720.8831255586987 842.1136644234022 796 832 782.1168744413013 728.8863355765978
547 758 560.8781081779941 861.0763990030135 658 848 644.1218918220059 744.9236009969865
435 759 449.07638953503493 863.5490873558546 520 854 505.9236104649651 749.4509126441454
294 775 307.03366990735117 871.8045314687756 365 864 351.96633009264883 767.1954685312244
292 914 306.36628549953934 1020.7022217545333 371 1012 356.63371450046066 905.2977782454667
425 907 439.3434632073473 1013.5327145230017 525 1002 510.6565367926527 895.4672854769983
566 901 579.4787926945386 1001.110576747354 662 990 648.5212073054614 889.889423252646
711 884 724.8144959627748 986.6039341689516 811 975 797.1855040372252 872.3960658310484
843 870 855.7997787273354 965.0673594936483 938 954 925.2002212726646 858.9326405063517
987 856 1000.7254714053372 957.942725113236 1082 947 1068.2745285946626 845.0572748867642
1126 856 1137.5663851733416 941.906617664239 1226 930 1214.4336148266584 844.093382335761
291 1069 305.0509771928167 1173.3603431342008 382 1163 367.9490228071833 1058.6396568657992
570 1051 583.2525089452533 1149.4299071827372 683 1136 669.7474910547467 1037.5700928172628
720 1035 734.0611746735735 1139.4360825348335 819 1128 804.9388253264265 1023.5639174651665
864 1031 877.1455167569807 1128.635247756023 919 1123 905.8544832430193 1025.364752243977
972 1007 986.3918605611052 1113.8921745360424 1097 1099 1082.6081394388946 992.1078254639575
1133 978 1150.545269067027 1108.3133778590775 1242 1096 1224.454730932973 965.6866221409225
1286 974 1300.9360426671392 1084.9339597111136 1397 1072 1382.0639573328608 961.0660402888865
1438 974 1451.2499188952272 1072.4106701926153 1536 1061 1522.7500811047728 962.5893298073847
1289 1137 1302.9671327354315 1240.7376080587294 1405 1227 1391.0328672645685 1123.2623919412706
1146 1148 1161.7829082684602 1265.223855675618 1260 1252 1244.2170917315398 1134.776144324382
1005 1167 1018.1990942107909 1265.033181749308 1115 1252 1101.800905789209 1153.966818250692
859 1171 872.6746467209009 1272.5652366699285 966 1260 952.3253532790991 1158.4347633300715
591 1197 603.2555966213014 1288.0255743185774 700 1275 687.7444033786986 1183.9744256814226
451 1201 463.97523779218415 1297.3705406149577 541 1287 528.0247622078159 1190.6294593850423
309 1233 321.28100896351964 1324.214318540231 412 1312 399.71899103648036 1220.785681459769
468 1349 482.02038475054627 1453.1331249323032 535 1446 520.9796152494538 1341.8668750676968
600 1345 612.4132507746629 1437.1965136287436 703 1425 690.5867492253371 1332.8034863712564
737 1336 749.0521351642084 1425.5144119854922 842 1413 829.9478648357916 1323.4855880145078
882 1316 896.2366337384224 1421.7392636561428 976 1411 961.7633662615776 1305.2607363438572
1039 1303 1052.8677479778896 1405.9994510425254 1090 1401 1076.1322520221104 1298.0005489574746
1161 1283 1175.7477960715073 1392.5358021990496 1254 1382 1239.2522039284927 1272.4641978009504
1314 1292 1325.0984400939622 1374.431065154129 1410 1363 1398.9015599060378 1280.568934845871
1460 1268 1472.2657941020584 1359.1013137192097 1577 1345 1564.7342058979416 1253.8986862807903
1630 1245 1644.882465213329 1355.5360257178288 1686 1350 1671.117534786671 1239.4639742821712
457 1487 468.83345884565387 1574.890244831386 572 1561 560.1665411543462 1473.109755168614
623 1459 636.5956569248725 1559.9785584549898 681 1554 667.4043430751275 1453.0214415450102
751 1448 764.9213254316998 1551.3973850358104 857 1539 843.0786745683002 1435.6026149641896
885 1451 896.098440093962 1533.431065154129 981 1522 969.901559906038 1439.568934845871
1031 1437 1042.7622391997038 1524.3612775868135 1142 1511 1130.2377608002962 1423.6387224131865
1186 1423 1197.5077903388267 1508.4714182505654 1253 1501 1241.4922096611733 1415.5285817494346
1319 1412 1329.0685079970615 1486.7814856578048 1424 1474 1413.9314920029385 1399.2185143421952
1458 1390 1470.451450647664 1482.4802342411517 1578 1468 1565.548549352336 1375.5197657588483
1612 1385 1624.1233548101582 1475.0433792300648 1721 1462 1708.8766451898418 1371.9566207699352
1612 1495 1625.1202671341102 1592.4477120942247 1725 1579 1711.8797328658898 1481.5522879057753
1514 1508 1527.1175143647363 1605.4272665442472 1560 1601 1546.8824856352637 1503.5727334557528
1328 1521 1341.1482695263546 1618.6556933060006 1450 1604 1436.8517304736454 1506.3443066939994
1185 1538 1195.2515744926409 1614.1411691896244 1278 1603 1267.7484255073591 1526.8588308103756
1037 1549 1047.833956471676 1629.466674977104 1133 1618 1122.166043528324 1537.533325022896
891 1560 903.6345171432433 1653.8399177729716 999 1641 986.3654828567567 1547.1600822270284
760 1571 772.5887098395116 1664.4996947500529 858 1653 845.4112901604884 1559.5003052499471
332 1757 342.61269010309525 1835.8232708328758 423 1825 412.38730989690475 1746.1767291671242
470 1738 481.69101955375396 1824.832310342241 577 1812 565.308980446246 1725.167689657759
776 1698 789.6110345056817 1799.0927718358664 872 1788 858.3889654943183 1686.9072281641336
907 1685 921.5875518681199 1793.3456258987615 991 1784 976.4124481318801 1675.6543741012385
1054 1693 1066.120764760132 1783.0241422399426 1148 1772 1135.879235239868 1681.9758577600574
1219 1665 1232.39980289851 1764.5238985324154 1266 1760 1252.60019710149 1660.4761014675846
1355 1651 1368.7356688860941 1753.0184645138684 1458 1741 1444.2643311139059 1638.9815354861316
1494 1648 1507.5424049097578 1748.583041581416 1601 1736 1587.4575950902422 1635.416958418584
216 1884 229.14308942630228 1981.6172193257567 308 1971 294.8569105736977 1873.3827806742433
212 2036 226.35366068810416 2142.6084539236344 320 2130 305.6463393118959 2023.3915460763658
245 2181 257.7819738158479 2275.9351176825053 339 2265 326.21802618415217 2170.0648823174947
352 1889 364.67773439694906 1983.1609038057686 455 1971 442.32226560305094 1876.8390961942314
362 2020 376.2366337384223 2125.7392636561426 456 2115 441.7633662615777 2009.2607363438572
367 2162 381.53931723370977 2269.9873744455763 478 2257 463.46068276629023 2149.0126255544237
491 1870 503.20978931756963 1960.6853512956584 590 1949 577.7902106824304 1858.3146487043416
504 2000 517.2245065530091 2098.2219259709614 608 2086 594.7754934469909 1987.7780740290384
538 2166 550.5301150049968 2259.0644953363794 603 2252 590.4698849950032 2158.9355046636206
643 1852 657.5799444373893 1960.2891234882509 734 1950 719.4200555626107 1841.7108765117491
657 2005 668.9351082145265 2093.645221718001 748 2083 736.0648917854735 1994.3547782819992
673 2151 686.911127950943 2254.321645635178 771 2243 757.088872049057 2139.678354364822
804 2142 817.852695835776 2244.88765478136 921 2231 907.147304164224 2128.11234521864
784 2002 797.7458663668509 2104.094203914501 895 2091 881.2541336331491 1988.9057960854989
788 1846 801.4685952137818 1946.0348373467216 876 1936 862.5314047862182 1835.9651626532784
910 1830 923.8501057857497 1932.8684177912378 1012 1921 998.1498942142503 1818.1315822087622
919 1983 931.1843769753515 2073.4966070740047 1024 2061 1011.8156230246485 1970.5033929259953
944 2123 957.2423114644965 2221.3541677821045 1049 2209 1035.7576885355036 2110.6458322178955
1079 1957 1093.9892946822538 2068.329476584687 1141 2062 1126.0107053177462 1950.6705234153123
1098 2112 1110.4054806245842 2204.1388026583772 1156 2198 1143.5945193754158 2105.8611973416228
1207 1804 1220.7788861397999 1906.3394505466654 1305 1895 1291.2211138602001 1792.6605494533346
1193 1958 1206.0034029037763 2054.579730386589 1344 2036 1330.9965970962237 1939.4202696134112
1371 1937 1384.4533803523202 2036.9218325257002 1473 2025 1459.5466196476798 1925.0781674742998
1494 1779 1508.6893639563405 1888.1018113452317 1606 1875 1591.3106360436595 1765.8981886547683
1527 1923 1541.7477960715073 2032.5358021990496 1620 2022 1605.2522039284927 1912.4641978009504
1525 2065 1539.104391927279 2169.75706856763 1619 2159 1604.895608072721 2054.24293143237
1383 2075 1398.1191091627188 2187.2936432429337 1482 2176 1466.8808908372812 2063.7063567570663
1226 2092 1240.6079468296336 2200.4971047000267 1326 2189 1311.3920531703664 2080.5028952999733
1687 2203 1701.5825344874154 2311.308360478373 1793 2299 1778.4174655125846 2190.691639521627
1696 2503 1708.609104801025 2596.6511735513177 1810 2583 1797.390895198975 2489.3488264486823
1567 2217 1580.8473530163758 2319.8479722412603 1602 2317 1588.1526469836242 2214.1520277587397
1433 2372 1447.6077841102858 2480.495896140171 1481 2476 1466.3922158897142 2367.504103859829
1441 2529 1453.3216361671991 2620.516067582906 1524 2611 1511.6783638328009 2519.483932417094
1444 2676 1456.5199175242399 2768.9887559357467 1501 2763 1488.4800824757601 2670.0112440642533
1280 2690 1291.7444342882163 2777.22903577567 1390 2764 1378.2555657117837 2676.77096422433
1303 2819 1315.2860263442242 2910.2515839606194 1384 2901 1371.7139736557758 2809.7484160393806
1410 2236 1422.8938206654775 2331.7658339697527 1488 2323 1475.1061793345225 2227.2341660302473
1239 2241 1252.8501057857497 2343.868417791238 1341 2332 1327.1498942142503 2229.131582208762
1256 2388 1268.5989073202684 2481.5754341506854 1362 2469 1349.4010926797316 2375.4245658493146
1266 2526 1281.2335460623744 2639.143596520303 1364 2628 1348.7664539376256 2514.856403479697
119 2350 128.351294156857 2419.4545477916904 206 2409 196.64870584314298 2339.5454522083096
251 2333 263.9676303614535 2429.314038204447 348 2418 335.0323696385465 2321.685961795553
379 2319 392.55260239051466 2419.6587809820485 494 2406 480.44739760948534 2305.3412190179515
704 2292 716.4995225627264 2384.8372771344816 745 2381 732.5004774372736 2288.1627228655184
816 2278 829.2423114644965 2376.3541677821045 921 2364 907.7576885355035 2265.6458322178955
960 2271 972.5531000165365 2364.2352111277664 1056 2353 1043.4468999834635 2259.7647888722336
1095 2264 1107.985435272941 2360.44628001559 1193 2349 1180.014564727059 2252.55371998441
1108 2393 1120.807386158066 2488.1238619041587 1196 2478 1183.192613841934 2382.8761380958413
1097 2551 1110.9799202662145 2654.832584449484 1236 2638 1222.0200797337855 2534.167415550516
983 2574 995.0343302527208 2663.3821701743486 1087 2651 1074.9656697472792 2561.6178298256514
818 2417 832.4070754225665 2524.0051793570638 929 2511 914.5929245774335 2403.9948206429362
831 2573 844.8323008742623 2675.7361759800947 932 2664 918.1676991257377 2561.2638240199053
677 2448 689.1411597216459 2538.1756210412077 787 2525 774.8588402783541 2434.8243789587923
547 2455 558.5205778696096 2540.56639464132 637 2530 625.4794221303904 2444.43360535868
699 2600 710.4875580966608 2685.321148009156 802 2673 790.5124419033392 2587.678851990844
582 2591 595.9185726623258 2694.3769394858327 621 2691 607.0814273376742 2587.6230605141673
407 2461 419.78958124657856 2555.9916200930156 494 2546 481.21041875342144 2451.0083799069844
398 2607 413.0352647053335 2718.6709081674617 522 2704 506.9647352946665 2592.3290918325383
284 2477 296.94966273061823 2573.1805878334485 328 2569 315.05033726938177 2472.8194121665515
280 2778 293.4483629716158 2877.884567105312 404 2863 390.5516370283842 2763.115432894688
452 2746 464.4995225627263 2838.8372771344816 493 2835 480.5004774372737 2742.1627228655184
554 2749 567.3415335026908 2848.091116238453 672 2834 658.6584664973092 2734.908883761547
714 2726 727.1786992492772 2823.8817029480424 808 2813 794.8213007507228 2715.1182970519576
845 2711 857.820173688849 2806.2188382949134 956 2793 943.179826311151 2697.7811617050866
990 2714 1000.9738057135496 2795.505372476127 1079 2785 1068.0261942864504 2703.494627523873
1147 2689 1160.7254714053374 2790.942725113236 1242 2780 1228.2745285946626 2678.057274886764
1159 2826 1171.0443650141299 2915.456701015126 1219 2909 1206.9556349858701 2819.543298984874
1139 2959 1152.440755540885 3058.8280646948015 1270 3043 1256.559244459115 2943.1719353051985
1175 3078 1190.4776347231468 3192.9565078960627 1257 3184 1241.5223652768532 3069.0434921039373
302 2914 314.00114776042426 3003.1357149823293 367 2996 354.99885223957574 2906.8642850176707
420 2896 432.0623326449652 2985.5901513861245 533 2972 520.9376673550348 2882.4098486138755
576 2883 589.4559704023466 2982.9410695158226 693 2969 679.5440295976534 2869.0589304841774
732 2869 742.8847811561122 2949.8441634204114 816 2940 805.1152188438878 2859.1558365795886
853 2856 865.9524154999921 2952.201033383426 964 2939 951.0475845000079 2842.798966616574
998 2850 1010.3700335209571 2941.8755275959466 1106 2929 1093.6299664790429 2837.1244724040534
1027 2961 1041.3076906650244 3067.26702234086 1073 3063 1058.6923093349756 2956.73297765914
1004 3104 1016.0979424679401 3193.8546350084107 1119 3180 1106.9020575320599 3090.1453649915893
1049 3245 1060.4441781236076 3329.9989534165034 1105 3324 1093.5558218763924 3239.0010465834966
889 3259 900.2942941203246 3342.8857250767037 996 3330 984.7057058796754 3246.1142749232963
908 3107 922.1678414231508 3212.228324841837 961 3207 946.8321585768492 3101.771675158163
882 2990 895.1888967300341 3087.957442348675 984 3076 970.8111032699659 2978.042557651325
740 2990 753.3973755678317 3089.505870102149 824 3080 810.6026244321683 2980.494129897851
588 2998 602.4757050184904 3105.514909611514 688 3094 673.5242949815096 2986.485090388486
451 3022 463.1131573294015 3111.967639829432 552 3100 539.8868426705985 3010.032360170568
459 3298 472.9061105702384 3401.2843802147895 579 3387 565.0938894297616 3283.7156197852105
605 3275 619.2646361306666 3380.9472448679185 708 3369 693.7353638693334 3263.0527551320815
751 3266 764.700059063119 3367.753980891582 852 3356 838.299940936881 3254.246019108418
604 3152 614.9483933713315 3233.3166282544735 699 3222 688.0516066286685 3140.6833717455265
723 3127 735.7235417006809 3221.501126828687 836 3208 823.2764582993191 3113.498873171313
958 2398 972.0713721543303 2502.5118219354663 1065 2490 1050.9286278456696 2385.4881780645337
243 601 259.7824106424385 725.6474255299001 376 710 359.2175893575615 585.3525744700999
294 1356 310.942654845826 1481.8376018301883 436 1465 419.057345154174 1339.1623981698117
1574 1098 1589.1318966935016 1210.3886196336882 1696 1196 1680.8681033064984 1083.6113803663118
513 2290 530.4436196981542 2419.558400972463 646 2404 628.5563803018458 2274.441599027537
88 2481 102.47586773783821 2588.5161181713697 240 2570 225.5241322621618 2462.4838818286303
1534 2327 1553.567096107175 2472.3300247991733 1660 2458 1640.432903892825 2312.6699752008267
1678 2358 1690.5048653821264 2450.876959674581 1801 2436 1788.4951346178736 2343.123040325419
241 2601 258.98278442348357 2734.562920727145 382 2718 364.01721557651643 2584.437079272855
1563 2641 1581.0590214501383 2775.1291533921067 1686 2761 1667.9409785498617 2626.8708466078933
718 1183 732.9386327171653 1293.9531967012356 844 1279 829.0613672828347 1168.0468032987644
1435 1106 1451.7468008194635 1230.382941907614 1566 1215 1549.2531991805365 1090.617058092386
592 1697 609.2631432526009 1825.2179544307648 752 1806 734.7368567473991 1677.7820455692352
294 3026 310.6043615275636 3149.325007418469 417 3135 400.3956384724364 3011.674992581531
296 3153 314.165850919063 3287.9226042589653 425 3273 406.834149080937 3138.0773957410347
176 3300 193.6164887129769 3430.84234510365 289 3418 271.3835112870231 3287.15765489635
297 3292 312.81350071073086 3409.4510738775157 435 3393 419.18649928926914 3275.5489261224843
1240 818 1257.3775801522565 947.0679077081342 1399 928 1381.6224198477435 798.9320922918658
605 1569 620.1929188586947 1681.841847477628 723 1668 707.8070811413053 1555.158152522372
# Transcript
EAC
ANTHN
LEWNMH
ERANMHDE
E*THISTHL
NHTONDHMON
QISTHIHOLI
*AIHLEIOYS*
**IKAQOTIA*
ATONKAIEA*
*HMONKA*A*Y*
*THNACAIWNH*
*EQISTHIHFY**
OYTOISPANTIS*
DIKOYMENOIKA*
*THIAYTWNE*A
AISPOLESIP*
*IOMOSAID
*ONNHSIW*
*S*AXIAR
COYSKAI*


# Lines: x1 y1 x2 y2 x3 y3 x4 y4
