# Baseline angle
0.105590303047842
# Boxes: x1 y1 x2 y2 x3 y3 x4 y4
853 59 838.969287774219 191.38459176391132 958 204 972.030712225781 71.61540823608868
1042 74 1028.772985257642 198.8014298023158 1125 209 1138.227014742358 84.19857019768419
1212 87 1198.2122260115552 217.09238600442515 1320 230 1333.7877739884448 99.90761399557485
1374 107 1360.609238982821 233.34643217968753 1480 246 1493.390761017179 119.65356782031247
1546 132 1532.8806652634892 255.78543194092344 1667 270 1680.1193347365108 146.21456805907653
1734 146 1722.606848174108 253.49830294456086 1850 267 1861.393151825892 159.50169705543914
667 209 651.9371593647976 351.12307801681266 764 363 779.0628406352024 220.87692198318734
847 235 833.2204611554135 365.0146845919641 918 374 931.7795388445865 243.9853154080359
1001 250 988.1173313333456 371.55240623715656 1115 385 1127.8826686666544 263.44759376284344
1200 264 1185.5708384059196 400.14409848830803 1288 411 1302.4291615940804 274.85590151169197
1367 293 1356.7138593549432 390.05327200852247 1460 401 1470.2861406450568 303.94672799147753
1531 318 1520.7486195657548 414.72529747352536 1646 428 1656.2513804342452 331.27470252647464
1728 315 1714.1740664273318 445.45243479582325 1842 459 1855.8259335726682 328.54756520417675
455 378 441.77442165467585 502.7878769026567 557 515 570.2255783453242 390.2121230973433
631 394 618.0367029737963 516.3131625189302 700 525 712.9632970262037 402.6868374810698
805 421 793.5290926086267 529.2319534270162 914 542 925.4709073913733 433.7680465729838
991 432 978.4636403854274 550.2848613152555 1089 562 1101.5363596145723 443.7151386847445
1178 443 1164.5440277522994 569.9617225507044 1297 584 1310.4559722477006 457.0382774492956
1354 465 1340.5570986666035 591.8383939821832 1427 601 1440.4429013333965 474.1616060178168
1520 472 1507.3061662780863 591.770683636908 1651 607 1663.6938337219137 487.2293163630921
1716 489 1702.6488349640786 614.9728304886303 1835 629 1848.3511650359214 503.02716951136966
76 540 63.60177141098459 656.9815476178434 177 669 189.39822858901542 552.0184523821566
253 568 241.39723375054945 677.4760870687089 369 691 380.60276624945055 581.5239129312911
433 567 419.8584493876373 690.995046364482 552 705 565.1415506123627 581.004953635518
629 587 615.9410407235647 710.2157687259668 746 724 759.0589592764353 600.7842312740332
794 612 782.5513084844785 720.0223390034574 905 733 916.4486915155215 624.9776609965426
985 604 970.661138306361 739.2920878944143 1100 753 1114.3388616936393 617.7079121055857
1163 620 1148.3216280011034 758.4954843035134 1238 768 1252.6783719988966 629.5045156964866
1329 645 1316.38732121698 764.0049588980517 1439 777 1451.61267878302 657.9950411019483
1513 653 1499.6647786724504 778.8223961207908 1624 792 1637.3352213275496 666.1776038792092
404 749 389.3578246089488 887.1539568688572 520 901 534.6421753910511 762.8460431311428
597 769 584.4636403854274 887.2848613152555 695 899 707.5363596145726 780.7151386847445
784 784 771.1588902909816 905.1602831893575 864 915 876.8411097090184 793.8397168106425
937 802 924.3269457569043 921.5746221130084 1051 935 1063.6730542430957 815.4253778869916
1126 818 1114.4146138559552 927.3120998012105 1253 942 1264.5853861440448 832.6879001987895
1317 817 1302.032295035685 958.2254402668588 1432 972 1446.967704964315 830.7745597331412
1500 848 1488.0605962393597 960.6523776784899 1614 974 1625.9394037606403 861.3476223215101
1694 868 1680.8652481344614 991.9308978516802 1757 1000 1770.1347518655386 876.0691021483198
1834 883 1822.470153545585 991.7880637423137 1966 1007 1977.529846454415 898.2119362576863
574 942 560.6918303187484 1067.5671545411722 678 1080 691.3081696812516 954.4328454588278
738 960 723.645194597989 1095.4425222622538 861 1110 875.354805402011 974.5574777377462
944 992 931.6302594543163 1108.7127531385654 1057 1122 1069.3697405456837 1005.2872468614345
1106 983 1092.8140176359334 1107.4142752115995 1221 1121 1234.1859823640666 996.5857247884005
1479 1023 1465.2281697199273 1152.9419516365858 1579 1165 1592.7718302800727 1035.0580483634142
1667 1042 1652.4119279015445 1179.6434737096197 1769 1192 1783.5880720984555 1054.3565262903803
1833 1060 1820.828765939949 1174.8397762261966 1945 1188 1957.171234060051 1073.1602237738034
387 1099 375.07653994773153 1211.5019433106506 493 1224 504.92346005226847 1111.4980566893494
554 1120 542.0828121152115 1232.4427632549312 670 1246 681.9171878847885 1133.5572367450688
741 1151 731.8160347653322 1237.653868228544 820 1247 829.1839652346678 1160.346131771456
1106 1159 1092.8014733009736 1283.532635323038 1201 1295 1214.1985266990264 1170.467364676962
1275 1186 1262.360269570682 1305.2602004776704 1392 1319 1404.639730429318 1199.7397995223296
1472 1204 1460.7025104243396 1310.5956967375243 1540 1319 1551.2974895756604 1212.4043032624757
1661 1207 1647.7966375305277 1331.578262479098 1765 1344 1778.2033624694723 1219.421737520902
1855 1216 1840.6964250965168 1350.9591449023346 1926 1360 1940.3035749034832 1225.0408550976654
1278 1370 1267.1787153581206 1472.1025395306722 1370 1483 1380.8212846418794 1380.8974604693278
1443 1356 1428.2911769813932 1494.7828001395333 1553 1508 1567.7088230186068 1369.2171998604667
1630 1386 1616.5488635227453 1512.9160953946443 1740 1526 1753.4511364772547 1399.0839046053557
1269 1527 1255.8125812388996 1651.4278281112586 1365 1663 1378.1874187611004 1538.5721718887414
1431 1562 1418.1825425638672 1682.9371158661397 1532 1695 1544.8174574361328 1574.0628841338603
1623 1564 1610.6592740769925 1680.4389902022049 1682 1688 1694.3407259230075 1571.5610097977951
44 718 29.102342036652587 858.5645227397818 137 870 151.8976579633474 729.4354772602182
# Transcript
ERGETA
AIPROXE
**SIANEINA
SATELEIAN**
A*YLIANKAIA
*HMAS*NKA
NTO*KAIEI
OYS
KAI

# Lines: x1 y1 x2 y2 x3 y3 x4 y4
