# Baseline angle
-0.050431957357449986
# Boxes: x1 y1 x2 y2 x3 y3 x4 y4
708 192 708 287 814 287 814 192
823 187 823 263 924 263 924 187
940 167 940 256 1060 256 1060 167
1067 162 1067 259 1182 259 1182 162
1198 147 1198 239 1304 239 1304 147
1327 143 1327 224 1432 224 1432 143
722 328 722 402 808 402 808 328
843 307 843 396 954 396 954 307
984 288 984 384 1043 384 1043 288
1083 276 1083 388 1174 388 1174 276
1206 260 1206 363 1311 363 1311 260
1324 256 1324 346 1439 346 1439 256
1460 243 1460 334 1562 334 1562 243
1584 246 1584 327 1675 327 1675 246
1691 238 1691 312 1803 312 1803 238
1818 208 1818 298 1922 298 1922 208
1938 203 1943.1428145667078 304.888842880668 2040 300 2034.8571854332922 198.111157119332
2067 203 2071.536115471772 292.8689911131292 2168 288 2163.463884528228 198.1310088868708
2187 183 2191.873293534121 279.5491235915298 2282 275 2277.126706465879 178.4508764084702
727 434 731.4730628488124 522.6197998948576 823 518 818.5269371511876 429.38020010514236
856 430 860.1261979260828 511.7477524674417 974 506 969.8738020739172 424.2522475325583
975 408 979.4532110812737 496.22649898979347 1083 491 1078.5467889187264 402.77350101020653
1088 406 1092.4730628488126 494.61979989485764 1184 490 1179.5269371511874 401.38020010514236
1228 398 1231.8841523414026 474.9523735504042 1330 470 1326.1158476585974 393.0476264495958
1368 376 1372.2859681599466 460.9131017220216 1430 458 1425.7140318400534 373.0868982779784
1462 367 1466.2843830267107 451.88169724707643 1563 447 1558.7156169732893 362.11830275292357
1602 355 1606.8076996843718 450.249585884246 1691 446 1686.1923003156282 350.750414115754
1727 347 1731.6037725015335 438.2094043023916 1815 434 1810.3962274984665 342.7905956976084
1843 340 1847.656660217335 432.2572095646144 1932 428 1927.343339782665 335.7427904353856
1951 332 1955.0097795405447 411.4412849799139 2043 407 2038.9902204594553 327.5587150200861
2084 315 2088.941428610659 412.8990077878258 2186 408 2181.058571389341 310.1009922121742
2192 315 2196.4400269005496 402.965295537699 2275 399 2270.5599730994504 311.034704462301
2304 292 2308.3622049636306 378.42349639238773 2396 374 2391.6377950363694 287.57650360761227
740 554 744.9434917906716 651.9398832698045 823 648 818.0565082093284 550.0601167301955
860 551 864.7222540670839 644.5567472718982 955 640 950.2777459329161 546.4432527281018
978 520 983.4097943725054 627.178215680794 1086 622 1080.5902056274945 514.821784319206
1108 520 1113.225718957206 623.5313350040036 1203 619 1197.774281042794 515.4686649959964
1226 512 1231.2735242194287 616.478447288202 1320 612 1314.7264757805713 507.521552711798
1366 498 1371.1499602002993 600.0304113406711 1451 596 1445.8500397997007 493.96958865932896
1474 494 1478.5737558268368 584.6147174412787 1570 580 1565.4262441731632 489.38528255872126
1594 479 1598.8555049465945 575.1966981684443 1682 571 1677.1444950534055 474.8033018315556
1720 486 1723.4661330685683 554.6706244306466 1816 550 1812.5338669314317 481.3293755693534
1844 458 1848.2513470784481 542.2271928899179 1932 538 1927.7486529215519 453.7728071100822
1960 450 1964.3571225100513 536.3228034143633 2050 532 2045.6428774899487 445.6771965856367
2086 438 2090.767518102517 532.4535130670844 2179 528 2174.232481897483 433.5464869329156
2231 426 2235.676033938097 518.6410394626449 2288 516 2283.323966061903 423.358960537355
746 672 751.0700750833673 772.4477367133811 859 767 853.9299249166327 666.5522632866189
878 664 882.9765277389345 762.5943876269631 974 758 969.0234722610655 659.4056123730369
1012 667 1015.9192514696782 744.6477533895415 1108 740 1104.080748530322 662.3522466104585
1118 651 1123.0472040422621 750.9946183122713 1222 746 1216.9527959577379 646.0053816877287
1248 635 1252.8453400394365 730.9953122123957 1332 727 1327.1546599605635 631.0046877876043
1363 628 1367.0097795405447 707.4412849799138 1455 703 1450.9902204594553 623.5587150200862
1478 618 1482.092683931043 699.0837771032495 1563 695 1558.907316068957 613.9162228967505
1594 606 1597.7432777815238 680.1613831868215 1700 675 1696.2567222184762 600.8386168131785
1720 586 1724.8931453016594 682.9424244965938 1803 679 1798.1068546983406 582.0575755034062
1852 586 1855.9670567319008 664.59486567374 1947 660 1943.0329432680992 581.40513432626
1970 570 1974.8377163590683 665.8442727453589 2051 662 2046.1622836409317 566.1557272546411
2107 555 2111.399845318695 642.1692227205373 2194 638 2189.600154681305 550.8307772794627
2224 548 2228.764976875728 642.403166578072 2316 638 2311.235023124272 543.596833421928
760 807 764.5335742449824 896.818644624117 860 892 855.4664257550176 802.181355375883
882 800 886.302171614237 885.2341226701618 990 880 985.697828385763 794.7658773298382
1004 782 1008.4206531797876 869.5814656396684 1119 864 1114.5793468202123 776.4185343603316
1246 758 1250.727336520663 851.6574402499225 1343 847 1338.272663479337 753.3425597500775
1370 740 1374.3225014285526 825.6368945822595 1486 820 1481.6774985714474 734.3631054177405
1496 734 1500.49799706993 823.1137937779461 1582 819 1577.50200293007 729.8862062220539
1612 724 1616.6444321301647 816.0149481265869 1716 811 1711.3555678698353 718.9850518734131
1752 719 1756.3109023810644 804.40709560511 1804 802 1799.6890976189356 716.59290439489
1868 696 1873.067055809801 796.3879192173354 1960 792 1954.932944190199 691.6120807826646
1986 695 1990.5081619770879 784.3151797339949 2076 780 2071.4918380229124 690.6848202660051
2104 683 2107.9344988304147 760.9498323236148 2206 756 2202.0655011695853 678.0501676763852
2239 664 2242.987386546217 742.9976375858375 2342 738 2338.012613453783 659.0023624141625
767 930 771.903788255594 1027.1532814596762 874 1022 869.096211744406 924.8467185403238
904 926 908.5585084661001 1016.3126385072055 994 1012 989.4414915338999 921.6873614927945
1154 888 1158.4074689990637 975.3202621875738 1244 971 1239.5925310009363 883.6797378124262
1252 891 1256.2391189912776 974.9849314518904 1355 970 1350.7608810087224 886.0150685481096
1374 866 1378.6067917750997 957.2692217984373 1483 952 1478.3932082249003 860.7307782015627
1495 855 1499.5437391521402 945.0200305801659 1599 940 1594.4562608478598 849.9799694198341
1603 854 1607.9541347446063 952.1507402328868 1710 947 1705.0458652553937 848.8492597671132
1730 835 1734.5961488211651 926.0583648353551 1815 922 1810.4038511788349 830.9416351646449
1855 828 1858.9873865462166 906.9976375858375 1958 902 1954.0126134537834 823.0023624141625
2026 811 2030.6780971181095 903.6819149446236 2064 902 2059.3219028818903 809.3180850553764
2107 795 2111.4862470295366 883.8810033469522 2228 878 2223.5137529704634 789.1189966530478
2242 791 2245.914169016099 868.5470604115171 2336 864 2332.085830983901 786.4529395884829
778 1051 782.8788540344764 1147.6592875765878 895 1142 890.1211459655236 1045.3407124234122
906 1052 910.0957032046093 1133.1435945992953 1012 1128 1007.9042967953907 1046.8564054007047
1032 1022 1036.7151084334926 1115.4151788118952 1144 1110 1139.2848915665074 1016.584821188105
1155 1006 1159.3448944228808 1092.0805419763358 1260 1087 1255.6551055771192 1000.9194580236642
1260 996 1264.6322040429943 1087.7726866885594 1379 1082 1374.3677959570057 990.2273133114406
1400 984 1404.7395646078332 1077.89970168795 1482 1074 1477.2604353921668 980.1002983120499
1519 978 1523.354581283262 1064.2724569253512 1608 1060 1603.645418716738 973.7275430746489
1635 978 1639.0876014774642 1058.983084125225 1718 1055 1713.9123985225358 974.0169158747749
1768 958 1772.1975032690927 1041.1604456136279 1815 1039 1810.8024967309073 955.839554386372
1874 947 1878.3220233817758 1032.627423575226 1970 1028 1965.6779766182242 942.372576424774
2006 942 2009.91162778931 1019.496713922505 2099 1015 2095.08837221069 937.503286077495
2116 926 2120.3225014285526 1011.6368945822595 2232 1006 2227.6774985714474 920.3631054177405
2259 906 2263.233558490922 989.8747674668323 2340 986 2335.766441509078 902.1252325331677
794 1178 798.3423531960915 1264.0301954873237 898 1259 893.6576468039085 1172.9698045126763
914 1163 918.4379637205369 1250.9244200557202 1016 1246 1011.5620362794631 1158.0755799442798
1063 1150 1067.470043575246 1238.559982398812 1138 1235 1133.529956424754 1146.440017601188
1163 1122 1167.7375014278207 1215.8588262059716 1264 1211 1259.2624985721793 1117.1411737940284
1282 1110 1287.0518084490643 1210.0858402832623 1368 1206 1362.9481915509357 1105.9141597167377
1411 1106 1415.442568127339 1194.0156420267112 1495 1190 1490.557431872661 1101.9843579732888
1544 1095 1548.699383025979 1188.1036288707885 1630 1184 1625.300616974021 1090.8963711292115
1642 1076 1647.0167093207888 1175.390460444125 1734 1171 1728.9832906792112 1071.609539555875
1754 1067 1758.5361154717718 1156.8689911131291 1855 1152 1850.4638845282282 1062.1310088868709
1879 1066 1882.970076005467 1144.6546831697856 1995 1139 1991.029923994533 1060.3453168302144
2011 1046 2014.5769909537507 1116.8669279331166 2111 1112 2107.4230090462497 1041.1330720668834
2134 1042 2137.3349453690703 1108.0715490160792 2218 1104 2214.6650546309297 1037.9284509839208
2260 1020 2264.367287417209 1106.5241893704122 2354 1102 2349.632712582791 1015.475810629588
803 1288 807.6266435426385 1379.6625227035013 900 1375 895.3733564573615 1283.3374772964987
930 1279 934.4481286276948 1367.125806011769 1036 1362 1031.5518713723054 1273.874193988231
1056 1272 1060.1287391528722 1353.798098956454 1175 1348 1170.8712608471278 1266.201901043546
1186 1248 1190.354581283262 1334.2724569253512 1275 1330 1270.645418716738 1243.7275430746488
1298 1240 1302.6571382641118 1332.266680571648 1407 1327 1402.3428617358882 1234.733319428352
1427 1231 1431.3693505972217 1317.5650648523908 1502 1314 1497.6306494027783 1227.4349351476092
1538 1212 1542.5661321464684 1302.4636779742423 1631 1298 1626.4338678535316 1207.5363220257577
1647 1200 1651.8153233647402 1295.4006253512825 1739 1291 1734.1846766352598 1195.5993746487175
1776 1190 1780.5890031875736 1280.9167963753519 1878 1276 1873.4109968124264 1185.0832036246481
1890 1176 1894.4455874009054 1264.075459522757 1995 1259 1990.5544125990946 1170.924540477243
2019 1167 2023.825488271898 1262.6020113073314 2115 1258 2110.174511728102 1162.3979886926686
2139 1163 2143.4705216220227 1251.5694534058455 2234 1247 2229.5294783779773 1158.4305465941545
2270 1155 2274.0525023491887 1235.2877042860878 2359 1231 2354.9474976508113 1150.7122957139122
810 1414 814.9866926460923 1512.7957735830119 910 1508 905.0133073539077 1409.2042264169881
940 1404 944.349498829683 1490.1717639473268 1027 1486 1022.6505011703169 1399.8282360526732
1051 1378 1056.7947776970768 1492.8054604433928 1152 1488 1146.2052223029232 1373.1945395566072
1176 1382 1181.319266301639 1487.3846840904218 1288 1482 1282.680733698361 1376.6153159095782
1303 1358 1307.591544414363 1448.9671428643642 1406 1444 1401.408455585637 1353.0328571356358
1440 1351 1444.492914616351 1440.0131007999216 1524 1436 1519.507085383649 1346.9868992000784
1536 1342 1540.7298777474523 1435.7077867389348 1634 1431 1629.2701222525477 1337.2922132610652
1663 1331 1667.8783759876994 1427.649816569554 1760 1423 1755.1216240123006 1326.350183430446
1810 1314 1814.4776672556145 1402.7110218658484 1888 1399 1883.5223327443855 1310.2889781341516
1910 1304 1915.0873856241167 1404.790691129433 2010 1400 2004.9126143758833 1299.209308870567
2027 1298 2031.292006707079 1383.032736714113 2131 1378 2126.7079932929205 1292.967263285887
2144 1283 2149.1656856078125 1385.341961281778 2255 1380 2249.8343143921875 1277.658038718222
823 1535 828.300999667336 1640.0227876603028 908 1636 902.699000332664 1530.9772123396972
923 1523 928.090404897683 1623.8505086254788 1044 1618 1038.909595102317 1517.1494913745212
1066 1514 1071.2811478997971 1618.6294867552388 1163 1614 1157.7188521002029 1509.3705132447612
1166 1510 1170.9552418310652 1608.1726737007984 1214 1606 1209.0447581689348 1507.8273262992016
1214 1508 1218.4578154880755 1596.3177209607843 1304 1592 1299.5421845119245 1503.6822790392157
1316 1494 1320.722732113861 1587.5662182789315 1431 1582 1426.277267886139 1488.4337817210685
1455 1483 1459.2991523406708 1568.1743051741162 1542 1564 1537.7008476593292 1478.8256948258838
1562 1470 1566.4451093541284 1558.0659885157233 1647 1554 1642.5548906458716 1465.9340114842767
1670 1467 1674.624102315849 1558.6121762144894 1766 1554 1761.375897684151 1462.3878237855106
1754 1443 1759.2435075447322 1546.883760427089 1856 1542 1850.7564924552678 1438.116239572911
1871 1439 1875.6444321301647 1531.014948126587 1975 1526 1970.3555678698353 1433.985051873413
2006 1440 2010.5635909196792 1530.41333148523 2098 1526 2093.436409080321 1435.58666851477
2112 1411 2117.0035251400645 1510.1292569920302 2179 1507 2173.9964748599355 1407.8707430079698
2184 1411 2188.6592014441244 1503.3075560536267 2274 1499 2269.3407985558756 1406.6924439463733
822 1671 826.6388716298089 1762.904784141529 904 1759 899.3611283701911 1667.095215858471
919 1662 924.2811478997971 1766.6294867552388 1016 1762 1010.7188521002029 1657.3705132447612
1031 1654 1035.1104725185692 1735.436202526335 1123 1731 1118.8895274814308 1649.563797473665
1151 1642 1156.1275672059712 1743.5867639465948 1247 1739 1241.8724327940288 1637.4132360534052
1280 1627 1284.7247952938735 1720.6070937609104 1376 1716 1371.2752047061265 1622.3929062390896
1398 1610 1402.9185575695537 1707.445889386716 1491 1703 1486.0814424304463 1605.554110613284
1515 1608 1519.3622049636301 1694.4234963923877 1607 1690 1602.6377950363699 1603.5765036076123
1626 1594 1630.456859394522 1682.2987789467172 1676 1680 1671.543140605478 1591.7012210532828
1716 1587 1720.4878321627723 1675.9124078218974 1798 1672 1793.5121678372277 1583.0875921781026
1828 1576 1832.1959181358568 1659.1290411386829 1914 1655 1909.8040818641432 1571.8709588613171
1931 1551 1935.8580461733839 1647.2470446574566 2020 1643 2015.1419538266161 1546.7529553425434
2034 1558 2037.4758199289492 1626.862539379662 2114 1623 2110.5241800710505 1554.137460620338
2134 1531 2138.8076996843715 1626.249585884246 2223 1622 2218.1923003156285 1526.750414115754
851 1782 855.7522707417805 1876.1514341330112 938 1872 933.2477292582195 1777.8485658669888
968 1770 973.1448777467205 1871.9297183626468 1051 1868 1045.8551222532797 1766.0702816373532
1106 1750 1111.2933759869677 1854.871748193266 1188 1851 1182.7066240130323 1746.128251806734
1236 1751 1241.2557356319026 1855.1260218651166 1323 1851 1317.7442643680974 1746.8739781348834
1379 1744 1383.7716444625426 1838.5352640310418 1434 1836 1429.2283555374574 1741.4647359689582
1476 1715 1481.6712136779477 1827.357424495862 1568 1823 1562.3287863220523 1710.642575504138
1580 1704 1584.8030952775696 1799.1583639132552 1687 1794 1682.1969047224304 1698.8416360867448
1720 1690 1724.9160163427646 1787.3955428977038 1812 1783 1807.0839836572354 1685.6044571022962
1832 1686 1836.9338049302905 1783.7479683207891 1931 1779 1926.0661950697095 1681.2520316792109
1956 1675 1961.4494979075832 1782.9648174909223 2040 1779 2034.5505020924168 1671.0351825090777
2072 1660 2077.4347285936233 1767.6722095638825 2170 1763 2164.5652714063767 1655.3277904361175
2203 1651 2208.237947044376 1754.7735964420312 2283 1751 2277.762052955624 1647.2264035579688
879 1894 883.6231462222954 1985.5932342004223 935 1983 930.3768537777046 1891.4067657995777
979 1888 983.99685755325 1986.9971595390607 1083 1982 1078.0031424467497 1883.0028404609393
1106 1886 1111.0873856241167 1986.790691129433 1206 1982 1200.9126143758833 1881.209308870567
1226 1879 1230.334729515723 1964.879156020287 1327 1960 1322.665270484277 1874.120843979713
1354 1867 1358.8356531790555 1962.8033972633802 1454 1958 1449.1643468209445 1862.1966027366198
1479 1855 1483.8331119522663 1950.753050774368 1578 1946 1573.1668880477337 1850.246949225632
1715 1820 1720.2511312251006 1924.0347998941256 1820 1919 1814.7488687748994 1814.9652001058744
1596 1835 1600.8127821379505 1930.3502788622707 1687 1926 1682.1872178620495 1830.6497211377293
1862 1811 1866.5753409600727 1901.6461219162238 1919 1899 1914.4246590399273 1808.3538780837762
1978 1798 1983.4418742272148 1905.8137780238856 2059 1902 2053.5581257727854 1794.1862219761144
2103 1790 2107.5423050118097 1879.9916175590654 2147 1878 2142.4576949881903 1788.0083824409346
2206 1778 2210.9765277389342 1876.5943876269632 2302 1872 2297.0234722610658 1773.4056123730368
858 2015 863.1174022988132 2116.3853779905457 950 2112 944.8825977011868 2010.614622009454
986 2004 991.6208671889353 2115.3599657226514 1078 2111 1072.3791328110647 1999.6400342773484
1123 1998 1128.4718909019114 2106.4084648849985 1196 2103 1190.5281090980886 1994.5915351150015
1259 1984 1264.2176172300608 2087.370824529933 1331 2084 1325.7823827699392 1980.6291754700665
1367 1975 1371.8753567141332 2071.589999073509 1443 2068 1438.1246432858668 1971.4100009264916
1498 1971 1502.2905725667488 2056.0043236930123 1542 2054 1537.7094274332512 1968.9956763069877
1599 1958 1603.490373389562 2046.9627543109095 1682 2043 1677.509626610438 1954.0372456890905
1712 1946 1716.408425092617 2033.339204201641 1842 2027 1837.591574907383 1939.660795798359
1852 1932 1856.2869242535003 2016.9320437360886 1954 2012 1949.7130757464997 1927.0679562639114
1962 1926 1965.868904980666 2002.6502946163312 2058 1998 2054.1310950193338 1921.3497053836688
2091 1904 2095.7548119685703 1998.2017806220233 2179 1994 2174.2451880314297 1899.7982193779767
1627 2079 1632.2404882711658 2182.8239429310433 1708 2179 1702.7595117288342 2075.1760570689567
1746 2058 1751.2933759869677 2162.871748193266 1828 2159 1822.7066240130323 2054.128251806734
# Transcript
OLWNKA*
COISYNETAXANT
OMOSAIDETHNSYN
TOYSPENTAKOSI*
ARCASAPASASKA
EMM*NWTHISYMM
ON*ONAQHNAIWN
ADOLWSKAIEANT
NHTOYSSYMMACO
DHMONTONAQHNA
ODYNATONEPOM*
RWQIAPODOYNAID
OYLHNKAITASAR*
ESBEISPENTET
IKAMALAOITIN
ERETRIEWNAN*
***GR*