# Baseline angle
0
# Boxes: x1 y1 x2 y2 x3 y3 x4 y4
964 268 964 450 1098 450 1098 268
1106 264 1106 450 1300 450 1300 264
1282 250 1282 458 1352 458 1352 250
1364 268 1364 474 1572 474 1572 268
1558 266 1558 466 1734 466 1734 266
1718 254 1718 470 1834 470 1834 254
1832 282 1832 468 1994 468 1994 282
1988 278 1988 470 2218 470 2218 278
2228 292 2228 468 2416 468 2416 292
2410 280 2410 482 2606 482 2606 280
2584 262 2584 482 2674 482 2674 262
2710 240 2710 500 2880 500 2880 240
2884 302 2884 498 3100 498 3100 302
3090 312 3090 520 3320 520 3320 312
798 672 798 810 938 810 938 672
934 662 934 820 1088 820 1088 662
1088 662 1088 818 1238 818 1238 662
1274 670 1274 828 1420 828 1420 670
1418 684 1418 818 1574 818 1574 684
1574 680 1574 830 1696 830 1696 680
1970 722 1970 836 2086 836 2086 722
2070 720 2070 848 2120 848 2120 720
2118 716 2118 850 2220 850 2220 716
2216 718 2216 848 2320 848 2320 718
2656 724 2656 860 2764 860 2764 724
2758 734 2758 858 2844 858 2844 734
2824 738 2824 858 2944 858 2944 738
2916 730 2916 852 3002 852 3002 730
2990 736 2990 856 3126 856 3126 736
3104 724 3104 854 3214 854 3214 724
3192 722 3192 854 3320 854 3320 722
3282 718 3282 854 3390 854 3390 718
3354 716 3354 846 3476 846 3476 716
978 820 978 978 1116 978 1116 820
1096 832 1096 986 1248 986 1248 832
1232 836 1232 988 1348 988 1348 836
1336 840 1336 996 1466 996 1466 840
1456 824 1456 968 1592 968 1592 824
1572 826 1572 974 1698 974 1698 826
2612 838 2612 990 2692 990 2692 838
2692 858 2692 982 2750 982 2750 858
2738 866 2738 986 2842 986 2842 866
2812 854 2812 998 2946 998 2946 854
2910 844 2910 1002 3006 1002 3006 844
3002 852 3002 1008 3116 1008 3116 852
3100 846 3100 1022 3232 1022 3232 846
3236 844 3236 996 3384 996 3384 844
3370 842 3370 978 3518 978 3518 842
1096 960 1096 1080 1232 1080 1232 960
1224 956 1224 1078 1336 1078 1336 956
1334 968 1334 1092 1496 1092 1496 968
1488 956 1488 1104 1588 1104 1588 956
1578 954 1578 1110 1648 1110 1648 954
1640 946 1640 1106 1766 1106 1766 946
1762 956 1762 1104 1902 1104 1902 956
1904 978 1904 1132 2044 1132 2044 978
2472 976 2472 1116 2598 1116 2598 976
2580 976 2580 1126 2724 1126 2724 976
2860 980 2860 1136 2996 1136 2996 980
2986 982 2986 1134 3134 1134 3134 982
3108 978 3108 1134 3294 1134 3294 978
546 1076 546 1206 610 1206 610 1076
612 1070 612 1198 730 1198 730 1070
722 1072 722 1216 866 1216 866 1072
862 1076 862 1198 994 1198 994 1076
994 1086 994 1216 1124 1216 1124 1086
1100 1082 1100 1228 1220 1228 1220 1082
1202 1078 1202 1216 1348 1216 1348 1078
1318 1074 1318 1236 1452 1236 1452 1074
1444 1088 1444 1232 1536 1232 1536 1088
1518 1092 1518 1244 1688 1244 1688 1092
1682 1094 1682 1240 1750 1240 1750 1094
1752 1098 1752 1236 1886 1236 1886 1098
1872 1098 1872 1240 2008 1240 2008 1098
2372 1138 2372 1248 2488 1248 2488 1138
2472 1120 2472 1240 2610 1240 2610 1120
2598 1114 2598 1244 2664 1244 2664 1114
2650 1112 2650 1260 2762 1260 2762 1112
2694 982 2694 1138 2890 1138 2890 982
2956 1124 2956 1248 3052 1248 3052 1124
3046 1128 3046 1254 3220 1254 3220 1128
3210 1114 3210 1248 3348 1248 3348 1114
3344 1116 3344 1240 3404 1240 3404 1116
384 1218 384 1348 546 1348 546 1218
532 1218 532 1348 662 1348 662 1218
650 1220 650 1356 752 1356 752 1220
746 1218 746 1342 878 1342 878 1218
860 1210 860 1360 982 1360 982 1210
972 1212 972 1358 1030 1358 1030 1212
1016 1212 1016 1360 1148 1360 1148 1212
1116 1236 1116 1364 1290 1364 1290 1236
1268 1232 1268 1372 1388 1372 1388 1232
1362 1224 1362 1368 1502 1368 1502 1224
1490 1238 1490 1372 1606 1372 1606 1238
1590 1242 1590 1380 1766 1380 1766 1242
1750 1234 1750 1372 1894 1372 1894 1234
1890 1228 1890 1376 1958 1376 1958 1228
2376 1252 2376 1372 2484 1372 2484 1252
2476 1252 2476 1368 2630 1368 2630 1252
2610 1240 2610 1358 2744 1358 2744 1240
2726 1252 2726 1374 2872 1374 2872 1252
2760 1112 2760 1252 2966 1252 2966 1112
2862 1236 2862 1368 2988 1368 2988 1236
2972 1242 2972 1376 3054 1376 3054 1242
3036 1254 3036 1384 3160 1384 3160 1254
3144 1252 3144 1378 3246 1378 3246 1252
3230 1236 3230 1376 3356 1376 3356 1236
3338 1248 3338 1390 3424 1390 3424 1248
3418 1242 3418 1368 3542 1368 3542 1242
406 1360 406 1496 522 1496 522 1360
494 1358 494 1490 636 1490 636 1358
642 1356 642 1488 780 1488 780 1356
766 1346 766 1492 884 1492 884 1346
890 1356 890 1504 1034 1504 1034 1356
1012 1366 1012 1500 1154 1500 1154 1366
1334 1378 1334 1516 1436 1516 1436 1378
1430 1378 1430 1512 1624 1512 1624 1378
1622 1382 1622 1514 1790 1514 1790 1382
1792 1374 1792 1522 1944 1522 1944 1374
2320 1392 2320 1518 2430 1518 2430 1392
2426 1376 2426 1538 2586 1538 2586 1376
2582 1384 2582 1516 2694 1516 2694 1384
2674 1370 2674 1512 2806 1512 2806 1370
2786 1378 2786 1524 2934 1524 2934 1378
2928 1384 2928 1516 3144 1516 3144 1384
3140 1384 3140 1510 3230 1510 3230 1384
3206 1384 3206 1518 3338 1518 3338 1384
3352 1394 3352 1530 3470 1530 3470 1394
368 1490 368 1628 520 1628 520 1490
504 1490 504 1642 572 1642 572 1490
572 1484 572 1632 710 1632 710 1484
696 1480 696 1626 856 1626 856 1480
832 1482 832 1638 1000 1638 1000 1482
970 1508 970 1642 1080 1642 1080 1508
1066 1502 1066 1646 1122 1646 1122 1502
1116 1506 1116 1650 1236 1650 1236 1506
1242 1514 1242 1642 1338 1642 1338 1514
1392 1506 1392 1666 1534 1666 1534 1506
1522 1516 1522 1670 1576 1670 1576 1516
1570 1516 1570 1660 1684 1660 1684 1516
1660 1516 1660 1662 1728 1662 1728 1516
1724 1520 1724 1652 1920 1652 1920 1520
1936 1530 1936 1664 2082 1664 2082 1530
2082 1506 2082 1664 2208 1664 2208 1506
2196 1522 2196 1656 2260 1656 2260 1522
2254 1516 2254 1654 2356 1654 2356 1516
2336 1536 2336 1654 2392 1654 2392 1536
2374 1536 2374 1652 2582 1652 2582 1536
2590 1520 2590 1664 2764 1664 2764 1520
2772 1524 2772 1660 2902 1660 2902 1524
2902 1522 2902 1658 3002 1658 3002 1522
2986 1516 2986 1652 3230 1652 3230 1516
3226 1526 3226 1654 3358 1654 3358 1526
384 1614 384 1770 514 1770 514 1614
512 1632 512 1776 648 1776 648 1632
652 1636 652 1788 716 1788 716 1636
710 1626 710 1774 822 1774 822 1626
808 1620 808 1776 938 1776 938 1620
924 1644 924 1776 1026 1776 1026 1644
1048 1636 1048 1820 1174 1820 1174 1636
1182 1654 1182 1802 1242 1802 1242 1654
1242 1636 1242 1792 1344 1792 1344 1636
1326 1650 1326 1800 1454 1800 1454 1650
1438 1662 1438 1806 1566 1806 1566 1662
1548 1652 1548 1794 1660 1794 1660 1652
1644 1666 1644 1802 1708 1802 1708 1666
1686 1644 1686 1794 1842 1794 1842 1644
1838 1640 1838 1798 1898 1798 1898 1640
1894 1672 1894 1804 2002 1804 2002 1672
1972 1662 1972 1792 2092 1792 2092 1662
2074 1662 2074 1790 2176 1790 2176 1662
2158 1656 2158 1802 2290 1802 2290 1656
2274 1650 2274 1800 2412 1800 2412 1650
2400 1662 2400 1802 2466 1802 2466 1662
2458 1668 2458 1806 2562 1806 2562 1668
2540 1664 2540 1806 2668 1806 2668 1664
2800 1658 2800 1816 2936 1816 2936 1658
2916 1648 2916 1834 3090 1834 3090 1648
3084 1652 3084 1806 3268 1806 3268 1652
400 1770 400 1924 502 1924 502 1770
510 1770 510 1914 650 1914 650 1770
638 1782 638 1912 758 1912 758 1782
750 1784 750 1944 866 1944 866 1784
1674 1786 1674 1928 1804 1928 1804 1786
1798 1798 1798 1938 1970 1938 1970 1798
1950 1794 1950 1944 2070 1944 2070 1794
2054 1792 2054 1944 2192 1944 2192 1792
2174 1790 2174 1948 2322 1948 2322 1790
2312 1786 2312 1934 2440 1934 2440 1786
2420 1786 2420 1940 2562 1940 2562 1786
2592 1798 2592 1942 2774 1942 2774 1798
2656 1670 2656 1830 2822 1830 2822 1670
528 1912 528 2064 642 2064 642 1912
636 1908 636 2036 732 2036 732 1908
448 2032 448 2222 562 2222 562 2032
560 2062 560 2202 688 2202 688 2062
676 2058 676 2204 780 2204 780 2058
772 2060 772 2214 876 2214 876 2060
880 2058 880 2206 1024 2206 1024 2058
1020 2070 1020 2216 1134 2216 1134 2070
1126 2050 1126 2222 1238 2222 1238 2050
458 2212 458 2352 602 2352 602 2212
594 2218 594 2354 704 2354 704 2218
694 2222 694 2364 742 2364 742 2222
752 2222 752 2362 862 2362 862 2222
902 2218 902 2368 966 2368 966 2218
970 2210 970 2358 1102 2358 1102 2210
1094 2222 1094 2362 1196 2362 1196 2222
1180 2196 1180 2382 1274 2382 1274 2196
466 2318 466 2518 588 2518 588 2318
626 2356 626 2504 696 2504 696 2356
706 2344 706 2508 832 2508 832 2344
840 2364 840 2516 982 2516 982 2364
986 2362 986 2514 1156 2514 1156 2362
1162 2374 1162 2512 1332 2512 1332 2374
1324 2362 1324 2518 1462 2518 1462 2362
464 2472 464 2646 580 2646 580 2472
592 2490 592 2654 656 2654 656 2490
652 2492 652 2660 774 2660 774 2492
764 2522 764 2658 926 2658 926 2522
1154 2534 1154 2674 1338 2674 1338 2534
462 2646 462 2786 564 2786 564 2646
554 2640 554 2786 658 2786 658 2640
632 2654 632 2798 748 2798 748 2654
740 2654 740 2806 870 2806 870 2654
880 2658 880 2808 1020 2808 1020 2658
920 2538 920 2672 1134 2672 1134 2538
1016 2676 1016 2812 1134 2812 1134 2676
1134 2660 1134 2812 1258 2812 1258 2660
1254 2674 1254 2818 1384 2818 1384 2674
1366 2688 1366 2818 1466 2818 1466 2688
454 2802 454 2948 590 2948 590 2802
582 2814 582 2950 684 2950 684 2814
676 2812 676 2944 722 2944 722 2812
726 2820 726 2952 830 2952 830 2820
818 2810 818 2960 938 2960 938 2810
932 2820 932 2966 1050 2966 1050 2820
1046 2818 1046 2964 1128 2964 1128 2818
1106 2802 1106 2952 1254 2952 1254 2802
1216 2814 1216 2964 1324 2964 1324 2814
1320 2830 1320 2972 1424 2972 1424 2830
1424 2848 1424 2968 1492 2968 1492 2848
440 2906 440 3052 562 3052 562 2906
574 2928 574 3064 718 3064 718 2928
706 2944 706 3074 826 3074 826 2944
860 2950 860 3082 926 3082 926 2950
928 2936 928 3078 1056 3078 1056 2936
1046 2940 1046 3082 1164 3082 1164 2940
1146 2946 1146 3082 1274 3082 1274 2946
1262 2950 1262 3094 1372 3094 1372 2950
1354 2960 1354 3086 1438 3086 1438 2960
1424 2972 1424 3092 1474 3092 1474 2972
436 3038 436 3184 554 3184 554 3038
544 3044 544 3178 660 3178 660 3044
648 3054 648 3180 756 3180 756 3054
760 3044 760 3182 904 3182 904 3044
912 3038 912 3192 1010 3192 1010 3038
1010 3052 1010 3200 1138 3200 1138 3052
1122 3060 1122 3218 1232 3218 1232 3060
1222 3062 1222 3210 1290 3210 1290 3062
1282 3086 1282 3208 1392 3208 1392 3086
1384 3080 1384 3214 1456 3214 1456 3080
420 3170 420 3310 558 3310 558 3170
564 3182 564 3300 624 3300 624 3182
612 3178 612 3312 748 3312 748 3178
730 3170 730 3312 864 3312 864 3170
846 3184 846 3314 966 3314 966 3184
434 3296 434 3414 574 3414 574 3296
548 3294 548 3424 634 3424 634 3294
626 3288 626 3444 692 3444 692 3288
674 3302 674 3436 780 3436 780 3302
746 3296 746 3434 906 3434 906 3296
886 3310 886 3444 1002 3444 1002 3310
992 3280 992 3432 1140 3432 1140 3280
1128 3306 1128 3442 1236 3442 1236 3306
432 3426 432 3552 556 3552 556 3426
544 3420 544 3562 662 3562 662 3420
658 3426 658 3560 770 3560 770 3426
768 3410 768 3550 904 3550 904 3410
904 3426 904 3554 998 3554 998 3426
1164 3428 1164 3566 1296 3566 1296 3428
1290 3424 1290 3574 1398 3574 1398 3424
448 3550 448 3690 570 3690 570 3550
564 3546 564 3696 680 3696 680 3546
668 3544 668 3684 778 3684 778 3544
778 3532 778 3684 950 3684 950 3532
942 3546 942 3684 1034 3684 1034 3546
980 3430 980 3574 1168 3574 1168 3430
1024 3540 1024 3688 1220 3688 1220 3540
1194 3554 1194 3718 1330 3718 1330 3554
1298 3544 1298 3714 1430 3714 1430 3544
430 3672 430 3824 542 3824 542 3672
522 3696 522 3832 642 3832 642 3696
614 3692 614 3826 740 3826 740 3692
704 3700 704 3832 824 3832 824 3700
822 3702 822 3846 888 3846 888 3702
870 3706 870 3832 984 3832 984 3706
970 3692 970 3838 1080 3838 1080 3692
1064 3700 1064 3842 1204 3842 1204 3700
1170 3694 1170 3836 1292 3836 1292 3694
1278 3710 1278 3838 1402 3838 1402 3710
1404 3714 1404 3842 1450 3842 1450 3714
416 3836 416 3976 542 3976 542 3836
530 3840 530 3968 640 3968 640 3840
598 3830 598 3972 738 3972 738 3830
716 3828 716 3982 834 3982 834 3828
820 3858 820 3992 946 3992 946 3858
902 3836 902 3996 1056 3996 1056 3836
1030 3840 1030 3988 1156 3988 1156 3840
1144 3848 1144 3994 1294 3994 1294 3848
1262 3836 1262 4006 1388 4006 1388 3836
1374 3842 1374 3988 1456 3988 1456 3842
446 3954 446 4086 556 4086 556 3954
522 3978 522 4092 630 4092 630 3978
614 3964 614 4094 734 4094 734 3964
706 3978 706 4114 842 4114 842 3978
840 3978 840 4112 948 4112 948 3978
934 3988 934 4134 1066 4134 1066 3988
1058 3990 1058 4130 1190 4130 1190 3990
430 4090 430 4244 580 4244 580 4090
566 4090 566 4252 750 4252 750 4090
752 4102 752 4264 842 4264 842 4102
834 4100 834 4254 958 4254 958 4100
956 4116 956 4270 1122 4270 1122 4116
1114 4110 1114 4270 1278 4270 1278 4110
1248 4126 1248 4282 1394 4282 1394 4126
456 4238 456 4380 568 4380 568 4238
550 4238 550 4378 670 4378 670 4238
678 4250 678 4392 840 4392 840 4250
822 4254 822 4398 978 4398 978 4254
960 4260 960 4398 1020 4398 1020 4260
1006 4282 1006 4418 1128 4418 1128 4282
1130 4280 1130 4418 1280 4418 1280 4280
1274 4278 1274 4416 1398 4416 1398 4278
454 4388 454 4534 568 4534 568 4388
548 4380 548 4530 668 4530 668 4380
680 4394 680 4534 780 4534 780 4394
760 4384 760 4566 892 4566 892 4384
872 4380 872 4538 994 4538 994 4380
962 4392 962 4550 1144 4550 1144 4392
1128 4412 1128 4556 1186 4556 1186 4412
1178 4418 1178 4550 1344 4550 1344 4418
1346 4406 1346 4548 1486 4548 1486 4406
464 4560 464 4720 584 4720 584 4560
550 4558 550 4714 672 4714 672 4558
664 4564 664 4724 816 4724 816 4564
796 4570 796 4718 964 4718 964 4570
952 4546 952 4726 1062 4726 1062 4546
1030 4558 1030 4706 1170 4706 1170 4558
1164 4544 1164 4740 1302 4740 1302 4544
1274 4566 1274 4736 1396 4736 1396 4566
1388 4566 1388 4720 1502 4720 1502 4566
490 4706 490 4874 664 4874 664 4706
650 4706 650 4882 784 4882 784 4706
780 4718 780 4878 834 4878 834 4718
826 4706 826 4884 922 4884 922 4706
906 4722 906 4884 1040 4884 1040 4722
1006 4722 1006 4878 1198 4878 1198 4722
1184 4714 1184 4880 1336 4880 1336 4714
1276 4714 1276 4872 1424 4872 1424 4714
1378 4734 1378 4868 1476 4868 1476 4734
1460 4734 1460 4856 1556 4856 1556 4734
502 4946 502 5104 648 5104 648 4946
632 4964 632 5130 782 5130 782 4964
766 4962 766 5138 874 5138 874 4962
856 4988 856 5132 1078 5132 1078 4988
1068 4972 1068 5128 1154 5128 1154 4972
1138 4976 1138 5116 1272 5116 1272 4976
1264 4980 1264 5114 1358 5114 1358 4980
1352 4938 1352 5128 1546 5128 1546 4938
1530 4970 1530 5122 1632 5122 1632 4970
1644 4970 1644 5126 1766 5126 1766 4970
1758 4968 1758 5132 1888 5132 1888 4968
1882 4960 1882 5122 2010 5122 2010 4960
2004 5000 2004 5148 2246 5148 2246 5000
2236 4998 2236 5168 2420 5168 2420 4998
2412 4990 2412 5170 2580 5170 2580 4990
2572 4986 2572 5170 2738 5170 2738 4986
2724 4990 2724 5162 2942 5162 2942 4990
2942 4980 2942 5146 3114 5146 3114 4980
3104 4992 3104 5152 3282 5152 3282 4992
3270 4986 3270 5148 3376 5148 3376 4986
3382 4976 3382 5134 3450 5134 3450 4976
3448 4978 3448 5146 3590 5146 3590 4978
1446 2052 1446 2232 1610 2232 1610 2052
1602 2068 1602 2232 1762 2232 1762 2068
1756 2070 1756 2230 1942 2230 1942 2070
1942 2078 1942 2234 2106 2234 2106 2078
2074 2072 2074 2226 2218 2226 2218 2072
2214 2074 2214 2242 2302 2242 2302 2074
2284 2080 2284 2250 2346 2250 2346 2080
2332 2094 2332 2234 2450 2234 2450 2094
2434 2092 2434 2234 2556 2234 2556 2092
1460 2238 1460 2384 1602 2384 1602 2238
1590 2244 1590 2382 1652 2382 1652 2244
1670 2236 1670 2380 1822 2380 1822 2236
1814 2234 1814 2388 1960 2388 1960 2234
1960 2240 1960 2382 2122 2382 2122 2240
1478 2386 1478 2532 1626 2532 1626 2386
1634 2382 1634 2520 1732 2520 1732 2382
1710 2380 1710 2528 1852 2528 1852 2380
1842 2392 1842 2526 1918 2526 1918 2392
1898 2386 1898 2524 2020 2524 2020 2386
2018 2378 2018 2538 2128 2538 2128 2378
2130 2344 2130 2530 2238 2530 2238 2344
1486 2536 1486 2680 1634 2680 1634 2536
1632 2532 1632 2696 1740 2696 1740 2532
1728 2530 1728 2682 1866 2682 1866 2530
1830 2528 1830 2686 2062 2686 2062 2528
2054 2536 2054 2690 2212 2690 2212 2536
2200 2542 2200 2686 2338 2686 2338 2542
2348 2544 2348 2700 2468 2700 2468 2544
1466 2676 1466 2836 1630 2836 1630 2676
1626 2696 1626 2826 1688 2826 1688 2696
1690 2690 1690 2840 1822 2840 1822 2690
1808 2692 1808 2830 1910 2830 1910 2692
1894 2674 1894 2832 2006 2832 2006 2674
1996 2700 1996 2846 2114 2846 2114 2700
2088 2700 2088 2870 2208 2870 2208 2700
2182 2692 2182 2828 2280 2828 2280 2692
2252 2690 2252 2840 2320 2840 2320 2690
2286 2700 2286 2838 2400 2838 2400 2700
2388 2698 2388 2846 2518 2846 2518 2698
2490 2712 2490 2838 2556 2838 2556 2712
1488 2828 1488 2964 1666 2964 1666 2828
1676 2834 1676 2974 1828 2974 1828 2834
1822 2820 1822 2968 1994 2968 1994 2820
1982 2834 1982 2974 2098 2974 2098 2834
2076 2848 2076 2992 2202 2992 2202 2848
2200 2822 2200 2980 2308 2980 2308 2822
2304 2836 2304 2984 2442 2984 2442 2836
2428 2860 2428 2992 2540 2992 2540 2860
1472 2952 1472 3092 1614 3092 1614 2952
1818 2982 1818 3092 1900 3092 1900 2982
1882 2986 1882 3102 1942 3102 1942 2986
1956 2990 1956 3104 2124 3104 2124 2990
2128 2980 2128 3106 2268 3106 2268 2980
2262 2970 2262 3110 2392 3110 2392 2970
1458 3088 1458 3216 1568 3216 1568 3088
1554 3094 1554 3212 1676 3212 1676 3094
1654 3086 1654 3212 1772 3212 1772 3086
1614 2978 1614 3098 1824 3098 1824 2978
1754 3092 1754 3224 1866 3224 1866 3092
1846 3090 1846 3224 1962 3224 1962 3090
1956 3098 1956 3230 2064 3230 2064 3098
2038 3104 2038 3226 2162 3226 2162 3104
2158 3098 2158 3236 2296 3236 2296 3098
2290 3108 2290 3230 2372 3230 2372 3108
2362 3108 2362 3238 2480 3238 2480 3108
2462 3120 2462 3236 2552 3236 2552 3120
1496 3200 1496 3332 1608 3332 1608 3200
1602 3202 1602 3328 1758 3328 1758 3202
1766 3228 1766 3338 1828 3338 1828 3228
1830 3216 1830 3332 1926 3332 1926 3216
1928 3228 1928 3332 2024 3332 2024 3228
2024 3218 2024 3330 2188 3330 2188 3218
2188 3222 2188 3338 2306 3338 2306 3222
2314 3220 2314 3344 2414 3344 2414 3220
1474 3328 1474 3452 1590 3452 1590 3328
1578 3314 1578 3480 1720 3480 1720 3314
1708 3332 1708 3468 1852 3468 1852 3332
1826 3336 1826 3474 1966 3474 1966 3336
1936 3326 1936 3482 2100 3482 2100 3326
2104 3328 2104 3480 2246 3480 2246 3328
2238 3330 2238 3482 2366 3482 2366 3330
1476 3440 1476 3592 1628 3592 1628 3440
1794 3472 1794 3586 1892 3586 1892 3472
1882 3464 1882 3584 1926 3584 1926 3464
1926 3470 1926 3594 2088 3594 2088 3470
2074 3480 2074 3592 2176 3592 2176 3480
2176 3476 2176 3600 2288 3600 2288 3476
1498 3588 1498 3710 1588 3710 1588 3588
1602 3584 1602 3714 1750 3714 1750 3584
1620 3464 1620 3592 1804 3592 1804 3464
1770 3564 1770 3712 1878 3712 1878 3564
1872 3584 1872 3712 1986 3712 1986 3584
1976 3580 1976 3720 2102 3720 2102 3580
2090 3588 2090 3718 2220 3718 2220 3588
2222 3596 2222 3720 2330 3720 2330 3596
2336 3580 2336 3712 2432 3712 2432 3580
1474 3710 1474 3862 1630 3862 1630 3710
1632 3716 1632 3854 1752 3854 1752 3716
1752 3714 1752 3862 1892 3862 1892 3714
1898 3728 1898 3870 2006 3870 2006 3728
2008 3722 2008 3876 2130 3876 2130 3722
2120 3722 2120 3862 2252 3862 2252 3722
2248 3728 2248 3868 2402 3868 2402 3728
2402 3730 2402 3874 2510 3874 2510 3730
1498 3856 1498 4004 1644 4004 1644 3856
1650 3846 1650 3996 1742 3996 1742 3846
1748 3858 1748 4000 1868 4000 1868 3858
1852 3876 1852 4014 1954 4014 1954 3876
1958 3878 1958 4018 2132 4018 2132 3878
2110 3886 2110 4024 2222 4024 2222 3886
2222 3886 2222 4036 2272 4036 2272 3886
2268 3876 2268 4024 2352 4024 2352 3876
2348 3874 2348 4016 2460 4016 2460 3874
2466 3880 2466 4024 2522 4024 2522 3880
1510 4004 1510 4124 1668 4124 1668 4004
1682 4004 1682 4134 1796 4134 1796 4004
1792 4014 1792 4156 1924 4156 1924 4014
1916 4002 1916 4132 2030 4132 2030 4002
2026 4010 2026 4152 2152 4152 2152 4010
1500 4126 1500 4264 1628 4264 1628 4126
1616 4120 1616 4268 1748 4268 1748 4120
1928 4138 1928 4280 2060 4280 2060 4138
2072 4134 2072 4290 2158 4290 2158 4134
2152 4128 2152 4284 2290 4284 2290 4128
2284 4136 2284 4290 2418 4290 2418 4136
1514 4260 1514 4418 1650 4418 1650 4260
1634 4260 1634 4420 1766 4420 1766 4260
1742 4264 1742 4434 1926 4434 1926 4264
1740 4126 1740 4274 1946 4274 1946 4126
1922 4262 1922 4424 2068 4424 2068 4262
2046 4258 2046 4432 2180 4432 2180 4258
2174 4260 2174 4424 2328 4424 2328 4260
2316 4264 2316 4422 2452 4422 2452 4264
1490 4442 1490 4608 1644 4608 1644 4442
1632 4448 1632 4624 1782 4624 1782 4448
1758 4462 1758 4624 1930 4624 1930 4462
1924 4434 1924 4660 2090 4660 2090 4434
2078 4454 2078 4658 2266 4658 2266 4454
2262 4474 2262 4672 2418 4672 2418 4474
1532 4682 1532 4866 1650 4866 1650 4682
1648 4692 1648 4870 1794 4870 1794 4692
1776 4690 1776 4870 1930 4870 1930 4690
1918 4714 1918 4900 2074 4900 2074 4714
2592 1946 2592 2102 2764 2102 2764 1946
2752 1946 2752 2100 2904 2100 2904 1946
2888 1944 2888 2112 3028 2112 3028 1944
3008 1944 3008 2102 3168 2102 3168 1944
3152 1948 3152 2104 3220 2104 3220 1948
3220 1960 3220 2118 3456 2118 3456 1960
3450 1950 3450 2114 3594 2114 3594 1950
2580 2094 2580 2248 2728 2248 2728 2094
2738 2094 2738 2260 2924 2260 2924 2094
2942 2100 2942 2254 3102 2254 3102 2100
3102 2108 3102 2254 3206 2254 3206 2108
3210 2102 3210 2246 3360 2246 3360 2102
3340 2100 3340 2266 3484 2266 3484 2100
3450 2060 3450 2288 3562 2288 3562 2060
2570 2262 2570 2426 2690 2426 2690 2262
2674 2266 2674 2438 2806 2438 2806 2266
2792 2282 2792 2430 2914 2430 2914 2282
2902 2270 2902 2422 3026 2422 3026 2270
3034 2278 3034 2428 3104 2428 3104 2278
3096 2272 3096 2422 3294 2422 3294 2272
3266 2280 3266 2440 3464 2440 3464 2280
3414 2296 3414 2432 3532 2432 3532 2296
2558 2454 2558 2624 2728 2624 2728 2454
2736 2448 2736 2628 2834 2628 2834 2448
2826 2438 2826 2628 2972 2628 2972 2438
2964 2432 2964 2638 3126 2638 3126 2432
3128 2436 3128 2626 3294 2626 3294 2436
3274 2432 3274 2622 3424 2622 3424 2432
3418 2446 3418 2618 3560 2618 3560 2446
2548 2660 2548 2842 2696 2842 2696 2660
2658 2674 2658 2840 2842 2840 2842 2674
2830 2698 2830 2846 2954 2846 2954 2698
2928 2666 2928 2844 3066 2844 3066 2666
3050 2662 3050 2836 3184 2836 3184 2662
3158 2682 3158 2834 3358 2834 3358 2682
3346 2694 3346 2836 3488 2836 3488 2694
2546 2862 2546 3008 2720 3008 2720 2862
2720 2858 2720 3006 2878 3006 2878 2858
2872 2868 2872 3010 3048 3010 3048 2868
3070 2854 3070 3032 3174 3032 3174 2854
3146 2842 3146 3030 3302 3030 3302 2842
3296 2852 3296 3024 3422 3024 3422 2852
2542 3016 2542 3196 2726 3196 2726 3016
2706 3016 2706 3178 2856 3178 2856 3016
2864 3022 2864 3206 3046 3206 3046 3022
3026 3022 3026 3190 3158 3190 3158 3022
3138 3036 3138 3202 3296 3202 3296 3036
3264 3028 3264 3200 3402 3200 3402 3028
3378 3030 3378 3190 3504 3190 3504 3030
3496 3004 3496 3174 3636 3174 3636 3004
2544 3198 2544 3370 2670 3370 2670 3198
2654 3206 2654 3376 2834 3376 2834 3206
2828 3206 2828 3360 2966 3360 2966 3206
2998 3224 2998 3380 3070 3380 3070 3224
3068 3232 3068 3378 3194 3378 3194 3232
3176 3232 3176 3380 3326 3380 3326 3232
3308 3208 3308 3380 3444 3380 3444 3208
3432 3230 3432 3382 3558 3382 3558 3230
2528 3380 2528 3566 2668 3566 2668 3380
2656 3388 2656 3572 2756 3572 2756 3388
2746 3382 2746 3556 2902 3556 2902 3382
2898 3392 2898 3560 3036 3560 3036 3392
3056 3404 3056 3562 3250 3562 3250 3404
3256 3424 3256 3550 3470 3550 3470 3424
3460 3408 3460 3542 3574 3542 3574 3408
2530 3570 2530 3724 2644 3724 2644 3570
2646 3574 2646 3728 2786 3728 2786 3574
2754 3574 2754 3740 2932 3740 2932 3574
2922 3574 2922 3722 3086 3722 3086 3574
3096 3602 3096 3728 3320 3728 3320 3602
3322 3588 3322 3740 3498 3740 3498 3588
2540 3706 2540 3888 2674 3888 2674 3706
2666 3718 2666 3876 2886 3876 2886 3718
2868 3724 2868 3880 2946 3880 2946 3724
2962 3726 2962 3888 3100 3888 3100 3726
3110 3728 3110 3888 3278 3888 3278 3728
3262 3716 3262 3888 3420 3888 3420 3716
3412 3732 3412 3900 3534 3900 3534 3732
2540 3868 2540 4044 2688 4044 2688 3868
2672 3876 2672 4034 2808 4034 2808 3876
2796 3870 2796 4034 2914 4034 2914 3870
2910 3864 2910 4038 3070 4038 3070 3864
3064 3872 3064 4048 3176 4048 3176 3872
3186 3884 3186 4042 3388 4042 3388 3884
3350 3886 3350 4052 3490 4052 3490 3886
3480 3904 3480 4082 3588 4082 3588 3904
2572 4052 2572 4204 2714 4204 2714 4052
2714 4038 2714 4216 2846 4216 2846 4038
2832 4036 2832 4224 2998 4224 2998 4036
2972 4060 2972 4218 3042 4218 3042 4060
3044 4050 3044 4216 3248 4216 3248 4050
3238 4040 3238 4222 3400 4222 3400 4040
3378 4050 3378 4216 3520 4216 3520 4050
2522 4236 2522 4414 2750 4414 2750 4236
2728 4250 2728 4410 2884 4410 2884 4250
2866 4260 2866 4424 3068 4424 3068 4260
3056 4228 3056 4454 3260 4454 3260 4228
3212 4236 3212 4438 3288 4438 3288 4236
3278 4238 3278 4436 3422 4436 3422 4238
3410 4258 3410 4414 3574 4414 3574 4258
2560 4396 2560 4564 2720 4564 2720 4396
2702 4398 2702 4566 2812 4566 2812 4398
2800 4404 2800 4568 2956 4568 2956 4404
2946 4412 2946 4586 3078 4586 3078 4412
3074 4410 3074 4584 3296 4584 3296 4410
3298 4426 3298 4574 3508 4574 3508 4426
3490 4432 3490 4592 3654 4592 3654 4432
2582 4558 2582 4718 2724 4718 2724 4558
2738 4558 2738 4716 2800 4716 2800 4558
2812 4562 2812 4722 2952 4722 2952 4562
2960 4564 2960 4712 3022 4712 3022 4564
3058 4566 3058 4720 3220 4720 3220 4566
3214 4554 3214 4716 3384 4716 3384 4554
3368 4550 3368 4712 3496 4712 3496 4550
2570 4692 2570 4880 2736 4880 2736 4692
2722 4696 2722 4868 2806 4868 2806 4696
2802 4698 2802 4858 2966 4858 2966 4698
2952 4702 2952 4870 3136 4870 3136 4702
3118 4712 3118 4898 3264 4898 3264 4712
3244 4718 3244 4872 3354 4872 3354 4718
3334 4698 3334 4876 3406 4876 3406 4698
3386 4718 3386 4886 3526 4886 3526 4718
3514 4718 3514 4882 3626 4882 3626 4718
# Transcript
KAISAROS NEIKHS
*QH TYCH **AIOL***OS ARCONTO*
*TEYONT**RIOY)SFHT
*****DOTRIBOYS APOLL*
IOY TOY TERTIOY ANIEWSPAI
DEYTAI APOLLWNI*EXANDROSQRA
SEAS QE**SWNE**SQEODWROS
DIONYSIOSEISIWN EISIWNOS PA*
ANIEYS FILOYS IDIOYS KAI SYNEFH
BOYS *ANEQHKEN
EG
BASSOS)
NEIKIAS)
FILHMWN
FILTWN
AGAQOKLHS
NEIKOKRATHS
ANTIOCOS FI
ALEXANDROS
DIDAS
ARISTEAS
EYKARPOS
EYKARPOS
LOYKIOS AYDI
OS ALEXANDR**
GLAYKOS
EPIKTAS
SKHNIKOS
STEFANIWN
SYNTROFOS
NEIKOMACOS
QYRWROS ARESKWN DHMHTRIO*
DHMHTRIOS
OINOY
HRAIOS )
QREPTOS
DIOSKOYRIDHS
MHNOFANH*
ZWSIMOS
AGAQOKLHS PE
EPIGONOS
EYDOXOS
ZWSIMOS
EPAGAQOS
XENOKLHS
HRAS PEIRAI
PYQAS
EYPOROS
EYPLOYS
QEOFAS
EYAS
MOSCIWN
OMHROS )
KALLIPPO*
HRAKLAS
APOLLWN***
MHTRAS
MENELAOS
ANTIOCOS
ARTEMWN
BACCWN
EPIKTAS
EYKARPOS
YGEINOS
PAMFILO*
ARTEMWN
EISIGAS
DIONYSIOS
# Lines: x1 y1 x2 y2 x3 y3 x4 y4
928 358 3350 400
776 740 3510 762
924 874 3568 916
1060 1022 3332 1050
492 1140 3474 1186
364 1272 3524 1310
366 1420 3498 1442
336 1556 3416 1596
348 1680 3298 1730
370 1848 2834 1864
500 1972 762 1984
418 2120 1258 2126
436 2250 1294 2268
440 2404 1442 2456
440 2562 1348 2586
448 2704 1420 2748
422 2848 1444 2892
416 2978 1434 3016
418 3088 1416 3158
396 3202 996 3240
390 3358 1276 3352
414 3462 1416 3490
424 3596 1436 3624
406 3744 1418 3768
396 3890 1420 3934
438 4012 1168 4054
396 4164 1370 4202
430 4300 1382 4328
422 4468 1402 4492
420 4628 1452 4670
480 4786 1488 4818
472 5028 3598 5088
1420 2126 2460 2158
1450 2302 2098 2298
1510 2434 2262 2440
1466 2574 2438 2588
1490 2742 2492 2770
1562 2890 2472 2910
1510 3018 2348 3022
1466 3136 2482 3176
1478 3244 2460 3284
1444 3368 2372 3398
1470 3522 2360 3536
1476 3628 2432 3650
1470 3780 2492 3808
1490 3920 2486 3952
1492 4044 2150 4078
1488 4190 2420 4200
1504 4316 2446 4344
1512 4518 2346 4562
1586 4778 2014 4816
2576 1988 3522 2004
2578 2166 3560 2192
2572 2346 3502 2352
2546 2530 3564 2558
2590 2704 3478 2730
2574 2924 3442 2920
2526 3060 3682 3080
2584 3288 3502 3298
2516 3456 3552 3468
2514 3612 3578 3658
2518 3770 3574 3808
2588 3944 3536 3954
2614 4132 3538 4150
2508 4276 3588 4300
2538 4476 3762 4520
2554 4640 3530 4640
2550 4788 3660 4820