# Baseline angle
-0.03915175225324563
# Boxes: x1 y1 x2 y2 x3 y3 x4 y4
755 147 755.8132052329355 259.7514338735802 860 259 859.1867947670645 146.24856612641983
866 138 866.9455699321551 269.1038854157249 1020 268 1019.0544300678449 136.8961145842751
648 359 648.9289612842891 487.80108559872025 760 487 759.0710387157109 358.19891440127975
764 378 764.7556132930448 482.7662739911315 871 482 870.2443867069552 377.2337260088685
879 359 879.8928492867631 482.79413368032203 990 482 989.1071507132369 358.20586631967797
999 362 999.7628773050279 467.77343397191976 1107 467 1106.237122694972 361.22656602808024
1124 348 1124.77438842434 455.36945814312526 1176 455 1175.22561157566 347.63054185687474
1234 346 1234.7400969727262 448.6149260982267 1320 448 1319.2599030272738 345.3850739017733
1335 346 1335.726245151527 446.6943620896644 1432 446 1431.273754848473 345.3056379103356
1459 318 1459.8776450600294 439.6860577657314 1555 439 1554.1223549399706 317.3139422342686
1558 327 1558.7044531155775 424.6728821472998 1652 424 1651.2955468844225 326.3271178527002
1671 314 1671.91448527592 440.7939776335296 1782 440 1781.08551472408 313.2060223664704
2040 311 2040.8057331585621 422.71542590724914 2140 422 2139.1942668414376 310.28457409275086
2166 307 2166.702580554068 404.4132502774144 2224 404 2223.297419445932 306.5867497225856
2256 312 2256.698541509129 408.8532340725399 2375 408 2374.301458490871 311.1467659274601
2384 302 2384.755613293045 406.7662739911315 2491 406 2490.244386706955 301.2337260088685
542 487 542.8327085825954 602.4555859749738 606 602 605.1672914174046 486.5444140250262
648 482 648.906909170352 607.7435456744271 752 607 751.093090829648 481.2564543255729
752 506 752.7057535055146 603.8531820569424 871 603 870.2942464944854 505.1468179430576
899 484 899.804640831015 595.5639739831493 978 595 977.195359168985 483.4360260168507
996 487 996.662325480408 578.8318581613703 1112 578 1111.337674519592 486.16814183862977
1120 452 1120.7262971671246 552.7015740860502 1218 552 1217.2737028328754 451.29842591394987
1219 462 1219.7698812390238 568.7445339707793 1323 568 1322.2301187609762 461.2554660292206
1339 454 1339.8503055268138 571.8954137233069 1464 571 1463.1496944731862 453.10458627669317
2048 424 2048.8633771140503 543.7077977860836 2147 543 2146.1366228859497 423.2922022139164
2172 412 2172.8257046486 526.4844859761141 2240 526 2239.1742953514 411.5155140238859
2267 423 2267.7562374802146 527.85281794776 2386 527 2385.2437625197854 422.14718205224
2396 423 2396.603381134983 506.6591863728932 2488 506 2487.396618865017 422.3408136271068
524 631 524.7919333529608 740.8020738950726 636 740 635.2080666470392 630.1979261049274
639 619 639.8137253889104 731.8235538374372 754 731 753.1862746110896 618.1764461625628
772 619 772.762461180248 724.7157380008341 872 724 871.237538819752 618.2842619991659
870 603 870.849265214864 720.7511737955928 975 720 974.150734785136 602.2488262044072
983 616 983.6982294155441 712.8099620942256 1096 712 1095.301770584456 615.1900379057744
1136 575 1137.0074089793745 714.6779094885909 1231 714 1229.9925910206255 574.3220905114091
1244 578 1244.9986885306616 716.468813609003 1310 716 1309.0013114693384 577.531186390997
1342 574 1342.9647091726326 707.7575535424186 1448 707 1447.0352908273674 573.2424464575814
1459 574 1459.8420012028807 690.7440138148045 1563 690 1562.1579987971193 573.2559861851955
1580 575 1580.762565211443 680.7301619936054 1682 680 1681.237434788557 574.2698380063946
1694 568 1694.770765504181 674.8671379093364 1815 674 1814.229234495819 567.1328620906636
1826 562 1826.7983130997866 672.6866299373038 1922 672 1921.2016869002134 561.3133700626962
1936 556 1936.6970850723992 652.6512981737402 2027 652 2026.3029149276008 555.3487018262598
2060 523 2060.791205134596 632.7011059456727 2158 632 2157.208794865404 522.2988940543273
2163 530 2163.7845653097825 638.780489921513 2272 638 2271.2154346902175 529.219510078487
2274 523 2274.7484533122565 626.7735380031147 2382 626 2381.2515466877435 522.2264619968853
2402 514 2402.848224902914 631.6069338678785 2487 631 2486.151775097086 513.3930661321215
2519 510 2519.7908410254136 619.6506219709728 2610 619 2609.2091589745864 509.3493780290272
2614 522 2614.7627212582356 627.7517979827626 2719 627 2718.2372787417644 521.2482020172374
2726 510 2726.770141317011 616.7805939527079 2835 616 2834.229858682989 509.21940604729207
2851 490 2851.94359333945 620.8298295530682 2967 620 2966.05640666055 489.1701704469318
552 736 552.748609359049 839.7951739922718 663 839 662.251390640951 735.2048260077282
678 712 678.8618686617233 831.498649890898 748 831 747.1381313382767 711.501350109102
2180 652 2180.8043807530275 763.5279140012208 2254 763 2253.1956192469725 651.4720859987792
2276 651 2276.805889205355 762.7370618964062 2379 762 2378.194110794645 650.2629381035938
2388 643 2388.8213014944786 756.8739857965397 2510 756 2509.1786985055214 642.1260142034603
2514 647 2514.7339252882903 748.7592180415382 2620 748 2619.2660747117097 646.2407819584618
2644 636 2644.7671244123567 742.3622981623371 2695 742 2694.2328755876433 635.6377018376629
2743 640 2743.7121332523407 738.7377380991736 2846 738 2845.2878667476593 639.2622619008264
2855 620 2855.8567893048344 738.7943937583094 2966 738 2965.1432106951656 619.2056062416906
315 876 315.6266296076619 962.8826022140577 438 962 437.3733703923381 875.1173977859423
447 855 447.7908930410109 964.6578339673586 539 964 538.2091069589891 854.3421660326414
551 863 551.6685491804413 955.6947782144443 648 955 647.3314508195587 862.3052217855557
671 851 671.7843572473926 959.7516419359702 776 959 775.2156427526074 850.2483580640298
782 834 782.812945154948 946.7153738916517 882 946 881.187054845052 833.2846261083483
887 839 887.7777174225793 946.8310259118105 1003 946 1002.2222825774207 838.1689740881895
1035 830 1035.8248203834423 944.3618820375572 1086 944 1085.1751796165577 829.6381179624428
1132 824 1132.7115610807682 922.6584061389309 1224 922 1223.2884389192318 823.3415938610691
1235 824 1235.8131012017404 936.7370098808087 1338 936 1337.1868987982596 823.2629901191913
1352 815 1352.7337172259001 916.7303700559954 1454 916 1453.2662827740999 814.2696299440046
1470 819 1470.6393370857163 907.6445023021344 1560 907 1559.3606629142837 818.3554976978656
2054 780 2054.841689109296 896.7007418364904 2152 896 2151.158310890704 779.2992581635096
2199 775 2199.730648305648 876.3048622692389 2242 876 2241.269351694352 774.6951377307611
2290 779 2290.6324891985128 866.6950382924317 2387 866 2386.3675108014872 778.3049617075683
2387 775 2387.6050976497 858.8971822536215 2512 858 2511.3949023503 774.1028177463785
2516 762 2516.7843052317953 870.7444299395844 2620 870 2619.2156947682047 761.2555700604156
2650 758 2650.8169321842893 871.2681781001404 2688 871 2687.1830678157107 757.7318218998596
2739 759 2739.6765414107895 852.8029061446324 2851 852 2850.3234585892105 758.1970938553676
2866 747 2866.747725093892 850.6725700537148 2960 850 2959.252274906108 746.3274299462852
315 987 315.84215724967316 1103.7656498039617 422 1103 421.15784275032684 986.2343501960383
452 976 452.75358468474263 1080.485006132089 520 1080 519.2464153152573 975.5149938679109
551 975 551.7275975570617 1075.8818739956926 674 1075 673.2724024429383 974.1181260043072
676 968 676.7259850735396 1068.6583021077358 768 1068 767.2740149264604 967.341697892264
799 970 799.682557048433 1064.6369782121635 888 1064 887.317442951567 969.3630217878363
898 952 898.834997268885 1067.7729138159448 1006 1067 1005.165002731115 951.2270861840551
1022 946 1022.740825191091 1048.7158940476265 1122 1048 1121.2591748089092 945.2841059523735
1159 940 1159.8388282514338 1056.3040820352765 1202 1056 1201.1611717485662 939.6959179647234
1263 946 1263.681932861263 1040.5504342555353 1340 1040 1339.318067138737 945.4495657444648
1363 942 1363.6466010976994 1031.6516622829224 1454 1031 1453.3533989023006 941.3483377170774
1476 924 1476.7840971694052 1032.7155819540417 1576 1032 1575.2159028305948 923.2844180459583
1588 934 1588.6467571444919 1023.6732982720796 1682 1023 1681.3532428555081 933.3267017279204
1714 918 1714.812320967778 1030.6288299350233 1802 1030 1801.187679032222 917.3711700649768
1819 919 1819.7480892030742 1022.7230540284148 1920 1022 1919.2519107969258 918.2769459715852
1934 919 1934.73434141307 1020.8169140126239 2048 1020 2047.26565858693 918.1830859873761
2059 903 2059.7058575367096 1000.8676060497138 2180 1000 2179.2941424632904 902.1323939502862
2199 892 2199.7816004207257 1000.3694061275278 2251 1000 2250.2183995792743 891.6305938724722
2283 892 2283.7192412175314 991.7232620908048 2384 991 2383.2807587824686 891.2767379091952
2403 891 2403.690549278781 986.7451061423518 2507 986 2506.309450721219 890.2548938576482
2512 898 2512.568569527394 976.8325343641376 2628 976 2627.431430472606 897.1674656358624
2643 875 2643.7540008095225 979.5427021031747 2719 979 2718.2459991904775 874.4572978968253
2750 880 2750.7258810423446 980.6438781149645 2840 980 2839.2741189576554 879.3561218850355
2863 868 2863.755665308642 972.7734859875172 2971 972 2970.244334691358 867.2265140124828
212 1122 212.6264735608694 1208.8609662249005 332 1208 331.37352643913056 1121.1390337750995
335 1102 335.63964917930105 1190.6877742804486 431 1190 430.36035082069895 1101.3122257195514
452 1096 452.7764690482395 1203.6579379985533 544 1203 543.2235309517605 1095.3420620014467
570 1102 570.6804244089358 1196.3412863603498 618 1196 617.3195755910642 1101.6587136396502
660 1091 660.8358295184448 1206.888305758116 784 1206 783.1641704815552 1090.111694241884
802 1068 802.8554889148974 1186.614093848667 888 1186 887.1445110851026 1067.385906151333
906 1080 906.6397011948986 1168.6949862768342 1003 1168 1002.3602988051014 1079.3050137231658
1016 1074 1016.7417614718457 1176.8457099825694 1134 1176 1133.2582385281542 1073.1542900174306
1172 1060 1172.8097201879036 1172.268230115738 1210 1172 1209.1902798120964 1059.731769884262
1234 1060 1234.612049568098 1144.8610702560954 1354 1144 1353.387950431902 1059.1389297439046
1363 1048 1363.8056811429647 1159.7082139108634 1462 1159 1461.1943188570353 1047.2917860891366
1494 1059 1494.6029650102028 1142.6014904018077 1578 1142 1577.3970349897972 1058.3985095981923
1594 1034 1594.8704330636438 1154.686109781329 1690 1154 1689.1295669363562 1033.313890218671
2071 1020 2071.683129220005 1114.7163101724066 2171 1114 2170.316870779995 1019.2836898275934
2188 1006 2188.762201102261 1111.6796780189056 2283 1111 2282.237798897739 1005.3203219810945
2295 1016 2295.6103330533806 1100.6230743753672 2382 1100 2381.3896669466194 1015.3769256246328
2404 1008 2404.690653309976 1103.7595301351234 2510 1103 2509.309346690024 1007.2404698648768
2524 1003 2524.6609730748733 1094.6443462553418 2614 1094 2613.3390269251267 1002.3556537446581
2622 996 2622.727701588257 1096.896297988464 2747 1096 2746.272298411743 995.1037020115358
2759 999 2759.6462890041144 1088.6083903046083 2844 1088 2843.3537109958856 998.3916096953916
2852 986 2852.871629422386 1106.8519856982002 2971 1106 2970.128370577614 985.1480143017999
232 1224 232.7836810446252 1332.6578859829558 324 1332 323.2163189553748 1223.3421140170442
350 1207 350.7745964867299 1314.3983061286679 406 1314 405.2254035132701 1206.6016938713321
448 1207 448.7337172259002 1308.7303700559955 550 1308 549.2662827740999 1206.2696299440045
584 1198 584.7236443716525 1298.333762270379 631 1298 630.2763556283475 1197.666237729621
2070 1128 2070.8633250984526 1247.700585789698 2168 1247 2167.1366749015474 1127.299414210302
2164 1135 2164.835361378068 1250.8233977906448 2279 1250 2278.164638621932 1134.1766022093552
2291 1138 2291.705389396332 1235.8026980822424 2403 1235 2402.294610603668 1137.1973019177576
2424 1122 2424.7890204795012 1231.398202097473 2480 1231 2479.2109795204988 1121.601797902527
2527 1116 2527.7552491838624 1220.7157900164316 2627 1220 2626.2447508161376 1115.2842099835684
2634 1118 2634.726869338697 1218.7809060462928 2743 1218 2742.273130661303 1117.2190939537072
2760 1119 2760.6173369873763 1204.594174374227 2843 1204 2842.3826630126237 1118.405825625773
228 1339 228.67612528600952 1432.7452101735469 332 1432 331.32387471399045 1338.2547898264531
362 1327 362.7819125143106 1435.412678105842 420 1435 419.2180874856894 1326.587321894158
447 1330 447.7558213554347 1434.7951219766742 558 1434 557.2441786445653 1329.2048780233258
564 1315 564.8133092641305 1427.7658578663516 671 1427 670.1866907358695 1314.2341421336484
675 1308 675.8997491895639 1432.7508096864103 780 1432 779.1002508104361 1307.2491903135897
798 1299 798.849265214864 1416.7511737955929 903 1416 902.150734785136 1298.2488262044071
906 1295 906.8427294212456 1411.8449817642045 1024 1411 1023.1572705787544 1294.1550182357955
1040 1292 1040.811800811803 1404.5567099711661 1118 1404 1117.188199188197 1291.4432900288339
1144 1294 1144.6825050328353 1388.629766215778 1232 1388 1231.3174949671647 1293.370233784222
1248 1291 1248.6980733687515 1387.7883261050686 1358 1387 1357.3019266312485 1290.2116738949314
1374 1292 1374.6322291205254 1379.6589783105032 1466 1379 1465.3677708794746 1291.3410216894968
2068 1259 2068.6975532127767 1355.7162061412116 2168 1355 2167.3024467872233 1258.2837938587884
2178 1260 2178.6617533088356 1351.7525262011275 2283 1351 2282.3382466911644 1259.2474737988725
2314 1246 2314.7311684616234 1347.376982233096 2367 1347 2366.2688315383766 1245.623017766904
2406 1243 2406.8343730817155 1358.6863698593163 2502 1358 2501.1656269182845 1242.3136301406837
2522 1231 2522.7342893974724 1332.8097020162381 2635 1332 2634.2657106025276 1230.1902979837619
220 1450 220.82088536969852 1563.816289825454 334 1563 333.17911463030146 1449.183710174546
346 1448 346.69781329076415 1544.75226612314 451 1544 450.30218670923585 1447.24773387686
475 1440 475.78196452990807 1548.4198901022276 534 1548 533.218035470092 1439.5801098977724
560 1440 560.7705054261935 1546.831077927408 676 1546 675.2294945738065 1439.168922072592
680 1426 680.8852211655974 1548.736489724834 783 1548 782.1147788344026 1425.263510275166
786 1419 786.8785813407842 1540.815873700674 900 1540 899.1214186592158 1418.184126299326
912 1407 912.8203652137236 1520.7441698615971 1016 1520 1015.1796347862764 1406.2558301384029
1038 1410 1038.7625131958455 1515.7229499972198 1139 1515 1138.2374868041545 1409.2770500027802
1136 1403 1136.8710572508135 1523.7726537379574 1244 1523 1243.1289427491865 1402.2273462620426
1246 1408 1246.7558733710323 1512.80233397306 1358 1512 1357.2441266289677 1407.19766602694
1374 1403 1374.7195012955187 1502.7593220727333 1480 1502 1479.2804987044813 1402.2406779272667
1503 1395 1503.7821725922981 1503.4487380877706 1566 1503 1565.2178274077019 1394.5512619122294
1575 1396 1575.670837866731 1489.0121060554152 1716 1488 1715.329162133269 1394.9878939445848
1716 1375 1716.7769892042145 1482.7300579624107 1818 1482 1817.2230107957855 1374.2699420375893
1844 1383 1844.6753970676446 1476.6442422241469 1934 1476 1933.3246029323554 1382.3557577758531
1955 1372 1955.776833157422 1479.7084219732535 2054 1479 2053.223166842578 1371.2915780267465
2079 1371 2079.698437477934 1467.8388100797686 2196 1467 2195.301562522066 1370.1611899202314
2202 1376 2202.6108011937586 1460.6879823428385 2298 1460 2297.3891988062414 1375.3120176571615
120 1562 120.77003728581616 1668.7661699599364 227 1668 226.22996271418384 1561.2338300400636
234 1566 234.7557693398372 1670.7879099802885 344 1670 343.24423066016277 1565.2120900197115
368 1563 368.6587364041812 1654.3342304107566 415 1654 414.3412635958188 1562.6657695892434
454 1563 454.72712941668436 1663.8169660282215 568 1663 567.2728705833157 1562.1830339717785
574 1552 574.7117691431581 1650.6872541244736 670 1650 669.2882308568419 1551.3127458755264
690 1543 690.8129971705455 1655.7225858880374 791 1655 790.1870028294545 1542.2774141119626
796 1535 796.8503575424112 1652.9026257196924 922 1652 921.1496424575888 1534.0973742803076
930 1526 930.8556969772873 1644.6429418342095 1020 1644 1019.1443030227127 1525.3570581657905
1032 1527 1032.7850854657574 1635.8526098853702 1151 1635 1150.2149145342426 1526.1473901146298
1151 1520 1151.7407731754934 1622.7086820512409 1250 1622 1249.2592268245066 1519.2913179487591
1262 1514 1262.812112905388 1626.5999819494805 1346 1626 1345.187887094612 1513.4000180505195
1387 1504 1387.8838687600628 1626.5489778188055 1464 1626 1463.1161312399372 1503.4510221811945
1511 1508 1511.8539804625702 1626.4049459534813 1568 1626 1567.1460195374298 1507.5950540465187
1584 1506 1584.7995094585287 1616.8525058541752 1703 1616 1702.2004905414713 1505.1474941458248
1738 1500 1738.6973451503866 1596.6873581556686 1834 1596 1833.3026548496134 1499.3126418443314
2084 1476 2084.7473609847093 1579.622086079015 2171 1579 2170.2526390152907 1475.377913920985
115 1686 115.7630853674179 1791.8022819574626 227 1791 226.2369146325821 1685.1977180425374
232 1692 232.64037739766593 1780.7887422298484 342 1780 341.35962260233407 1691.2112577701516
368 1670 368.73827642681397 1772.362506224727 419 1772 418.26172357318603 1669.637493775273
466 1674 466.7415013938583 1776.8096500006407 579 1776 578.2584986061418 1673.1903499993593
583 1659 583.7770412198118 1766.7372699587963 686 1766 685.2229587801882 1658.2627300412037
131 1796 131.87121329760598 1916.7942897271146 242 1916 241.12878670239402 1795.2057102728854
242 1807 242.60504563410228 1890.8899702572357 366 1890 365.3949543658978 1806.1100297427643
371 1784 371.8137253889103 1896.8235538374372 486 1896 485.1862746110897 1783.1764461625628
482 1796 482.6831292200053 1890.7163101724066 582 1890 581.3168707799947 1795.2836898275934
590 1764 590.7767291262269 1871.693997980482 687 1871 686.2232708737731 1763.306002019518
711 1766 711.7316886175981 1867.449102196953 774 1867 773.2683113824019 1765.550897803047
808 1758 808.7921414153507 1867.8309218806155 924 1867 923.2078585846493 1757.1690781193845
927 1759 927.7628252894305 1864.7662219755339 1034 1864 1033.2371747105694 1758.2337780244661
1042 1748 1042.6979693375565 1844.773902112297 1150 1844 1149.3020306624435 1747.226097887703
1164 1740 1164.7551451526674 1844.7013660236603 1262 1844 1261.2448548473326 1739.2986339763397
1272 1744 1272.6688612740265 1836.7380501927587 1375 1836 1374.3311387259735 1743.2619498072413
1396 1728 1396.8414810469058 1844.6718938509475 1490 1844 1489.1585189530942 1727.3281061490525
1498 1732 1498.68344131359 1826.759582150721 1604 1826 1603.31655868641 1731.240417849279
1622 1722 1622.7991453493464 1832.802021879475 1734 1832 1733.2008546506536 1721.197978120525
139 1922 142.67173354579506 2015.7341768556976 238 2012 234.32826645420494 1918.2658231443024
276 1902 280.4870396973546 2016.5477925630075 320 2015 315.5129603026454 1900.4522074369925
344 1908 347.93857768586844 2008.5463312526822 464 2004 460.06142231413156 1903.4536687473178
478 1892 482.4509044942712 2005.6253118126222 575 2002 570.5490955057288 1888.3746881873778
580 1895 584.3779994517093 2006.7641489401176 706 2002 701.6220005482907 1890.2358510598824
708 1894 711.9800313565667 1995.6045849772731 804 1992 800.0199686434333 1890.3954150227269
823 1880 827.3504220721005 1991.0601373485283 931 1987 926.6495779278995 1875.9398626514717
930 1874 933.9807535942467 1975.6230226862137 1052 1971 1048.0192464057534 1869.3769773137863
1063 1867 1067.3305050757162 1977.5516845323802 1158 1974 1153.6694949242838 1863.4483154676198
1166 1862 1170.1372006145998 1967.616894379634 1288 1963 1283.8627993854002 1857.383105620366
1288 1871 1291.5421416673707 1961.425879044926 1379 1958 1375.4578583326293 1867.574120955074
1386 1852 1390.1640557565288 1958.3024682622827 1500 1954 1495.8359442434712 1847.6975317377173
1526 1846 1530.159547127879 1952.1873693342247 1586 1950 1581.840452872121 1843.8126306657753
1610 1843 1614.4140470535078 1955.684393353296 1734 1951 1729.5859529464922 1838.315606646704
1740 1840 1743.8657602445917 1938.6874047173847 1838 1935 1834.1342397554083 1836.3125952826153
172 2022 176.7507320828531 2143.2794871126084 286 2139 281.2492679171469 2017.7205128873914
262 2024 266.53372423438253 2139.739582924597 362 2136 357.46627576561747 2020.2604170754028
376 2011 380.56057937631135 2127.425156807246 468 2124 463.43942062368865 2007.574843192754
503 2010 507.7730785961321 2131.8499620671996 555 2130 550.2269214038679 2008.1500379328006
586 2015 590.1172836182157 2120.1084415634864 695 2116 690.8827163817843 2010.8915584365138
708 2003 712.6510594996475 2121.7349866946624 808 2118 803.3489405003525 1999.2650133053376
834 1992 838.7653306116225 2113.652166954551 932 2110 927.2346693883775 1988.3478330454489
944 1988 948.6541236529373 2106.813210204839 1046 2103 1041.3458763470628 1984.186789795161
1035 1990 1039.1839727529127 2096.8109210784305 1162 2092 1157.8160272470873 1985.1890789215695
1168 1974 1172.4271135056322 2087.0179614401504 1275 2083 1270.5728864943678 1969.9820385598498
1286 1974 1290.4133248158278 2086.665955644355 1384 2083 1379.5866751841722 1970.3340443556447
1406 1964 1410.2867970906932 2073.4358813437602 1498 2070 1493.7132029093068 1960.5641186562395
1507 1966 1511.7070240978298 2086.1636839239886 1618 2082 1613.29297590217 1961.8363160760111
1620 1960 1624.153331220014 2066.0286859766647 1727 2062 1722.846668779986 1955.9713140233353
1747 1963 1750.947047908058 2063.7625640742713 1847 2060 1843.052952091942 1959.237435925729
# Transcript
OS
SANTIKLEOS FILT
ISCRWNOS FILO
*ANHSARISTOMHD NAYKRATH
*AI *RYMAIDH
WROSSMIKYQO FILWNIDH*
TRATOSNIKOSTRAT DIODWROS*
MOSEYKOMIWNOS QEODOXOS
EIOI KYDIPPO
LIDHSEYBOLO LAISO
PPIDHSKEFALIWNOS AQ**
OTIMOSXENOKRITO E
KAIHS 
SWNARISTOKLEOS 
LIDHMOSXENOTIMO
STHIDHSEXHKESTO
*******
