# Baseline angle
0.0034612876872492926
# Boxes: x1 y1 x2 y2 x3 y3 x4 y4
1448 750 1447.5794035399235 871.5139619774401 1588 872 1588.4205964600765 750.4860380225599
1628 748 1627.5860145679276 867.6039786994609 1742 868 1742.4139854320724 748.3960213005391
1782 742 1781.565247007676 867.6039068166732 1896 868 1896.434752992324 742.3960931833268
1968 738 1967.5237598090305 875.5899180109301 2086 876 2086.4762401909693 738.4100819890699
2120 750 2119.6067102453917 863.6248181425004 2228 864 2228.3932897546083 750.3751818574996
2284 746 2283.579044125985 867.6177997786996 2394 868 2394.420955874015 746.3822002213004
2430 732 2429.51702897638 871.534513889329 2564 872 2564.48297102362 732.465486110671
2606 734 2605.4955905101106 879.7282725688924 2684 880 2684.5044094898894 734.2717274311076
2714 758 2713.613872374768 869.55561690259 2842 870 2842.386127625232 758.44438309741
1400 886 1399.579139969702 1007.5901096983638 1518 1008 1518.420860030298 886.4098903016362
1548 884 1547.6136806873344 995.6109970632617 1660 996 1660.3863193126656 884.3890029367383
1694 880 1693.5792118524896 1001.5693421381119 1818 1002 1818.4207881475104 880.4306578618881
1854 890 1853.5790680869145 1011.6108772586157 1966 1012 1966.4209319130855 890.3891227413843
2002 884 2001.5724091370519 1007.5347055767628 2136 1008 2136.427590862948 884.4652944232372
2154 892 2153.5932246191624 1009.5209324193826 2292 1010 2292.4067753808376 892.4790675806174
2312 884 2311.543928346052 1015.7630528958166 2380 1016 2380.456071653948 884.2369471041833
2384 900 2383.67598336809 993.6112127116247 2496 994 2496.32401663191 900.3887872883753
2534 894 2533.5999794127415 1009.5694140208996 2658 1010 2658.4000205872585 894.4305859791004
2666 894 2665.6066623235333 1007.6386631826683 2770 1008 2770.3933376764667 894.3613368173317
514 1014 513.5581328001581 1141.6592630164157 612 1142 612.4418671998419 1014.3407369835843
634 1038 633.6481495221788 1139.6526519884117 734 1140 734.3518504778212 1038.3473480115883
772 1032 771.6061351830906 1145.7909586245155 832 1146 832.3938648169094 1032.2090413754845
866 1020 865.5584442922379 1147.5692702553242 990 1148 990.4415557077621 1020.4307297446758
1024 1028 1023.551521772154 1157.569246294395 1148 1158 1148.448478227846 1028.4307537056052
1178 1028 1177.5722653714768 1151.5762406972665 1300 1152 1300.4277346285232 1028.4237593027333
1340 1036 1339.5863020990782 1155.5209084584535 1478 1156 1478.4136979009218 1036.4790915415465
1502 1030 1501.6138484138387 1141.5625394226738 1628 1142 1628.3861515861613 1030.437460577326
1650 1022 1649.5858468414233 1141.6524363400486 1750 1142 1750.4141531585767 1022.3475636599514
1780 1022 1779.5930568926576 1139.5693900599701 1904 1140 1904.4069431073424 1022.4306099400296
1944 1028 1943.5795233445697 1149.4793493770203 2094 1150 2094.4204766554303 1028.5206506229797
2102 1032 2101.607141542118 1145.5002127809892 2246 1146 2246.392858457882 1032.4997872190108
2272 1034 2271.5854634665557 1153.7631966613922 2340 1154 2340.4145365334443 1034.2368033386078
2396 1028 2395.6209865822857 1137.5002607028475 2540 1138 2540.3790134177143 1028.4997392971525
2544 1026 2543.662785273011 1123.4242567474992 2710 1124 2710.337214726989 1026.5757432525006
2758 1026 2757.571570504529 1149.7769937797016 2822 1150 2822.428429495471 1026.2230062202984
506 1164 505.5725049807688 1287.507015496427 648 1288 648.4274950192312 1164.492984503573
672 1170 671.5786367901886 1291.735482620127 748 1292 748.4213632098114 1170.264517379873
774 1178 773.6068300500381 1291.5902055420806 892 1292 892.3931699499619 1178.4097944579194
924 1170 923.5722653714766 1293.5762406972665 1046 1294 1046.4277346285232 1170.4237593027335
1118 1168 1117.558348448521 1295.59696033566 1234 1296 1234.441651551479 1168.40303966434
1274 1172 1273.6278132586528 1279.5279747441125 1410 1280 1410.3721867413472 1172.4720252558875
1488 1172 1487.558444292238 1299.5692702553242 1612 1300 1612.441555707762 1172.4307297446758
1660 1174 1659.5722174496182 1297.5900857374345 1778 1298 1778.4277825503818 1174.4099142625655
1808 1158 1807.516789367088 1297.6037390901686 1922 1298 1922.483210632912 1158.3962609098314
1962 1176 1961.6066623235333 1289.6386631826683 2066 1290 2066.3933376764667 1176.3613368173317
2100 1172 2099.56512720303 1297.638519417093 2204 1298 2204.43487279697 1172.361480582907
2236 1164 2235.544719056716 1295.5346097330457 2370 1296 2370.455280943284 1164.4653902669543
2412 1188 2411.5999794127415 1303.5694140208993 2536 1304 2536.4000205872585 1188.4305859791007
1882 1308 1881.6349514270996 1413.4656960242862 2036 1414 2036.3650485729004 1308.5343039757138
2090 1308 2089.648173483108 1409.6457294683275 2192 1410 2192.351826516892 1308.3542705316725
2278 1304 2277.641394728599 1407.6041703868946 2392 1408 2392.358605271401 1304.3958296131054
2536 1308 2535.6274538447146 1415.6318125453722 2642 1416 2642.3725461552854 1308.3681874546278
2706 1294 2705.5583724094504 1421.5900378155761 2824 1422 2824.4416275905496 1294.4099621844239
592 1574 591.5232087076583 1711.7491359728613 664 1712 664.4767912923417 1574.2508640271387
714 1570 713.5167414452296 1709.6175841303368 824 1710 824.4832585547704 1570.3824158696632
862 1566 861.4750625591505 1717.658975485265 960 1718 960.5249374408495 1566.341024514735
974 1596 973.6343763647985 1701.6318365063014 1080 1702 1080.3656236352015 1596.3681634936986
1120 1588 1119.5791160087729 1709.5970322184478 1236 1710 1236.4208839912271 1588.4029677815522
1278 1598 1277.6483172486833 1699.6041943478237 1392 1700 1392.3516827513167 1598.3958056521763
1426 1580 1425.5722414105476 1703.5831632173506 1546 1704 1546.4277585894524 1580.4168367826494
1606 1590 1605.607165503047 1703.493290260905 1752 1704 1752.392834496953 1590.506709739095
1794 1586 1793.579139969702 1707.5901096983637 1912 1708 1912.420860030298 1586.4098903016363
1952 1588 1951.599907529954 1703.5901815811515 2070 1704 2070.4000924700463 1588.4098184188485
2130 1584 2129.579235813419 1705.562419618028 2256 1706 2256.420764186581 1584.437580381972
2306 1580 2305.6203875590554 1689.6733237049466 2400 1690 2400.3796124409446 1580.3266762950534
2460 1572 2459.5792118524896 1693.5693421381118 2584 1694 2584.4207881475104 1572.4306578618882
2642 1574 2641.600147139246 1689.5209563803116 2780 1690 2780.399852860754 1574.4790436196884
2814 1578 2813.565055320242 1703.659286977345 2912 1704 2912.434944679758 1578.340713022655
594 1758 593.5792118524898 1879.5693421381118 718 1880 718.4207881475102 1758.4306578618882
764 1750 763.5308021337605 1885.5553293714395 892 1886 892.4691978662395 1750.4446706285605
924 1760 923.5374131617646 1893.6453460934601 1026 1894 1026.4625868382354 1760.3546539065399
1062 1752 1061.5093397065611 1893.7560105710868 1132 1894 1132.4906602934389 1752.2439894289132
1166 1774 1165.5583724094504 1901.5900378155761 1284 1902 1284.4416275905496 1774.4099621844239
1328 1766 1327.59298500987 1883.5901576202223 1446 1884 1446.40701499013 1766.4098423797777
1512 1764 1511.5721216059014 1887.6177758177703 1622 1888 1622.4278783940986 1764.3822241822297
1664 1756 1663.5516655377294 1885.5277111738912 1800 1886 1800.4483344622706 1756.4722888261088
1874 1758 1873.6136567264052 1869.6179195833456 1984 1870 1984.3863432735948 1758.3820804166544
2024 1758 2023.5583244875918 1885.6038828557441 2138 1886 2138.441675512408 1758.3961171442559
2188 1764 2187.5859426851403 1883.6247462597128 2296 1884 2296.4140573148597 1764.3752537402872
2342 1756 2341.5860624897864 1875.5901336592929 2460 1876 2460.4139375102136 1756.4098663407071
2496 1750 2495.6419218690426 1853.4518749450474 2654 1854 2654.3580781309574 1750.5481250549526
2728 1752 2727.5234003950923 1889.6937558121895 2816 1890 2816.4765996049077 1752.3062441878105
2828 1760 2827.62055528556 1869.624866064359 2936 1870 2936.37944471444 1760.375133935641
582 1948 581.5168133280173 2087.5968165700847 698 2088 698.4831866719827 1948.4031834299153
756 1942 755.475445934018 2093.5482151639217 886 2094 886.524554065982 1942.4517848360783
910 1948 909.5382038724289 2081.416902930689 1078 2082 1078.4617961275712 1948.5830970693107
1126 1940 1125.516981054522 2079.5483589294968 1256 2080 1256.483018945478 1940.451641070503
1302 1948 1301.5446471739283 2079.555377293298 1430 2080 1430.4553528260717 1948.4446227067021
1468 1952 1467.5377965366322 2085.5345857721168 1602 2086 1602.4622034633678 1952.4654142278832
1640 1956 1639.5378204975614 2089.5276632520327 1776 2090 1776.4621795024386 1956.4723367479671
1804 1964 1803.5790680869145 2085.610877258616 1916 2086 1916.4209319130855 1964.3891227413844
1926 1962 1925.5583963703796 2089.583115295492 2046 2090 2046.4416036296207 1962.416884704508
2084 1958 2083.5720497231137 2081.638543378022 2188 2082 2188.4279502768863 1958.3614566219778
2222 1952 2221.537700692915 2085.562275852453 2348 2086 2348.462299307085 1952.4377241475474
2368 1950 2367.5443596427776 2081.6384475343057 2472 2082 2472.4556403572224 1950.3615524656946
2500 1942 2499.5237837699597 2079.582995490846 2620 2080 2620.4762162300403 1942.4170045091541
2648 1956 2647.5997398034497 2071.638639221739 2752 2072 2752.4002601965503 1956.3613607782609
2768 1954 2767.530850055619 2089.5414843312715 2900 2090 2900.469149944381 1954.4585156687288
584 2122 583.412879683041 2291.6241472364823 692 2292 692.587120316959 2122.3758527635177
754 2154 753.5715225826708 2277.79083881987 814 2278 814.4284774173292 2154.20916118013
854 2166 853.5306344072559 2301.6037870120267 968 2302 968.4693655927441 2166.3962129879733
1020 2150 1019.5022973818313 2293.7905992105775 1080 2294 1080.497702618169 2150.2094007894225
1116 2164 1115.5515457330832 2293.562323774311 1242 2294 1242.4484542669168 2164.437676225689
1280 2164 1279.5586599406008 2291.5069675745685 1422 2292 1422.4413400593992 2164.4930324254315
1464 2154 1463.53020311053 2289.7283923735386 1542 2290 1542.46979688947 2154.2716076264614
1562 2158 1561.5516415768002 2287.534633693975 1696 2288 1696.4483584231998 2158.465366306025
1744 2150 1743.4962134942698 2295.5482870467094 1874 2296 1874.5037865057302 2150.4517129532906
1922 2154 1921.5444554864946 2285.6107574539697 2034 2286 2034.4555445135056 2154.3892425460303
2110 2136 2109.4893149351155 2283.5413405656964 2242 2284 2242.5106850648845 2136.4586594343036
2264 2142 2263.5092199019155 2283.7906231715065 2324 2284 2324.4907800980845 2142.2093768284935
2354 2150 2353.5376048491985 2283.589965932789 2472 2284 2472.4623951508015 2150.410034067211
2494 2154 2493.557653581574 2281.797713418095 2552 2282 2552.442346418426 2154.202286581905
2590 2144 2589.4963572598454 2289.5067519262057 2732 2290 2732.5036427401546 2144.4932480737943
2782 2160 2781.6136088045464 2271.631764623514 2888 2272 2888.3863911954536 2160.368235376486
590 2352 589.5931766973038 2469.5347774595502 724 2470 724.4068233026962 2352.4652225404498
768 2336 767.5168372889465 2475.589894050001 886 2476 886.4831627110535 2336.410105949999
912 2362 911.5930329317285 2479.5763125800545 1034 2480 1034.4069670682716 2362.4236874199455
1044 2336 1043.5377246538444 2469.555353332368 1172 2470 1172.4622753461556 2336.444646667632
1208 2344 1207.5308260946897 2479.5484068513556 1338 2480 1338.4691739053103 2344.4515931486444
1392 2342 1391.557893190866 2469.7284882172553 1470 2470 1470.442106809134 2342.2715117827447
1502 2346 1501.5515936549416 2475.548478734143 1632 2476 1632.4484063450584 2346.451521265857
1670 2338 1669.503136014354 2481.5483110076384 1800 2482 1800.496863985646 2338.4516889923616
1814 2344 1813.5171967028846 2483.486056248741 1962 2484 1962.4828032971154 2344.513943751259
2000 2352 1999.6275976102897 2459.590277424868 2118 2460 2118.3724023897103 2352.409722575132
2114 2312 2113.4340545790897 2475.5065362778428 2256 2476 2256.5659454209103 2312.4934637221572
2288 2338 2287.59329650195 2455.5001648591306 2432 2456 2432.40670349805 2338.4998351408694
2446 2340 2445.531089664911 2475.4722591304317 2598 2476 2598.468910335089 2340.5277408695683
2610 2338 2609.5097230814285 2479.645250249743 2712 2480 2712.4902769185715 2338.354749750257
2724 2346 2723.564552140728 2471.804659899108 2780 2472 2780.435447859272 2346.195340100892
576 2530 575.5446711348576 2661.548454773214 706 2662 706.4553288651424 2530.451545226786
722 2526 721.5516176158708 2655.5415562140593 854 2656 854.4483823841292 2526.4584437859407
880 2534 879.5791399697022 2655.5901096983634 998 2656 998.4208600302978 2534.4098903016366
1032 2522 1031.5167414452296 2661.6175841303366 1142 2662 1142.4832585547704 2522.3824158696634
1150 2532 1149.5723851761227 2655.541628096847 1282 2656 1282.4276148238773 2532.458371903153
1314 2516 1313.4893628569735 2663.527495525528 1450 2664 1450.5106371430265 2516.472504474472
1486 2532 1485.5999314908834 2647.5832590610676 1606 2648 1606.4000685091166 2532.4167409389324
1620 2536 1619.6482453658957 2637.6249619080754 1728 2638 1728.3517546341043 2536.3750380919246
1752 2530 1751.5030641315661 2673.5690785678903 1876 2674 1876.4969358684339 2530.4309214321097
1910 2534 1909.6137286091928 2645.5971520230937 2026 2646 2026.3862713908072 2534.4028479769063
2062 2528 2061.5445513302116 2659.5830673736336 2182 2660 2182.4554486697884 2528.4169326263664
2214 2532 2213.5928412442945 2649.631692740726 2320 2650 2320.4071587557055 2532.368307259274
2366 2520 2365.537628810128 2653.5830434127042 2486 2654 2486.462371189872 2520.4169565872958
2506 2526 2505.5308260946895 2661.5484068513556 2636 2662 2636.4691739053105 2526.4515931486444
2670 2518 2669.4062926159663 2689.5272079943775 2806 2690 2806.5937073840337 2518.4727920056225
592 2726 591.5515936549416 2855.548478734143 722 2856 722.4484063450584 2726.451521265857
788 2712 787.5100106125794 2853.5621800087356 914 2854 914.4899893874206 2712.4378199912644
972 2712 971.530850055619 2847.5414843312715 1104 2848 1104.4691499443811 2712.4585156687285
1156 2704 1155.4538397412434 2861.7904314840725 1216 2862 1216.5461602587566 2704.2095685159275
1266 2724 1265.5929370880117 2841.60400266039 1380 2842 1380.4070629119883 2724.39599733961
1418 2722 1417.5306583681852 2857.596864491943 1534 2858 1534.4693416318148 2722.403135508057
1566 2728 1565.5720736840428 2851.6316208579383 1672 2852 1672.4279263159572 2728.3683791420617
1698 2710 1697.5447669785744 2841.520764692878 1836 2842 1836.4552330214256 2710.479235307122
1856 2714 1855.5445752911407 2845.57614485355 1978 2846 1978.4554247088593 2714.42385514645
2008 2708 2007.537580888269 2841.5968884528725 2124 2842 2124.462419111731 2708.4031115471275
2164 2722 2163.5650792811716 2847.652364457261 2264 2848 2264.4349207188284 2722.347635542739
2290 2720 2289.551617615871 2849.5415562140593 2422 2850 2422.448382384129 2720.4584437859407
2430 2716 2429.6215137227287 2825.3479652610004 2618 2826 2618.3784862772713 2716.6520347389996
572 2912 571.6067581672504 3025.6109731023325 684 3026 684.3932418327496 2912.3890268976675
710 2906 709.5445273692824 3037.5899898937178 828 3038 828.4554726307176 2906.4100101062822
844 2922 843.6138244529096 3033.5694619427577 968 3034 968.3861755470904 2922.4305380572423
1022 2906 1021.5652230467467 3031.6108293367574 1134 3032 1134.4347769532535 2906.3891706632426
1162 2922 1161.6062310268076 3035.76326854418 1230 3036 1230.3937689731924 2922.23673145582
1242 2918 1241.599907529954 3033.5901815811512 1360 3034 1360.400092470046 2918.4098184188488
1408 2908 1407.5862302162907 3027.5416760187054 1540 3028 1540.4137697837093 2908.4583239812946
1574 2914 1573.5587078624592 3041.4931225344008 1720 3042 1720.4412921375408 2914.5068774655992
1764 2910 1763.5514978112246 3039.576168814479 1886 3040 1886.4485021887754 2910.423831185521
1946 2908 1945.5236879262427 3045.610685571182 2058 3046 2058.476312073757 2908.389314428818
2100 2908 2099.5582526048042 3035.6246504159963 2208 3036 2208.4417473951958 2908.3753495840037
2270 2898 2269.5169331326633 3037.562203969665 2396 3038 2396.4830668673367 2898.437796030335
2460 2916 2459.5785169855426 3037.7700952205464 2526 3038 2526.4214830144574 2916.2299047794536
560 3078 559.5445992520699 3209.5692223334654 684 3210 684.4554007479301 3078.4307776665346
2540 2912 2539.516909171734 3051.5691264897487 2664 3052 2664.483090828266 2912.4308735102513
742 3094 741.5440241897687 3225.7353628154806 818 3226 818.4559758102313 3094.2646371845194
842 3104 841.5721695277597 3227.6039307776023 956 3228 956.4278304722403 3104.3960692223977
974 3098 973.5516655377294 3227.5277111738915 1110 3228 1110.4483344622706 3098.4722888261085
1146 3066 1145.4614331673454 3221.5966248826508 1262 3222 1262.5385668326546 3066.4033751173492
1320 3090 1319.5097949642163 3231.6244826894913 1428 3232 1428.4902050357837 3090.3755173105087
1444 3104 1443.5791878915604 3225.576264658196 1566 3226 1566.4208121084396 3104.423735341804
1570 3104 1569.5793795789943 3225.520884497524 1708 3226 1708.4206204210057 3104.479115502476
1714 3096 1713.5866615130165 3215.417070657194 1882 3216 1882.4133384869835 3096.582929342806
1894 3096 1893.5582526048042 3223.6246504159963 2002 3224 2002.4417473951958 3096.3753495840037
1992 3096 1991.558348448521 3223.5969603356602 2108 3224 2108.441651551479 3096.4030396643398
2112 3100 2111.5724330979815 3223.527783056679 2248 3224 2248.4275669020185 3100.472216943321
2254 3102 2253.5446950957867 3233.54153225313 2386 3234 2386.4553049042133 3102.45846774687
2410 3100 2409.482176766668 3249.6036192855227 2524 3250 2524.517823233332 3100.3963807144773
586 3280 585.5100585344378 3421.548334968568 716 3422 716.4899414655622 3280.451665031432
756 3284 755.5998596080956 3399.604026621319 870 3400 870.4001403919044 3284.395973378681
910 3258 909.4133349406961 3427.4926193548868 1056 3428 1056.5866650593039 3258.5073806451132
1058 3296 1057.65607840129 3395.3619301058143 1242 3396 1242.34392159871 3296.6380698941857
1304 3276 1303.4961176505528 3421.575977127045 1426 3422 1426.5038823494472 3276.424022872955
1464 3274 1463.4609779096904 3429.7281527642463 1542 3430 1542.5390220903096 3274.2718472357537
1548 3290 1547.5655345388263 3415.5208365756657 1686 3416 1686.4344654611737 3290.4791634243343
1706 3292 1705.6070696593301 3405.520980341241 1844 3406 1844.3929303406699 3292.479019658759
1878 3290 1877.55868390153 3417.5000450544844 2022 3418 2022.44131609847 3290.4999549455156
2056 3292 2055.5723132933354 3415.562395657099 2182 3416 2182.4276867066646 3292.437604342901
2212 3284 2211.5445752911405 3415.57614485355 2334 3416 2334.4554247088595 3284.42385514645
2372 3300 2371.6137286091925 3411.5971520230937 2488 3412 2488.3862713908075 3300.4028479769063
750 3490 749.4817933918007 3639.714379606866 832 3640 832.5182066081993 3490.285620393134
852 3494 851.5369579041094 3627.7768739750554 916 3628 916.4630420958906 3494.2231260249446
942 3486 941.4753500903012 3637.5759052442577 1064 3638 1064.5246499096988 3486.4240947557423
1128 3482 1127.531065703982 3617.479181650516 1278 3618 1278.468934296018 3482.520818349484
1294 3504 1293.606925893755 3617.562515461745 1420 3618 1420.393074106245 3504.437484538255
1436 3480 1435.5099387297917 3621.5829475689875 1556 3622 1556.4900612702083 3480.4170524310125
1570 3494 1569.5308260946897 3629.5484068513556 1700 3630 1700.4691739053103 3494.4515931486444
1746 3480 1745.5716903091752 3603.742381179282 1820 3604 1820.4283096908248 3480.257618820718
1866 3490 1865.586062489786 3609.590133659293 1984 3610 1984.413937510214 3490.409866340707
1978 3492 1977.5927933224361 3609.645537780894 2080 3610 2080.407206677564 3492.354462219106
2114 3490 2113.54459925207 3621.5692223334654 2238 3622 2238.45540074793 3490.4307776665346
1078 3662 1077.385405251068 3839.5617487120094 1204 3840 1204.614594748932 3662.4382512879906
1234 3686 1233.5792837352774 3807.54857457786 1364 3808 1364.4207162647226 3686.45142542214
1374 3684 1373.544695095787 3815.54153225313 1506 3816 1506.455304904213 3684.45846774687
1536 3692 1535.5932246191624 3809.5209324193825 1674 3810 1674.4067753808376 3692.4790675806175
1696 3680 1695.5240713011103 3817.4999252498383 1840 3818 1840.4759286988897 3680.5000747501617
1878 3700 1877.648484975188 3801.555736707236 2006 3802 2006.351515024812 3700.444263292764
2048 3688 2047.5586120187422 3815.5208126147363 2186 3816 2186.4413879812573 3688.4791873852637
2224 3670 2223.4958540803314 3815.6521248479685 2324 3816 2324.5041459196686 3670.3478751520315
1946 3846 1945.434006657231 4009.5203813180105 2084 4010 2084.565993342769 3846.4796186819895
# Transcript
THS NOYFRA****************
*TOYS EPIOFQ***************   
KLINHN STRWSAI TWI*************  
TRAPEZAN KOSMH****************
TOY QE**
IEROFANTHN NOYFR************
CARIKLHN QEODWRO******
EYMNHSTON ANDROK*******  
FILISTIDHN FILINO*****
TELESIDHMON CARI*******
QEOBOYLON QEOFAN
LYSIQEON QEODW
QEOFILON QEOFIL
DIONYSODWRON HR
AGNWNIDHN QEO
RISTOGEITON
YOCON QEO*
*F*
