# Baseline angle
-0.013466718816707468
# Boxes: x1 y1 x2 y2 x3 y3 x4 y4
372.85806246076686 257.8963155365127 375.38972907600385 445.87926865766485 556.3733169213684 443.4418662249104 553.8416503061314 255.45891310375828
660.3036317051312 274.06870936902897 662.3774437197401 428.05474543635637 703.3737260493534 427.50262665324544 701.2999140347443 273.51659058591895
799.4645484758644 293.966785957316 801.6864899200883 458.9518246008811 963.6718005883154 456.77028209200625 961.4498591440913 291.78524344844163
1060.6304987938443 297.6124048748811 1062.5965803141878 443.5991663413074 1112.5920465698136 442.92585075214856 1110.6259650494699 296.9390892857218
1214.5755918764964 283.45806701423453 1216.6359375793224 436.4441937564493 1373.6217016219866 434.329982806491 1371.561355919161 281.3438560642762
1428.6102340474818 284.6028462166523 1430.482051385343 423.5902424072915 1560.4702636499696 421.8396218754783 1558.598446312108 282.8522256848396
1632.3360577963285 264.88437405931245 1634.746527605517 443.86814325445266 1756.7354652692438 442.2252532169059 1754.324995460055 263.2414840217657
1822.3984486648676 263.15016871800344 1824.6338564208747 429.1351166866807 1964.6211619366259 427.2498330370354 1962.3857541806192 261.2648850683581
1993.2488241906003 254.92913402265413 1995.551563505523 425.9136286168937 2148.5376902477374 423.8532829140677 2146.2349509328146 252.86878831982813
376.2050949875626 667.9949807240118 378.50783430248566 838.9794753182514 498.49695331598696 837.3635179042706 496.194214001064 666.3790233100308
560.2018771200478 673.5170886810201 562.7874089824176 865.4996791026226 718.7732636999693 863.3989344644469 716.1877318375996 671.4163440428447
768.8556069335091 699.60383159148 770.687025336021 835.5914998067815 913.6740588271102 833.6658172217874 911.8426404245982 697.6781490064857
982.9568552643102 702.6404269251937 984.8556052257379 843.6276417660579 1150.840553194415 841.3922340100507 1148.941803232987 700.4050191691865
1191.749103823198 680.7868382755855 1194.3077030620013 870.7696100469625 1330.295371277303 868.9381916444506 1327.7367720384998 678.9554198730737
1403.0135800433723 701.0647391227467 1405.1277909933306 858.0505031654111 1559.1138270606577 855.976691150802 1556.9996161106988 698.9909271081374
1619.926300009209 686.1026039048857 1622.3502361301805 866.0862824251374 1768.3369975966073 864.1202009047938 1765.9130614756355 684.1365223845416
1828.0157141762015 691.3816835255839 1830.412717673607 869.3655433956108 1973.3997511646958 867.4398608106169 1971.0027476672908 689.4560009405898
2039.2928406341712 697.5382968918095 2041.3397200252139 849.5245143089112 2109.333554132865 848.6088051076549 2107.286674741822 696.622587690553
364.2362845872019 895.1631072392915 366.22929873111184 1043.1496873559431 510.21624154731353 1041.2105384591662 508.2232274034037 893.2239583425142
565.3260614537446 887.4960521071232 567.6422670804509 1059.480456026475 707.6295725962025 1057.59517237683 705.3133669694962 885.6107684574783
741.3913539186831 885.1927687428747 743.680626921823 1055.177354012002 938.6629453187627 1052.5514232142827 936.373672315623 882.5668379451556
969.639371555787 908.0263719760787 971.6862509468294 1060.0125893931804 1170.6682066442193 1057.3327933483288 1168.6213272531766 905.3465759312271
1247.7096068930848 908.457164629325 1249.7295536605611 1058.4435633962016 1315.7235691179867 1057.5547868185122 1313.7036223505104 907.5683880516351
1428.0012877614874 912.7752830620607 1429.7653746050835 1043.7634046517996 1557.7537682194852 1042.039716743553 1555.989681375889 911.0515951538141
1672.9390361782532 910.5301739469776 1674.8781850750306 1054.5171167631795 1726.873469980881 1053.816868550454 1724.9343210841039 909.8299257342524
1797.9938546026956 907.6713695464618 1800.1215318644374 1065.657042914239 1954.1075679317642 1063.5832308996298 1951.9798906700225 905.597557531853
2000.070165157455 916.0044050891809 2002.3729044723777 1086.9888996834204 2143.360119313242 1085.0901497219922 2141.057379998319 914.1056551277529
358.9439200044952 1083.2795447047383 361.42172137259945 1267.2628605254401 488.4102056618883 1265.552638928977 485.9324042937841 1081.5693231082748
566.9923005119258 1086.464632167617 569.2950398268489 1257.4491267618564 709.2823453426006 1255.563843112212 706.9796060276776 1084.5793485179724
759.2032741845171 1097.796760961461 761.5868113701392 1274.7807115063756 934.5711246146038 1272.4510395678863 932.1875874289815 1095.4670890229718
976.3705846258092 1109.644374555773 978.6194586935997 1276.629231849562 1139.6048600367142 1274.461155652471 1137.3559859689237 1107.4762983586818
1196.5006697528138 1114.9635810871584 1198.7360775088212 1280.9485290558355 1335.7236550492353 1279.1036443415403 1333.4882472932281 1113.1186963728633
1424.1834649945743 1091.8548579127696 1426.701665298028 1278.8379017088093 1550.6904216119797 1277.1680790476958 1548.1722213085256 1090.1850352516562
1603.5725836665215 1116.6436625337044 1605.7541261753959 1278.6289732019309 1792.7371699714358 1276.110772898477 1790.5556274625615 1114.1254622302506
1805.5806559134903 1104.8424883330285 1807.86992891663 1274.8270736021557 1946.8573251072694 1272.9552562642943 1944.5680521041293 1102.9706709951674
2018.8585077705598 1119.1068321935193 2020.9457860969524 1274.0927775859586 2145.934451736016 1272.4094886130617 2143.847173409624 1117.4235432206224
362.0838375221623 1326.5950752505328 364.2384474074704 1486.5805672685349 552.2214005286226 1484.0489006532978 550.0667906433144 1324.063408635296
574.1172102447226 1314.551326087985 576.4199495596456 1485.5358206822243 734.4056229274223 1483.4081434204827 732.1028836124995 1312.4236488262434
776.990528698972 1298.7375923244015 779.1855375196299 1461.7228123177406 925.1722989860565 1459.7567307973968 922.9772901653987 1296.7715108040577
1428.4423124461027 1314.8329145899975 1430.6373212667604 1477.8181345833368 1536.6277097286866 1476.3907055343204 1534.4327009080291 1313.4054855409809
1629.3309107098853 1322.2884163871897 1631.6605826483747 1495.2727296316543 1763.6486135632263 1493.495176476275 1761.318941624737 1320.5108632318106
1811.2201436978803 1309.8381823668642 1813.5767482599358 1484.8223142615536 1948.564507150125 1483.0043621708246 1946.207902588069 1308.0202302761354
1991.486342740916 1308.3719431379059 1993.937211485454 1490.355440308383 2135.924335651431 1488.4432240351719 2133.473466906893 1306.4597268646949
400.6527294516868 1511.1064354346113 403.278660249406 1706.088753831551 521.2679606126824 1704.499729041136 518.642029814963 1509.5174106441964
583.0798895119087 1535.544843924521 585.2210330854336 1694.5304266174103 729.2079759016353 1692.5912777206327 727.0668323281104 1533.6056950277436
748.0097027850281 1525.1212705030991 750.5009704649156 1710.104495648914 893.4880039560047 1708.1788130639197 890.9967362761173 1523.195587918105
1418.5013414181835 1542.1355228733337 1420.7098165506245 1706.1206521917857 1528.7000236627757 1704.666290519203 1526.4915485303347 1540.681161200751
1623.3890329330911 1537.4563615526945 1625.3685807652178 1684.4430323442336 1730.3590599020317 1683.029069607 1728.3795120699046 1536.042398815461
1805.4394989629338 1532.9511741865863 1807.647974095375 1696.9363035050383 1954.634644886914 1694.9567556729112 1952.426169754473 1530.9716263544594
584.8272891403392 1739.5667451828226 586.9953653374304 1900.552146525937 725.9827615280694 1898.6803291880751 723.8146853309781 1737.6949278449613
758.9841255411352 1749.8588377408669 761.2464659207087 1917.843604359769 922.231867263823 1915.6755281626777 919.9695268842493 1747.6907615437756
1405.0624795538363 1750.4953513746398 1407.7422755986886 1949.4773070720298 1546.7296717893275 1947.6054897341683 1544.0498757444755 1748.6235340367784
1611.5830877225533 1777.8119283342883 1613.6434334253795 1930.7980550765028 1760.6301042169187 1928.8185072443757 1758.5697585140924 1775.8323805021619
1847.3859916717124 1762.5407933445144 1849.432871062755 1914.5270107616157 1899.4283373183805 1913.8536951724568 1897.381457927338 1761.8674777553551
358.64841181626207 1951.5374060220902 360.96461744296823 2123.521809941442 493.95255768293237 2121.7307904742797 491.636352056226 1949.7463865549275
585.0597480176262 1982.6257810805243 586.9046327319213 2119.613358620938 710.8933890458725 2117.9435359598247 709.0485043315775 1980.9559584194108
778.8817401215928 1972.1894667464196 781.1440805011662 2140.1742333653215 927.1308419675928 2138.2081518449777 924.8685015880193 1970.2233852260758
1000.2152707235448 1973.7227741430236 1002.4776111031183 2141.7075407619254 1131.4659140426324 2139.970386541896 1129.2035736630587 1971.985619922994
1209.2724024486095 1987.2075227182897 1210.8748935508072 2106.1967324066786 1326.8643752638586 2104.6346402398303 1325.2618841616609 1985.6454305514412
1377.163267584579 1978.9996823100614 1379.0216186106572 2116.987169175588 1565.0047530815846 2114.482435183917 1563.146402055506 1976.494948318391
1622.0469694044373 1973.7280032709623 1624.3227760957939 2142.712679214977 1738.3124391586202 2141.177519671695 1736.0366324672634 1972.1928437276802
1801.2447487899076 1979.100621675043 1803.1838976866848 2123.087564491245 1932.172200626199 2121.3504102712145 1930.2330517294217 1977.3634674550135
354.30290738552253 2158.761936681352 356.65951194757827 2333.746068576041 506.6459107144549 2331.726121808565 504.28930615239915 2156.741989913876
623.6557539204919 2181.1638925383945 625.5545038819198 2322.1511073792585 675.5499701375454 2321.4777917901 673.6512201761175 2180.4905769492357
789.5594506440324 2167.8616972727964 791.7813920882566 2332.846735916361 924.7693323282206 2331.055716449198 922.5473908839964 2166.070677805634
984.7979916644022 2181.2879088993477 986.8044721200956 2330.274398341112 1123.7920496605095 2328.4295136268165 1121.7855692048165 2179.4430241850523
1193.4826004039123 2157.4485119606215 1196.0411996427158 2347.4312837319994 1337.02841448358 2345.5325337705717 1334.4698152447768 2155.5497619991943
1419.8001257972319 2170.604853302185 1421.7527410057924 2315.591705443499 1564.7397744968816 2313.6660228585047 1562.787159288321 2168.679170717191
1609.6064753921155 2158.845438160171 1611.8014842127732 2321.8306581535107 1719.7916913249242 2320.3762964809275 1717.5966825042667 2157.391076487588
1784.1429980945773 2190.5255148630777 1785.93401756174 2323.5134551030424 1931.9207790281664 2321.5473735826986 1930.1297595610044 2188.559433342734
354.2126281544507 2371.8904803352693 356.3268391044094 2528.8762443779337 513.3126031470736 2526.762033427975 511.198392197115 2369.776269385311
576.4614618655419 2383.845280374522 578.4948749448015 2534.8315884665108 699.4839032834154 2533.2021647407464 697.4504902041558 2382.2158566487574
771.672979587458 2396.2582070390645 773.4909316781868 2531.245965929254 933.4764236961887 2529.091356043946 931.6584716054599 2394.1035971537567
982.6938834219977 2397.3626779810197 984.4983692009432 2531.350527546096 1111.4868534902323 2529.640305949633 1109.6823677112866 2395.652456384556
1197.593862475151 2381.508363932311 1199.8696691665077 2550.493039876326 1332.8576094064717 2548.702020409163 1330.581802715115 2379.717344465149
1406.655346594815 2383.63949547317 1408.5810291798089 2526.626528964259 1553.567881321123 2524.673913755699 1551.6421987361293 2381.6868802646095
1607.8261026818318 2383.9988289152425 1609.670987396127 2520.986406455657 1738.6592903356407 2519.249252235627 1736.814405621346 2382.2616746952126
1788.769200916959 2386.5482321953673 1790.8430129315682 2540.534268262694 1939.8295023733326 2538.527787807001 1937.7556903587235 2384.5417517396736
355.89296824862754 2568.9532339033585 358.0071791985862 2725.9389979460225 474.99657023675013 2724.3634394673904 472.88235928679137 2567.377675424727
574.2094962181847 2587.9614458153055 576.1082461796124 2728.94866065617 699.0970931684512 2727.2923043068395 697.1983432070235 2586.3050894659755
789.2575140260656 2590.092668031052 791.048533493228 2723.0806082710164 919.0369271076293 2721.35692036277 917.245907640467 2588.368980122805
988.4275447139823 2595.3442709788596 990.3397609871931 2737.331395144836 1126.3274292024948 2735.499976742324 1124.415212929284 2593.5128525763475
1187.6267748976527 2612.9323503714713 1189.3908617412485 2743.92047196121 1344.376807133688 2741.833193634818 1342.6127202900918 2610.845072045079
1405.537772040627 2592.71435522973 1407.2075947017408 2716.7031115436807 1534.1960789910297 2714.9928899472175 1532.5262563299161 2591.004133633266
1611.1147409607593 2560.889150001887 1613.4309465874653 2732.8735539212394 1742.4192495269795 2731.1363997012095 1740.103043900273 2559.1519957818577
1795.21961628706 2573.4643978069284 1797.5088892901997 2743.4489830760554 1924.4973735794888 2741.738761479592 1922.2081005763487 2571.7541762104647
371.1918519359558 2809.877153308791 373.3464618212639 2969.8626453267925 522.3329512630281 2967.8561648710997 520.1783413777199 2807.870672853098
602.1972039362998 2808.6719897546204 604.1767517684266 2955.658660546159 657.1719459993899 2954.944946021651 655.192398167263 2807.9582752301117
774.047126087595 2796.3836235003546 776.2556012200359 2960.3687528188066 931.2415466124752 2958.281474492415 929.0330714800342 2794.2963451739624
997.0008797129938 2788.5154804403132 999.3305516514829 2961.499793684778 1112.3203053891968 2959.978100453279 1109.9906334507075 2786.9937872088144
1189.4937391841568 2819.7110419436885 1191.50021963985 2968.6975313854527 1342.4865277318393 2966.664118306193 1340.4800472761458 2817.6776288644287
1408.7165470205564 2825.800686450548 1410.3998359934533 2950.7893520896114 1539.3881389329672 2949.052197869582 1537.7048499600705 2824.063532230518
1608.6306271097053 2824.040545909434 1610.4081802650844 2956.028576824285 1732.397117928811 2954.385686786738 1730.6195647734319 2822.397655871887
1811.397937892552 2804.483397468831 1813.566014089643 2965.4687988119454 1943.5542263542695 2963.718178280132 1941.3861501571785 2802.7327769370177
350.14396648775823 3030.3016837972755 352.0561827609695 3172.288807963252 551.0381384583591 3169.6090119184005 549.1259221851482 3027.621887752424
609.0661630703287 3024.7469401860667 611.315037138119 3191.731797479856 653.3112287928445 3191.1662123849633 651.0623547250541 3024.181355091174
785.8742354880746 3007.243384967934 788.2847052972629 3186.227154163073 925.2722828376772 3184.382269448778 922.8618130284887 3005.3985002536388
992.9226159955053 3009.4284724308127 995.1984226868622 3178.413148374827 1094.1894458730007 3177.0799835082926 1091.913639181644 3008.0953075642788
555.8054462053376 3230.563444514464 557.9196571552962 3387.549208557128 717.9051491732981 3385.39459867182 715.7909382233395 3228.408834629156
780.8510157912563 3222.3310763120644 782.9921593647813 3381.3166590049536 896.9818224276077 3379.781499461671 894.8406788540827 3220.7959167687823
974.7260570683682 3216.773202472361 976.85373433011 3374.758875840138 1108.8417652449614 3372.9813226847587 1106.7140879832195 3214.995649316982
374.01632313130574 3392.905269069859 376.1440003930476 3550.890942437636 477.1348422294112 3549.5308449475356 475.0071649676694 3391.545171579758
954.3942909740741 3415.0380413920852 956.7912944714794 3593.021901262112 1110.7773305388062 3590.9480892475026 1108.380327041401 3412.964229377476
355.8997460008802 3605.128258256033 358.1082211333212 3769.1133875744854 480.0971587970474 3767.470497536938 477.88868366460656 3603.485368218486
577.0564010519012 3615.3934181905115 579.4130056139571 3790.3775500852016 709.4012178785836 3788.6269295533884 707.0446133165278 3613.642797658699
776.3075016351797 3632.6848760243433 778.1254537259085 3767.672634914533 920.1125778918852 3765.7604186413214 918.2946258011563 3630.772659751133
376.88990194095766 3832.2023926134943 378.519325666722 3953.1914209521074 506.5077192811233 3951.467733043861 504.87829555535905 3830.4787047052473
575.9925103950711 3832.4409826239553 577.8643277329326 3971.428378814594 704.8528120222215 3969.7181572181307 702.9809946843602 3830.730761027491
781.3382378603815 3858.7856709807074 782.8464647800972 3970.7755153933085 906.8352210940487 3969.105692732195 905.3269941743332 3857.115848319593
574.6864981508062 4033.5305781407224 576.8815069714639 4196.515798134062 671.8728928571525 4195.236498514661 669.6778840364949 4032.2512785213203
773.1262177739363 4064.834232837913 774.7825741232671 4187.823079826751 908.7704236883436 4186.018594047807 907.1140673390131 4063.0297470589676
970.2297329769248 4063.2074859662066 971.7379598966405 4175.197330378809 1116.7248120379547 4173.244715170247 1115.216585118239 4061.254870757646
385.6489543834215 4029.9548769612447 387.6823674626809 4180.941185053233 501.67203052550724 4179.406025509951 499.63861744624774 4028.4197174179617
1186.281153037963 3999.3319518118433 1188.7454880942842 4182.315358307434 1318.7337003589107 4180.56473777562 1316.2693653025894 3997.58133128003
1394.056442357023 4039.4717438954485 1396.0629228127161 4188.458233337213 1501.0534019495299 4187.0442705999785 1499.0469214938366 4038.0577811582148
1590.2551284913682 4057.9790254173613 1592.2077436999289 4202.965877558675 1733.1949585407929 4201.067127597247 1731.2423433322326 4056.0802754559336
1794.2462028495806 3834.1173645207837 1796.2796159288403 3985.103672612773 1924.2680095432415 3983.3799847045266 1922.2345964639821 3832.393676612537
1799.8990662708661 4039.099501567949 1802.255670832922 4214.083633462637 1917.245243220861 4212.535007607572 1914.8886386588051 4037.5508757128837
379.30453805133163 4229.341003361905 381.47261424842293 4390.32640470502 502.46164258703675 4388.696980979254 500.29356638994557 4227.71157963614
553.8408794040189 4267.994147441245 555.766561989013 4410.981180932334 716.7519633321274 4408.813104735243 714.8262807471333 4265.826071244154
783.6449621267152 4251.898074504652 785.9611677534215 4423.882478424004 914.9494706929355 4422.145324203974 912.6332650662293 4250.160920284623
1005.7594954195245 4258.907646539912 1007.9679705519654 4422.892775858364 1057.963436807591 4422.219460269205 1055.75496167515 4258.234330950753
980.6034261026243 4470.265570868581 982.488709752269 4610.252876384331 1109.4771940415578 4608.542654787869 1107.5919103919132 4468.555349272117
1185.2280518388584 4292.493912434774 1187.126801800286 4433.481127275638 1325.1142886658126 4431.622776249559 1323.215538704385 4290.635561408696
1408.8306839341321 4261.479997492192 1411.1468895608384 4433.464401411544 1504.1384567963019 4432.212034415708 1501.8222511695956 4260.227630496357
1605.2169010096798 4288.837880136066 1606.9405889179259 4416.8262737504665 1739.9285291578901 4415.035254283303 1738.2048412496436 4287.046860668903
1385.8225626970718 4483.809991773533 1387.7213126584993 4624.797206614396 1518.7094342482387 4623.0331197708 1516.8106842868108 4482.045904929935
962.8001057201849 4930.547051903132 964.3083326399005 5042.5368963157325 1084.2974516534018 5040.920938901752 1082.7892247336863 4928.931094489151
1773.022917920549 4941.637344511235 1774.6658079580966 5063.6262821749615 1911.6533854985105 5061.781397460666 1910.0104954609633 4939.792459796941
1007.1462770011183 1305.8680891410474 1009.4086173806918 1473.8528557599495 1149.3959228964434 1471.9675721103047 1147.1335825168699 1303.982805491403
1183.101572099604 1312.22887338132 1185.390845102744 1482.2134586504471 1361.3748863225462 1479.8433877766079 1359.085613319406 1309.858802507481
977.9926511625415 1751.1249950991073 980.2011262949823 1915.1101244175593 1135.1870716874214 1913.0228460911671 1132.9785965549806 1749.037716772715
1206.242226911237 3030.894538943388 1208.154443184448 3172.881663109365 1365.1402072271121 3170.7674521594067 1363.227990953901 3028.78032799343
358.53942851207637 3207.056616366989 360.7748362680835 3373.041564335666 504.7617790842851 3371.1024154388883 502.52637132827806 3205.117467470211
1206.8828934691642 3242.0652950304047 1208.916306548424 3393.0516031223947 1342.9041561135002 3391.2471173434487 1340.8707430342408 3240.2608092514597
519.1749730298517 3399.466687863567 521.3699818505092 3562.4519078569065 683.3552925187362 3560.270365348032 681.1602836980785 3397.2851453546928
737.2249856852573 3407.8941689385424 739.5950565590961 3583.8782101583447 885.5818180255229 3581.9121286380014 883.211747151684 3405.928087418199
993.1795506410044 3620.6826138957954 995.159098473131 3767.669284687334 1107.1489428857324 3766.1610577676192 1105.1693950536055 3619.1743869760794
1802.5528498180583 3644.1220331864984 1804.4112008441364 3782.1095200520244 1946.3983250101128 3780.1973037788143 1944.539973984035 3642.209816913288
1362.0573538495366 3833.071015802035 1364.1850311112782 3991.0566891698118 1551.1680749073182 3988.5384888663575 1549.0403976455764 3830.5528154985814
1581.2229414679666 3825.662769472466 1583.3640850414915 3984.6483521653563 1741.3497584092684 3982.5206749036142 1739.2086148357434 3823.5350922107255
1172.4378870946116 4456.681036429974 1174.7540927213176 4628.665440349325 1344.7386779904448 4626.376167346185 1342.4224723637385 4454.391763426834
756.5596652708166 4691.302656517889 758.4180162968946 4829.290143383416 907.404505738659 4827.283662927723 905.5461547125808 4689.2961760621965
1139.3800669116042 4898.166234964134 1141.763604097226 5075.150185509049 1272.751725686965 5073.386098665454 1270.3681885013432 4896.402148120538
383 1751 385.02515803982 1901.3733495441913 487 1900 484.97484196018 1749.6266504558087
# Transcript
FILINOBYZ
EDOXENTHI
DHMWIOINH
ENAYSIASA
MATEYENFE
IOS**EST
IPEN*PAI*
NONTOMBY
TINANHRA
DHMONTON*
ROQYMOSP***
AIAGAQON***
WIPRQ*****
EAYTO********
RGET**********
HNAI***A*********
ONODEG*********
SBOLHSAN*********
HLHILIQ*********
***OPO***********
**O**************
**OE**O*****

# Lines: x1 y1 x2 y2 x3 y3 x4 y4
