# Baseline angle
0.03719975213772608
# Boxes: x1 y1 x2 y2 x3 y3 x4 y4
330 1338 330 1500 494 1500 494 1338
492 1352 492 1522 604 1522 604 1352
582 1358 582 1520 740 1520 740 1358
736 1384 731.056515423497 1516.8289513229731 870 1522 874.943484576503 1389.1710486770269
864 1354 857.3801014419685 1531.8733542544624 1022 1538 1028.6198985580315 1360.1266457455376
1020 1394 1014.5887601877907 1539.3972999186192 1192 1546 1197.4112398122093 1400.6027000813808
1198 1426 1192.4373320487239 1575.4660980713716 1368 1582 1373.5626679512761 1432.5339019286284
1398 1418 1391.5840905485697 1590.392269264342 1596 1598 1602.4159094514303 1425.607730735658
1630 1428 1622.6343872285397 1625.9103211800184 1840 1634 1847.3656127714603 1436.0896788199816
1836 1436 1828.9012807394129 1626.7390263948173 2024 1634 2031.0987192605871 1443.2609736051827
2036 1466 2029.5062712655683 1640.483234370803 2124 1644 2130.4937287344314 1469.516765629197
2128 1466 2121.4710305284198 1641.4301353041112 2298 1648 2304.5289694715802 1472.5698646958888
274 1538 267.3002378223665 1718.0192496601044 428 1724 434.6997621776335 1543.9807503398956
426 1544 419.7517558728547 1711.887186088024 584 1718 590.2482441271454 1550.112813911976
582 1540 575.762821339704 1707.589862543315 748 1714 754.237178660296 1546.410137456685
748 1552 741.4374731128157 1728.3318062317362 840 1732 846.5625268871843 1555.6681937682638
844 1558 837.2203742027646 1740.1651450657466 994 1746 1000.7796257972354 1563.8348549342534
1008 1564 1000.226409015337 1772.8724911602587 1138 1778 1145.773590984663 1569.1275088397413
1116 1566 1109.0527088784797 1752.6702282420647 1306 1760 1312.9472911215203 1573.3297717579353
1290 1616 1284.4345656820115 1765.540428957549 1458 1772 1463.5654343179885 1622.459571042451
1464 1602 1457.1132079310953 1787.0446490396635 1644 1794 1650.8867920689047 1608.9553509603365
1634 1628 1627.2452715031757 1809.4961670901514 1802 1816 1808.7547284968243 1634.5038329098486
1828 1650 1820.6810544475936 1846.656396408503 2018 1854 2025.3189455524064 1657.343603591497
2050 1666 2043.2235015845329 1848.0811138860713 2256 1856 2262.7764984154674 1673.9188861139287
400 1744 392.9317107732486 1933.9213866468676 610 1942 617.0682892267514 1752.0786133531324
616 1752 608.4490406588128 1954.8904905538936 692 1958 699.5509593411872 1755.1095094461064
688 1752 680.4552954223493 1954.7224281945432 876 1962 883.5447045776507 1759.2775718054568
866 1758 858.644730665277 1955.632398222305 976 1960 983.355269334723 1762.367601777695
990 1778 982.5185608416773 1979.0225181059645 1170 1986 1177.4814391583227 1784.9774818940355
1164 1800 1157.1132079310953 1985.0446490396635 1344 1992 1350.8867920689047 1806.9553509603365
1330 1790 1321.519062920825 2017.878525972831 1486 2024 1494.480937079175 1796.121474027169
1490 1822 1482.2789699828716 2029.460204322891 1658 2036 1665.7210300171284 1828.539795677109
1660 1832 1652.7194225665105 2027.6254642955196 1824 2034 1831.2805774334895 1838.3745357044806
1820 1866 1813.0744787971225 2052.0852814461446 1972 2058 1978.9255212028775 1871.9147185538552
1972 1866 1965.0720734454662 2052.149912038824 2176 2060 2182.9279265545338 1873.8500879611759
380 1966 370.95244051358645 2209.103385883862 610 2218 619.0475594864135 1974.896614116138
616 1996 608.1766144145149 2206.2104471114494 710 2210 717.8233855854851 1999.789552888551
702 1992 694.3698990693229 2197.01698537254 882 2204 889.6301009306771 1998.98301462746
910 2030 903.1104415643829 2215.1189799258404 1088 2222 1094.8895584356171 2036.8810200741596
1116 2036 1108.724955299935 2231.476802523165 1284 2238 1291.275044700065 2042.5231974768349
286 2200 277.20826855761027 2436.22941464337 486 2444 494.79173144238973 2207.77058535663
504 2218 495.6428273927685 2442.553036681851 642 2448 650.3571726072315 2223.446963318149
672 2256 663.9488110526704 2472.3314091966704 870 2480 878.0511889473296 2263.6685908033296
900 2260 891.5574310397419 2486.847593859847 1030 2492 1038.4425689602583 2265.152406140153
1048 2264 1039.171944775294 2501.205416457172 1168 2506 1176.828055224706 2268.794583542828
1182 2302 1175.0250452113562 2489.413537103837 1352 2496 1358.9749547886438 2308.586462896163
1356 2312 1349.1215070312323 2496.821656381132 1542 2504 1548.8784929687677 2319.178343618868
1556 2326 1549.0986540674216 2511.4357040575455 1618 2514 1624.9013459325784 2328.5642959424545
1610 2332 1603.4464942430648 2508.0894129862086 1816 2516 1822.5535057569352 2339.9105870137914
1814 2340 1807.9170158454833 2503.446733504385 1984 2510 1990.0829841545167 2346.553266495615
1984 2352 1976.6924809294987 2548.349372570296 2236 2558 2243.3075190705013 2361.650627429704
776 2596 769.5457224296529 2769.4232013773253 1000 2778 1006.4542775703471 2604.5767986226747
1002 2618 995.3279014894899 2797.275940798332 1176 2804 1182.67209851051 2624.724059201668
1168 2610 1160.3011009165702 2816.865557233473 1352 2824 1359.6988990834298 2617.134442766527
1362 2604 1354.4407415586757 2807.1134832124253 1432 2810 1439.5592584413243 2606.8865167875747
1446 2626 1438.813118019674 2819.107914458991 1624 2826 1631.186881980326 2632.892085541009
1636 2632 1628.741553500209 2827.030817206102 1816 2834 1823.258446499791 2638.969182793898
1816 2644 1809.3327121928028 2823.1466796129735 1886 2826 1892.6672878071972 2646.8533203870265
1886 2642 1878.5711218092117 2841.610231268597 2104 2850 2111.428878190788 2650.389768731403
574 2786 567.1436379649309 2970.227009291714 776 2978 782.8563620350691 2793.772990708286
784 2808 776.6616898806071 3005.176712611744 960 3012 967.3383101193929 2814.823287388256
960 2828 952.6672226140319 3025.0280508393894 1140 3032 1147.3327773859683 2834.9719491606106
1148 2860 1141.0005089260012 3048.0728147859345 1354 3056 1360.9994910739988 2867.9271852140655
1354 2862 1346.3778371544038 3066.8036930075064 1486 3072 1493.6221628455962 2867.1963069924936
1502 2874 1494.7470862336336 3068.882155433747 1686 3076 1693.2529137663664 2881.117844566253
1730 2912 1721.8222802140144 3131.7312293738282 1944 3140 1952.1777197859856 2920.2687706261718
766 3036 758.0286746722722 3250.1855137910284 968 3258 975.9713253277278 3043.8144862089716
1006 3054 998.6886315176185 3250.4528043369673 1094 3254 1101.3113684823816 3057.5471956630327
1128 3076 1120.4881308078416 3277.840157853914 1286 3284 1293.5118691921584 3082.159842146086
1324 3086 1316.6233217616902 3284.2076447247273 1526 3292 1533.3766782383098 3093.7923552752727
940 3258 932.7443198669214 3452.9564863199244 1122 3460 1129.2556801330786 3265.0435136800756
1138 3270 1129.791850180179 3490.548869121778 1330 3498 1338.208149819821 3277.451130878222
# Transcript
ARCONTOSSTRA
ALLIKRATOYSA 
*SIARCOYNTOS
SIDOY
SKEKROPIDOS
MELITEIS
*PANDROS
TIKO
YC
