# Baseline angle
-0.029888454616310067
# Boxes: x1 y1 x2 y2 x3 y3 x4 y4
382 824 387.38066376561653 1003.9712136863683 654 996 648.6193362343834 816.0287863136317
646 816 651.5499708362178 1001.6341579454923 840 996 834.4500291637822 810.3658420545077
812 808 817.7657167015238 1000.8503764118973 980 996 974.2342832984762 803.1496235881027
978 794 984.1731892662445 1000.4794257654888 1134 996 1127.8268107337556 789.5205742345112
1112 812 1117.591851076996 999.0349586813572 1286 994 1280.408148923004 806.9650413186428
1268 766 1274.7305082896016 991.1205052704021 1446 986 1439.2694917103984 760.8794947295979
372 1172 378.12872314943854 1376.9921332383813 612 1370 605.8712768505615 1165.0078667616187
544 1146 550.9579571387891 1378.7281624708817 776 1372 769.0420428612109 1139.2718375291183
762 1148 768.8650795493792 1377.62161405632 890 1374 883.1349204506208 1144.37838594368
842 1160 847.8067971737628 1354.224426672184 1056 1348 1050.1932028262372 1153.775573327816
1038 1168 1043.2601947953376 1343.9417950612587 1242 1338 1236.7398052046624 1162.0582049387413
1224 1142 1229.8593940594728 1337.983675302037 1430 1332 1424.1406059405272 1136.016324697963
1404 1144 1409.4884434130645 1327.5762027373162 1596 1322 1590.5115565869355 1138.4237972626838
1578 1150 1582.8402194781963 1311.894556498015 1780 1306 1775.1597805218037 1144.105443501985
1782 1140 1787.2075979096276 1314.182546431406 1994 1308 1988.7924020903724 1133.817453568594
296 1344 302.0608510648698 1546.7219632431247 460 1542 453.9391489351302 1339.2780367568753
440 1374 444.84379169317384 1536.014039129344 646 1530 641.1562083068262 1367.985960870656
634 1354 639.1968812646958 1527.8240985374182 834 1522 828.8031187353042 1348.1759014625818
824 1344 829.4537076022409 1526.41436726411 1044 1520 1038.5462923977593 1337.58563273589
990 1352 995.2129562320937 1526.3617703784 1208 1520 1202.7870437679062 1345.6382296216
1178 1338 1183.3653885667577 1517.4602923209643 1366 1512 1360.6346114332423 1332.5397076790357
1362 1324 1367.311005573559 1501.641302375447 1556 1496 1550.688994426441 1318.358697624553
1558 1304 1563.4304882048884 1485.6377301604696 1752 1480 1746.5695117951116 1298.3622698395304
1740 1300 1745.3725329967124 1479.699257583623 1936 1474 1930.6274670032876 1294.300742416377
322 1532 327.7996527438082 1725.9854614095257 528 1720 522.2003472561918 1526.0145385904743
470 1532 475.0855294022706 1702.099626855141 746 1694 740.9144705977294 1523.900373144859
732 1512 737.7450831801991 1704.1602310994992 810 1702 804.2549168198009 1509.8397689005008
802 1522 807.3181500035137 1699.8802676381056 1004 1694 998.6818499964863 1516.1197323618944
1002 1502 1008.3899214705002 1715.7286350719805 1200 1710 1193.6100785294998 1496.2713649280195
1178 1490 1183.969946153359 1689.6813965087363 1374 1684 1368.030053846641 1484.3186034912637
1376 1496 1381.5321097613314 1681.036744788846 1550 1676 1544.4678902386686 1490.963255211154
1534 1464 1540.1632723898517 1670.1477283470788 1612 1668 1605.8367276101483 1461.8522716529212
1610 1464 1616.158100637796 1669.9747447645937 1816 1664 1809.841899362204 1458.0252552354063
1782 1464 1788.2392752433245 1672.6898544450808 2012 1666 2005.7607247566755 1457.3101455549192
296 1730 300.59866833951014 1883.815209136727 562 1876 557.4013316604899 1722.184790863273
558 1702 563.449149048314 1884.261893792694 706 1880 700.550850951686 1697.738106207306
700 1694 705.6168565818369 1881.8713371006622 902 1876 896.3831434181631 1688.1286628993378
884 1702 889.5134489179056 1886.4125811566214 1104 1880 1098.4865510820944 1695.5874188433786
1092 1692 1097.4971873800973 1875.8686689511308 1160 1874 1154.5028126199027 1690.1313310488692
1146 1694 1151.158573238895 1866.5427804328826 1370 1860 1364.841426761105 1687.4572195671174
1346 1678 1351.026587855145 1846.1281634382074 1556 1840 1550.973412144855 1671.8718365617926
1518 1664 1523.2022395871618 1838.0033224844121 1724 1832 1718.7977604128382 1657.9966775155879
1704 1648 1709.9725320293867 1847.767888299979 1836 1844 1830.0274679706133 1644.232111700021
1864 1644 1869.9260932346817 1842.214614092698 1944 1840 1938.0739067653183 1641.785385907302
362 1876 368.1981947710856 2083.315804184794 546 2078 539.8018052289144 1870.684195815206
532 1874 537.4973739505077 2057.8749093156393 734 2052 728.5026260494923 1868.1250906843604
720 1882 725.3280668799066 2060.2119650565155 1000 2052 994.6719331200934 1873.7880349434845
962 1868 967.9173492676489 2065.9221478788836 1166 2060 1160.082650732351 1862.0778521211164
1150 1842 1156.4879708119656 2059.0081670690274 1324 2054 1317.5120291880344 1836.9918329309726
1314 1850 1319.8780549028984 2046.607838934261 1474 2042 1468.1219450971016 1845.3921610657387
1450 1840 1455.6097121518824 2027.6323718380036 1644 2022 1638.3902878481176 1834.3676281619964
1626 1854 1631.0648958809459 2023.409481542743 1812 2018 1806.9351041190541 1848.590518457257
1774 1840 1779.3288666484455 2018.2387155320935 1988 2012 1982.6711333515545 1833.7612844679065
1888 1790 1894.6181700882266 2011.363042748038 2074 2006 2067.3818299117734 1784.636957251962
276 2036 282.8223995400619 2264.194062844877 490 2258 483.1776004599381 2029.8059371551228
426 2052 431.98066279829084 2252.039844402724 634 2246 628.0193372017092 2045.9601555972758
620 2048 625.9342240035858 2246.486570195443 776 2242 770.0657759964142 2043.5134298045566
748 2042 753.5321097613312 2227.0367447888457 922 2222 916.4678902386688 2036.963255211154
896 2048 900.8805001818964 2211.241856282724 1210 2202 1205.1194998181036 2038.7581437172762
1172 2028 1177.6891006499222 2218.287740202826 1388 2212 1382.3108993500778 2021.7122597971738
1380 2006 1386.1340814719044 2211.171357185375 1626 2204 1619.8659185280956 1998.8286428146246
1610 2018 1615.747055858098 2210.226212779673 1824 2204 1818.252944141902 2011.7737872203272
1806 2000 1812.3373245847902 2211.969386442128 2012 2206 2005.6626754152098 1994.0306135578724
280 2236 285.7363392131663 2427.867764885685 482 2422 476.2636607868337 2230.132235114315
458 2236 463.30564725109315 2413.462078428453 646 2408 640.6943527489068 2230.537921571547
620 2216 626.0064680716711 2416.9029732976073 790 2412 783.9935319283289 2211.0970267023927
748 2222 753.664095145081 2411.451361783521 936 2406 930.335904854919 2216.548638216479
896 2204 902.1090759670633 2408.33497876607 1114 2402 1107.8909240329365 2197.66502123393
1098 2208 1103.9949516582 2408.5177749280415 1322 2402 1316.0050483418 2201.4822250719585
1318 2194 1324.270438839171 2403.7322072869574 1516 2398 1509.729561160829 2188.2677927130426
1482 2188 1487.9102048376942 2385.683182616225 1678 2380 1672.0897951623058 2182.316817383775
1640 2190 1646.1938227875692 2397.1695710778868 1886 2390 1879.8061772124308 2182.8304289221132
1854 2208 1859.5170211328827 2392.5320637879504 2078 2386 2072.4829788671173 2201.4679362120496
218 2406 224.74301104202206 2631.5386944800543 410 2626 403.2569889579779 2400.4613055199457
386 2406 392.35955764319306 2618.7130327056816 550 2614 543.640442356807 2401.2869672943184
536 2414 541.635703995673 2602.5017410973956 826 2594 820.364296004327 2405.4982589026044
806 2402 811.9467267560065 2600.904759405096 976 2596 970.0532732439935 2397.095240594904
954 2398 959.7996527438082 2591.9854614095257 1160 2586 1154.2003472561917 2392.0145385904743
1130 2398 1135.8371610010697 2593.2400290384835 1378 2586 1372.1628389989303 2390.7599709615165
1338 2404 1343.8522496295184 2599.7447100393783 1536 2594 1530.1477503704816 2398.2552899606217
1506 2392 1511.6079260443937 2579.572630522339 1698 2574 1692.3920739556063 2386.427369477661
1672 2386 1677.831802678604 2581.0608050914893 1914 2574 1908.168197321396 2378.9391949085107
1900 2366 1906.6610366679545 2588.79683432399 2134 2582 2127.3389633320453 2359.20316567601
194 2604 199.74169753563223 2796.0469888326793 402 2790 396.2583024643678 2597.9530111673207
362 2592 367.8683245969161 2788.28238188036 578 2782 572.1316754030838 2585.71761811964
566 2582 572.0733538172904 2785.1401524527773 744 2780 737.9266461827096 2576.8598475472227
718 2576 723.5517569437064 2761.693899261157 914 2756 908.4482430562936 2570.306100738843
894 2574 899.6168565818369 2761.8713371006625 1096 2756 1090.383143418163 2568.1286628993375
1086 2572 1092.0947871071542 2775.857048240753 1288 2770 1281.9052128928458 2566.142951759247
1278 2554 1285.1824469711282 2794.2368471511013 1360 2792 1352.8175530288718 2551.7631528488987
1352 2550 1358.538781590187 2768.7076743832154 1516 2764 1509.461218409813 2545.2923256167846
1498 2562 1504.1632723898517 2768.147728347079 1576 2766 1569.8367276101483 2559.852271652921
1574 2562 1579.7256225682345 2753.5093169916972 1764 2748 1758.2743774317655 2556.4906830083028
1748 2546 1754.400638115432 2760.0870829659684 1958 2754 1951.599361884568 2539.9129170340316
278 2784 284.0715677098017 2987.0804111371126 454 2982 447.9284322901983 2778.9195888628874
438 2792 443.11669299811683 2963.1419796970176 682 2956 676.8833070018832 2784.8580203029824
678 2776 683.6176563503761 2963.8980875762404 814 2960 808.3823436496239 2772.1019124237596
798 2764 803.4928153965809 2947.7224358442236 928 2944 922.5071846034191 2760.2775641557764
900 2768 905.6087258129328 2955.599380997917 1026 2952 1020.3912741870672 2764.400619002083
952 2774 957.553543051195 2959.7536405768215 1150 2954 1144.446456948805 2768.2463594231785
1132 2760 1137.6597231615644 2949.305128676614 1382 2942 1376.3402768384356 2752.694871323386
1368 2758 1373.2236728770256 2932.720218272388 1598 2926 1592.7763271229744 2751.279781727612
1584 2760 1589.5606874811494 2945.9926058394803 1790 2940 1784.4393125188506 2754.0073941605197
1692 2738 1698.3792048255682 2951.3701871779926 1878 2946 1871.6207951744318 2732.6298128220074
1830 2744 1835.6827559885066 2934.0755254157457 1972 2930 1966.3172440114934 2739.9244745842543
1940 2736 1946.2124836309947 2943.793734710111 2140 2938 2133.787516369005 2730.206265289889
308 2978 313.4723684456666 3161.038530896334 482 3156 476.5276315543334 2972.961469103666
462 2968 467.61408413539885 3155.778604944911 594 3152 588.3859158646012 2964.221395055089
568 2966 572.9114772073322 3130.277968760092 716 3126 711.0885227926678 2961.722031239908
674 2954 679.3421691694053 3132.6836552173236 836 3128 830.6578308305947 2949.3163447826764
794 2930 799.9520850784725 3129.08398335209 970 3124 964.0479149215275 2924.91601664791
926 2942 931.2895722836954 3118.9244065874714 1096 3114 1090.7104277163046 2937.0755934125286
1090 2948 1095.3153775570756 3125.787535482354 1222 3122 1216.6846224429244 2944.212464517646
1206 2948 1211.4634379082233 3130.739824318011 1370 3126 1364.5365620917767 2943.260175681989
1322 2952 1326.5540156522939 3104.32167624511 1538 3098 1533.4459843477061 2945.67832375489
1502 2912 1508.0118263941372 3113.0821972446015 1678 3108 1671.9881736058628 2906.9178027553985
1644 2906 1649.9270795736313 3104.2476049327847 1792 3100 1786.0729204263687 2901.7523950672153
1774 2926 1779.2395612740129 3101.251649748861 1888 3098 1882.7604387259871 2922.748350251139
1824 2912 1829.7692889165012 3104.9698590432263 1996 3100 1990.2307110834988 2907.0301409567737
1926 2926 1930.7634168561844 3085.325679924435 2042 3082 2037.2365831438156 2922.674320075565
560 3124 565.1369533786208 3295.819644280398 626 3294 620.8630466213792 3122.180355719602
628 3110 633.6319452102853 3298.3760181015577 780 3294 774.3680547897147 3105.6239818984423
746 3128 750.9676463080195 3294.156700021274 890 3290 885.0323536919805 3123.843299978726
876 3126 881.5722038946207 3312.377804209046 1028 3308 1022.4277961053795 3121.622195790954
1000 3116 1005.4455768333369 3298.1424111613646 1144 3294 1138.5544231666634 3111.8575888386354
1120 3096 1126.1374671164713 3301.284599452196 1236 3298 1229.8625328835287 3092.715400547804
1206 3112 1211.664095145081 3301.451361783521 1394 3296 1388.335904854919 3106.548638216479
1334 3104 1339.4991600579963 3287.934650631304 1538 3282 1532.5008399420037 3098.065349368696
1500 3106 1504.8785275039972 3269.1758746025503 1678 3264 1673.1214724960028 3100.8241253974497
1674 3100 1679.1665174373888 3272.808496171119 1840 3268 1834.8334825626112 3095.191503828881
890 3278 895.7524141805642 3470.405436726667 1110 3464 1104.247585819436 3271.594563273333
1090 3290 1094.7634168561844 3449.325679924435 1206 3446 1201.2365831438156 3286.674320075565
1184 3274 1189.1014177992581 3444.6310583316135 1344 3440 1338.8985822007419 3269.3689416683865
1322 3286 1327.0506070210367 3454.9315510174256 1492 3450 1486.9493929789633 3281.0684489825744
1478 3272 1483.043462591082 3440.692585754767 1640 3436 1634.956537408918 3267.307414245233
1624 3250 1629.5142486864445 3434.4393316321994 1778 3430 1772.4857513135555 3245.5606683678006
1754 3240 1759.2476920429174 3415.523605851606 1944 3410 1938.7523079570826 3234.476394148394
1928 3238 1933.591851076996 3425.0349586813572 2102 3420 2096.4081489230043 3232.9650413186428
1494 3442 1498.9694324155082 3608.2164413369387 1640 3604 1635.0305675844918 3437.7835586630613
1624 3396 1631.0585923562824 3632.094186259171 1768 3628 1760.9414076437176 3391.905813740829
1762 3400 1768.5147624242954 3617.9042868039974 1966 3612 1959.4852375757046 3394.0957131960026
1646 3590 1652.453235001142 3805.846331595821 1848 3800 1841.546764998858 3584.153668404179
1836 3580 1842.1001454296202 3784.036272187747 2044 3778 2037.8998545703798 3573.963727812253
# Transcript
WN TYCH*
*Y ARCONTOS
YONTOS QEO
Y DIONYSIOY
WSPAIDOTRI
EOMNHSTOY )
SHGEMONOS
OS TOY QEODW
NEWSOPLOMA
OY TOY NIKIOY
*EWSGRAMMATEY
OS TOY QEOMNHSTO*
*IKOSTRATOS
YS TOYSDE
****EFH
YA

