# Baseline angle
6.318165116294742
# Boxes: x1 y1 x2 y2 x3 y3 x4 y4
424 318 417.68407953673227 498.48538247229703 661 507 667.3159204632677 326.5146175277029
671 344 665.1258835970609 511.8602749729272 812 517 817.8741164029391 349.13972502707287
824 358 818.1099834521242 526.3146416415647 952 531 957.8900165478758 362.68535835843534
949 361 943.5673145687925 516.2458289501399 1108 522 1113.4326854312073 366.7541710498602
1103 363 1097.5956321387484 517.4366187211821 1228 522 1233.4043678612516 367.56338127881793
1225 361 1219.1463443666976 528.2755827091423 1297 531 1302.8536556333024 363.7244172908576
1300 363 1293.9340039530375 536.3434774834072 1427 541 1433.0659960469625 367.6565225165928
1436 368 1430.1646906877786 534.7513134760991 1523 538 1528.8353093122214 371.24868652390086
1496 370 1489.7113605629145 549.7057927872509 1641 555 1647.2886394370855 375.29420721274914
1638 375 1632.3312172098767 536.9926083582153 1804 543 1809.6687827901233 381.00739164178475
1799 358 1793.1124296282683 526.2447390771588 1929 531 1934.8875703717317 362.75526092284116
1924 354 1918.0362250792036 524.4223800503205 2106 531 2111.963774920796 360.57761994967944
2195 370 2189.0393760715333 540.3323364756677 2351 546 2356.9606239284667 375.6676635243324
2337 368 2330.9535733621906 540.784256968161 2480 546 2486.0464266378094 373.21574303183894
2480 356 2473.724814531707 535.3213286830191 2636 541 2642.275185468293 361.67867131698085
577 591 571.2288095394123 755.9190365295933 745 762 750.7711904605877 597.0809634704067
740 589 733.7186990913469 768.4960850940336 891 774 897.2813009086531 594.5039149059664
908 603 902.7300266433849 753.5961264742376 1000 757 1005.2699733566151 606.4038735257624
979 603 972.2208195240021 796.723620836445 1123 802 1129.779180475998 608.276379163555
1107 601 1100.0668556102128 799.1233335986357 1268 805 1274.9331443897872 606.8766664013643
1261 616 1254.6377887342926 797.8082004577153 1403 803 1409.3622112657074 621.1917995422847
1412 615 1405.8005008088849 792.1584979818131 1487 795 1493.1994991911151 617.8415020181869
1487 601 1480.2354965808668 794.3042054500104 1643 800 1649.7645034191332 606.6957945499896
1624 628 1618.3717656605531 788.8338853072286 1766 794 1771.6282343394469 633.1661146927714
1780 622 1775.0489622636123 763.4821394100304 1847 766 1851.9510377363877 624.5178605899696
1852 627 1846.3766580128413 787.6940801784172 1998 793 2003.6233419871587 632.3059198215828
1977 632 1971.5230968539 788.5094058477351 2157 795 2162.4769031461 638.4905941522649
2481 620 2475.194376529096 785.9030031695655 2678 793 2683.805623470904 627.0969968304345
2682 622 2676.7322862752308 772.5315546481232 2833 778 2838.2677137247692 627.4684453518768
2847 617 2841.1113930844945 785.2743596210704 2919 788 2924.8886069155055 619.7256403789296
2910 625 2904.472950242946 782.9424084180534 3049 788 3054.527049757054 630.0575915819466
3042 603 3035.8787784454967 777.9216159208286 3181 783 3187.1212215545033 608.0783840791714
3187 603 3180.959875346849 775.6041698188552 3278 779 3284.040124653151 606.3958301811448
3311 574 3304.5698140741442 757.7506619891213 3426 762 3432.4301859258558 578.2493380108787
3414 594 3408.373880109109 754.7734622764872 3472 757 3477.626119890891 596.2265377235128
457 786 449.64744022377795 996.108656541771 618 1002 625.352559776222 791.891343458229
611 817 605.6503393744026 969.8732905557166 695 973 700.3496606255974 820.1267094442834
666 822 659.8296683783158 998.3249979472354 822 1004 828.1703316216842 827.6750020527646
849 805 842.1975808506329 999.3876951982998 974 1004 980.8024191493671 809.6123048017002
968 820 961.0579622661198 1018.3774721077202 1036 1021 1042.9420377338802 822.6225278922798
1033 834 1027.2146507544344 999.3236416440722 1218 1006 1223.7853492455656 840.6763583559278
1204 831 1198.093896762889 999.7743390484935 1376 1006 1381.906103237111 837.2256609515065
1345 826 1338.1980991225198 1020.3728849263441 1499 1026 1505.8019008774802 831.627115073656
1506 822 1499.197580850633 1016.3876951982998 1631 1021 1637.802419149367 826.6123048017002
1615 812 1607.2881426971726 1032.3760359186733 1768 1038 1775.7118573028274 817.6239640813266
1757 833 1750.5647351775574 1016.8957978562241 1925 1023 1931.4352648224426 839.1042021437758
1915 822 1907.7229399566572 1029.9511565788562 2052 1035 2059.2770600433428 827.0488434211437
2037 849 2030.8235529379554 1025.49975435825 2188 1031 2194.1764470620446 854.5002456417503
2173 850 2166.448168722115 1037.226831142081 2360 1044 2366.551831277885 856.7731688579188
2349 848 2342.9436021133156 1021.0691979640756 2541 1028 2547.0563978866844 854.9308020359244
2487 864 2481.333663386021 1025.9227057938097 2655 1032 2660.666336613979 870.0772942061906
2644 870 2638.095119850961 1038.7393877662907 2817 1045 2822.904880149039 876.2606122337094
2813 853 2806.911801823442 1026.9779313013505 2979 1033 2985.088198176558 859.0220686986494
2939 851 2933.426286351909 1010.2758878800546 3097 1016 3102.573713648091 856.7241121199455
3073 845 3066.6903815213914 1025.3052953229912 3258 1032 3264.3096184786086 851.6947046770088
3251 854 3245.1417837419976 1021.4059083042896 3405 1027 3410.8582162580024 859.5940916957104
3375 858 3369.298193831931 1020.936292977693 3514 1026 3519.701806168069 863.0637070223069
3512 834 3505.5886786671117 1017.2115824841223 3671 1023 3677.4113213328883 839.7884175158778
3658 862 3653.3413216738427 995.1276010206223 3764 999 3768.6586783261573 865.8723989793777
467 1054 461.54896824771174 1209.770098183183 611 1215 616.4510317522884 1059.229901816817
613 1057 607.4299556161252 1216.171034033446 774 1222 779.5700443838748 1062.828965966554
767 1050 760.4689612193399 1236.632659344632 971 1244 977.5310387806601 1057.367340655368
973 1064 966.2797142957593 1256.040628552415 1108 1261 1114.7202857042407 1068.959371447585
1100 1054 1093.4018779196754 1242.5496491274994 1192 1246 1198.5981220803246 1057.4503508725006
1182 1066 1175.8008325364733 1243.1490184481488 1343 1249 1349.1991674635267 1071.8509815518512
1343 1074 1336.9078008316376 1248.0922646816236 1420 1251 1426.0921991683624 1076.9077353183764
1412 1062 1405.3955759350165 1250.7297362768054 1556 1256 1562.6044240649835 1067.2702637231946
1559 1062 1552.9056863830817 1236.1526877123652 1720 1242 1726.0943136169183 1067.8473122876348
1698 1098 1692.691737824554 1249.6902776991099 1873 1256 1878.308262175446 1104.3097223008901
1208 1285 1200.3830252949062 1502.6646461788039 1410 1510 1417.6169747050938 1292.3353538211961
1379 1270 1370.4148789139872 1515.3306484449163 1561 1522 1569.5851210860128 1276.6693515550837
1598 1275 1589.528812648987 1517.0748484617563 1816 1525 1824.471187351013 1282.9251515382437
1838 1289 1829.9249893620527 1519.753599880476 2037 1527 2045.0750106379473 1296.246400119524
2063 1277 2054.4417868515725 1521.5617202364526 2267 1529 2275.5582131484275 1284.4382797635474
2236 1290 2228.1376615033005 1514.6762255725469 2466 1523 2473.8623384966995 1298.3237744274531
2502 1287 2494.1951880036963 1510.0323333660926 2579 1513 2586.8048119963037 1289.9676666339074
2596 1280 2587.9249893620527 1510.753599880476 2795 1518 2803.0750106379473 1287.246400119524
2812 1280 2804.5616375144355 1492.5605770342645 2960 1498 2967.4383624855645 1285.4394229657355
2929 1290 2921.5516662655605 1502.8455180301787 3126 1510 3133.4483337344395 1297.1544819698213
3145 1292 3137.396997535586 1509.2653718026165 3387 1518 3394.603002464414 1300.7346281973835
3387 1271 3379.15463955302 1495.1910564170794 3488 1499 3495.84536044698 1274.8089435829206
474 1496 466.19867072361393 1718.9328102577756 611 1724 618.801329276386 1501.0671897422244
621 1513 614.2438716530727 1706.0648772128816 841 1714 847.7561283469273 1520.9351227871184
844 1513 836.4370277143754 1729.1214590235859 1033 1736 1040.5629722856247 1519.8785409764141
1031 1515 1022.5607994831591 1756.16078438619 1218 1763 1226.4392005168409 1521.83921561381
1199 1534 1191.3126044586138 1753.6770102746157 1372 1760 1379.6873955413862 1540.3229897253843
1326 1558 1318.9238994890716 1760.2084848210002 1513 1767 1520.0761005109284 1564.7915151789998
1499 1554 1491.546069097087 1767.0054641692375 1720 1775 1727.453930902913 1561.9945358307625
1733 1561 1725.7451420862528 1768.316702760913 1831 1772 1838.2548579137472 1564.683297239087
1823 1560 1815.4705693642077 1775.162964132152 2068 1784 2075.5294306357923 1568.837035867848
2071 1551 2062.686445826993 1788.5702818529571 2275 1796 2283.313554173007 1558.4297181470429
2297 1590 2289.7344660211925 1797.6217847670746 2472 1804 2479.2655339788075 1596.3782152329254
2629 1590 2621.69636374666 1798.7106052536556 2830 1806 2837.30363625334 1597.2893947463444
2843 1583 2835.2121246924066 1805.5483461535437 2991 1811 2998.7878753075934 1588.4516538464563
2969 1576 2961.3683482380416 1794.0840615652387 3159 1801 3166.6316517619584 1582.9159384347613
3169 1566 3161.1298047029813 1790.9007435377198 3364 1798 3371.8701952970187 1573.0992564622802
3330 1580 3322.411342864862 1796.8554359498462 3498 1803 3505.588657135138 1586.1445640501538
3497 1551 3489.2867330648023 1771.4163179391676 3706 1779 3713.7132669351977 1558.5836820608324
3699 1527 3690.6572782575618 1765.4037818875352 3822 1770 3830.3427217424382 1531.5962181124648
450 1798 444.0626147449022 1967.6682621138127 625 1974 630.9373852550978 1804.3317378861873
611 1801 604.6400483661382 1982.743628631601 812 1990 818.3599516338618 1808.256371368399
797 1817 790.4838248205032 2003.207913219906 956 2009 962.5161751794968 1822.792086780094
947 1822 940.2538429019477 2014.7799362169671 1118 2021 1124.7461570980524 1828.2200637830329
1071 1828 1064.1341254541758 2024.2010130774768 1287 2032 1293.8658745458242 1835.7989869225232
1269 1851 1262.887340062001 2025.6769569454082 1415 2031 1421.112659937999 1856.3230430545918
1422 1859 1415.984150563992 2030.9104749130888 1590 2037 1596.015849436008 1865.0895250869112
1547 1846 1539.8920991991981 2049.117218158275 1708 2055 1715.1079008008019 1851.8827818417246
1729 1839 1722.5561735610531 2023.1404568316443 1890 2029 1896.4438264389469 1844.8595431683557
1873 1842 1866.241612021227 2035.1294490389955 2034 2041 2040.758387978773 1847.8705509610043
2037 1861 2031.0743273537364 2030.3335595637398 2193 2036 2198.925672646264 1866.6664404362602
2188 1858 2181.3053991452725 2049.3066516261542 2344 2055 2350.6946008547275 1863.6933483738455
2332 1866 2325.8406761709643 2042.0104364074095 2497 2048 2503.1593238290357 1871.9895635925907
2485 1880 2479.883804012876 2026.2017444503383 2617 2031 2622.116195987124 1884.7982555496617
2610 1863 2603.554618745393 2047.184887647512 2684 2050 2690.445381254607 1865.8151123524883
2677 1882 2671.2349249797726 2046.744280118579 2850 2053 2855.7650750202274 1888.255719881421
2860 1849 2853.2136675398683 2042.9279977913711 2941 2046 2947.7863324601317 1852.072002208629
2910 1875 2904.095119850961 2043.7393877662907 3083 2050 3088.904880149039 1881.2606122337093
3082 1861 3074.7498478942425 2068.1822283703927 3241 2074 3248.2501521057575 1866.8177716296073
3270 1865 3263.920363439947 2038.7332723259306 3443 2045 3449.079636560053 1871.2667276740697
3419 1856 3412.9643946105407 2028.4750261666263 3628 2036 3634.0356053894593 1863.5249738333737
445 1998 439.1241422371021 2165.9100365270856 556 2170 561.8758577628979 2002.0899634729142
558 2022 551.8211067618113 2198.569656922655 707 2204 713.1788932381887 2027.4303430773446
697 2041 691.6281372448071 2194.50774437366 820 2199 825.3718627551929 2045.49225562634
820 2031 812.8038503137116 2236.6390412151745 966 2242 973.1961496862884 2036.3609587848255
954 2062 947.7775938631041 2239.8130928100036 1096 2245 1102.222406136896 2067.1869071899964
1086 2067 1080.0914505867447 2235.844241612899 1256 2242 1261.9085494132553 2073.155758387101
1222 2063 1215.2354965808668 2256.30420545001 1378 2262 1384.7645034191332 2068.69579454999
1427 2062 1419.888429934982 2265.222072004884 1585 2271 1592.111570065018 2067.777927995116
1576 2098 1570.555083688072 2253.5953417721685 1725 2259 1730.444916311928 2103.4046582278315
1729 2079 1722.3136290341886 2270.0714721843988 1806 2273 1812.6863709658114 2081.9285278156012
1796 2077 1789.6610274076615 2258.144126095861 1957 2264 1963.3389725923385 2082.855873904139
1958 2089 1951.4212607845297 2276.9957593505446 2123 2283 2129.5787392154707 2095.0042406494554
2118 2092 2111.739491588572 2270.9019132965846 2286 2277 2292.260508411428 2098.0980867034154
2271 2074 2264.290722088408 2265.7260670125893 2415 2271 2421.709277911592 2079.2739329874107
2435 2096 2428.908132559226 2270.0827851479594 2598 2276 2604.091867440774 2101.9172148520406
2603 2093 2596.5327483433857 2277.8098619317907 2802 2285 2808.4672516566143 2100.1901380682093
2790 2089 2784.177253296087 2255.392321120406 2973 2262 2978.822746703913 2095.607678879594
2987 2062 2978.9332192509687 2292.51842043872 3107 2297 3115.0667807490313 2066.48157956128
3121 2082 3114.568404441774 2265.7909440096155 3292 2272 3298.431595558226 2088.2090559903845
3273 2067 3266.2293811405066 2260.478961861025 3424 2266 3430.7706188594934 2072.521038138975
1213 2252 1205.1095304776436 2477.480105063213 1420 2485 1427.8904695223564 2259.519894936787
1441 2300 1434.3419466041446 2490.262261955441 1484 2492 1490.6580533958554 2301.737738044559
1482 2293 1474.9190071367834 2495.3482899498117 1665 2502 1672.0809928632166 2299.6517100501883
1645 2307 1638.3469841397225 2497.118308031256 1835 2504 1841.6530158602775 2313.881691968744
1828 2295 1820.8774221423334 2498.5366335447097 1977 2504 1984.1225778576666 2300.4633664552903
2117 2314 2110.1208580296816 2510.580146443417 2265 2516 2271.8791419703184 2319.419853556583
2269 2302 2261.888429934982 2505.222072004884 2427 2511 2434.111570065018 2307.777927995116
2419 2307 2412.05951708178 2505.333041291853 2574 2511 2580.94048291822 2312.666958708147
2572 2338 2565.91057873537 2512.012882583553 2737 2518 2743.08942126463 2343.987117416447
2752 2316 2745.145319791123 2511.8811207993595 2920 2518 2926.854680208877 2322.1188792006405
2912 2331 2906.1356683016375 2498.580664715304 3061 2504 3066.8643316983625 2336.419335284696
3102 2316 3095.543610952744 2500.4994491873376 3167 2503 3173.456389047256 2318.5005508126624
3163 2308 3156.5850094028956 2491.316436330731 3319 2497 3325.4149905971044 2313.683563669269
3304 2300 3297.383863326183 2489.0644388268784 3467 2495 3473.616136673817 2305.9355611731216
3472 2281 3465.1912788659743 2475.5677823476058 3649 2482 3655.8087211340257 2287.4322176523942
3683 2305 3678.585462377376 2431.150972909082 3760 2434 3764.414537622624 2307.849027090918
3668 2242 3659.3830786241138 2488.2393817821912 3824 2494 3832.6169213758862 2247.7606182178088
2569 2523 2562.4595496033603 2709.9016081256723 2651 2713 2657.5404503966397 2526.0983918743277
2617 2538 2611.7848790623293 2687.028649513399 2811 2694 2816.2151209376707 2544.971350486601
2819 2526 2812.290722088408 2717.7260670125893 2963 2723 2969.709277911592 2531.2739329874107
2979 2535 2972.320076202137 2725.8872362397196 3147 2732 3153.679923797863 2541.1127637602804
3102 2547 3095.541496504188 2731.559872218079 3251 2737 3257.458503495812 2552.440127781921
3271 2535 3264.8995709427213 2709.3274441233793 3427 2715 3433.1004290572787 2540.6725558766207
3426 2539 3419.5698140741442 2722.750661989121 3541 2727 3547.4301859258558 2543.249338010879
3531 2506 3524.0474727453584 2704.6772233755905 3619 2708 3625.9525272546416 2509.3227766244095
3591 2536 3585.456158737525 2694.422246835229 3802 2702 3807.543841262475 2543.577753164771
3559 2701 3555.6719165736968 2796.1041758029546 3667 2800 3670.3280834263032 2704.8958241970454
3671 2704 3667.7313296173406 2797.406373246969 3799 2802 3802.2686703826594 2708.593626753031
3405 2780 3399.8843222847627 2926.1869341783827 3566 2932 3571.1156777152373 2785.8130658216173
# Transcript
WNESTIAIOQEN*OPL*
*WNIOSOINAIOSPAIDOTRI**
DIABIOYABASKANTOSEYMOLPO*
KHFEISIEYS
GYMNASIARCOI
BOHDROMIWNAHRAKLEI
DHSSWTELOYSESTIAIOQEN
IEREYSANTINOOYEFHBOY
****UIWNAASKLHPIADHS)
***********IMAKTHRIW
NA
*******************H
# Lines: x1 y1 x2 y2 x3 y3 x4 y4
275 438 2745 447
481 660 3577 678
272 908 3827 922
342 1140 2084 1164
1152 1396 3539 1372
419 1620 3894 1633
388 1926 3689 1929
382 2110 3504 2158
1144 2420 3838 2391
2483 2590 3862 2574
3544 2754 3937 2782
3366 2863 3865 2874