# Baseline angle
-0.03729951009027532
# Boxes: x1 y1 x2 y2 x3 y3 x4 y4
656 798 666.7456750899463 1085.9579727051207 880 1078 869.2543249100537 790.0420272948793
868 786 878.201716415238 1059.381202433063 1076 1052 1065.798283584762 778.6187975669371
1070 782 1079.8140350807196 1044.9922850119478 1160 1042 1150.1859649192804 779.0077149880522
1150 772 1159.676663254107 1031.3110539709019 1302 1026 1292.323336745893 766.6889460290981
1286 770 1295.5665405913355 1026.360034285755 1466 1020 1456.4334594086645 763.639965714245
1518 740 1528.0148456907489 1008.3735212467784 1806 998 1795.9851543092511 729.6264787532216
1790 748 1799.8857837126325 1012.9149739465258 1878 1010 1868.1142162873675 745.0850260534742
1948 734 1957.8563163357417 998.1253198727346 2122 992 2112.1436836642583 727.8746801272654
658 1070 667.8841285032868 1334.870618359409 852 1328 842.1158714967132 1063.129381640591
792 1074 800.9352719915962 1313.4435702486649 1054 1304 1045.0647280084038 1064.5564297513351
1012 1056 1021.6071328352443 1313.447807754216 1114 1310 1104.3928671647557 1052.552192245784
1096 1022 1106.3507761125732 1299.3756399995539 1304 1292 1293.6492238874268 1014.6243600004461
1292 1006 1302.6794888915424 1292.1843434678776 1522 1284 1511.3205111084576 997.8156565321224
1478 1008 1488.4024932235 1286.7615328626848 1616 1282 1605.5975067765 1003.2384671373153
1590 1020 1598.9569587219278 1260.0247219072292 1814 1252 1805.0430412780722 1011.9752780927708
1772 1010 1782.105499836239 1280.8028319912532 2018 1272 2007.894500163761 1001.1971680087468
700 1314 709.8101616583238 1576.8884867069387 948 1568 938.1898383416762 1305.1115132930613
918 1304 927.7066936347024 1564.1157951754683 1038 1560 1028.2933063652977 1299.8842048245317
1010 1328 1018.619902292695 1558.9924288929033 1206 1552 1197.380097707305 1321.0075711070967
1180 1350 1186.8751223890442 1534.236568542915 1354 1528 1347.1248776109558 1343.763431457085
1332 1306 1340.837929405188 1542.8350255453047 1524 1536 1515.162070594812 1299.1649744546953
1506 1302 1514.3662823660975 1526.1960313386 1734 1518 1725.6337176339025 1293.8039686614
1690 1324 1697.1815854339777 1516.4490332218993 1870 1510 1862.8184145660223 1317.5509667781007
1834 1288 1842.9241471245782 1527.145450853995 2088 1518 2079.075852875422 1278.854549146005
704 1596 712.3829696666245 1820.6432104306048 944 1812 935.6170303333755 1587.3567895693952
930 1592 938.0486944541461 1807.685447264946 1144 1800 1135.951305545854 1584.314552735054
1116 1598 1122.9251842906256 1783.5781058189289 1326 1776 1319.0748157093744 1590.4218941810711
1276 1554 1284.9680835889458 1794.322841301899 1508 1786 1499.0319164110542 1545.677158698101
1490 1548 1498.3724078033108 1772.3601781667103 1776 1762 1767.6275921966892 1537.6398218332897
1746 1528 1754.522559706287 1756.3838841895429 1872 1752 1863.477440293713 1523.6161158104571
1878 1548 1885.9658209552151 1761.4646389356983 2086 1754 2078.034179044785 1540.5353610643017
732 1818 739.6788264275634 2023.773883197386 948 2016 940.3211735724366 1810.226116802614
938 1806 946.1065370022864 2023.235486956187 1140 2016 1131.8934629977134 1798.764513043813
1116 1798 1123.6070777956504 2001.851194262808 1334 1994 1326.3929222043496 1790.148805737192
1312 1784 1319.5470170344602 1986.241711853675 1594 1976 1586.4529829655398 1773.758288146325
1590 1772 1597.4908296956653 1972.736027749551 1778 1966 1770.5091703043347 1765.263972250449
1780 1764 1787.954696088197 1977.1665195410287 1980 1970 1972.045303911803 1756.8334804589713
742 2070 750.0854132756592 2286.669422428398 1036 2276 1027.9145867243408 2059.330577571602
1018 2056 1026.2060978017444 2275.9034743774396 1238 2268 1229.7939021982554 2048.0965256225604
1206 2036 1214.6260277299084 2267.1565757210133 1460 2258 1451.3739722700916 2026.843424278987
1402 2042 1410.0459132373915 2257.6109174162784 1614 2250 1605.9540867626085 2034.3890825837213
1562 2062 1569.5080799998968 2263.1982939723307 1816 2254 1808.4919200001032 2052.8017060276693
1784 2052 1791.7895120940395 2260.739990013308 2026 2252 2018.2104879059605 2043.2600099866918
762 2310 770.0959751389728 2526.9524546922926 1010 2518 1001.9040248610272 2301.0475453077074
980 2306 988.4024381839062 2531.1649193712765 1234 2522 1225.597561816094 2296.8350806287235
1194 2286 1203.163860967403 2531.5691991649605 1406 2524 1396.836139032597 2278.4308008350395
1376 2318 1382.8862472560622 2502.5346879375847 1558 2496 1551.1137527439378 2311.4653120624153
1510 2284 1518.46640616926 2510.8791058906277 1810 2500 1801.53359383074 2273.1208941093723
1782 2266 1790.3384701985522 2489.4507328519257 1990 2482 1981.6615298014478 2258.5492671480743
954 2746 960.0630747002616 2908.475664342442 1080 2904 1073.9369252997383 2741.524335657558
1078 2744 1083.4607104737088 2890.3337672483676 1146 2888 1140.5392895262912 2741.6662327516324
1144 2762 1149.0029695183905 2896.0674222850002 1258 2892 1252.9970304816095 2757.9325777149998
1242 2752 1247.7015503239427 2904.787689820884 1376 2900 1370.2984496760573 2747.212310179116
1372 2728 1378.4746609781619 2901.505176140013 1526 2896 1519.5253390218381 2722.494823859987
1486 2734 1492.1709791499834 2899.3672413096965 1636 2894 1629.8290208500166 2728.6327586903035
1610 2710 1616.2649775159323 2877.886169033614 1774 2872 1767.7350224840677 2704.113830966386
1754 2696 1760.8384035675313 2879.252593379463 1848 2876 1841.1615964324687 2692.747406620537
1854 2704 1860.9713389680435 2890.814938984725 1990 2886 1983.0286610319565 2699.185061015275
1618 2910 1625.4491114443479 3109.6180800195393 1776 3104 1768.5508885556521 2904.3819199804607
1740 2894 1747.6142954385052 3098.04460954726 1856 3094 1848.3857045614948 2889.95539045274
1820 2880 1827.8746038060206 3091.0202410604484 2016 3084 2008.1253961939794 2872.9797589395516
# Transcript
NEIKHTIK
KAISAROS*
ARCONTOS
QEODWRO
QEOMNH*
WN AQMO*
OPLOMA*
*****SIOS ACARN*
*ARA
# Lines: x1 y1 x2 y2 x3 y3 x4 y4
