# Baseline angle
-0.15970154893779798
# Boxes: x1 y1 x2 y2 x3 y3 x4 y4
542 487 557.6715372556841 584.2944736954981 634 572 618.3284627443159 474.7055263045018
612 488 624.121653336049 563.2555325242525 694 552 681.878346663951 476.74446747574746
686 456 700.416594123188 545.5033406622857 747 538 732.583405876812 448.49665933771433
744 451 757.7822688366061 536.5652238137076 842 523 828.2177311633939 437.4347761862925
840 419 855.1899994092486 513.3049155832957 944 499 928.8100005907514 404.6950844167043
944 418 956.9224600816958 498.2272254461605 1008 490 995.0775399183042 409.7727745538395
1022 395 1036.9371144813335 487.73491606342895 1116 475 1101.0628855186665 382.26508393657105
1110 376 1127.0044588333494 481.5697246335819 1174 474 1156.9955411666506 368.4302753664181
1170 388 1182.0658073552283 462.9088208249908 1256 451 1243.9341926447717 376.0911791750092
1262 366 1276.643134074914 456.90978120571015 1363 443 1348.356865925086 352.09021879428985
527 614 540.1036920430765 695.3523778809001 623 682 609.8963079569235 600.6476221190999
652 588 666.3344031661785 676.9930699865815 747 664 732.6655968338215 575.0069300134185
754 572 769.0382684524997 665.3629158713757 852 652 836.9617315475003 558.6370841286243
842 567 855.2606919950632 649.3270893881086 938 636 924.7393080049368 553.6729106118914
936 532 952.0150381642893 631.4270494327347 1054 615 1037.9849618357107 515.5729505672653
1052 515 1068.80109440762 619.307165993233 1139 608 1122.19890559238 503.69283400676704
1131 510 1144.5230584300564 593.9559534740968 1256 576 1242.4769415699436 492.0440465259033
1247 479 1262.6609992652086 576.2290501049213 1351 562 1335.3390007347914 464.77094989507873
1352 456 1368.9338623502126 561.1314365729104 1407 555 1390.0661376497874 449.86856342708967
1440 460 1453.3007309901707 542.575665701505 1550 527 1536.6992690098293 444.4243342984949
1550 423 1566.9981333547141 528.5304538138379 1651 515 1634.0018666452859 409.4695461861621
1634 402 1649.9802681644198 501.21118491462676 1732 488 1716.0197318355802 388.78881508537324
442 748 454.8708266127154 827.9066665177315 535 815 522.1291733872846 735.0933334822685
547 722 562.1457479023006 816.0301864990664 612 808 596.8542520976994 713.9698135009336
640 706 656.309018570709 807.2521842904536 751 792 734.690981429291 690.7478157095464
754 695 767.6811148654402 779.9372240057609 848 767 834.3188851345598 682.0627759942391
858 670 871.5799608942743 754.3092241978142 948 742 934.4200391057257 657.6907758021858
938 644 957.1845382086548 763.1044322997247 1082 743 1062.8154617913451 623.8955677002754
1084 631 1099.2964223756524 725.9656271865309 1186 712 1170.7035776243476 617.0343728134691
1187 619 1201.268019194882 707.5809346967429 1298 692 1283.731980805118 603.4190653032571
1306 584 1322.440730029904 686.0698958456754 1416 671 1399.559269970096 568.9301041543246
1418 564 1434.3817280206406 665.7035904000363 1476 659 1459.6182719793594 557.2964095999637
1475 572 1487.0247118767236 646.6536854871388 1578 632 1565.9752881232764 557.3463145128612
1579 556 1591.035249867199 630.7191090777158 1670 618 1657.964750132801 543.2808909222842
1690 522 1706.1225176140904 622.0943200604255 1775 611 1758.8774823859096 510.9056799395745
1779 500 1795.5123829964382 602.5147429308026 1867 591 1850.4876170035618 488.4852570691974
487 862 501.9213074956204 954.6367806775636 599 939 584.0786925043797 846.3632193224364
588 822 606.3299984489821 935.7991457274661 692 922 673.6700015510179 808.2008542725339
708 826 721.5293839086914 909.9952242938407 796 898 782.4706160913086 814.0047757061593
835 791 851.11830510225 891.0681672895926 895 884 878.88169489775 783.9318327104074
882 784 899.6429966317717 893.5339942529929 934 888 916.3570033682283 778.4660057470071
915 774 932.5418426606058 882.9059944450462 963 878 945.4581573393942 769.0940055549538
948 775 963.8043051982767 873.1187442751757 1008 866 992.1956948017233 767.8812557248243
1042 754 1060.0412870378002 866.0067226650358 1147 852 1128.9587129621998 739.9932773349642
1130 739 1146.967575866685 844.3407420665628 1236 830 1219.032424133315 724.6592579334372
1218 730 1233.8538257004623 828.4261851546934 1311 816 1295.1461742995377 717.5738148453066
1295 716 1309.3344031661784 804.9930699865816 1390 792 1375.6655968338216 703.0069300134184
1387 696 1405.0476125164353 808.0459934847797 1455 800 1436.9523874835647 687.9540065152203
1444 691 1461.0234218475057 796.6874537658246 1546 783 1528.9765781524943 677.3125462341754
1532 694 1544.4040392685956 771.0086847669389 1650 754 1637.5959607314044 676.9913152330611
1640 654 1657.0834803401667 760.0603182359192 1763 743 1745.9165196598333 636.9396817640808
1746 650 1760.7442880460799 741.5377810136569 1851 727 1836.2557119539201 635.4622189863431
960 910 975.9844806762601 1009.2373376854597 1083 992 1067.01551932374 892.7626623145403
1075 888 1090.5345568012513 984.4440503449879 1174 971 1158.4654431987487 874.5559496550121
1184 874 1199.8179992171954 972.2037616121298 1288 958 1272.1820007828046 859.7962383878702
1278 860 1294.0624591214291 959.7214555903308 1342 952 1325.9375408785709 852.2785444096692
1331 846 1346.2110753901998 940.4357627644496 1411 930 1395.7889246098002 835.5642372355504
1408 838 1422.938170964731 930.7414750878845 1471 923 1456.061829035269 830.2585249121155
1466 835 1479.2301345070339 917.1373776408335 1567 903 1553.7698654929661 820.8626223591665
1562 822 1574.7127701773313 900.9253959860675 1686 883 1673.2872298226687 804.0746040139325
1675 800 1685.9646947245267 868.0727222256199 1823 846 1812.0353052754733 777.9272777743801
1808 763 1822.0657112525503 850.3249350808494 1911 836 1896.9342887474497 748.6750649191506
1230 998 1245.9244221835988 1096.8644732153648 1332 1083 1316.0755778164012 984.135526784635
1332 982 1345.9445377838306 1068.5726471162045 1424 1056 1410.0554622161694 969.4273528837955
1424 976 1437.3671149614668 1058.9878009913439 1518 1046 1504.6328850385332 963.0121990086562
1518 947 1535.769439095729 1057.3189940129262 1575 1051 1557.230560904271 940.6810059870737
1582 935 1600.183536487471 1047.8898578108344 1674 1036 1655.816463512529 923.1101421891656
1667 924 1683.0561336427943 1023.6821847705868 1768 1010 1751.9438663572057 910.3178152294132
# Transcript
*****
* TOIS NIKIO K
O SKAMBWNI APO
OIS QOYKLEIDO ER*
*MNO IIIIEN TOIS DHL*
G KEIRIADWN
N TOIS K*
**