# Baseline angle
6.28477886307738
# Boxes: x1 y1 x2 y2 x3 y3 x4 y4
289 912 288.68816637761546 1107.683978740425 487 1108 487.31183362238454 912.3160212595749
466 903 465.64666289070476 1124.7285322051503 636 1125 636.3533371092952 903.2714677948497
642 920 641.6738472535799 1124.6696139068608 849 1125 849.3261527464201 920.3303860931392
861 903 860.6482564439048 1123.7285347445686 1031 1124 1031.3517435560952 903.2714652554315
1045 919 1044.6690056479417 1126.707851565406 1228 1127 1228.3309943520583 919.2921484345941
1225 911 1224.6340465148537 1140.6456471234046 1447 1141 1447.3659534851463 911.3543528765952
1423 927 1422.6639507311709 1137.87994769275 1498 1138 1498.3360492688291 927.12005230725
1495 916 1494.6244369467072 1151.675909397695 1698 1152 1698.3755630532928 916.3240906023049
1668 912 1667.6179129082304 1151.7699188788215 1812 1152 1812.3820870917696 912.2300811211785
1799 909 1798.605319387144 1156.6726918182762 2004 1157 2004.394680612856 909.3273081817238
2002 911 2001.638738294815 1137.7014291036592 2189 1138 2189.361261705185 911.2985708963408
509 1125 508.7041323826344 1310.6648814962075 719 1311 719.2958676173656 1125.3351185037925
727 1128 726.7119401652845 1308.7652880448982 874 1309 874.2880598347155 1128.2347119551018
869 1132 868.7183042204115 1308.7716724153713 1012 1309 1012.2816957795885 1132.2283275846287
1060 1143 1059.7359298035049 1308.7111453273724 1241 1309 1241.2640701964951 1143.2888546726276
1237 1140 1236.7262338951377 1311.7955884104624 1365 1312 1365.2737661048623 1140.2044115895376
1348 1135 1347.710341533248 1316.76847261188 1493 1317 1493.289658466752 1135.23152738812
1484 1152 1483.7295022629216 1321.7445997868992 1644 1322 1644.2704977370784 1152.2554002131008
1626 1156 1625.7391042128138 1319.719118172209 1802 1320 1802.2608957871862 1156.280881827791
1789 1149 1788.7167309825575 1326.7589214503532 1940 1327 1940.2832690174425 1149.2410785496468
1921 1148 1920.7199764955774 1323.72227480559 2095 1324 2095.280023504423 1148.27772519441
852 1311 851.8138945576466 1427.7861667592663 986 1428 986.1861054423534 1311.2138332407337
986 1306 985.8089005869138 1425.9200176098104 1036 1426 1036.1910994130862 1306.0799823901896
1034 1306 1033.7868270080112 1439.771781610356 1177 1440 1177.2131729919888 1306.228218389644
1175 1298 1174.7884307188842 1430.7654099369743 1322 1431 1322.2115692811158 1298.2345900630257
1583 1314 1582.8009201238226 1438.9279726787192 1628 1439 1628.1990798761774 1314.0720273212808
1618 1312 1617.801212156921 1436.7447140607205 1778 1437 1778.198787843079 1312.2552859392795
1767 1320 1766.8059725011753 1441.757470104575 1919 1442 1919.1940274988247 1320.242529895425
1908 1304 1907.7165252896793 1481.8879992595523 1978 1482 1978.2834747103207 1304.1120007404477
708 1407 707.7404006540784 1569.9055664360258 767 1570 767.2595993459216 1407.0944335639742
754 1402 753.74548350445 1561.7159412234819 932 1562 932.25451649555 1402.2840587765181
919 1436 918.7820565060841 1572.7653997793013 1066 1573 1066.217943493916 1436.2346002206987
1055 1421 1054.7501498902288 1577.7876587357362 1188 1578 1188.2498501097712 1421.2123412642638
777 1565 776.8043383172833 1687.7829644163567 913 1688 913.1956616827167 1565.2170355836433
1169 1568 1168.796378169538 1695.7781710596655 1308 1696 1308.203621830462 1568.2218289403345
1309 1551 1308.7708863971748 1694.7749433225736 1450 1695 1450.2291136028252 1551.2250566774264
1196 1431 1195.794743985646 1559.803665371447 1319 1560 1319.205256014354 1431.196334628553
1308 1407 1307.7881615405495 1539.9343265761731 1349 1540 1349.2118384594505 1407.0656734238269
1353 1410 1352.7549178527374 1563.7956341199908 1481 1564 1481.2450821472626 1410.2043658800092
826 1688 825.7581049591375 1839.7956391988273 954 1840 954.2418950408625 1688.2043608011727
812 1834 811.7931631295373 1963.7956950660289 940 1964 940.2068368704627 1834.2043049339711
# Transcript
GYMNASIARCO
WNACRYSOGO
*DION**IOS)
IWNADIO***
*K**MH*
*K****
N*

# Lines: x1 y1 x2 y2 x3 y3 x4 y4
247 1020 2217 1007
450 1208 2133 1213
821 1364 2125 1376
674 1530 1525 1512
745 1624 1535 1637
769 1752 1057 1749
735 1888 1426 1917