# Baseline angle
-0.028435992020473755
# Boxes: x1 y1 x2 y2 x3 y3 x4 y4
150 326 155.88623002888028 532.9434888306304 400 526 394.1137699711197 319.05651116936957
690 84 695.8167086851331 288.4993115978959 854 284 848.1832913148669 79.50068840210415
816 88 821.1410798149511 268.7460782271029 988 264 982.8589201850489 83.25392177289709
982 70 987.6720530991273 269.413623220105 1178 264 1172.3279469008726 64.58637677989496
380 312 385.82640933774906 516.8403595838588 556 512 550.173590662251 307.1596404161412
548 332 553.2870979856584 517.8796712961075 760 512 754.7129020143416 326.1203287038925
732 306 737.9010351985387 513.4639974493549 930 508 924.0989648014613 300.53600255064504
898 294 903.6251666114839 491.76522462128406 1036 488 1030.374833388516 290.23477537871594
1026 292 1031.9874868688491 502.503397911368 1120 500 1114.0125131311509 289.496602088632
1112 284 1117.9220532792065 492.2029347522747 1336 486 1330.0779467207935 277.7970652477253
1312 234 1319.6563951668688 503.1775754470841 1572 496 1564.3436048331312 226.82242455291583
162 554 168.2647180406053 774.2500754306526 388 768 381.73528195939474 547.7499245693474
360 544 366.0459449752789 756.5586224669257 456 754 449.9540550247211 541.4413775330743
446 572 451.2596128032467 756.9133686692124 624 752 618.7403871967533 567.0866313307876
608 540 614.118699869898 755.1164823616481 794 750 787.881300130102 534.8835176383519
756 524 762.4742988347848 751.6183536879765 960 746 953.5257011652152 518.3816463120235
966 516 972.6935802815802 751.3276799312636 1160 746 1153.3064197184199 510.67232006873644
1148 508 1154.5022923986655 736.6025295944318 1246 734 1239.4977076013345 505.3974704055682
1232 534 1237.0890888102651 712.9182189955203 1410 708 1404.9109111897349 529.0817810044797
1384 510 1390.3832510289008 734.4173658727623 1616 728 1609.6167489710992 503.58263412723784
160 808 166.0015294663039 1018.9970966107522 412 1012 405.9984705336961 801.0029033892478
396 800 401.788969311987 1003.5240723312207 596 998 590.211030688013 794.4759276687793
588 804 593.5890891704233 1000.4968420598597 822 994 816.4109108295767 797.5031579401403
806 772 812.6335053997144 1005.2156140447119 996 1000 989.3664946002856 766.7843859552881
968 762 974.5879814967725 993.6151201371047 1172 988 1165.4120185032275 756.3848798628953
1144 756 1150.4144781436535 981.515224441205 1274 978 1267.5855218563465 752.484775558795
1256 770 1261.5847472255846 966.3441913464384 1344 964 1338.4152527744154 767.6558086535616
1318 776 1323.2108553494327 959.1991920996176 1506 954 1500.7891446505673 770.8008079003824
1482 762 1488.024418513142 973.801811884446 1692 968 1685.975581486858 756.198188115554
222 1028 228.1397179505658 1243.8554196645678 434 1238 427.8602820494342 1022.1445803354321
446 1024 451.7159602266333 1224.9572757967185 626 1220 620.2840397733667 1019.0427242032816
620 1014 626.245570926108 1233.5769160985067 752 1230 745.754429073892 1010.4230839014933
736 1022 741.6119782172615 1219.3015573335533 928 1214 922.3880217827385 1016.6984426664466
908 1014 913.826409337749 1218.8403595838588 1084 1214 1078.1735906622512 1009.1596404161412
1030 1020 1035.6607356710756 1219.0157339031484 1212 1214 1206.3392643289244 1014.9842660968518
1202 1008 1207.9177113343676 1216.0502840388533 1280 1214 1274.0822886656324 1005.9497159611467
1274 1006 1279.8848674441788 1212.8955841394168 1452 1208 1446.1151325558212 1001.1044158605832
1430 1012 1435.8816338933068 1218.781901477429 1604 1214 1598.1183661066932 1007.2180985225709
238 1284 243.51122975876171 1477.7595215323759 446 1472 440.4887702412383 1278.2404784676241
446 1280 451.51335491566675 1473.8342361429297 516 1472 510.48664508433325 1278.1657638570703
524 1264 529.787352536551 1467.4672310002268 722 1462 716.212647463449 1258.5327689997732
736 1272 741.8104957741238 1476.2808829137005 822 1474 816.1895042258762 1269.7191170862995
836 1266 841.2025172815185 1448.9060488048685 1084 1442 1078.7974827184817 1259.0939511951315
1086 1256 1091.7224273283773 1457.1846411206936 1274 1452 1268.2775726716227 1250.8153588793064
264 1504 270.18685862894375 1721.5127549031688 464 1716 457.81314137105625 1498.4872450968312
470 1514 475.87167904995647 1720.4319168516859 702 1714 696.1283209500436 1507.5680831483141
712 1508 717.6591188956395 1706.9588925721544 892 1702 886.3408811043605 1503.0411074278456
878 1494 883.9336248979928 1702.6097607090114 1046 1698 1040.0663751020074 1489.3902392909886
1036 1504 1041.6184453190053 1701.5289226575287 1236 1696 1230.3815546809947 1498.4710773424713
1212 1480 1218.1418431074708 1695.9301342751219 1286 1694 1279.8581568925292 1478.0698657248781
1276 1500 1281.2547624769388 1684.742844676231 1448 1680 1442.7452375230612 1495.257155323769
1438 1488 1443.7873525365508 1691.4672310002268 1636 1686 1630.2126474634492 1482.5327689997732
250 1740 255.59419368746575 1936.6763026926214 420 1932 414.40580631253425 1735.3236973073786
410 1742 414.88112479152164 1913.6067820691903 612 1908 607.1188752084784 1736.3932179308097
604 1728 609.7647176804472 1930.6714523663134 774 1926 768.2352823195528 1723.3285476336866
756 1736 761.402905804551 1925.9511523557894 830 1924 824.597094195449 1734.0488476442106
830 1748 835.0387145810153 1925.1472010949317 1016 1920 1010.9612854189847 1742.8527989050683
1004 1728 1008.9592383939178 1902.353039236454 1162 1898 1157.0407616060822 1723.646960763546
1132 1722 1137.582876259414 1918.2784133756643 1288 1914 1282.417123740586 1717.7215866243357
1260 1738 1264.9234151435917 1911.0935933148096 1444 1906 1439.0765848564083 1732.9064066851904
1420 1708 1425.7762892992337 1911.0782783230502 1534 1908 1528.2237107007663 1704.9217216769498
1516 1700 1521.9761694407973 1910.1055085944113 1596 1908 1590.0238305592027 1697.8944914055887
1584 1710 1590.1383553658643 1925.807514973354 1724 1922 1717.8616446341357 1706.192485026646
1692 1692 1698.6757957517843 1926.7024252903316 1864 1922 1857.3242042482157 1687.2975747096684
536 1980 542.0228017377061 2191.7449705534523 744 2186 737.9771982622939 1974.255029446548
716 1988 722.2094934850475 2206.3085335370824 944 2200 937.7905065149525 1981.6914664629176
956 1970 961.8167086851331 2174.499311597896 1120 2170 1114.183291314867 1965.5006884021043
1104 1964 1110.0796430687 2177.7433537780157 1312 2172 1305.9203569313 1958.2566462219838
1282 1948 1288.5262898394708 2177.446212919559 1480 2172 1473.4737101605292 1942.5537870804408
1456 1942 1462.6626073575621 2176.2387580026007 1682 2170 1675.3373926424379 1935.761241997399
# Transcript
***KOS
DAMARIWN
DIONYSIOS
DHMHTRIOS
EYBOYLIDH
EISIWN
YMENAIOS
ZWSIMOS ARIST
OMHDHS
**
