# Baseline angle
6.3907987156225285
# Boxes: x1 y1 x2 y2 x3 y3 x4 y4
641 712 627.4664433293623 837.2750381781647 736 849 749.5335566706377 723.7249618218353
750 717 736.9341102191045 837.9460218749898 830 848 843.0658897808955 727.0539781250102
638 880 625.0725423494409 999.6646077696641 730 1011 742.9274576505591 891.3353922303359
744 895 731.799922300183 1007.9315254531037 825 1018 837.200077699817 905.0684745468963
828 909 816.8071269226227 1012.6082115157475 913 1023 924.1928730773773 919.3917884842525
380 1015 368.0827073829055 1125.3138904221637 467 1136 478.9172926170945 1025.6861095778363
463 1009 449.2212266902487 1136.5449162726288 546 1147 559.7787733097514 1019.4550837273712
632 1038 618.1691618247535 1166.0268611280262 729 1178 742.8308381752465 1049.9731388719738
733 1055 720.9442752525691 1166.5953045274891 808 1176 820.0557247474309 1064.4046954725109
825 1023 803.8415595737649 1218.8557160319717 907 1230 928.1584404262351 1034.1442839680283
925 1085 914.2576426126918 1184.4379574098382 975 1191 985.7423573873082 1091.5620425901618
595 1194 581.1026005373723 1322.6429939023453 714 1337 727.8973994626277 1208.3570060976547
716 1209 703.2284313126884 1327.2216023352728 803 1338 815.7715686873116 1219.7783976647272
820 1234 807.6094253043514 1348.6948844138267 903 1359 915.3905746956486 1244.3051155861733
918 1251 906.4492049526824 1357.921360419639 1009 1369 1020.5507950473176 1262.078639580361
315 1171 303.40010049821205 1278.375901864892 411 1290 422.59989950178795 1182.624098135108
413 1185 402.5691149059488 1281.5547756728554 490 1291 500.4308850940512 1194.4452243271446
486 1190 475.11890484911754 1290.7222006469644 561 1300 571.8810951508824 1199.2777993530356
597 1350 582.742023789645 1481.9807170845806 694 1494 708.257976210355 1362.0192829154194
698 1374 684.5758826159263 1498.261999910682 821 1513 834.4241173840737 1388.738000089318
818 1401 807.3585062994193 1499.5043002409884 886 1508 896.6414937005807 1409.4956997590116
900 1395 887.3151042107676 1512.419303953544 976 1522 988.6848957892324 1404.580696046456
558 1516 544.544234994367 1640.554950026869 669 1654 682.455765005633 1529.445049973131
678 1544 664.9713730294756 1664.6010940703145 789 1678 802.0286269705244 1557.3989059296855
801 1552 787.342507620912 1678.4222643645685 876 1688 889.657492379088 1561.5777356354315
885 1566 872.6387237813618 1680.423679444183 915 1685 927.3612762186382 1570.576320555817
927 1573 913.9222685750052 1694.0556355155675 1043 1708 1056.0777314249947 1586.9443644844325
546 1684 531.288853321789 1820.175545468834 650 1833 664.711146678211 1696.824454531166
652 1707 639.562975627668 1822.1248515807356 768 1836 780.437024372332 1720.8751484192644
781 1720 769.382949298539 1827.5346640621574 857 1837 868.617050701461 1729.4653359378426
867 1727 854.5431696502081 1842.308188056345 935 1851 947.4568303497919 1735.691811943655
942 1727 928.8850057646342 1848.4005633202428 1027 1859 1040.1149942353659 1737.5994366797572
543 1856 531.019106506549 1966.9026197863382 643 1979 654.980893493451 1868.0973802136618
648 1862 635.5833928716039 1976.9358568415253 738 1988 750.4166071283961 1873.0641431584747
747 1872 733.7116599684758 1995.0051600837005 854 2008 867.2883400315242 1884.9948399162995
866 1854 845.1098482346011 2047.372268919953 962 2060 982.8901517653989 1866.627731080047
519 2022 506.67241491423204 2136.111813313253 663 2153 675.327585085768 2038.8881866867468
668 2024 653.2255580786704 2160.761445701208 748 2171 762.7744419213296 2034.238554298792
756 2029 741.2515905114178 2165.520473273509 829 2175 843.7484094885822 2038.4795267264906
843 2043 829.1520106250805 2171.1856233252915 920 2181 933.8479893749195 2052.8143766747085
929 2059 916.0494703277182 2178.8781767872188 1019 2190 1031.9505296722816 2070.1218232127812
701 2195 688.5863532826287 2309.908453431381 782 2320 794.4136467173713 2205.091546568619
793 2207 779.5330046167435 2331.658905403846 866 2341 879.4669953832565 2216.341094596154
882 2217 869.8691383653512 2329.290818400441 969 2340 981.1308616346488 2227.709181599559
981 2226 968.7366270570644 2339.5174256854775 1038 2347 1050.2633729429356 2233.4825743145225
733 2353 719.0594169049516 2482.0427285273095 839 2495 852.9405830950484 2365.9572714726905
845 2329 821.6333872887911 2545.295935409352 967 2561 990.3666127112089 2344.704064590648
# Transcript
*ER
EYO
OY EYFI
NOY AQHN
SWTH*
ZWSIM
APOLL
QEOF
PAYSA
YLOS
OF
