# Baseline angle
0.014335525777894778
# Boxes: x1 y1 x2 y2 x3 y3 x4 y4
1056.6873100804728 512.266794244138 1054.3793694819003 673.2502511898551 1253.3589218557988 676.10292310983 1255.666862454371 515.1194661641134
1249.7104840700322 512.0337642111404 1247.40254347146 673.0172211568583 1405.3863086728463 675.2821566511093 1407.6942492714188 514.2986997053918
1415.363721456503 537.4110166901128 1413.0701158927045 697.3945763877196 1479.0633342679673 698.3406886827868 1481.3569398317659 538.3571289851798
1504.1538860514647 552.6853962585164 1502.1469811831405 692.6710109939224 1648.131979407207 694.7639260708888 1650.1388842755307 554.7783113354831
1660.6252479389384 520.9251552474789 1658.2743022360446 684.9083039375257 1800.2597114676705 686.9438788753969 1802.610657170564 522.9607301853503
1806.3808856066248 539.0164262942058 1804.2879705296582 685.0014245182722 1960.2719412348251 687.237689942976 1962.364856311791 541.2526917189102
1941.5246994839918 529.95278625945 1939.1450837115503 695.9357294457175 2090.1295681761667 698.1003196965526 2092.5091839486076 532.1173765102858
2070.755140081341 514.8037525273926 2068.1031586481986 699.7847434277505 2240.085485323126 702.2503694088341 2242.7374667562676 517.2693785084762
2231.466231366356 536.1097408400556 2228.91459517663 714.0914510036432 2332.9039089800744 715.5822946201129 2335.455545169801 537.6005844565248
433.11347260576804 687.3458313018925 431.2499180851813 817.332473556198 565.2361493319271 819.2533682158796 567.0997038525137 689.2667259615739
567.7698953008276 712.2786977028788 566.2073765104894 821.2674977468732 628.2010058933122 822.1562699028452 629.7635246836502 713.1674698588506
632.777551462754 712.2105777150618 631.2293677071899 820.1994805109468 740.2181677511844 821.7619993012845 741.7663515067486 713.7730965054
745.866285742605 706.831155907724 744.146081569756 826.8188256809294 805.1398137044685 827.693262802128 806.8600178773177 707.7055930289227
811.9885194308315 698.778192969801 810.0962948406975 830.7646297203264 940.082937095003 832.6281842409128 941.9751616851371 700.6417474903872
939.7316715977634 717.6113306387106 937.9684623205931 840.5986921562462 1071.9546935673388 842.5195868159274 1073.7179028445091 719.5322252983922
1062.7907082891672 714.3750536753307 1060.9558238381283 842.3619014334163 1123.949350469061 843.265008624162 1125.7842349200998 715.2781608660766
1127.5403338251663 732.3050841534948 1125.9061398609597 846.2933704380393 1230.895350912514 847.7985490892825 1232.5295448767206 733.8102628047377
1229.6158633410332 727.7678742117562 1227.8956591681842 847.7555439849612 1347.883328941389 849.4757481578101 1349.6035331142384 729.4880783846054
1342.3609677938741 734.3286462199649 1340.9991394903686 829.3188847904191 1445.9883505419232 830.824063441662 1447.3501788454287 735.8338248712075
1460.4487773067156 733.078239725591 1458.914928585925 840.0672452733656 1554.9050644044892 841.4434086116448 1556.4389131252797 734.4544030638701
1545.6263988481278 729.2980534559288 1543.7341742579938 861.2844902064544 1670.7211247679693 863.1050396227197 1672.6133493581033 731.1186028721938
1650.6586150040037 727.8035403628412 1648.895405726833 850.7909018803766 1755.8844112746078 852.3247506011671 1757.6476205517783 729.3373890836317
1749.5337622887077 737.2218867903225 1747.6272026638 870.2082207889582 1855.6161054596844 871.7564045445222 1857.522665084592 738.7700705458865
1850.5520544173694 736.66993080625 1848.83185024452 856.6576005794552 1911.825376875453 857.5607077702009 1913.5455810483022 737.5730379969959
1910.388203921461 748.528902621885 1908.7826800268017 860.5173944102098 2052.7678837546478 862.5816394176288 2054.373407649307 750.593147629304
2059.329888785536 753.6645145475027 2057.724364890877 865.6530063358275 2173.712445671642 867.3158703695817 2175.3179695663007 755.3273785812571
2155.3630297084214 752.0409861414519 2153.470805118287 884.0274228919777 2276.458166635822 885.7906321691478 2278.3503912259557 753.8041954186224
2271.3654455239603 752.703952927096 2269.100510029709 910.6877181284826 2375.0896183293735 912.2072318144992 2377.3545538236244 754.2234666131126
2378.2111007239973 764.236774128987 2376.275871029542 899.2229026238426 2454.2678563821246 900.3410353361944 2456.203086076581 765.3549068413388
447.3307290775326 881.5695930263942 445.71087014809973 994.5579820628288 549.7001839515441 996.0488256792983 551.320042880977 883.0604366428634
556.3051940867535 884.1320090648424 554.8143504702844 988.1213228682866 648.8046917926284 989.4688161370184 650.2955354090974 885.4795023335739
650.2955354090974 885.4795023335739 648.6900115144383 997.467994121899 740.6805583405622 998.7868173210832 742.2860822352214 886.7983255327583
740.1286023564901 897.7685251924213 738.7667740529846 992.7587637628751 859.7543410742999 994.4933029704985 861.1161693778052 899.503064400044
858.1308126682487 898.4601620476128 856.5969639474586 1005.4491675953873 965.585763991453 1007.0116863857254 967.1196127122435 900.0226808379509
973.8755061135302 912.0782741949163 972.6140230534409 1000.0692320286 1100.6008708115262 1001.904116479639 1101.8623538716156 913.9131586459555
1107.9327960228047 909.0856928226901 1106.4849575106566 1010.0753148818044 1210.474271314101 1011.5661584982734 1211.9221098262492 910.5765364391593
1218.8930287491419 910.6336710744743 1217.5168654108627 1006.6238068930384 1335.5047406878475 1008.31534099634 1336.8809040261267 912.3252051777758
1339.8805957704571 919.3682102820972 1338.5331025017251 1013.3585516044413 1388.5279649072272 1014.0753033431281 1389.875458175959 920.0849620207841
1386.8329668310876 914.0129785912459 1385.4424684580345 1011.0030116579198 1489.431782261479 1012.493855274389 1490.822280634532 915.5038222077148
1491.8506424484094 922.547032815816 1490.5604893187729 1012.5377851457197 1587.550522385447 1013.9282835187726 1588.8406755150838 923.9375311888691
1582.8410865226435 910.8801910497739 1581.4649231843644 1006.870326868338 1689.453825980249 1008.4185106239022 1690.829989318528 912.4283748053383
1690.8014220008704 921.4138342667845 1689.5686090103288 1007.4049976042486 1786.5586420770028 1008.7954959773012 1787.7914550675446 922.8043326398374
1792.6620287470214 937.8607480119229 1791.457885826027 1021.8521168531663 1878.448946411601 1023.0992648784822 1879.653089332595 939.1078960372383
1878.8108774669959 928.094691273254 1877.2196886071106 1039.0832858134688 1981.209002410555 1040.5741294299382 1982.8001912704403 929.5855348897235
1985.6995377713545 936.6278207308151 1984.26603429398 1036.6175455418193 2093.254834337975 1038.180064332157 2094.6883378153493 938.1903395211527
2097.659359490132 940.233139121694 2096.154180838889 1045.2223501732485 2175.1460634395817 1046.3548179203742 2176.6512420908252 941.3656068688197
2179.679603904702 939.4088174769213 2178.2461004273287 1039.3985422879255 2273.2363389977827 1040.760370591431 2274.6698424751567 940.7706457804265
2265.627762137845 943.6413222117928 2264.136918521376 1047.6306360152373 2351.1279791069496 1048.8777840405528 2352.618822723419 944.8884702371083
2356.66141682018 941.9461186318733 2355.0558929255208 1053.934610420198 2450.046131495975 1055.2964387237034 2451.651655390634 943.3079469353788
432.9093412234496 1050.3802075397064 431.4901727808491 1149.3700351026007 533.4796920880734 1150.8322086495225 534.898860530674 1051.8423810866284
473.707993095181 994.9593630364939 472.2458195482593 1096.948882343718 564.2363663743831 1098.2677055429026 565.6985399213047 996.2781862356783
734.0217632523097 1044.6960805255026 732.4305743924244 1155.6846750657176 846.4188606769694 1157.318869029924 848.0100495368547 1046.3302744897094
842.0250010829681 1045.2443670329567 840.4194771883091 1157.2328588212818 898.4135175786917 1158.0642908381583 900.0190414733506 1046.0757990498334
905.6887191622149 1062.159445965007 904.3268908587095 1157.1496845354611 1003.3167184216036 1158.5688529780616 1004.678546725109 1063.5786144076073
998.7653789488711 1059.4645506407571 997.2888703671758 1162.4539671960918 1120.2762318847108 1164.2171764732618 1121.7527404664063 1061.2277599179276
1120.7956428188377 1063.2424032083713 1119.2617940980474 1170.2314087561458 1208.252649179841 1171.5072268510087 1209.7864979006313 1064.5182213032344
1210.700384940099 1070.5319398266686 1209.1235311149871 1180.520637118773 1315.1126394146518 1182.0401508047898 1316.6894932397634 1072.0514535126854
1317.6463853835523 1075.065480291789 1316.0408614888934 1187.053972080114 1363.036032150065 1187.7277187144794 1364.6415560447242 1075.7392269261547
1371.5834966423997 1079.8391611620114 1370.1643281997992 1178.8289887249052 1480.1530254919037 1180.4058425500168 1481.5721939345042 1081.4160149871232
1472.6161238058353 1078.2873079298288 1471.010599911176 1190.2757997181538 1564.00104398541 1191.6089579521117 1565.6065678800692 1079.620466163787
1569.8211823941153 1064.6793475812312 1567.7999424910176 1205.6648595647473 1638.7926471068306 1206.682647033683 1640.8138870099283 1065.697135050167
1671.6386812840549 1078.1402881054737 1670.018822354622 1191.1286771419082 1806.0048480975875 1193.0782418711372 1807.6247070270208 1080.0898528347025
1815.5378748032583 1086.2039166015527 1813.9036808390515 1200.1922028860977 1922.8924808830466 1201.7547216764353 1924.5266748472532 1087.7664353918906
1928.540598874467 1086.8238782828757 1927.0354202232238 1191.81308933443 2022.025658793678 1193.1749176379356 2023.530837444921 1088.1857065863815
2028.5589937550185 1086.2575872640298 2026.881794686491 1203.2455652929045 2088.8754240693133 1204.1343374488765 2090.5526231378417 1087.1463594200015
2086.438353867211 1095.0881972657871 2085.062190528932 1191.078333084351 2196.0507850691465 1192.6695219442365 2197.426948407426 1096.6793861256724
2200.426640151756 1096.7223912299935 2198.8927914309656 1203.711396777768 2313.880974963621 1205.3599257767487 2315.4148236844107 1098.370920228974
2317.4289532154053 1097.3996930504113 2315.766089181651 1213.3877738311762 2408.756533255885 1214.7209320651345 2410.4193972896387 1098.7328512843696
419.94657173023654 1187.208445148271 418.14035734874506 1313.1954984101365 555.1262803398208 1315.1593981741394 556.9324947213123 1189.172344912274
557.0185049299548 1183.1729614236135 555.1549504093683 1313.159603677919 631.1471412657316 1314.2490663207234 633.0106957863181 1184.2624240664177
619.8543461783762 1195.0749383435698 618.1484770403009 1314.062710868665 741.1358385578363 1315.8259201458354 742.8417076959115 1196.83814762074
740.7272329215015 1204.8086555360728 738.9926937138787 1325.7962225573879 831.9831377881126 1327.1293807913462 833.7176769957355 1206.1418137700307
834.8035844524879 1200.1567653161444 833.0977153144127 1319.1445378412398 940.0867208621871 1320.67838656203 941.7925900002624 1201.690614036935
948.7775357022591 1202.790856528461 946.9139811816726 1332.7774987827665 1054.902883977557 1334.325682538331 1056.7664384981438 1204.3390402840255
1045.4091928995895 1229.178786104265 1043.717658796288 1347.16666138125 1096.7122129461204 1347.9264182242584 1098.4037470494218 1229.9385429472736
1078.4040553050918 1228.8955378429525 1076.94188175817 1330.8850571501766 1175.931709321064 1332.3042255927771 1177.393882867986 1230.314706285553
1177.624990206495 1215.0726547246386 1175.890450998872 1336.0602217459536 1290.878634531527 1337.7087507449342 1292.61317373915 1216.721183723619
1294.4982879571799 1224.7490317780466 1292.7637487495572 1345.736598799362 1395.7531653048916 1347.2131073810572 1397.4877045125145 1226.2255403597421
1396.4161320905357 1231.2106915655186 1394.7676030915552 1346.1988750981736 1508.7558893761002 1347.8330690623802 1510.4044183750807 1232.8448855297252
1506.361824278319 1235.7872371349602 1504.7563003836601 1347.775728923285 1597.746744457894 1349.1088871572433 1599.352268352553 1237.1203953689185
1600.2661553920204 1243.1341138923524 1598.689301566909 1353.1228111844569 1718.676971340114 1354.8430153573063 1720.2538251652259 1244.8543180652014
1703.1408916691653 1252.6098004589278 1701.5640378440535 1362.5984977510327 1803.5535571512778 1364.0606712979543 1805.1304109763896 1254.0719740058498
1796.0596605695303 1258.9424449334365 1794.7981775094408 1346.93340276712 1850.7924234036036 1347.7361647144496 1852.0539064636928 1259.745206880766
1848.0399824364786 1260.687763989781 1846.6781541329733 1355.678002560235 1952.6672624326375 1357.1975162462518 1954.0290907361434 1262.2072776757977
1965.070965569675 1259.3652713139786 1963.4654416750159 1371.3537631023034 2056.4558857492502 1372.6869213362618 2058.061409643909 1260.698429547937
2060.061204140129 1260.7270996174843 2058.556025488886 1365.7163106690386 2157.5458530517803 1367.1354791116391 2159.051031703023 1262.1462680600846
2158.1084745940084 1258.132344032871 2156.5459558036705 1367.1211440768652 2252.5360916222344 1368.4973074151449 2254.098610412572 1259.5085073711502
2255.098507660682 1259.5228424059237 2253.2492881748694 1388.5095874121191 2333.241068023673 1389.6563901940185 2335.0902875094857 1260.6696451878233
2323.1774279889178 1251.5125763166518 2321.442888781295 1372.5001433379668 2375.4373401792373 1373.274235215749 2377.1718793868604 1252.286668194434
429.3506974135097 1368.3618674734737 427.6878333797556 1484.3499482542386 531.6771471832 1485.8407918707076 533.3400112169539 1369.8527110899429
515.3848658552945 1366.5949887196857 513.6933317519929 1484.5828639966705 634.6808987733082 1486.317403204293 636.3724328766098 1368.3295279273082
639.2861144122973 1374.3719165202897 637.7092605871856 1484.3606138123944 721.7006294284292 1485.5647567333888 723.2774832535409 1375.576059441284
721.320693861642 1372.547697627406 719.7581750713042 1481.5364976714006 804.7494411606577 1482.7549756271692 806.3119599509956 1373.7661755831748
808.3834296210845 1368.7953594121716 806.7779057264253 1480.7838512004964 931.7650617401807 1482.5757305472143 933.3705856348399 1370.5872387588897
930.3708938905095 1370.5442336545682 928.6076846133394 1493.5315951721036 1037.596484657334 1495.0941139624415 1039.3596939345043 1372.1067524449063
1026.4605529373703 1373.0357965342673 1024.3963079299515 1517.0210002621134 1130.3854162296159 1518.54051394813 1132.4496612370347 1374.555310220284
1128.8773901168745 1406.3935147621742 1127.5155618133692 1501.3837533326284 1218.506211391383 1502.688241497039 1219.8680396948885 1407.698002926585
1219.068832933611 1393.685106418271 1217.4059688998568 1509.6731871990357 1319.395488207081 1511.1353607459575 1321.0583522408351 1395.1472799651924
1315.0876388217225 1393.0614752603296 1313.3530996140996 1514.049042281645 1409.3432354326637 1515.425205619924 1411.0777746402864 1394.437638598609
1401.921014024785 1405.307493014856 1400.2294799214833 1523.295368291841 1513.2178689579182 1524.9152272212739 1514.9094030612198 1406.9273519442888
1524.965715681415 1403.0711132995862 1523.3745268215296 1514.0597078398007 1615.3650736476536 1515.378531038985 1616.9562625075391 1404.3899364987706
1609.9569817707686 1404.289591255354 1608.222442563146 1525.277158276669 1715.2114481109204 1526.8110069974598 1716.945987318543 1405.8234399761445
1717.017662492412 1400.8239537355946 1715.1541079718254 1530.8105959898999 1830.1422915044802 1532.4591249888801 1832.0058460250666 1402.4724827345747
1830.8482633944457 1413.4570174290113 1829.1137241868228 1534.4445844503266 1962.1000581854582 1536.3511440752343 1963.8345973930814 1415.3635770539192
1962.806030075424 1417.3490365153655 1961.0714908678008 1538.3366035366805 2012.066250521413 1539.0676903101414 2013.8007897290358 1418.0801232888261
2011.8726704066844 1413.0519669787286 2010.1381311990617 1534.039534000044 2099.1289862808553 1535.315352094907 2100.8635254884784 1414.327785073592
2100.9782057666685 1406.3286070887114 2098.913960759249 1550.3138108165576 2186.9049185929325 1551.5752938766468 2188.969163600352 1407.590090148801
2179.769397880529 1421.4596363093774 2177.7194879078843 1564.4449427891136 2279.7090072151086 1565.9071163360352 2281.7589171877535 1422.9218098562994
420.0864811824881 1526.2452874314442 418.366277009639 1646.2329572046492 554.3523027526048 1648.1825219338784 556.0725069254538 1528.1948521606732
539.0885887423568 1526.9512593214097 537.2680393260915 1653.938209831385 646.2568393700863 1655.5007286217228 648.0773887863517 1528.5137781117471
640.7627372845589 1550.4111723267522 639.2575586333159 1655.4003833783067 739.2472834443201 1656.833886855681 740.7524620955631 1551.8446758041264
720.1129957545958 1526.5462088711267 718.1204259210456 1665.5319263584227 821.10984247638 1667.0084349401181 823.1024123099302 1528.0227174528222
831.7001065692558 1556.148855712867 830.2809381266552 1655.1386832757617 928.2708684414395 1656.543516683588 929.69003688404 1557.5536891206941
927.9339379789735 1540.5267658332757 926.0417133888395 1672.5132025838013 985.0356510273319 1673.3589696354518 986.927875617466 1541.3725328849264
973.000989317794 1536.1723561575436 971.0944296928864 1669.1586901561798 1086.082613225541 1670.80721915516 1087.989172850449 1537.8208851565246
1079.7893043787362 1551.704766351875 1078.0977702754346 1669.69264162886 1193.0859538080895 1671.34117062784 1194.777487911391 1553.3532953508548
1191.663115888871 1561.3094682314145 1190.0432569594382 1674.297857267849 1280.034009289342 1675.5880103974857 1281.653868218775 1562.5996213610513
1277.797629574072 1552.543308740856 1276.1204305055444 1669.5312867697305 1388.1089222938688 1671.1368106643895 1389.786121362397 1554.148832635515
1384.8869803652628 1547.077876724876 1383.0664309489975 1674.0648272348512 1484.056053008112 1675.5126657469991 1485.876602424377 1548.5257152370239
1482.6332150888934 1565.4809633505731 1481.214046646293 1664.4707909134672 1571.2047989761968 1665.7609440431045 1572.6239674187973 1566.7711164802104
1569.7102858831095 1560.7287278872288 1568.2194422666403 1664.718041690673 1664.2095780852044 1666.0942050289523 1665.7004217016736 1562.104891225508
1659.7010382130131 1562.0188810168654 1658.095514318354 1674.0073728051902 1759.0851363774686 1675.4552113173384 1760.6906602721276 1563.4667195290135
1761.7192275897849 1561.4812600675668 1759.9846883821624 1682.468827088882 1851.9752352082864 1683.7876502880665 1853.7097744159091 1562.8000832667512
1848.7962983840011 1556.7290246042223 1846.8323986199987 1693.714947595298 1995.8170885883949 1695.850867776586 1997.7809883523978 1558.8649447855098
1995.6378435084403 1568.8352471970632 1993.8602991964963 1692.822505962708 2081.8512570301796 1694.0839890227974 2083.6288013421236 1570.0967302571523
2083.61446630735 1571.096627505262 2081.836921995406 1695.0838862709074 2162.8285990923196 1696.2450240875805 2164.6061434042635 1572.2577653219353
2164.4054529174314 1586.2563267954758 2163.0006195096043 1684.24625711026 2260.990549824388 1685.6510905180867 2262.395383232215 1587.6611602033024
2239.3690764561366 1589.331248899727 2237.73488249193 1703.3195351842714 2339.7244017991543 1704.781708731193 2341.358595763361 1590.7934224466483
2350.400676100672 1587.9227460152817 2348.694806962597 1706.9105185403773 2426.6867923151804 1708.028651252729 2428.392661453256 1589.0408787276338
412.0801928255038 1666.144891958208 409.95860767899 1814.129684678494 547.944427918176 1816.1079194772701 550.06601306469 1668.1231267569842
546.9229709726222 1678.0790941337634 544.8157208608823 1825.0639896059395 661.803698889757 1826.7411886744674 663.9109490014971 1679.7562932022913
661.8251442966347 1685.7270066214041 660.0475999846906 1809.7142653870496 775.0357835173455 1811.3627943860295 776.8133278292896 1687.3755356203844
771.6848262757757 1696.3029356795062 770.0649673463427 1809.2913247159408 874.0542811497871 1810.78216833241 875.67414007922 1697.7937792959751
870.0044623903559 1674.7101323808015 867.3094758528923 1862.6908150254899 979.2979676412172 1864.2963389201486 981.9929541786806 1676.3156562754605
968.7505943620965 1693.1275540412732 966.88703984151 1823.1141962955783 1031.8803609686627 1824.0459735558716 1033.7439154892493 1694.0593313015663
1027.4578313051143 1713.9712660551247 1025.5656067149803 1845.9577028056501 1117.556153541104 1847.2765260048345 1119.448378131238 1715.2900892543091
1114.4918969950093 1712.2187223361102 1112.5853373701011 1845.2050563347457 1224.5738291584262 1846.8105802294049 1226.4803887833336 1713.8242462307694
1202.4541847591454 1715.4799998924195 1200.5476251342377 1848.466333891055 1328.534472892323 1850.3012183420942 1330.4410325172307 1717.3148843434587
1305.3719261406109 1721.955994714665 1303.5800467938932 1846.9431507284203 1413.5687440859979 1848.520004553532 1415.3606234327158 1723.5328485397768
1397.8641991838158 1688.2784142299977 1395.2838929245422 1868.2599188898057 1519.2711516901877 1870.0374632017497 1521.851457949461 1690.055958541942
1518.3787100575973 1723.0095626252523 1516.5581606413325 1849.9965131352276 1596.5499404901357 1851.1433159171265 1598.3704899064007 1724.1563654071515
1594.4139060182818 1721.0993335237263 1592.507346393374 1854.0856675223622 1717.4945024071294 1855.8775468690797 1719.4010620320373 1722.8912128704442
1708.4165273376007 1721.733630239823 1706.5959779213354 1848.7205807497983 1808.5854972285597 1850.18275429672 1810.4060466448245 1723.1958037867446
1795.077882123378 1745.9784149716695 1793.6013735416827 1848.967831527004 1855.5950029245053 1849.8566036829757 1857.0715115062007 1746.8671871276415
1848.5598274555177 1712.7416653789367 1846.1802116830765 1878.7246085652032 1962.1682924638412 1880.3874725989576 1964.5479082362826 1714.4045294126904
1954.276570094481 1733.2592267790442 1952.5420308868584 1854.246793800359 2022.534838254561 1855.250246234521 2024.2693774621837 1734.2626792132057
2017.2700967254134 1734.1623339697894 2015.420877239601 1863.149078975985 2125.409574531706 1864.7259328010966 2127.258794017518 1735.7391877949012
2087.420589475628 1724.166916674741 2085.4853597811725 1859.1530451695967 2212.472310291148 1860.9735945858622 2214.407539985603 1725.9874660910066
2189.4387788524 1723.6292957254427 2187.2311834972434 1877.613471934389 2344.21505145052 1879.864072393867 2346.422646805677 1725.8798961849207
388.48770932114564 1846.825258135877 386.63848983533296 1975.8120031420722 528.623899066959 1977.8475780799438 530.4731185527718 1848.8608330737484
530.4731185527718 1848.8608330737484 528.623899066959 1977.8475780799438 576.618966976241 1978.5356597490832 578.4681864620537 1849.5489147428875
571.2252101341297 1866.4468227173425 569.6483563090183 1976.435520009447 677.6372591049029 1977.9837037650113 679.2141129300145 1867.9950064729064
673.2147294413542 1867.908996264264 671.4801902337313 1988.8965632855793 781.4688875258362 1990.4734171106911 783.2034267334589 1869.4858500893756
772.1185467956059 1875.3275481955247 770.3983426227569 1995.31521796873 871.3879646818712 1996.7630564808778 873.1081688547204 1876.7753867076726
1112.1839563964365 1873.2021792818266 1110.1340464237912 2016.187485761563 1229.1218189488866 2017.8933548996383 1231.1717289215317 1874.9080484199026
1217.0154820654798 1885.7062276622805 1215.3526180317258 2001.6943084430454 1321.3417263313902 2003.213822129062 1323.0045903651442 1887.225741348297
1310.378637043831 1861.0420574453772 1307.8413358888788 2038.0238703608545 1419.8298276772032 2039.629394255514 1422.367128832156 1862.6475813400366
1415.9950344393783 1888.5588995822554 1414.2174901274343 2012.5461583479005 1497.208961720568 2013.7359662341212 1498.986506032512 1889.7487074684755
1507.0716942260344 1883.8640042580053 1505.1364645315793 2018.8501327528609 1604.1262920944737 2020.2693011954611 1606.061521788929 1885.2831727006057
1598.1196839431434 1881.1689034299754 1596.2131243182357 2014.1552374286111 1695.20295188113 2015.5744058712116 1697.1095115060375 1882.588071872576
1695.908923771095 1896.572298311343 1694.1170444243776 2021.5594543250982 1745.1118040779897 2022.290541098559 1746.9036834247072 1897.3033850848037
1744.1046821672096 1883.2618185069418 1742.069107229338 2025.247227738568 1853.057701769553 2026.8384165984533 1855.0932767074241 1884.8530073668276
1842.8651491737241 1900.679342919303 1841.144945000875 2020.667012692508 1905.1383688799178 2021.5844549180279 1906.8585730527666 1901.5967851448227
1898.6587045810538 1915.4806663401732 1896.967170477752 2033.4685416171583 2003.956176025527 2035.0023903379488 2005.6477101288283 1917.0145150609637
1990.9359521026527 1896.8015445771566 1988.5706713649852 2061.7845905153135 2099.5592659052 2063.375779375199 2101.924546642867 1898.3927334370424
2108.7231368928055 1912.491640153999 2106.9169225113137 2038.478693415864 2220.905208795859 2040.1128873800708 2222.7114231773503 1914.1258341182056
2321.4718901838646 1931.5433585305666 2319.823361184884 2046.5315420632214 2420.812983243999 2047.9793805753698 2422.4615122429786 1932.9911970427147
396.9779479649512 2021.9649619376455 395.31508393119736 2137.95304271841 533.300904170383 2139.9312775171866 534.9637682041371 2023.943196736422
529.1077350632141 2013.8582140466788 527.3875308903653 2133.8458838198844 639.3760226786902 2135.4514077145436 641.0962268515391 2015.463737941338
636.0967406109888 2015.3920627674695 634.6058969945196 2119.3813765709137 693.5998346330122 2120.2271436225647 695.0906782494814 2016.2378298191202
686.93381488209 2027.1220192701408 685.1992756744671 2148.109586291456 829.1844794023132 2150.1738312988746 830.919018609936 2029.1862642775595
824.1634334643193 2012.0876658162724 822.3142139785066 2141.074410822468 939.3021920073816 2142.751609890996 941.1514114931942 2013.7648648848003
931.9659808081452 2026.6345137972671 930.3317868439386 2140.6228000818123 1037.3207923917132 2142.156648802603 1038.9549863559198 2028.168362518058
1030.9414733362657 2029.0535794879777 1029.1782640590955 2152.0409410055136 1088.172201697588 2152.8867080571636 1089.9354109747583 2029.8993465396286
1078.8935361412266 2032.7413529014475 1077.2736772117937 2145.729741937883 1192.2618607444485 2147.378270936863 1193.8817196738814 2034.3898819004278
1176.854796386463 2036.1459808054942 1174.9912418658769 2166.1326230597997 1306.9776786164023 2168.0248476499337 1308.8412331369889 2038.0382053956284
1300.8277201173346 2038.9234223655485 1299.0215057358432 2164.910475627414 1419.0091755090482 2166.630679800263 1420.8153898905398 2040.6436265383977
1412.9165571490755 2033.5296655234374 1411.1533478719055 2156.5170270409726 1526.1415314045603 2158.165556039953 1527.9047406817306 2035.178194522418
1522.6185537457054 2055.10446431075 1521.1420451640101 2158.093880866084 1614.1324892382438 2159.4270391000427 1615.6089978199398 2056.4376225447077
1603.7392461555824 2047.266526894433 1602.047712052281 2165.2544021714175 1713.0363065924957 2166.845591031303 1714.7278406957973 2048.857715754318
1704.8435484928868 2040.7151874217002 1702.994329007074 2169.7019324278954 1816.982615291619 2171.3361263921024 1818.8318347774318 2042.3493813859068
1824.9602335790555 2033.4363163615587 1823.211359336659 2155.4237806309843 1956.1976933352948 2157.3303402558918 1957.946567577691 2035.3428759864669
1963.8312707881616 2043.4280641799896 1962.2400819282761 2154.4166587202044 2085.2274434458113 2156.1798679973745 2086.818632305697 2045.1912734571597
2079.518315838678 2066.088770424054 2078.0991473960776 2165.078597986949 2175.0891804627518 2166.4690963600015 2176.5083489053522 2067.4792687971076
2170.394285138502 2075.392436573345 2168.9894517306752 2173.382366888129 2278.9781490227797 2174.959220713241 2280.3829824306067 2076.969290398457
2288.468170624129 2071.0845871879874 2287.034667146755 2171.074311998991 2408.0222341680706 2172.8088512066133 2409.4557376454445 2072.8191263956096
389.928551751756 2164.8785932435126 387.8213016400159 2311.863488715689 510.8086631575511 2313.626697992859 512.9159132692913 2166.641802520683
515.4998890051828 2195.6818278201954 514.0377154582611 2297.6713471274197 609.027954028715 2299.0331754309254 610.4901275756367 2197.043656123701
603.4621767693191 2198.9431053765047 601.9139930137549 2306.9320081723895 716.9021765464097 2308.5805371713695 718.4503603019739 2200.5916343754852
712.4366417785399 2201.505521414953 710.7881127795595 2316.493704947608 812.7776320867838 2317.9558784945293 814.4261610857642 2202.9676949618747
814.1968005293845 2218.9660509316354 813.0069926431639 2301.957522524769 910.9969229579481 2303.362355932595 912.1867308441686 2220.370884339462
907.2589197774871 2215.299722925043 905.925761543529 2308.2901669992775 943.9218569717107 2308.8348983206793 945.2550152056685 2215.844454246445
945.1690049970261 2221.8438377351054 943.8071766935207 2316.83407630556 1040.7972097601946 2318.224574678613 1042.1590380637003 2223.2343361081585
1038.4174796971874 2205.178845503083 1036.8406258720759 2315.1675427951873 1140.8299396755203 2316.6583864116565 1142.406793500632 2206.6696891195515
1134.2642651680142 2216.5539813224627 1132.7734215515447 2320.543295125907 1240.7623243474297 2322.091478881471 1242.2531679638987 2218.1021650780267
1242.29617306822 2215.1024733336967 1240.6619791040134 2329.0907596182415 1295.6563277500657 2329.8791865307976 1297.2905217142722 2215.8909002462524
1303.2755701681588 2216.976807703005 1301.7130513778209 2325.9656077469995 1384.7045229709545 2327.1554156332204 1386.2670417612924 2218.1666155892253
1375.4115223798192 2208.009957725614 1373.7056532417441 2326.997730250709 1485.6941450300685 2328.6032541453683 1487.400014168144 2209.615481620273
1487.2996689247277 2216.614762357043 1485.6224698562 2333.6027403859184 1598.610858892635 2335.222599315351 1600.2880579611626 2218.2346212864763
1597.1450158690948 2228.1905886632553 1595.5681620439834 2338.17928595536 1716.5557290652985 2339.913825162983 1718.13258289041 2229.925127870878
1718.1182478556364 2230.9250251189883 1716.6704093434885 2331.9146471781028 1794.6623946960717 2333.0327798904545 1796.1102332082196 2232.04315783134
1783.0828989132415 2233.8565968755015 1781.4343699142614 2348.844780408156 1899.4222451912465 2350.5363145114584 1901.0707741902268 2235.5481309788033
1893.4729771790112 2207.436327753532 1890.8496658154163 2390.41752415767 1985.8399043858703 2391.779352461175 1988.4632157494652 2208.798156057038
1988.0188296714791 2239.7949707484486 1986.4849809506886 2346.7839762962235 2093.4739864984635 2348.3178250170135 2095.0078352192536 2241.328819469239
2093.8502525886324 2252.3133541636757 2092.431084146032 2351.30318172657 2179.422144731606 2352.5503297518862 2180.841313174206 2253.560502188992
2179.8414159260965 2253.5461671542175 2178.422247483496 2352.535994717112 2268.4129998133994 2353.8261478467484 2269.832168256 2254.8363202838545
2270.8177304693363 2255.8505525667383 2269.4845722353784 2348.8409966409727 2323.479023633321 2349.6150885187544 2324.812181867278 2256.6246444445205
2326.8119763634986 2256.653314514068 2325.1777823992916 2370.6416007986127 2432.166787947066 2372.1754495194027 2433.800981911274 2258.1871632348584
394.0608255337777 2364.9583881089375 392.4983067434398 2473.9471881529316 506.4865930279849 2475.581382117138 508.0491118183227 2366.592582073144
508.17812713128626 2357.5935068401536 506.3575777150211 2484.580457350129 556.3524401205233 2485.297209088816 558.1729895367886 2358.3102585788406
555.2163028967797 2355.2675617301893 553.4817636891569 2476.2551287515043 665.4702554774814 2477.860652646164 667.2047946851044 2356.8730856248485
653.0342127942788 2368.6711621153363 651.2279984127872 2494.658215377202 758.2170039605617 2496.1920640979924 760.0232183420533 2370.205010836127
740.7097998629403 2391.930384633847 739.2476263160186 2493.9199039410714 845.236734615683 2495.439417627088 846.6989081626047 2393.4498983198637
845.1004946400494 2365.4241053032347 843.2082700499157 2497.4105420537608 933.1990223798192 2498.7006951833973 935.0912469699531 2366.7142584328717
1200.8345544108447 2386.525733652448 1199.2146954814118 2499.5141226888827 1297.2046257961958 2500.9189560967093 1298.8244847256287 2387.930567060275
1299.0108401776874 2374.931902834844 1297.2332958657432 2498.919161600489 1398.2229179248577 2500.3670001126375 1400.0004622368017 2376.379741346992
1436.2117886903693 2361.897343877196 1433.9038480917966 2522.880800822913 1528.894086662251 2524.2426291264183 1531.2020272608233 2363.2591721807016
1539.9430718678864 2381.3863379596464 1538.3662180427748 2491.3750352517504 1585.361388703947 2492.048781886117 1586.9382425290585 2382.060084594012
1587.0959279115696 2371.0612148648015 1585.0890230432456 2511.0468296002077 1689.07833684669 2512.5376732166765 1691.0852417150138 2372.552058481271
1690.640855637028 2403.548873172682 1688.9206514641787 2523.536542945887 1798.9093487562836 2525.1133967709984 1800.6295529291328 2405.1257269977937
2023.5062940142561 2415.3217204891084 2021.9724452934656 2522.310726036883 2137.96052607423 2523.973590070637 2139.4943747950206 2416.984584522863
2122.4674515076026 2418.740683427929 2121.0196129954547 2519.730305487043 2195.0120093555975 2520.7910980603006 2196.459847867746 2419.8014760011856
2199.3878644382066 2424.843967346057 2197.825345647869 2533.8327673900517 2297.8150704588734 2535.2662708674266 2299.3775892492113 2426.277470823431
2280.451216708989 2421.00561892218 2279.1323935098053 2512.996165748304 2369.1231458397087 2514.286318877941 2370.441969038893 2422.295772051817
383.55301646349267 2539.8257262500047 381.93315753405966 2652.81411528644 510.9199025402552 2654.6633347722527 512.5397614696881 2541.674945735818
502.74147947541996 2527.53303391454 500.9209300591548 2654.5199844245153 584.9122989003984 2655.7241273455093 586.7328483166635 2528.7371768355342
581.647351867471 2534.6648851503255 579.6547820339208 2673.6506026376214 668.6456371157145 2674.9264207324845 670.6382069492647 2535.9407032451886
676.58025029883 2540.026302446271 674.8887161955283 2658.0141777232566 786.8772079838532 2659.619701617916 788.5687420871548 2541.6318263409303
775.6704231051403 2534.4461901521017 773.806868584554 2664.4328324064068 885.7953603728788 2666.0383563010664 887.6589148934651 2536.051714046761
876.5740349556122 2541.89341215291 874.7964906436682 2665.880670918555 984.7851879357728 2667.457524743667 986.5627322477169 2543.4702659780214
991.2468477232449 2565.539680610311 989.6556588633593 2676.5282751505256 1107.6435341403446 2678.219809253827 1109.23472300023 2567.231214713612
1100.378998114977 2557.103226919548 1098.97416470715 2655.0931572343325 1200.9636840143744 2656.5553307812543 1202.368517422201 2558.5654004664702
1191.3266425886695 2561.407406828289 1189.678113589689 2676.3955903609444 1290.6677356488035 2677.843428873092 1292.3162646477836 2562.855245340437
1281.2170496751569 2569.696840694696 1279.7548761282355 2671.6863600019205 1372.7453202024694 2673.0195182358784 1374.207493749391 2571.0299989286536
1373.1932614665072 2572.015561141991 1371.6737477804907 2678.004669441655 1488.6617258093654 2679.681868510183 1490.1812394953822 2573.692760210519
1469.3554177023561 2561.3929575029492 1467.7642288424709 2672.381552043164 1569.753748149695 2673.843725590086 1571.3449370095805 2562.855131049871
1569.3451425133603 2562.826460980323 1567.5245930970952 2689.813411490299 1690.5119546146304 2691.576620767469 1692.3325040308957 2564.5896702574937
1685.1755379116144 2575.4881947432877 1683.5843490517286 2686.4767892835025 1786.573765607063 2687.9532978651982 1788.1649544669483 2576.9647033249835
1775.2092953458393 2573.778656128595 1773.6324415207275 2683.7673534206992 1882.6212415647224 2685.329872211037 1884.1980953898342 2575.341174918933
1867.1425020328684 2579.097068320219 1865.6516584163992 2683.0863821236635 1994.6384034225944 2684.935601609476 1996.1292470390638 2580.946287806032
1980.0592158954341 2585.7164134902027 1978.5110321398702 2693.705316286087 2094.4991129206355 2695.368180319841 2096.0472966761986 2587.3792775239563
2082.048735202659 2587.178587037124 2080.4718813775467 2697.1672843292286 2173.462325451781 2698.5004425631864 2175.039179276893 2588.511745271082
2177.2253292251708 2575.5417511151986 2175.3904447741324 2703.5285988732844 2275.380169585136 2704.9621023506584 2277.2150540361754 2576.975254592573
2279.143173358527 2582.003410902671 2277.3656290465833 2705.9906696683165 2385.354531842467 2707.5388534238805 2387.132076154411 2583.551594658235
356.46267018377523 2685.4523486047274 354.54177552409385 2819.4385798514736 469.5299590567487 2821.0871088504537 471.45085371643006 2687.1008776037083
463.380000557681 2691.985683566068 461.6454613500581 2812.9732505873835 539.6374467026415 2814.0913832997353 541.3719859102642 2693.1038162784203
530.2871059724114 2698.9455143845694 528.5238966952412 2821.932875902104 655.5108472052165 2823.75342531837 657.2740564823868 2700.766063800834
645.2896245398401 2699.5941461354396 643.6984356799549 2810.582740675654 709.6916540552176 2811.528852970721 711.282842915103 2700.540258430507
710.1969354583503 2706.5253068843936 708.5054013550487 2824.5131821613777 807.495228917943 2825.9323506039786 809.1867630212446 2707.9444753269936
805.215330338902 2714.9590158655474 803.3231057487681 2846.945452616073 906.3125223041025 2848.4219611977683 908.2047468942363 2716.4355244472426
916.1327634646979 2718.478015792114 914.7135950220973 2817.467843355008 1026.702086810422 2819.073367249667 1028.1212552530226 2720.0835396867733
1025.193238682561 2709.0410483419014 1023.4730345097121 2829.028718115107 1099.4652253660752 2830.1181807579114 1101.1854295389244 2710.1305109847062
1104.156451213707 2721.1733105852472 1102.4075769713104 2843.160774854673 1187.398843060664 2844.379252810441 1189.1477173030605 2722.3917885410156
1189.3770778594408 2697.3934325712544 1186.7681015306196 2879.374731727283 1310.7553602962646 2881.1522760392268 1313.3643366250856 2699.1709768831993
1315.91933403576 2739.2538017832526 1314.4428254540644 2842.243218338587 1452.4286456932502 2844.221453137364 1453.9051542749457 2741.2320365820287
1467.91835903893 2731.38982471643 1466.2698300399495 2846.3780082490853 1581.2580135726043 2848.0265372480653 1582.9065425715849 2733.0383537154107
1581.0214283535547 2734.0105056609827 1579.4445745284431 2843.999202953087 1694.432758061098 2845.6477319520677 1696.0096118862098 2735.659034659963
1679.011358668339 2726.4153390688098 1677.3484946345848 2842.403419849574 1793.3365754153497 2844.0662838833287 1794.9994394491039 2728.0782031025633
1824.0107946790686 2727.494021862892 1822.104235054161 2860.4803558615276 1995.0864589771984 2862.9603168773847 1996.993018602106 2729.9739828787497
1995.1509094883972 2718.9464430799912 1993.2443498634893 2851.932777078627 2114.2319168848044 2853.66731628625 2116.1384765097123 2720.6809822876144
2121.123627715489 2721.752554709593 2118.987707534201 2870.7372446779896 2191.9802066462344 2871.7837022164726 2194.116126827522 2722.7990122480765
2188.958955204461 2733.726206803418 2187.1957459272903 2856.7135683209535 2275.186703760974 2857.9750513810422 2276.949913038144 2734.9876898635075
2273.835541015624 2742.9438627440663 2272.2300171209654 2854.932354532391 2398.2170703828306 2856.738568913883 2399.8225942774898 2744.750077125558
362.1682426048568 2845.550588580524 360.1183326322116 2988.5358950602604 479.10610515730673 2990.2417641983357 481.1560151299517 2847.2564577186
482.95511913933956 2861.283689261688 481.20624489694296 2983.271153531113 563.1978192419665 2984.4466263825598 564.9466934843631 2862.459162113135
569.9031746205919 2865.5305290313336 568.1973054825168 2984.5183015564285 676.1862082784013 2986.066485311993 677.8920774164766 2867.0787127868975
680.6767436392006 2882.1201766128697 679.2289051270526 2983.109798671984 768.2197602088464 2984.3856167668464 769.6675987209942 2883.395994707733
761.7974360490776 2874.2822391965524 760.0915669110022 2993.2700117216473 839.0834495116958 2994.4024794687725 840.7893186497711 2875.4147069436776
832.7758056301168 2876.2999239135984 831.1272766311365 2991.288107446253 921.1180289610404 2992.5782605758895 922.7665579600208 2877.5900770432345
926.0529503998257 2857.6351371853552 923.4726441405523 3037.616641845163 1054.4591836429677 3039.494531400523 1057.0394899022413 2859.5130267407153
1056.6381089285767 2887.510149687797 1055.0325850339175 2999.498641476121 1143.023542867601 3000.7601245362107 1144.6290667622602 2888.7716327478856
1129.6019379710622 2890.5564017224997 1127.7670535200232 3018.543249480585 1234.7560590677977 3020.0770982013755 1236.5909435188366 2892.09025044329
1242.461311694533 2901.1753358849232 1240.9274629737429 3008.1643414326977 1328.9184208074264 3009.425824492787 1330.452269528217 2902.436818945012
1333.6096466550582 2891.4809543201227 1331.961117656078 3006.4691378527777 1461.9477599103834 3008.3326923733644 1463.5962889093635 2893.3445088407098
1465.3237177448827 2912.371226624348 1463.8758792327346 3013.3608486834623 1571.8647820286192 3014.9090324390263 1573.3126205407675 2913.919410379912
1576.3839874589664 2908.962929243683 1574.893143842497 3012.9522430471275 1666.8836906686208 3014.271066246312 1668.37453428509 2910.2817524428674
1668.3458642155424 2912.2815469390875 1666.7260052861095 3025.2699359755225 1779.7143943225446 3026.889794904955 1781.3342532519773 2913.90140586852
1778.4492417858369 2905.8592227793188 1776.6430274043455 3031.846276041184 1829.6375815541778 3032.6060328841927 1831.4437959356692 2906.6189796223266
1829.444001439449 2906.5903095527797 1827.5804469188627 3036.5769518070847 1931.5697607223071 3038.067795423554 1933.4333152428935 2908.0811531692484
1927.2475763021748 2920.9938071860365 1925.5847122684206 3036.981887966802 2024.5745398313152 3038.4010564094024 2026.2374038650692 2922.4129756286375
2020.2666904459563 2920.3271709237747 2018.446141029691 3047.31412143375 2130.4346328180154 3048.9196453284094 2132.255182234281 2921.932694818434
2131.240949951397 2922.9182570317707 2129.5780859176434 3038.906337812535 2230.5677079767574 3040.3541763246826 2232.2305720105114 2924.366095543918
2227.130740526545 2931.2937011068198 2225.19551083209 3066.2798296016754 2312.186571417664 3067.526977626991 2314.1218011121186 2932.5408491321355
2309.2513301845324 2923.4700987252763 2307.4737858725875 3047.457357490922 2417.4624831646925 3049.0342113160336 2419.240027476637 2925.0469525503877
366.63744684934466 3161.647134296262 363.0823582254566 3409.6216518275514 492.06910323165187 3411.470871313365 495.62419185554006 3163.4963537820745
493.2946915595238 3186.4653204190577 491.35946186506874 3321.4514489139133 577.3506252025322 3322.684261904455 579.2858548969876 3187.6981334095994
582.2568765717702 3189.740933010141 580.26430673822 3328.726650497437 660.2560865870233 3329.8734532793364 662.2486564205735 3190.88773579204
663.9617502213189 3210.914350823789 662.3275562571122 3324.9026371083332 795.313890255748 3326.809196733241 796.9480842199545 3212.8209104486964
796.0628672500343 3204.807397429042 794.2136477642216 3333.794142435238 874.205427613025 3334.9409452171367 876.0546470988378 3205.9542002109415
881.1258085132567 3201.02638914426 879.2765890274438 3330.0131341504552 975.2667248460081 3331.389297488735 977.1159443318207 3202.4025524825392
964.9594919719891 3213.2294017944646 963.0959374514026 3343.2160440487705 1098.0820659462586 3345.1512737432254 1099.9456204668447 3215.16463148892
1092.0037826210596 3211.05036221829 1090.0255478222832 3349.0361824574757 1212.0130120917083 3350.7850566998723 1213.9912468904845 3212.7992364606866
1210.9772201113806 3213.756128604475 1209.013320347378 3350.742051595551 1264.0076689934303 3351.530478508107 1265.971568757433 3214.5445555170313
1255.8435809633688 3223.4002804022844 1253.8796811993661 3360.38620339336 1363.868378491471 3361.9630572184715 1365.8322782554735 3224.9771342273957
1359.789889662492 3227.8908157630835 1358.0696854896432 3347.8784855362883 1477.0574580147381 3349.584354674364 1478.777662187587 3229.5966849011584
1481.63400358418 3239.6386624865804 1479.9711395504257 3355.6267432673453 1520.9669267229374 3356.2144796930684 1522.6297907566918 3240.226398912304
1525.4717971185107 3251.2682737458354 1523.9809535020415 3355.2575875492794 1644.9685205233566 3356.9921267569025 1646.4593641398258 3253.002812953458
1632.4894727358328 3250.8023279704057 1630.8839488411736 3362.7908197587303 1751.8715158624886 3364.5253589663535 1753.4770397571478 3252.5368671780284
1743.4063921021784 3257.3930030708416 1741.7435280684244 3373.3810838516065 1855.7318143529692 3375.0152778158126 1857.3946783867234 3259.027197035048
1840.5397755165905 3248.784528962794 1838.7622312046465 3372.7717877284394 1945.7512367524205 3374.3056364492304 1947.5287810643645 3250.3183776835845
1947.729471551197 3236.319816210044 1945.6652265437783 3380.3050199378895 2080.651355038634 3382.240249632345 2082.715600046053 3238.2550459044987
2099.8715386464346 3227.499871766442 2097.735618465147 3376.4845617348387 2159.7292478479703 3377.3733338908105 2161.8651680292573 3228.388643922414
2158.26340482443 3270.3413232387147 2156.643545894997 3383.329712275149 2204.638613804279 3384.017793944289 2206.2584727337116 3271.0294049078543
2206.903549298531 3226.0340287429026 2203.9935372394607 3429.0131701092414 2314.982131779675 3430.6043589691267 2317.892143838745 3227.6252176027883
2324.475708567077 3256.7225830413954 2322.61215404649 3386.709225295701 2382.6059889330936 3387.5693273821253 2384.4695434536798 3257.58268512782
325.49555417700617 5194.266219286694 323.3883040652661 5341.251114758868 470.37319953744225 5343.35836487061 472.48044964918233 5196.373469398433
481.68021536900517 5182.503923237856 479.3005995965641 5348.486866424122 665.281487745032 5351.15318289204 667.661103517473 5185.170239705773
660.8195081632139 5174.071024733146 658.1961967996191 5357.052221137284 811.1804757604556 5359.245481457665 813.8037871240504 5176.264285053528
# Transcript
PAIDEYTAI
LIKINNIOSPOLYAINOSKO*
HGEMWNEPIKTHTOSPROSD
GRDIONYSIOS)MELITEY*
HRAKLEIDHSPOQEINOYERI*
OPLOMACOSASKLHPIADH*
PLOYTIANOSAGAQHMEROYS
MHNOFILOSAFRODISIOYM*
DIONY***SAFRODISIOYE*O
PAIWNDIOMHDOYSPALLH
SEXSTIOSNIKANWRSFHTTIO
PISTOK***HSFILO**ATOY*
ABASKANTOSEYMOLPOYKH*
ERMIASTRYFWNOSMARAQ*
KESTROFYLAXPYQIKOSEYD*
QYRWROSAISCINHSOKAIUI*
KOK

# Lines: x1 y1 x2 y2 x3 y3 x4 y4
