# Baseline angle
0.17066167270754606
# Boxes: x1 y1 x2 y2 x3 y3 x4 y4
1414 284 1414 376 1496 376 1496 284
1401 393 1401 485 1475 485 1475 393
1306 446 1288.7892875888435 545.8659929673267 1365 559 1382.2107124111565 459.13400703267325
1393 492 1379.8463344869472 568.3247816964034 1465 583 1478.1536655130528 506.6752183035967
697 448 678.2196001157002 556.9741806128428 748 569 766.7803998842998 460.0258193871572
794 468 778.4629595380056 558.1544303595937 853 571 868.5370404619944 480.84556964040627
891 499 877.7313270670472 575.9921178247718 930 585 943.2686729329528 508.00788217522825
973 526 960.6482639448508 597.6715471474735 1067 616 1079.3517360551493 544.3284528525265
1173 550 1157.8322329075088 638.011703734407 1239 652 1254.1677670924912 563.988296265593
1265 562 1249.884225145518 649.7100162532985 1327 663 1342.115774854482 575.2899837467015
1367 577 1352.5882329048536 660.6249771065651 1436 675 1450.4117670951464 591.3750228934349
1474 591 1457.579826565859 686.2788522358447 1543 701 1559.420173434141 605.7211477641553
664 562 647.124021978676 659.9236804457801 723 673 739.875978021324 575.0763195542199
767 569 751.0876233910517 661.3323365448009 842 677 857.9123766089483 584.6676634551991
876 593 860.0534519483879 685.5306179971446 915 695 930.9465480516121 602.4693820028554
960 609 945.3400297327013 694.065188043363 1032 709 1046.6599702672986 623.934811956637
1068 622 1050.7490533687287 722.0994539796908 1114 733 1131.2509466312713 632.9005460203092
1144 640 1126.9737405050917 738.7956959803815 1221 755 1238.0262594949083 656.2043040196185
1244 674 1229.455404689608 758.3957192636982 1320 774 1334.544595310392 689.6042807363018
1339 686 1322.579826565859 781.2788522358447 1408 796 1424.420173434141 700.7211477641553
1432 707 1418.794342248938 783.6264691775118 1508 799 1521.205657751062 722.3735308224882
1544 721 1527.4932953481791 816.7809538205934 1610 831 1626.5067046518209 735.2190461794066
1641 743 1626.5999909227485 826.5567506378209 1693 838 1707.4000090772515 754.4432493621791
1742 756 1728.38483465932 835.0026568150627 1798 847 1811.61516534068 767.9973431849373
1829 768 1811.569560618911 869.1409693605049 1921 888 1938.430439381089 786.8590306394951
636 664 624.7852953295935 729.0738674257004 723 746 734.2147046704065 680.9261325742996
768 673 754.3559909200934 752.1700240099789 823 764 836.6440090799066 684.8299759900211
842 695 828.3442329021985 774.2382504787232 914 789 927.6557670978015 709.7617495212768
948 714 932.5954202162443 803.385820853757 1029 820 1044.4045797837557 730.614179146243
1055 729 1040.166967297341 815.0693912128604 1121 829 1135.833032702659 742.9306087871396
1126 753 1111.7093031022043 835.9224614181763 1205 852 1219.2906968977957 769.0775385818237
1235 767 1221.3039986820838 846.4717114910874 1294 859 1307.6960013179162 779.5282885089126
1346 787 1331.2941002721427 872.3316959644512 1399 884 1413.7058997278573 798.6683040355488
1425 797 1407.6853031128248 897.4693679295436 1492 912 1509.3146968871752 811.5306320704564
1529 811 1512.0834202215544 909.1592741094406 1604 925 1620.9165797784456 826.8407258905594
1624 834 1608.0010921733717 926.8344381295495 1696 942 1711.9989078266283 849.1655618704505
1737 853 1719.2701002827628 955.8786024758185 1778 966 1795.7298997172372 863.1213975241815
1812 866 1797.0512248034277 952.7409926438216 1903 971 1917.9487751965723 884.2590073561784
718 762 703.1263655402197 848.3049848765208 800 865 814.8736344597803 778.6950151234792
826 794 813.1176861578822 868.7502504734131 890 882 902.8823138421178 807.2497495265869
934 804 919.6865221404286 887.0546490530721 989 899 1003.3134778595714 815.9453509469279
1019 821 1005.4482173782174 899.6348755165063 1083 913 1096.5517826217826 834.3651244834937
551 713 533.9741080420985 811.793563329085 599 823 616.0258919579015 724.206436670915
632 741 616.1225299077291 833.1297897898642 685 845 700.8774700922709 752.8702102101358
1132 847 1118.9392960190848 922.785367900338 1155 929 1168.0607039809152 853.214632099662
1208 852 1192.4049045225454 942.4912974007226 1294 960 1309.5950954774546 869.5087025992774
1314 868 1297.5452875861886 963.4792663394849 1376 977 1392.4547124138114 881.5207336605151
1411 902 1395.8208424266209 990.0777975518548 1465 1002 1480.1791575733791 913.9222024481452
1502 912 1486.41666254044 1002.4230709319781 1571 1017 1586.58333745956 926.5769290680217
1595 936 1581.1711704668382 1016.2424536482204 1661 1030 1674.8288295331618 949.7575463517795
1689 956 1675.6501235528042 1033.463305152093 1760 1048 1773.3498764471958 970.5366948479071
1798 959 1781.204857955912 1056.4546257697555 1854 1069 1870.795142044088 971.5453742302445
1885 986 1872.7750293826457 1056.9359845503607 1995 1078 2007.2249706173543 1007.0640154496393
522 831 507.5882329048537 914.6249771065651 591 929 605.4117670951463 845.3750228934349
608 858 593.4960064467296 942.1601256000376 668 955 682.5039935532704 870.8398743999624
702 881 686.7513969302726 969.4807584104317 771 984 786.2486030697274 895.5192415895683
804 894 790.3616861605374 973.136977101255 865 986 878.6383138394626 906.863022898745
913 912 899.2463112036305 991.8064458809198 970 1004 983.7536887963695 924.1935541190802
990 920 976.7423500109284 996.9281566586203 1070 1013 1083.2576499890715 936.0718433413797
1108 935 1092.2151239028601 1026.5925086450952 1141 1035 1156.7848760971399 943.4074913549047
1184 950 1167.135412459564 1047.8575866283322 1255 1063 1271.864587540436 965.1424133716678
1282 988 1267.3111859934747 1073.2325552382792 1353 1088 1367.6888140065253 1002.7674447617208
1397 999 1381.8610766467355 1086.8443365394908 1464 1101 1479.1389233532645 1013.1556634605092
1492 1006 1475.0894829990052 1104.1240945494203 1544 1116 1560.9105170009948 1017.8759054505797
1592 1030 1575.2337016951387 1127.2872585748391 1649 1140 1665.7662983048613 1042.7127414251609
1679 1053 1665.0557955099316 1133.9119224278854 1741 1147 1754.9442044900684 1066.0880775721146
3482 1383 3464.547147194142 1484.2710243441045 3521 1494 3538.452852805858 1392.7289756558955
3569 1404 3553.8322329075086 1492.0117037344069 3635 1506 3650.1677670924914 1417.9882962655931
3669 1430 3655.0732487682703 1510.8106490504172 3720 1522 3733.9267512317297 1441.1893509495828
3779 1437 3762.7414985203313 1531.3407428837952 3842 1545 3858.2585014796687 1450.6592571162048
1375 1094 1361.7021157908137 1171.1616176709845 1442 1185 1455.2978842091863 1107.8383823290155
1472 1112 1458.759803269267 1188.826883281152 1541 1203 1554.240196730733 1126.173116718848
1763 1158 1748.1612720568971 1244.1024381215843 1823 1257 1837.8387279431029 1170.8975618784157
1858 1185 1845.2156078564503 1259.1820550712166 1937 1275 1949.7843921435497 1200.8179449287834
1961 1191 1945.1973031075145 1282.69591467386 2034 1298 2049.8026968924855 1206.30408532614
3046 1405 3030.3760607833187 1495.6586645956388 3131 1513 3146.6239392166813 1422.3413354043612
3154 1431 3140.4364593603227 1509.7031019852507 3235 1526 3248.5635406396773 1447.2968980147493
3374 1459 3357.2625454343656 1556.119891379923 3432 1569 3448.7374545656344 1471.880108620077
3456 1493 3441.1438187985586 1579.2037114990526 3527 1594 3541.8561812014414 1507.7962885009474
3543 1506 3528.922967294686 1587.6826645850185 3612 1602 3626.077032705314 1520.3173354149815
3655 1521 3639.151373646956 1612.962422594948 3709 1625 3724.848626353044 1533.037577405052
3741 1549 3725.9187641251888 1636.5096021496583 3810 1651 3825.0812358748112 1563.4903978503417
3829 1571 3816.619787742631 1642.8367816910932 3893 1656 3905.380212257369 1584.1632183089068
3933 1575 3914.8196233990166 1680.4925164283263 3999 1695 4017.1803766009834 1589.5074835716737
400 1014 385.42086570993746 1098.5961333673383 469 1113 483.57913429006254 1028.4038666326617
493 1038 479.32145194042266 1117.3704381136192 541 1128 554.6785480595773 1048.6295618863808
590 1051 575.4386865052829 1135.4927273385736 619 1143 633.5613134947171 1058.5072726614264
682 1073 668.2751549428572 1152.6390786860036 740 1165 753.7248450571428 1085.3609213139964
758 1094 744.8808734666178 1170.1243675927633 837 1186 850.1191265333822 1109.8756324072367
881 1112 868.2968113706931 1185.7108677438955 928 1196 940.7031886293069 1122.2891322561045
961 1127 949.0987408285968 1196.0576331949655 1030 1210 1041.9012591714034 1140.9423668050345
1051 1148 1037.4539126186614 1226.6018286077824 1121 1241 1134.5460873813386 1162.3981713922176
1152 1162 1138.7366547704844 1238.9612035673442 1226 1254 1239.2633452295156 1177.0387964326558
1244 1178 1230.7541080288229 1254.859930189876 1307 1268 1320.2458919711771 1191.140069810124
1350 1195 1337.689233238979 1266.4338208325164 1399 1277 1411.310766761021 1205.5661791674836
1441 1204 1427.6501235528042 1281.463305152093 1512 1296 1525.3498764471958 1218.536694847907
1559 1246 1546.5624678011843 1318.169383429629 1592 1326 1604.4375321988157 1253.830616570371
1638 1247 1624.0728812312634 1327.8127817017134 1718 1344 1731.9271187687366 1263.1872182982866
1746 1267 1731.2997955125868 1352.298649055727 1805 1365 1819.7002044874132 1279.701350944273
1856 1286 1841.2823422542479 1371.3999224331956 1926 1386 1940.7176577457521 1300.6000775668044
1959 1324 1948.172389494442 1386.827734771749 2013 1398 2023.827610505558 1335.172265228251
2055 1342 2041.8231859881644 1418.4591019825957 2132 1434 2145.176814011835 1357.5408980174043
2749 1454 2735.627342591028 1531.5954927869886 2796 1542 2809.372657408972 1464.4045072130114
2845 1465 2831.505904856671 1543.300141126674 2911 1557 2924.494095143329 1478.699858873326
2960 1500 2947.3776473479293 1573.2418130678707 3004 1583 3016.6223526520707 1509.7581869321293
3034 1514 3022.7682096082617 1579.1730081518724 3103 1593 3114.2317903917383 1527.8269918481276
3144 1531 3128.9248269026393 1618.474422589638 3190 1629 3205.0751730973607 1541.525577410362
3233 1554 3219.142326727612 1634.4098208431367 3298 1648 3311.857673272388 1567.5901791568633
3333 1583 3321.635748930023 1648.9416176577092 3380 1659 3391.364251069977 1593.0583823422908
3430 1588 3416.9040219654003 1663.990047306571 3504 1679 3517.0959780345997 1603.009952693429
3522 1606 3508.5578970946804 1683.9984536455654 3584 1697 3597.4421029053196 1619.0015463544346
3625 1621 3609.410967299996 1711.456117840702 3688 1725 3703.589032700004 1634.543882159298
3709 1641 3694.6227718845244 1724.424563002925 3785 1740 3799.3772281154756 1656.575436997075
3822 1671 3810.081655107265 1740.1567739211375 3873 1751 3884.918344892735 1681.8432260788625
381 1126 365.69407698882605 1214.8133601489676 419 1224 434.30592301117395 1135.1866398510324
466 1128 449.7414985203314 1222.3407428837954 529 1236 545.2585014796687 1141.6592571162046
546 1139 530.3992092821014 1229.5243443094464 626 1246 641.6007907178986 1155.4756556905536
663 1159 646.7934907583408 1253.039055402687 722 1266 738.2065092416592 1171.960944597313
733 1182 718.7669905806578 1264.587727028344 814 1281 828.2330094193422 1198.412272971656
1166 1250 1151.0982568750064 1336.4680867688444 1189 1343 1203.9017431249936 1256.5319132311556
1236 1293 1222.771193750155 1369.7607894637042 1317 1386 1330.228806249845 1309.2392105362958
845 1206 831.7366547704844 1282.9612035673442 919 1298 932.2633452295156 1221.0387964326558
1448 1314 1434.3214519404228 1393.3704381136192 1496 1404 1509.6785480595772 1324.6295618863808
1515 1325 1500.0629828213223 1411.6727661750772 1589 1427 1603.9370171786777 1340.3272338249228
1616 1366 1602.1711704668382 1446.2424536482204 1682 1460 1695.8288295331618 1379.7575463517796
1713 1369 1697.7282484314896 1457.6150786966239 1787 1473 1802.2717515685104 1384.3849213033761
1826 1378 1808.8758188065235 1477.3638913825782 1888 1491 1905.1241811934765 1391.6361086174218
1931 1411 1918.8736861552272 1481.3635238455713 1998 1495 2010.1263138447728 1424.6364761544287
2032 1428 2016.0819281506078 1520.3653834535248 2101 1535 2116.918071849392 1442.6346165464752
2623 1529 2609.378771881869 1608.037836375083 2702 1624 2715.621228118131 1544.962163624917
2725 1545 2709.642084750816 1634.115047630076 2767 1644 2782.357915249184 1554.884952369924
2815 1563 2800.5073969276173 1647.0940317825898 2887 1662 2901.4926030723827 1577.9059682174102
2907 1598 2894.608029724736 1669.9050081598375 2988 1686 3000.391970275264 1614.0949918401625
3016 1601 3000.8610766467355 1688.8443365394908 3083 1703 3098.1389233532645 1615.1556634605092
3108 1629 3092.636021973366 1718.1502271900965 3173 1732 3188.363978026634 1642.8497728099035
3208 1650 3191.689506282322 1744.6424303649037 3275 1759 3291.310493717678 1664.3575696350963
3300 1668 3285.363178231484 1752.9308677571707 3367 1767 3381.636821768516 1682.0691322428293
3502 1705 3489.8334519351124 1775.5969848579355 3556 1787 3568.1665480648876 1716.4030151420645
3398 1688 3386.3237955019667 1755.7517425443598 3469 1770 3480.6762044980333 1702.2482574556402
3587 1731 3573.828881228608 1807.4260550738716 3670 1824 3683.171118771392 1747.5739449261284
3691 1744 3677.378771881869 1823.037836375083 3770 1839 3783.621228118131 1759.962163624917
3809 1759 3792.3376861711577 1855.6838836126221 3858 1867 3874.6623138288423 1770.3161163873779
3886 1785 3871.599623385742 1868.5588832891171 3967 1885 3981.400376614258 1801.4411167108829
454 1234 441.5681630416282 1306.1363365209054 493 1315 505.43183695837183 1242.8636634790946
520 1257 508.96974824584163 1321.0035704387553 625 1341 636.0302517541584 1276.9964295612447
645 1259 631.4482173782174 1337.6348755165063 709 1351 722.5517826217826 1272.3651244834937
730 1287 718.0642018489261 1356.2580472986058 792 1369 803.9357981510739 1299.7419527013942
818 1298 805.9427641145686 1367.962695638291 899 1384 911.0572358854314 1314.037304361709
921 1300 904.7934907583408 1394.039055402687 980 1407 996.2065092416592 1312.960944597313
1025 1333 1009.7513969302727 1421.4807584104315 1094 1436 1109.2486030697273 1347.5192415895685
1130 1351 1114.7574597077235 1439.4455788504113 1176 1450 1191.2425402922765 1361.5544211495887
1208 1371 1193.6690688820897 1454.1559224305406 1274 1468 1288.3309311179103 1384.8440775694594
1306 1389 1292.1882561881703 1469.1433129220486 1390 1486 1403.8117438118297 1405.8566870779514
1408 1408 1393.4208657099375 1492.5961333673383 1477 1507 1491.5791342900625 1422.4038666326617
1506 1425 1491.086131320105 1511.538445888885 1575 1526 1589.913868679895 1439.461554111115
1591 1462 1577.9271704641833 1537.8557270203785 1660 1552 1673.0728295358167 1476.1442729796215
1695 1474 1681.4596078591053 1552.5687816990583 1771 1568 1784.5403921408947 1489.4312183009417
1817 1473 1801.9073736443008 1560.5756959671062 1874 1573 1889.0926263556992 1485.4243040328938
1904 1521 1892.5200064361093 1587.6132190886703 1976 1602 1987.4799935638907 1535.3867809113297
1990 1535 1980.0259436533483 1592.874945393007 2091 1612 2100.9740563466517 1554.125054606993
2886 1681 2871.4383189682762 1765.4948599898703 2944 1778 2958.5616810317238 1693.5051400101297
2978 1691 2963.651615623751 1774.2571958080086 3055 1790 3069.348384376249 1706.7428041919914
2684 1647 2671.631178223519 1718.7706878736453 2760 1734 2772.368821776481 1662.2293121263547
2791 1667 2778.342740831252 1740.4443598228072 2857 1754 2869.657259168748 1680.5556401771928
3084 1731 3071.8505376564444 1801.4978441317635 3156 1816 3168.1494623435556 1745.5021558682365
3195 1759 3180.166967297341 1845.0693912128602 3261 1859 3275.833032702659 1772.9306087871398
3279 1765 3265.7305919930336 1841.9963831273647 3376 1861 3389.2694080069664 1784.0036168726353
3396 1782 3380.8208424266204 1870.077797551855 3450 1882 3465.1791575733796 1793.922202448145
3471 1805 3458.688865701972 1876.435953483813 3549 1892 3561.311134298028 1820.564046516187
3581 1828 3567.217467464404 1907.973813075836 3637 1920 3650.782532535596 1840.026186924164
3688 1844 3674.240615963187 1923.8394927896438 3739 1935 3752.759384036813 1855.1605072103562
3769 1864 3754.363178231484 1948.9308677571707 3836 1963 3850.636821768516 1878.0691322428293
3872 1884 3860.3814829804196 1951.4170081545276 3945 1966 3956.6185170195804 1898.5829918454724
3962 1909 3951.749264278976 1968.480390873425 4036 1983 4046.250735721024 1923.519609126575
419 1300 405.771193750155 1376.7607894637042 500 1393 513.228806249845 1316.2392105362958
520 1319 505.83680361401275 1401.1826335184708 557 1410 571.1631963859872 1327.8173664815292
605 1359 590.4440142087201 1443.4618130811461 669 1457 683.5559857912799 1372.5381869188539
709 1385 696.1810688767796 1459.3824691748566 781 1474 793.8189311232204 1399.6175308251434
815 1407 801.5984988518018 1484.762859981905 861 1495 874.4015011481982 1417.237140018095
914 1421 900.2231627048478 1500.940766167112 976 1514 989.7768372951522 1434.059233832888
1004 1441 990.8406392465032 1517.3578286051272 1070 1531 1083.1593607534967 1454.6421713948728
1097 1457 1085.1332798082676 1525.8572190913253 1173 1541 1184.8667201917324 1472.1427809086747
1212 1459 1196.7286159684966 1547.6129460453274 1257 1558 1272.2713840315034 1469.3870539546726
1298 1484 1282.913068884745 1571.5426490583823 1361 1585 1376.086931115255 1497.4573509416177
1399 1507 1383.6648657125925 1595.9828599951802 1465 1610 1480.3351342874075 1521.0171400048198
1490 1523 1474.9016784038567 1610.6087428758303 1541 1622 1556.0983215961433 1534.3912571241697
1588 1540 1571.7069595406608 1634.5411569874357 1644 1647 1660.2930404593392 1552.4588430125643
1674 1562 1657.6375140443126 1656.9441178460122 1745 1672 1761.3624859556874 1577.0558821539878
1785 1578 1769.1513736469558 1669.962422594948 1839 1682 1854.8486263530442 1590.037577405052
1879 1592 1864.5130921680616 1676.060984873866 1957 1692 1971.4869078319384 1607.939015126134
1990 1610 1974.0879909280584 1702.3302038935044 2036 1713 2051.9120090719416 1620.6697961064956
2674 1730 2659.922967294686 1811.6826645850185 2743 1826 2757.077032705314 1744.3173354149815
2779 1753 2765.863787745286 1829.223508318935 2840 1842 2853.136212254714 1765.776491681065
2871 1776 2857.1711704668387 1856.2424536482206 2937 1870 2950.8288295331613 1789.7575463517794
2967 1806 2955.5833891550064 1872.245437790114 3047 1888 3058.4166108449936 1821.754562209886
3073 1829 3059.592436074351 1906.7980395419252 3142 1921 3155.407563925649 1843.2019604580748
3169 1840 3156.036850180646 1915.2193051494378 3236 1929 3248.963149819354 1853.7806948505622
3272 1868 3259.423576808488 1940.9753051467826 3335 1954 3347.576423191512 1881.0246948532174
3377 1886 3363.944623722522 1961.7544536429104 3435 1974 3448.055376277478 1898.2455463570896
3464 1903 3451.2562096135716 1976.946461407556 3527 1990 3539.7437903864284 1916.053538592444
3563 1913 3546.7703422595578 2007.1733756888789 3627 2021 3643.2296577404422 1926.826624311121
3662 1937 3647.5768424239654 2020.6910709240128 3719 2033 3733.4231575760346 1949.308929075987
3744 1957 3730.0557955099316 2037.9119224278852 3806 2051 3819.9442044900684 1970.0880775721146
3859 1978 3846.538951765395 2050.305836367118 3926 2064 3938.461048234605 1991.694163632882
588 1453 571.3490766520456 1549.6177897951743 649 1563 665.6509233479544 1466.3822102048257
679 1481 662.5623733075204 1576.380125613313 759 1593 775.4376266924796 1497.619874386687
791 1493 774.695201522766 1587.60938345618 864 1603 880.304798477234 1508.39061654382
900 1508 886.4482173782174 1586.6348755165063 964 1600 977.5517826217826 1521.3651244834937
996 1538 981.1901157961239 1623.935070926668 1057 1637 1071.8098842038762 1551.064929073332
1093 1558 1078.1958110365679 1643.902024017944 1160 1658 1174.8041889634321 1572.097975982056
1189 1574 1175.482756357888 1652.434461412866 1260 1667 1273.517243642112 1588.565538587134
1278 1604 1265.3025066111372 1677.6778208351716 1331 1689 1343.6974933888628 1615.3221791648284
1383 1631 1370.2562096135716 1704.946461407556 1446 1718 1458.7437903864284 1644.053538592444
1479 1626 1465.3734441784322 1705.0687506325105 1523 1715 1536.6265558215678 1635.9312493674895
1590 1646 1577.0835147152184 1720.948531925757 1618 1728 1630.9164852847816 1653.051468074243
1654 1667 1639.0341390820956 1753.8401333699935 1727 1769 1741.9658609179044 1682.1598666300065
1769 1688 1756.2156078564503 1762.1820550712166 1848 1778 1860.7843921435497 1703.8179449287834
1870 1713 1856.0212565302609 1794.1123365315254 1925 1806 1938.9787434697391 1724.8876634684746
2647 1844 2631.0356311530422 1936.6340240259094 2726 1953 2741.9643688469578 1860.3659759740906
2746 1867 2732.7021157908134 1944.1616176709845 2813 1958 2826.2978842091866 1880.8383823290155
2841 1879 2828.8448424160006 1949.5308910404876 2907 1963 2919.1551575839994 1892.4691089595124
2944 1884 2926.8006780697315 1983.799899149879 3015 1999 3032.1993219302685 1899.200100850121
3033 1930 3018.4379514312695 2014.4969926411668 3120 2032 3134.5620485687305 1947.5030073588334
3145 1923 3127.010139092716 2027.387039881361 3206 2041 3223.989860907284 1936.6129601186392
3238 1963 3223.7036078617602 2045.9555083269001 3311 2061 3325.2963921382398 1978.0444916730999
3339 1984 3324.3054907530304 2069.2656021470034 3404 2083 3418.6945092469696 1997.7343978529966
3423 1985 3406.620060785974 2080.0453912234802 3505 2097 3521.379939214026 2001.9546087765193
3538 2020 3523.796201856891 2102.4182271821314 3591 2114 3605.2037981431085 2031.581772817869
3634 2046 3620.477061117444 2124.4675083215902 3699 2138 3712.522938882556 2059.5324916784098
3724 2054 3707.5566780670765 2149.4131725220373 3798 2165 3814.4433219329235 2069.5868274779627
3818 2084 3805.7002561828604 2155.369859666365 3908 2173 3920.2997438171396 2101.630140333635
2624 1943 2610.448217378217 2021.6348755165063 2688 2035 2701.551782621783 1956.3651244834937
2724 1953 2708.335826563204 2043.892125608003 2796 2059 2811.664173436796 1968.1078743919973
2836 1974 2822.7195690491526 2051.060344293516 2892 2063 2905.2804309508474 1985.939655706484
655 1557 639.543427978235 1646.6875083348655 740 1664 755.456572021765 1574.3124916651345
765 1588 751.0671859908196 1668.8458286104374 839 1684 852.9328140091804 1603.1541713895626
859 1613 848.3568424106904 1674.7574377848039 931 1689 941.6431575893096 1627.2425622151961
951 1613 933.7892875888435 1712.8659929673267 1010 1726 1027.2107124111565 1626.1340070326733
1059 1664 1046.515803266612 1736.4401566533102 1131 1751 1143.484196733388 1678.5598433466898
1171 1672 1155.8553814062914 1759.8773834482147 1232 1773 1247.1446185937086 1685.1226165517853
1278 1696 1265.5507097832894 1768.2376098983734 1328 1779 1340.4492902167106 1706.7623901016266
1362 1717 1349.0888424186555 1791.9176176683295 1425 1805 1437.9111575813445 1730.0823823316705
1461 1721 1446.9692642922514 1802.414024012634 1520 1815 1534.0307357077486 1733.585975987366
1558 1743 1545.423576808488 1815.9753051467826 1621 1829 1633.576423191512 1756.0246948532174
1655 1775 1642.891139413566 1845.2622504681028 1711 1857 1723.108860586434 1786.7377495318972
1761 1772 1746.2884050316986 1857.3647428731751 1808 1868 1822.7115949683014 1782.6352571268249
1853 1807 1838.3286392518132 1892.131281860811 1913 1905 1927.6713607481868 1819.868718139189
1944 1801 1927.781732740446 1895.1072818714313 2020 1911 2036.218267259554 1816.8927181285687
2910 1990 2896.574982816012 2067.8993129193937 2990 2084 3003.4250171839876 2006.1006870806063
3030 2022 3016.667576811143 2099.3620317746245 3090 2112 3103.332423188857 2034.6379682253755
3119 2040 3106.365889330035 2113.310039536615 3180 2126 3192.634110669965 2052.689960463385
3214 2066 3200.932865704627 2141.8226801116543 3289 2157 3302.067134295373 2081.1773198883457
3320 2082 3304.8265376670647 2170.044750643131 3380 2183 3395.1734623329353 2094.955249356869
3409 2098 3397.081655107265 2167.1567739211378 3460 2178 3471.918344892735 2108.8432260788622
3522 2108 3506.6648657125925 2196.98285999518 3588 2211 3603.3351342874075 2122.01714000482
3616 2129 3599.1471704774585 2226.789360159588 3670 2239 3686.8528295225415 2141.210639840412
3720 2162 3706.9738349987556 2237.584953796698 3750 2245 3763.0261650012444 2169.415046203302
662 1674 651.1723894944422 1736.827734771749 716 1748 726.8276105055578 1685.172265228251
755 1690 743.5143111956653 1756.6462659973943 821 1770 832.4856888043347 1703.3537340026057
861 1715 847.7138738087084 1792.0933912022401 911 1803 924.2861261912916 1725.9066087977599
951 1725 936.9749595326954 1806.38097710391 1016 1820 1030.0250404673045 1738.61902289609
1039 1763 1025.6444283123606 1840.4963520608167 1104 1854 1117.3555716876397 1776.5036479391833
1142 1764 1128.1252410062798 1844.5089615693087 1189 1855 1202.8747589937202 1774.4910384306913
1246 1787 1233.135139416221 1861.6489770959447 1299 1873 1311.864860583779 1798.3510229040553
1349 1802 1335.0387097885996 1883.0110631540574 1393 1893 1406.9612902114004 1811.9889368459426
1437 1833 1424.1928268946745 1907.3142427061123 1492 1919 1504.8071731053255 1844.6857572938877
1530 1848 1516.581045593463 1925.8641333593732 1587 1938 1600.418954406537 1860.1358666406268
1620 1863 1606.6387330719165 1940.5293989695408 1679 1953 1692.3612669280835 1875.4706010304592
1739 1877 1726.031154940202 1952.2523520581617 1800 1965 1812.968845059798 1889.7476479418383
1838 1895 1824.7484127883793 1971.8929770985999 1895 1984 1908.2515872116207 1907.1070229014001
1925 1916 1912.504412785724 1988.5062504707582 1985 2001 1997.495587214276 1928.4937495292418
2709 2058 2694.911576813798 2139.7487584024666 2766 2152 2780.088423186202 2070.2512415975334
2810 2064 2794.1916078670706 2155.728961582584 2877 2170 2892.8083921329294 2078.271038417416
2899 2087 2884.6922173808725 2170.0216021443484 2960 2183 2974.3077826191275 2099.9783978556516
3002 2111 2986.9650611227544 2198.240961577274 3061 2211 3076.0349388772456 2123.759038422726
3103 2138 3090.481264286941 2210.64057075695 3168 2224 3180.518735713059 2151.35942924305
3191 2159 3177.8463344869474 2235.324781696403 3263 2250 3276.1536655130526 2173.675218303597
3298 2177 3284.7886470084936 2253.6595160862357 3368 2268 3381.2113529915064 2191.3404839137643
3393 2193 3378.905514036347 2274.783937962487 3473 2291 3487.094485963653 2209.216062037513
3495 2214 3481.1480219680557 2294.3767739344125 3566 2309 3579.8519780319443 2228.6232260655875
3588 2232 3571.7008967632096 2326.576336547456 3667 2343 3683.2991032367904 2248.423663452544
731 1778 717.4539126186613 1856.6018286077824 801 1871 814.5460873813387 1792.3981713922176
839 1812 825.7021157908137 1889.1616176709845 906 1903 919.2978842091863 1825.8383823290155
933 1831 919.1654752263944 1911.2755005569445 993 1924 1006.8345247736056 1843.7244994430555
1033 1841 1020.7469207174324 1912.0990864426842 1084 1923 1096.2530792825676 1851.9009135573158
1125 1857 1111.6964205503698 1934.1946645797084 1186 1947 1199.3035794496302 1869.8053354202916
1218 1877 1205.434967289376 1949.9092113293348 1293 1965 1305.565032710624 1892.0907886706652
1329 1900 1317.4220847375411 1967.181414490867 1386 1979 1397.5779152624589 1911.818585509133
1414 1905 1401.798912955442 1975.7973989615757 1461 1986 1473.201087044558 1915.2026010384243
1511 1919 1495.6937094518191 2007.815492800264 1578 2022 1593.3062905481809 1933.184507199736
1616 1939 1603.1753736363357 2013.4155160835808 1682 2027 1694.8246263636643 1952.5844839164192
1733 1960 1719.84100678351 2036.355695953831 1770 2045 1783.15899321649 1968.6443040461693
1815 2000 1803.901037823507 2064.4022659947395 1877 2077 1888.098962176493 2012.5977340052607
1907 2006 1896.299154932237 2068.0921721746363 1977 2082 1987.700845067763 2019.9078278253637
2763 2165 2747.347217044092 2255.826031790555 2847 2273 2862.652782955908 2182.173968209445
2864 2175 2849.29942797558 2260.3007817070234 2952 2278 2966.70057202442 2192.6992182929766
2979 2204 2965.505904856671 2282.300141126674 3045 2296 3058.494095143329 2217.699858873326
3067 2219 3054.706318960311 2290.3346801063444 3134 2304 3146.293681039689 2232.6653198936556
3151 2249 3140.200498159655 2311.6646328794254 3264 2333 3274.799501840345 2270.3353671205746
3288 2267 3274.685030069482 2344.260758397156 3337 2355 3350.314969930518 2277.739241602844
3368 2294 3357.362537651134 2355.7243908760797 3446 2371 3456.637462348866 2309.2756091239203
900 1920 886.4539126186613 1998.6018286077824 970 2013 983.5460873813387 1934.3981713922176
1007 1937 993.2808501833013 2016.60603177728 1071 2030 1084.719149816699 1950.3939682227206
1096 1963 1081.7442096188818 2045.7199146632397 1153 2058 1167.2557903811182 1975.2800853367603
1197 1986 1184.5389517653948 2058.305836367118 1264 2072 1276.4610482346052 1999.694163632882
1298 2001 1284.1423267276116 2081.409820843137 1363 2095 1376.8576732723884 2014.5901791568633
1397 2009 1382.3460925101522 2094.0300084833425 1446 2105 1460.6539074898478 2019.9699915166573
1489 2023 1473.803389168282 2111.179070929323 1554 2125 1569.196610831718 2036.8209290706768
1617 2061 1605.0991083656036 2130.0555005436695 1657 2139 1668.9008916343964 2069.9444994563305
1707 2084 1693.7715612871618 2160.7586568124075 1759 2172 1772.2284387128382 2095.2413431875925
1811 2079 1795.6823189709312 2167.881586617712 1866 2180 1881.3176810290688 2091.118413382288
2875 2284 2857.7892875888438 2383.8659929673267 2934 2397 2951.2107124111562 2297.1340070326733
3066 2318 3048.0446780723864 2422.1866257777206 3134 2437 3151.9553219276136 2332.8133742222794
3167 2351 3153.1483895050624 2431.3746412831165 3209 2441 3222.8516104949376 2360.6253587168835
3258 2370 3244.973467461749 2445.587086447994 3317 2458 3330.026532538251 2382.412913552006
3356 2395 3343.337045590808 2468.4774067315316 3416 2481 3428.662954409192 2407.5225932684684
3442 2411 3428.6558187932483 2488.430258243369 3519 2504 3532.3441812067517 2426.569741756631
991 2019 973.7141468520514 2119.302000734627 1059 2134 1076.2858531479487 2033.6979992653723
1093 2071 1078.9749595326955 2152.38097710391 1158 2166 1172.0250404673045 2084.61902289609
1181 2087 1169.3989362387586 2154.3157347770593 1243 2167 1254.6010637612414 2099.6842652229407
1279 2111 1266.504412785724 2183.506250470758 1339 2196 1351.495587214276 2123.493749529242
1362 2118 1349.048240661534 2193.15321133199 1441 2209 1453.951759338466 2133.84678866801
1474 2154 1461.3715845704785 2227.276992627891 1541 2241 1553.6284154295215 2167.723007372109
1589 2167 1576.2451866696906 2241.0104225737077 1611 2247 1623.7548133303094 2172.9895774262923
1636 2175 1625.702599744404 2234.7511640971056 1749 2256 1759.297400255596 2196.2488359028944
1776 2175 1760.7400064493845 2263.5468522278798 1833 2276 1848.2599935506155 2187.4531477721202
1057 2142 1041.999600102425 2229.0405474736335 1123 2243 1138.000399897575 2155.9594525263665
1169 2160 1155.3620536975443 2239.1348444499586 1201 2247 1214.6379463024557 2167.8651555500414
1254 2182 1240.038342251593 2263.013195805354 1327 2278 1340.961657748407 2196.986804194646
1352 2215 1338.4713658770002 2293.500555230314 1411 2306 1424.5286341229998 2227.499444769686
1453 2243 1442.5242096056065 2303.7862815240305 1525 2318 1535.4757903943935 2257.2137184759695
1562 2237 1548.4539126186612 2315.6018286077824 1632 2330 1645.5460873813388 2251.3981713922176
1422 2315 1405.3893108721602 2411.3843287828104 1496 2427 1512.6106891278398 2330.6156712171896
1535 2344 1521.2349207227426 2423.8725396983677 1580 2434 1593.7650792772574 2354.1274603016323
1618 2359 1606.7333030915843 2424.3755549068087 1709 2442 1720.2666969084157 2376.6244450931913
1737 2382 1723.0212565302609 2463.1123365315257 1792 2475 1805.9787434697391 2393.8876634684743
1831 2395 1815.4686547784495 2485.12138345087 1896 2499 1911.5313452215505 2408.87861654913
1176 1079 1165.749264278976 1138.480390873425 1250 1153 1260.250735721024 1093.519609126575
1292 1095 1280.5841242290203 1161.241172487521 1314 1167 1325.4158757709797 1100.758827512479
587 971 576.8244050157683 1030.044383106124 652 1043 662.1755949842317 983.9556168938759
691 997 680.5762018436159 1057.484594042922 759 1071 769.423798156384 1010.515405957078
800 1008 788.8202018462711 1072.871320670764 865 1086 876.1797981537289 1021.1286793292361
907 1033 894.9434991885821 1102.9584303356983 930 1109 942.0565008114179 1039.0415696643017
988 1043 977.4551316462653 1104.187109731311 1046 1116 1056.5448683537347 1054.812890268689
1087 1065 1075.6991316489202 1130.573836359153 1142 1142 1153.3008683510798 1076.426163640847
1774 1071 1760.9040219654007 1146.9900473065711 1848 1162 1861.0959780345993 1086.0099526934289
1877 1093 1864.5503422462828 1165.2397425496702 1956 1181 1968.4496577537172 1108.7602574503298
1983 1108 1970.036850180646 1183.2193051494378 2050 1197 2062.963149819354 1121.7806948505622
# Transcript
**O****
****T****
*****EN******
ERIW*EDOX******
KAISIMALOSKAI
*WSANSAHIKEWST*
AIPOLEISAIEGKEW
HLQONEISTOSYNEDRIDHM*
OLEISKAIANRAF*****KASTHSTAO
LHIKAISYNTAXINSYNTNAIEISINDEDO**
IOYSEEINITOYSOR*AITASSYNQHKAST*
*IWNASSYNEQETOCABR****ATHGOSWNPROSTA
WIKAIPOLITEYESQAI**KATAPOLEISKAT
*SYNQHKASKAITAU***ATOYDHMOYTOYA
*STASEPIQALATTH***EYAZEINTATEI
HSPENTHKOSTHST**OMENHSENEK
KASEINAIKEIOS**KLHTWIA**
*KATATOYSOR**S*NQHKA
*YAQHNAIWN***
*HIPOLE*****
***TINAE


# Lines: x1 y1 x2 y2 x3 y3 x4 y4
1240 263 1787 366
1228 376 1751 493
1137 457 1790 606
619 462 1975 736
622 605 1961 840
604 687 1959 945
513 749 2022 1040
457 867 3891 1514
478 973 4039 1623
351 1042 3914 1730
337 1157 4027 1858
401 1250 4157 1967
344 1344 3991 2055
555 1486 4137 2183
583 1593 3846 2219
613 1709 3717 2299
694 1822 3473 2342
864 1943 3567 2467
948 2069 1912 2251
1022 2165 1659 2315
1376 2354 2031 2449