# Baseline angle
-0.18865629225542335
# Boxes: x1 y1 x2 y2 x3 y3 x4 y4
251 194 276.77677071508896 329.00866380301034 413 303 387.22322928491104 167.99133619698966
407 157 431.24109207069716 283.9653784705772 562 259 537.7589079293028 132.0346215294228
555 130 579.6196155717339 258.9479368235171 726 231 701.3803844282661 102.05206317648286
308 349 333.28263428571347 481.42057005753105 435 462 409.71736571428653 329.57942994246895
434 317 459.0315669062081 448.1055771204331 601 421 575.9684330937919 289.8944228795669
605 282 634.1343663342323 434.59443911760485 742 414 712.8656336657677 261.40556088239515
733 272 756.7671557928737 396.4830852343946 885 372 861.2328442071263 247.51691476560543
125 511 153.22689408168998 658.8414536638328 320 627 291.77310591831 479.15854633616726
311 495 340.5515470209567 649.7794687204837 507 618 477.4484529790433 463.2205312795163
497 456 526.9432982038787 612.8313085081031 657 588 627.0567017961213 431.16869149189694
641 450 670.4258340168419 604.121033073296 802 579 772.5741659831581 424.87896692670404
781 425 808.0042677601525 566.4378142077642 936 542 908.9957322398475 400.56218579223577
198 684 224.27752098540714 821.6313982658294 369 794 342.72247901459286 656.3686017341706
373 660 401.5751173553985 809.6653112528278 536 784 507.42488264460144 634.3346887471722
517 627 544.627244799752 771.7007247804623 674 747 646.372755200248 602.2992752195377
658 606 681.8977395205145 731.1670318302677 798 709 774.1022604794855 583.8329681697323
797 586 822.9275545942819 721.7984109081801 979 692 953.0724454057181 556.2015890918199
230 851 255.5674881273805 984.9125232958825 407 956 381.4325118726195 822.0874767041175
400 832 423.388632291837 954.5005268814547 536 933 512.611367708163 810.4994731185453
548 784 577.8008712830454 940.0853318889274 683 920 653.1991287169546 763.9146681110726
675 788 698.9614675812802 913.5008145381886 843 886 819.0385324187198 760.4991854618114
834 747 865.6482177615991 912.7610116863483 1032 881 1000.351782238401 715.2389883136517
262 1008 290.61864526461216 1157.893293451452 421 1133 392.38135473538784 983.1067065485479
418 982 446.6503299806328 1132.0592456267739 536 1115 507.34967001936707 964.9407543732261
543 957 571.1548090625649 1104.4639004699177 715 1077 686.8451909374351 929.5360995300823
710 938 735.1269796829947 1069.6053120036759 864 1045 838.8730203170053 913.3946879963241
855 913 883.0928241192158 1060.1392475306511 1020 1034 991.9071758807842 886.860752469349
285 1180 311.58395946731883 1319.2364034248544 449 1293 422.41604053268117 1153.7635965751456
447 1142 474.79474259566354 1287.57801285762 614 1261 586.2052574043365 1115.42198714238
617 1111 644.2201641888036 1253.5685954322319 731 1237 703.7798358111964 1094.4314045677681
728 1097 757.1026816182116 1249.4284869422831 906 1221 876.8973183817884 1068.5715130577169
901 1073 929.1196381117106 1220.2796887572872 1072 1193 1043.8803618882894 1045.7203112427128
322 1358 345.6668722925614 1481.9578394024663 534 1446 510.3331277074386 1322.0421605975337
501 1314 529.3522484570806 1462.498010953743 621 1445 592.6477515429194 1296.501989046257
625 1289 654.0925815424355 1441.3755866876347 787 1416 757.9074184575645 1263.6244133123653
774 1256 804.6968589711189 1416.7781656766742 924 1394 893.3031410288811 1233.2218343233258
910 1244 936.6543013690273 1383.604826850115 1076 1357 1049.345698630973 1217.395173149885
224 1558 248.30307701404615 1685.290031409844 386 1659 361.69692298595385 1531.709968590156
368 1493 399.0217544871661 1655.4798415763414 522 1632 490.9782455128339 1469.5201584236586
502 1493 526.5141027191712 1621.395301685626 670 1594 645.4858972808288 1465.604698314374
662 1469 684.6886995095864 1587.834552166156 820 1562 797.3113004904136 1443.165447833844
800 1439 824.1724932864054 1565.606084813971 974 1537 949.8275067135946 1410.393915186029
954 1410 977.0720937341491 1530.8426214677816 1081 1511 1057.9279062658509 1390.1573785322184
404 1677 429.88715429117747 1812.586809889587 522 1795 496.1128457088224 1659.413190110413
540 1629 567.1449515635693 1771.1746610582857 699 1746 671.8550484364307 1603.8253389417143
710 1602 738.0576531683616 1748.9550358180206 874 1723 845.9423468316384 1576.0449641819794
843 1586 870.8400136222938 1731.8151248248987 1027 1702 999.1599863777062 1556.1848751751013
428 1837 455.4698470796164 1980.8763369579528 591 1955 563.5301529203837 1811.1236630420472
572 1825 595.4607173109621 1947.8780800753696 731 1922 707.5392826890379 1799.1219199246304
746 1778 771.2808911682968 1910.4114402888767 852 1895 826.7191088317032 1762.5885597111233
867 1764 896.3554921151335 1917.752609648035 1026 1893 996.6445078848665 1739.247390351965
596 1983 623.1818656318401 2125.36800253957 777 2096 749.8181343681599 1953.6319974604298
769 1928 799.3569926557698 2086.9980785736734 946 2059 915.6430073442302 1900.0019214263266
480 2179 509.5062759943264 2333.542356753205 659 2305 629.4937240056737 2150.457643246795
645 2134 670.1537936754895 2265.745753230312 805 2240 779.8462063245105 2108.254246769688
490 2348 521.0032974530307 2510.3831708356993 633 2489 601.9967025469693 2326.6168291643007
672 2327 699.5318320229653 2471.2009898972196 842 2444 814.4681679770347 2299.7990101027804
539 2533 566.1884794727828 2675.40264325691 694 2651 666.8115205272172 2508.59735674309
682 2496 710.5148755294662 2645.3497880822156 859 2617 830.4851244705338 2467.6502119177844
# Transcript
*
********HNA
************IARC
************LFEYG
***************ASPOL
*****************AGRAU
****************HITON
****************LHIDO
*****************WIGRA
*****************DRACMA
*****************IPPA*
****************TOIS
******************AE
****************PE
*****************IP*
***************OP*
***********
