# Baseline angle
12.373009960223014
# Boxes: x1 y1 x2 y2 x3 y3 x4 y4
134 952 154.5496669463285 1056.9485501639244 236 1041 215.4503330536715 936.0514498360756
227 949 247.9228673716832 1055.8545101808838 334 1039 313.0771326283168 932.1454898191163
302 933 321.3034777405041 1031.5841769250396 406 1015 386.6965222594959 916.4158230749603
371 918 394.3532567703942 1037.2666745431904 457 1025 433.6467432296058 905.7333254568096
435 913 456.6336870820181 1023.484714905001 597 996 575.3663129179819 885.5152850949991
538 888 563.0517928108344 1015.9412139073052 670 995 644.9482071891656 867.0587860926948
644 858 668.2315425670624 981.7521399879901 764 963 739.7684574329376 839.2478600120099
716 848 742.805677291857 984.8984215311114 824 969 797.194322708143 832.1015784688886
790 829 814.6166033725419 954.7186717748833 900 938 875.3833966274581 812.2813282251167
835 830 861.105451613919 963.322321252743 970 942 943.894548386081 808.677678747257
1066 822 1087.8921599577372 933.804753503888 1235 905 1213.1078400422628 793.195246496112
1160 823 1176.6686975589284 908.1281748993526 1305 883 1288.3313024410716 797.8718251006474
119 1089 146.88574396750508 1231.41439568221 292 1203 264.11425603249495 1060.58560431779
240 1061 263.44560711593704 1180.7383140542915 400 1154 376.55439288406296 1034.2616859457085
370 1058 388.7786250689826 1153.9037185473098 470 1138 451.2213749310174 1042.0962814526902
428 1044 449.6982859988407 1154.814625977545 556 1134 534.3017140011593 1023.1853740224551
506 1044 522.0567915580626 1126.0031292333958 614 1108 597.9432084419374 1025.9968707666042
589 1030 607.2827901739091 1123.371455932322 696 1106 677.7172098260909 1012.6285440676779
665 1002 682.9715787614923 1093.782078030825 784 1074 766.0284212385077 982.217921969175
748 987 767.7663413990878 1087.9480531873073 839 1074 819.2336586009122 973.0519468126927
803 983 821.504338353097 1077.5029175885109 916 1059 897.495661646903 964.497082411489
898 967 921.2187619205506 1085.5798001752282 1011 1068 987.7812380794494 949.4201998247718
1004 987 1024.2872406105678 1090.6083209750595 1104 1075 1083.7127593894322 971.3916790249407
1070 959 1097.405722912598 1098.962895427134 1230 1073 1202.594277087402 933.0371045728659
1198 940 1224.2122722434713 1073.8678614908595 1341 1051 1314.7877277565287 917.1321385091404
1317 911 1344.044382867368 1049.1175071801085 1457 1027 1429.955617132632 888.8824928198914
1429 885 1455.2201791635543 1018.9082426708154 1562 998 1535.7798208364457 864.0917573291846
1540 865 1567.4294436728478 1005.0840389670019 1670 985 1642.5705563271522 844.9159610329981
150 1196 178.20620585616206 1340.0510163965596 347 1307 318.7937941438379 1162.9489836034404
417 1189 440.96516277126005 1311.391720209147 540 1292 516.03483722874 1169.6082797908527
552 1147 579.6220512840165 1288.06769916916 820 1241 792.3779487159835 1099.93230083084
1108 1101 1128.8991466114335 1207.733366641016 1245 1185 1224.1008533885665 1078.266633358984
777 1116 800.9902270876665 1238.5197253819113 916 1216 892.0097729123335 1093.4802746180887
910 1099 934.6864993055628 1225.0756350703016 1027 1207 1002.3135006944372 1080.9243649296984
970 1085 998.3274967697239 1229.6704573616914 1109 1208 1080.672503230276 1063.3295426383086
192 1413 215.18183722401935 1531.3912232325301 304 1514 280.8181627759807 1395.6087767674699
270 1393 289.00017324817037 1490.0351802034986 376 1473 356.99982675182963 1375.9648197965014
350 1371 368.07839939104457 1463.3276182689415 477 1442 458.92160060895543 1349.6723817310585
430 1351 450.2582228341196 1454.460125212317 519 1441 498.74177716588036 1337.539874787683
503 1340 520.5693605596895 1429.7279222511236 606 1413 588.4306394403105 1323.2720777488764
681 1280 702.7075364750808 1390.8618687903972 845 1363 823.2924635249192 1252.1381312096028
822 1256 844.2310455904454 1369.5354655352307 944 1350 921.7689544095546 1236.4645344647693
900 1251 921.4688308995696 1360.6427831414 1032 1339 1010.5311691004304 1229.3572168586
973 1240 994.6007158455284 1350.316328552281 1129 1324 1107.3992841544716 1213.683671447719
913 768 951.2086907392469 963.1343886603559 1100 934 1061.791309260753 738.8656113396441
1198 1215 1220.3589770763626 1329.1888203561334 1349 1304 1326.6410229236374 1189.8111796438666
188 1546 205.58390805212807 1635.8022172868505 368 1604 350.4160919478719 1514.1977827131495
350 1506 369.3773271335667 1604.961330810436 456 1588 436.6226728664333 1489.038669189564
530 1460 553.4693278761865 1579.8594575941593 660 1559 636.5306721238135 1439.1405424058407
599 1447 619.775168585558 1553.1002024100912 702 1537 681.224831414442 1430.8997975899088
697 1442 720.0671096743838 1559.8053018144578 811 1542 787.9328903256162 1424.1946981855422
768 1421 796.8853206777351 1568.5193020921413 917 1545 888.1146793222649 1397.4806979078587
876 1390 909.8397161684277 1562.8217376520408 960 1553 926.1602838315723 1380.1782623479592
924 1391 952.0070348810669 1534.0338366473418 1039 1517 1010.9929651189332 1373.9661633526582
1015 1385 1040.646541415377 1515.9786355804533 1158 1493 1132.353458584623 1362.0213644195467
206 1640 227.94885195447662 1752.094283396476 351 1728 329.0511480455234 1615.905716603524
327 1623 345.08630631112777 1715.3679994488975 444 1696 425.91369368887223 1603.6320005511025
435 1603 450.99614610128174 1684.69340875083 572 1661 556.0038538987181 1579.30659124917
554 1581 573.114900797806 1678.6211016215711 658 1662 638.885099202194 1564.3788983784289
702 1546 722.4428463167762 1650.403009925808 796 1636 775.5571536832238 1531.596990074192
779 1538 799.9386812118495 1644.9352725407955 866 1632 845.0613187881505 1525.0647274592045
841 1529 858.0445078881679 1616.0474638733933 940 1600 922.9554921118321 1512.9525361266067
925 1515 944.1307146379723 1612.701863981483 1009 1600 989.8692853620277 1502.298136018517
990 1504 1007.4216617735642 1592.973614480331 1089 1577 1071.5783382264356 1488.026385519669
1070 1489 1088.853818018202 1585.2877340656028 1218 1560 1199.146181981798 1463.7122659343972
200 1750 216.3772534467197 1833.6397499477453 332 1811 315.6227465532803 1727.3602500522547
299 1736 314.80622560242676 1816.7234718144648 390 1802 374.19377439757324 1721.2765281855352
346 1710 366.50483532971396 1814.7195920412705 457 1797 436.49516467028604 1692.2804079587295
407 1705 424.11835728123054 1792.4246177587897 508 1776 490.88164271876946 1688.5753822412103
870 1622 889.5579971561816 1721.884024933949 986 1703 966.4420028438184 1603.115975066051
980 1609 1008.0611169739216 1752.3100375828483 1122 1730 1093.9388830260784 1586.6899624171517
1103 1595 1122.443269606546 1694.2981035158766 1221 1675 1201.556730393454 1575.7018964841234
1188 1576 1205.6023317961792 1665.8963086038436 1297 1648 1279.3976682038208 1558.1036913961564
585 1685 603.0863063111277 1777.3679994488975 702 1758 683.9136936888723 1665.6320005511025
695 1670 713.2260981771699 1763.0819260397343 826 1741 807.7739018228301 1647.9180739602657
808 1641 827.3483093571186 1739.813135047694 903 1725 883.6516906428814 1626.186864952306
237 1839 252.84315029895805 1919.9120487571631 329 1905 313.15684970104195 1824.0879512428369
307 1816 325.24847538126255 1909.1962079467055 362 1902 343.75152461873745 1808.8037920532945
342 1811 360.59004812628444 1905.9406432438411 442 1890 423.40995187371556 1795.0593567561589
574 1774 591.1724393740851 1861.7008186942962 702 1840 684.8275606259149 1752.2991813057038
687 1754 703.6290857500835 1838.9258746908615 739 1832 722.3709142499165 1747.0741253091385
717 1748 735.2577258575026 1841.2434507595578 808 1827 789.7422741424974 1733.7565492404422
771 1748 788.7790483587524 1838.7988121373785 895 1818 877.2209516412476 1727.2011878626215
862 1721 881.18345317467 1818.971203284093 927 1810 907.81654682533 1712.028796715907
922 1721 945.3796646429576 1840.4015413488512 1070 1816 1046.6203353570424 1696.5984586511488
1053 1697 1080.955639900526 1839.7713589776283 1233 1810 1205.044360099474 1667.2286410223717
314 1921 339.65049487541853 2051.998826170431 452 2030 426.34950512458147 1899.0011738295686
237 1956 259.49742538624776 2070.895885314074 356 2052 333.50257461375224 1937.1041146859263
424 1894 450.0882942175957 2027.2346972599348 533 2011 506.9117057824044 1877.7653027400652
510 1913 530.664394495964 2018.5344715819967 610 2003 589.335605504036 1897.4655284180033
584 1887 608.2763741836769 2010.981098110644 695 1994 670.7236258163231 1870.018901889356
640 1871 667.1762678133271 2009.7910525909892 804 1983 776.8237321866729 1844.2089474090108
775 1869 796.1325551707463 1976.9254000671388 903 1956 881.8674448292537 1848.0745999328612
876 1869 896.6736449722041 1974.5817143948493 1012 1952 991.3263550277959 1846.4182856051507
1001 1871 1022.2301253240585 1979.4236974924029 1101 1964 1079.7698746759415 1855.5763025075971
1061 1836 1084.395478483124 1955.482303708763 1189 1935 1165.604521516876 1815.517696291237
532 2027 553.5796049891636 2137.2085139694946 667 2115 645.4203950108364 2004.7914860305054
735 2015 758.9533023911353 2137.3311484392134 873 2115 849.0466976088647 1992.6688515607866
837 1994 858.5505872127154 2104.060318206752 961 2084 939.4494127872846 1973.9396817932477
940 1989 959.9021798050883 2090.641789188166 1050 2073 1030.0978201949117 1971.358210811834
1022 1968 1044.5303966227375 2083.064271666794 1147 2063 1124.4696033772625 1947.935728333206
1126 1946 1150.8381515517297 2072.850133431072 1242 2055 1217.1618484482703 1928.1498665689278
# Transcript
********
BOYSANEGRAUAN
ALEXANDROSSYNHQH*
A*L*WNSYN****
KO*NTO**PAGA*O*
MH*ASEPIKT**
PA*WN*YBOYLA*
AGAQ**DORYFOR
NIK***AISCINH*
LASTRATOSN
T*ASEYS

# Lines: x1 y1 x2 y2 x3 y3 x4 y4
97 1042 1330 793
104 1159 1675 890
145 1320 1577 1043
192 1479 1634 1185
159 1619 1560 1290
235 1700 1262 1508
173 1795 1316 1584
220 1876 1289 1737
218 1998 1259 1859
492 2088 1312 1969