# Baseline angle
0
# Boxes: x1 y1 x2 y2 x3 y3 x4 y4
1220 285 1220 387 1302 387 1302 285
1012 408 1012 512 1080 512 1080 408
1070 410 1070 508 1158 508 1158 410
1177 413 1177 514 1269 514 1269 413
1272 416 1272 523 1349 523 1349 416
737 530 737 642 832 642 832 530
1048 542 1048 642 1124 642 1124 542
1113 541 1113 642 1187 642 1187 541
1191 544 1191 645 1313 645 1313 544
1303 547 1303 653 1354 653 1354 547
1362 548 1362 657 1447 657 1447 548
1450 543 1450 664 1544 664 1544 543
1532 561 1532 666 1632 666 1632 561
1622 571 1622 660 1686 660 1686 571
1162 671 1162 757 1248 757 1248 671
1247 667 1247 769 1331 769 1331 667
1331 662 1331 774 1419 774 1419 662
1411 676 1411 775 1498 775 1498 676
1486 679 1486 777 1571 777 1571 679
1612 681 1612 775 1712 775 1712 681
1698 682 1698 778 1734 778 1734 682
1721 713 1721 783 1800 783 1800 713
476 799 476 896 579 896 579 799
582 803 582 887 660 887 660 803
650 791 650 888 741 888 741 791
986 799 986 887 1081 887 1081 799
1079 788 1079 896 1184 896 1184 788
1168 796 1168 887 1261 887 1261 796
1243 797 1243 894 1283 894 1283 797
1289 803 1289 904 1377 904 1377 803
1386 798 1386 912 1474 912 1474 798
1463 804 1463 914 1542 914 1542 804
1629 799 1629 922 1717 922 1717 799
1716 820 1716 915 1814 915 1814 820
466 916 466 1023 591 1023 591 916
570 926 570 1010 670 1010 670 926
660 923 660 1015 757 1015 757 923
738 929 738 1019 836 1019 836 929
837 922 837 1015 933 1015 933 922
1419 935 1419 1043 1533 1043 1533 935
1539 935 1539 1047 1631 1047 1631 935
1623 933 1623 1054 1695 1054 1695 933
446 1044 446 1152 549 1152 549 1044
553 1049 553 1146 666 1146 666 1049
1160 1062 1160 1169 1252 1169 1252 1062
1249 1062 1249 1168 1326 1168 1326 1062
1328 1068 1328 1175 1397 1175 1397 1068
1389 1077 1389 1189 1468 1189 1468 1077
1468 1080 1468 1189 1560 1189 1560 1080
1552 1079 1552 1194 1641 1194 1641 1079
1704 1087 1704 1187 1807 1187 1807 1087
452 1163 452 1265 570 1265 570 1163
577 1156 577 1266 724 1266 724 1156
703 1175 703 1277 805 1277 805 1175
796 1171 796 1288 891 1288 891 1171
883 1169 883 1282 934 1282 934 1169
938 1178 938 1282 1062 1282 1062 1178
424 1282 424 1410 550 1410 550 1282
556 1270 556 1449 660 1449 660 1270
654 1292 654 1407 725 1407 725 1292
728 1293 728 1420 822 1420 822 1293
544 1549 544 1683 647 1683 647 1549
658 1560 658 1675 738 1675 738 1560
747 1562 747 1686 833 1686 833 1562
837 1569 837 1688 940 1688 940 1569
1123 1585 1123 1697 1181 1697 1181 1585
1183 1596 1183 1711 1282 1711 1282 1596
1275 1603 1275 1701 1380 1701 1380 1603
1376 1593 1376 1715 1493 1715 1493 1593
400 1703 400 1804 501 1804 501 1703
488 1710 488 1815 570 1815 570 1710
686 1695 686 1845 796 1845 796 1695
787 1717 787 1824 838 1824 838 1717
840 1725 840 1838 941 1838 941 1725
927 1731 927 1816 1015 1816 1015 1731
1010 1719 1010 1841 1108 1841 1108 1719
1100 1733 1100 1837 1184 1837 1184 1733
1182 1739 1182 1826 1220 1826 1220 1739
1219 1741 1219 1827 1302 1827 1302 1741
1300 1737 1300 1841 1403 1841 1403 1737
1395 1745 1395 1836 1490 1836 1490 1745
1551 1739 1551 1854 1636 1854 1636 1739
1644 1750 1644 1842 1717 1842 1717 1750
656 1860 656 1957 746 1957 746 1860
721 1862 721 1963 804 1963 804 1862
809 1855 809 1958 892 1958 892 1855
902 1850 902 1952 984 1952 984 1850
981 1866 981 1964 1069 1964 1069 1866
1067 1853 1067 1975 1139 1975 1139 1853
473 1851 473 1954 582 1954 582 1851
582 1855 582 1963 669 1963 669 1855
1517 1876 1517 1978 1640 1978 1640 1876
1638 1874 1638 1987 1715 1987 1715 1874
1700 1883 1700 1963 1757 1963 1757 1883
1756 1874 1756 1977 1821 1977 1821 1874
456 1974 456 2071 544 2071 544 1974
545 1964 545 2070 630 2070 630 1964
624 1970 624 2075 710 2075 710 1970
712 1975 712 2080 817 2080 817 1975
821 1964 821 2071 907 2071 907 1964
902 1969 902 2066 1006 2066 1006 1969
1000 1978 1000 2079 1095 2079 1095 1978
1096 1979 1096 2087 1185 2087 1185 1979
1534 1989 1534 2096 1632 2096 1632 1989
1632 1997 1632 2088 1713 2088 1713 1997
1709 1997 1709 2097 1811 2097 1811 1997
558 2100 558 2202 654 2202 654 2100
658 2090 658 2204 739 2204 739 2090
739 2106 739 2203 829 2203 829 2106
821 2102 821 2199 949 2199 949 2102
949 2102 949 2209 1060 2209 1060 2102
1060 2103 1060 2214 1103 2214 1103 2103
1102 2118 1102 2224 1171 2224 1171 2118
1333 2108 1333 2247 1421 2247 1421 2108
1538 2116 1538 2240 1638 2240 1638 2116
1634 2118 1634 2234 1732 2234 1732 2118
1734 2118 1734 2274 1828 2274 1828 2118
580 2332 580 2439 675 2439 675 2332
671 2329 671 2441 715 2441 715 2329
721 2342 721 2447 847 2447 847 2342
848 2342 848 2454 953 2454 953 2342
945 2338 945 2443 1051 2443 1051 2338
1043 2343 1043 2457 1157 2457 1157 2343
1149 2318 1149 2491 1243 2491 1243 2318
1245 2335 1245 2463 1331 2463 1331 2335
1321 2354 1321 2463 1418 2463 1418 2354
1404 2352 1404 2471 1498 2471 1498 2352
1534 2356 1534 2476 1635 2476 1635 2356
1633 2348 1633 2478 1730 2478 1730 2348
1724 2369 1724 2479 1863 2479 1863 2369
552 2471 552 2580 604 2580 604 2471
595 2494 595 2592 711 2592 711 2494
709 2478 709 2595 809 2595 809 2478
807 2479 807 2598 892 2598 892 2479
878 2459 878 2605 1001 2605 1001 2459
984 2435 984 2617 1089 2617 1089 2435
1086 2485 1086 2601 1165 2601 1165 2485
1163 2492 1163 2594 1249 2594 1249 2492
1235 2503 1235 2606 1326 2606 1326 2503
1322 2473 1322 2589 1386 2589 1386 2473
1525 2480 1525 2609 1630 2609 1630 2480
1621 2485 1621 2609 1718 2609 1718 2485
1721 2510 1721 2626 1837 2626 1837 2510
623 2600 623 2721 733 2721 733 2600
718 2620 718 2714 798 2714 798 2620
799 2623 799 2718 894 2718 894 2623
885 2623 885 2721 981 2721 981 2623
975 2616 975 2732 1069 2732 1069 2616
1059 2635 1059 2726 1162 2726 1162 2635
1158 2632 1158 2735 1242 2735 1242 2632
1226 2636 1226 2728 1319 2728 1319 2636
1311 2647 1311 2737 1408 2737 1408 2647
1499 2622 1499 2752 1619 2752 1619 2622
1585 2646 1585 2746 1674 2746 1674 2646
1672 2640 1672 2753 1751 2753 1751 2640
1740 2651 1740 2765 1836 2765 1836 2651
732 2740 732 2843 809 2843 809 2740
644 2729 644 2843 737 2843 737 2729
807 2735 807 2837 857 2837 857 2735
863 2745 863 2845 950 2845 950 2745
947 2747 947 2856 1041 2856 1041 2747
1040 2757 1040 2855 1137 2855 1137 2757
1132 2751 1132 2855 1205 2855 1205 2751
1189 2765 1189 2859 1274 2859 1274 2765
1273 2767 1273 2862 1359 2862 1359 2767
1357 2772 1357 2863 1449 2863 1449 2772
1506 2766 1506 2879 1616 2879 1616 2766
1615 2775 1615 2881 1699 2881 1699 2775
1679 2772 1679 2880 1793 2880 1793 2772
687 2862 687 2980 780 2980 780 2862
768 2877 768 2986 883 2986 883 2877
879 2870 879 2988 971 2988 971 2870
969 2874 969 2996 1084 2996 1084 2874
1084 2880 1084 2998 1155 2998 1155 2880
1291 2881 1291 2997 1410 2997 1410 2881
1496 2906 1496 3028 1602 3028 1602 2906
1565 2919 1565 3029 1672 3029 1672 2919
1651 2916 1651 3023 1737 3023 1737 2916
1729 2912 1729 3023 1839 3023 1839 2912
674 2992 674 3103 781 3103 781 2992
768 3003 768 3106 868 3106 868 3003
863 3015 863 3098 953 3098 953 3015
944 3011 944 3098 991 3098 991 3011
988 3009 988 3104 1071 3104 1071 3009
1272 3017 1272 3123 1364 3123 1364 3017
1365 3023 1365 3131 1469 3131 1469 3023
734 3115 734 3227 835 3227 835 3115
845 3131 845 3224 915 3224 915 3131
921 3126 921 3239 1015 3239 1015 3126
1010 3121 1010 3231 1065 3231 1065 3121
1069 3131 1069 3235 1160 3235 1160 3131
1169 3128 1169 3220 1274 3220 1274 3128
1466 3149 1466 3264 1566 3264 1566 3149
1554 3161 1554 3266 1642 3266 1642 3161
1635 3147 1635 3270 1722 3270 1722 3147
1715 3150 1715 3260 1767 3260 1767 3150
1761 3160 1761 3262 1849 3262 1849 3160
668 3239 668 3354 772 3354 772 3239
770 3242 770 3362 868 3362 868 3242
868 3249 868 3358 968 3358 968 3249
966 3251 966 3367 1080 3367 1080 3251
1078 3257 1078 3359 1161 3359 1161 3257
1163 3264 1163 3365 1247 3365 1247 3264
1249 3257 1249 3368 1357 3368 1357 3257
1363 3250 1363 3362 1429 3362 1429 3250
1471 3268 1471 3381 1581 3381 1581 3268
1577 3278 1577 3377 1679 3377 1679 3278
1678 3267 1678 3371 1722 3371 1722 3267
1719 3269 1719 3378 1807 3378 1807 3269
664 3386 664 3487 770 3487 770 3386
587 3373 587 3482 675 3482 675 3373
761 3371 761 3479 853 3479 853 3371
854 3373 854 3488 938 3488 938 3373
926 3393 926 3488 1009 3488 1009 3393
1000 3385 1000 3493 1078 3493 1078 3385
1079 3384 1079 3496 1202 3496 1202 3384
1206 3392 1206 3502 1275 3502 1275 3392
1269 3404 1269 3497 1357 3497 1357 3404
1356 3398 1356 3520 1449 3520 1449 3398
1503 3399 1503 3531 1617 3531 1617 3399
1614 3421 1614 3524 1715 3524 1715 3421
1710 3418 1710 3513 1769 3513 1769 3418
695 3509 695 3618 791 3618 791 3509
792 3516 792 3625 877 3625 877 3516
870 3507 870 3605 952 3605 952 3507
959 3516 959 3623 1000 3623 1000 3516
993 3520 993 3614 1083 3614 1083 3520
1080 3530 1080 3631 1187 3631 1187 3530
1194 3522 1194 3615 1266 3615 1266 3522
1248 3534 1248 3632 1342 3632 1342 3534
1334 3537 1334 3636 1376 3636 1376 3537
1382 3536 1382 3632 1449 3632 1449 3536
555 2212 555 2301 645 2301 645 2212
671 2215 671 2301 707 2301 707 2215
723 2220 723 2303 803 2303 803 2220
807 2221 807 2324 890 2324 890 2221
895 2226 895 2319 931 2319 931 2226
930 2220 930 2322 1035 2322 1035 2220
1016 2234 1016 2324 1112 2324 1112 2234
1123 2229 1123 2329 1202 2329 1202 2229
# Transcript
******)
********IOS)
**S**RONISTAI
********OSEYT*CID
NOY**ANTINOY*ST
ATTAL***PEI*
DH******SKELADK
PWLLIW***
AFRO**********
EREC**IDOS
PA*FILOSDIONYEY*
*PAGAQOS)AGRY
LKAMENHS*LAM
**OLLWNID**)KHF
AIGEIDOS
*SIMOSAFRODEKM
*INOSAFRODIEKM
**YCOSAPOLLGARG
*ERIOSLITOSKOL*
SHSPR**MGARG
*ANDIO***OS
*KASIOSSTEIR
*SKANTOS)PAIA
ONYSODWROS*PAI
*KLEIDHSDIO**



# Lines: x1 y1 x2 y2 x3 y3 x4 y4
1155 349 1362 345
981 453 1423 468
712 586 1711 610
717 705 1819 741
448 841 1954 873
442 948 1875 983
424 1092 1845 1109
399 1204 1167 1236
367 1341 928 1343
400 1629 1514 1645
344 1757 1794 1796
402 1903 2000 1913
416 2010 1891 2041
522 2146 1877 2186
520 2236 1237 2277
544 2373 1931 2425
485 2509 1917 2565
573 2663 1891 2706
583 2765 1866 2836
666 2933 1855 2956
627 3039 1611 3084
683 3177 1983 3210
624 3309 1911 3314
515 3420 1803 3487
687 3573 1555 3585