# Baseline angle
-0.12906131422030676
# Boxes: x1 y1 x2 y2 x3 y3 x4 y4
1191 271 1204.8312748829974 377.57255833345704 1294 366 1280.1687251170026 259.42744166654296
1327 258 1339.228538298512 352.22317336438323 1418 342 1405.771461701488 247.7768266356168
1387 226 1403.261183682545 351.2954598356971 1498 339 1481.738816317455 213.7045401643029
1471 227 1487.2134042597916 351.927310452392 1556 343 1539.7865957402084 218.07268954760798
1540 235 1552.3776192011012 330.3718695852285 1640 319 1627.6223807988988 223.62813041477148
1616 215 1632.0175989559928 338.4185939864384 1720 327 1703.9824010440072 203.58140601356158
1695 208 1709.370052181741 318.7239381292329 1792 308 1777.629947818259 197.27606187076708
1252 422 1262.5429789903665 503.235623828173 1326 495 1315.4570210096335 413.764376171827
1295 392 1308.4483761427155 495.62225196765337 1398 484 1384.5516238572845 380.37774803234663
1387 383 1401.0738045880062 491.44129504451894 1443 486 1428.9261954119938 377.55870495548106
1423 374 1438.502183857854 493.4472243132167 1519 483 1503.497816142146 363.5527756867833
1504 372 1519.0286097164958 487.79824703295304 1556 483 1540.9713902835042 367.20175296704696
1540 380 1553.2496016059301 482.09065700652627 1631 472 1617.7503983940699 369.90934299347373
1602 358 1616.6253180085953 470.69080903976874 1699 460 1684.3746819914047 347.30919096023126
1672 350 1687.1222543505587 466.5197964425865 1799 452 1783.8777456494413 335.4802035574135
1780 343 1794.2258547235815 452.61286976053776 1876 442 1861.7741452764185 332.38713023946224
1840 328 1854.3105916586853 438.2657836846508 1918 430 1903.6894083413147 319.7342163153492
1902 318 1917.1524142070366 434.7521837742675 2000 424 1984.8475857929634 307.2478162257325
2671 244 2689.5917052136997 387.2525638573736 2784 375 2765.4082947863003 231.74743614262636
2828 235 2844.270950571404 360.3707155399975 2955 346 2938.729049428596 220.6292844600025
1172 546 1188.6508800786996 674.2981434106277 1268 664 1251.3491199213004 535.7018565893723
1635 486 1650.6395836601405 606.5059154727849 1747 594 1731.3604163398595 473.4940845272151
1720 474 1736.261183682545 599.2954598356971 1831 587 1814.738816317455 461.7045401643029
1812 468 1827.5002696464107 587.43247495624 1931 574 1915.4997303535893 454.56752504376
2150 434 2165.6727127496047 554.7611812996395 2264 542 2248.3272872503953 421.2388187003605
2247 428 2261.983799526729 543.4529761448215 2304 538 2289.016200473271 422.5470238551786
2280 419 2295.8568369531013 541.179892704316 2382 530 2366.1431630468987 407.820107295684
2364 424 2379.3131762099283 541.9908850563899 2464 531 2448.6868237900717 413.0091149436101
2444 411 2460.1335507691174 535.3120243804293 2555 523 2538.8664492308826 398.68797561957075
2530 398 2546.3410371732193 523.9107459076599 2615 515 2598.6589628267807 389.08925409234007
2582 403 2597.4408091233554 521.9743205116579 2682 511 2666.5591908766446 392.0256794883421
2647 392 2661.8474547459855 506.40241412344994 2742 496 2727.1525452540145 381.59758587655006
2708 390 2722.4197458159374 501.10683686951467 2808 490 2793.5802541840626 378.89316313048533
2783 382 2797.8075280006487 496.0947710874686 2891 484 2876.1924719993513 369.9052289125314
2862 368 2877.218672385965 485.26271542797656 2964 474 2948.781327614035 356.73728457202344
2936 348 2953.9934673919006 486.6430296170156 3036 476 3018.0065326080994 337.3569703829844
3010 350 3025.809057530348 471.8117433210109 3086 464 3070.190942469652 342.1882566789891
3055 380 3066.5572446419114 469.0507302611893 3144 459 3132.4427553580886 369.9492697388107
3120 340 3136.0887405793505 463.9667534922977 3236 451 3219.9112594206495 327.0332465077023
3210 335 3225.3666982670106 453.40328251062505 3267 448 3251.6333017329894 329.59671748937495
3240 339 3255.883168386693 461.3827813220436 3359 448 3343.116831613307 325.6172186779564
3328 334 3343.0218120606232 449.7458698238261 3395 443 3379.9781879393768 327.2541301761739
3383 340 3395.261667387976 434.4784391912377 3476 424 3463.738332612024 329.5215608087623
3456 323 3470.159596544653 432.10233810682877 3548 422 3533.840403455347 312.89766189317123
1164 671 1180.8086728486044 800.5139661975766 1231 794 1214.1913271513956 664.4860338024234
1210 682 1225.0744749278058 798.1516470592813 1311 787 1295.9255250721942 670.8483529407187
1282 670 1296.9634065591104 785.2958445174409 1384 774 1369.0365934408896 658.7041554825591
1363 667 1377.5308141846324 778.9626394113553 1462 768 1447.4691858153676 656.0373605886447
1426 655 1439.9754723411568 762.6836267021522 1530 751 1516.0245276588432 643.3163732978478
1503 639 1518.256684919859 756.5556091069813 1615 744 1599.743315080141 626.4443908930187
1580 627 1596.7453839026625 756.026313039041 1674 746 1657.2546160973375 616.973686960959
1646 634 1660.7841658000436 747.9147609649144 1768 734 1753.2158341999564 620.0852390350856
1746 600 1763.3036949791247 733.3282042434178 1866 720 1848.6963050208753 586.6717957565822
1827 604 1843.138434213547 728.3496522325795 1946 715 1929.861565786453 590.6503477674205
2144 582 2158.5717959515127 694.2784115855336 2284 678 2269.4282040484873 565.7215884144664
2262 567 2276.1761610893855 676.229971020256 2355 666 2340.8238389106145 556.770028979744
2326 558 2340.9634065591104 673.2958445174409 2428 662 2413.0365934408896 546.7041554825591
2388 551 2403.3579863996947 669.3361559445216 2483 659 2467.6420136003053 540.6638440554784
2454 552 2467.7367710590343 657.8443887050437 2559 646 2545.2632289409657 540.1556112949563
2542 546 2556.6964596319535 659.2389685456279 2651 647 2636.3035403680465 533.7610314543721
2615 522 2631.655763523129 650.3357712627779 2719 639 2702.344236476871 510.66422873722206
2700 536 2714.126467455189 644.8470722799742 2790 635 2775.873532544811 526.1529277200258
2756 522 2770.9731734479697 637.3711002217412 2874 624 2859.0268265520303 508.62889977825876
2848 504 2862.7909634559164 617.9671381740412 2955 606 2940.2090365440836 492.03286182595866
2923 503 2936.725089958732 608.7543836437667 3035 596 3021.274910041268 490.24561635623337
3018 500 3031.798145793533 606.3172925066026 3119 595 3105.201854206467 488.68270749339746
3075 472 3091.7999609812887 601.4468396314729 3180 590 3163.2000390187113 460.5531603685271
3160 470 3176.6508800786996 598.2981434106277 3256 588 3239.3491199213004 459.70185658937237
3216 484 3229.143416681665 585.2724823168359 3316 574 3302.856583318335 472.7275176831642
3286 470 3301.4408091233554 588.9743205116579 3386 578 3370.5591908766446 459.0256794883421
3348 467 3363.289814009323 584.8108749338359 3462 572 3446.710185990677 454.1891250661642
3422 443 3437.6531789718865 563.6106698910387 3504 555 3488.3468210281135 434.3893301089613
3480 454 3492.377619201101 549.3718695852285 3580 538 3567.622380798899 442.6281304147715
3543 436 3557.9965356485745 551.5511103442954 3647 540 3632.0034643514255 424.44888965570465
3600 431 3615.4291280230527 549.8843154503809 3707 538 3691.5708719769473 419.11568454961923
3675 422 3690.7721000179977 543.5269787802031 3795 530 3779.2278999820023 408.473021219797
3768 406 3783.516834191143 525.5601078696673 3888 512 3872.483165808857 392.43989213033274
3866 386 3882.984085184785 516.8655510361496 3959 507 3942.015914815215 376.13444896385045
1128 816 1144.7171382576278 944.8086750643366 1228 934 1211.2828617423722 805.1913249356634
1206 812 1222.5466093658772 939.4947180779138 1288 931 1271.4533906341228 803.5052819220862
1270 806 1285.4973004134245 925.4095964610665 1358 916 1342.5026995865755 796.5904035389335
1335 807 1349.7119691551425 920.3584723208584 1391 915 1376.2880308448575 801.6415276791416
1370 802 1384.2872294580802 912.0857735620966 1462 902 1447.7127705419198 791.9142264379034
1435 791 1450.1339354508614 907.6098015038637 1555 894 1539.8660645491386 777.3901984961363
1558 790 1572.3963836153323 900.9268267469606 1672 888 1657.6036163846677 777.0731732530394
1634 779 1647.9208952625306 886.2631001097202 1727 876 1713.0791047374694 768.7368998902798
1704 762 1719.351188743822 880.2837787353947 1814 868 1798.648811256178 749.7162212646053
1786 736 1804.5254470347713 878.7420322036646 1895 867 1876.4745529652287 724.2579677963354
1863 740 1879.3888165959722 866.278895290965 1974 854 1957.6111834040278 727.721104709035
1954 736 1969.275163676034 853.6979913773853 2044 844 2028.724836323966 726.3020086226147
2006 723 2021.0247812936093 838.7687483189995 2104 828 2088.975218706391 712.2312516810005
2092 726 2106.754865133466 839.6889938520133 2166 832 2151.245134866534 718.3110061479867
2178 707 2195.242320244626 839.8553004418588 2302 826 2284.757679755374 693.1446995581412
2275 712 2289.6253180085955 824.6908090397687 2372 814 2357.3746819914045 701.3091909602313
2346 707 2359.6821939804086 812.4238621126117 2440 802 2426.3178060195914 696.5761378873883
2422 700 2436.370052181741 810.7239381292329 2519 800 2504.629947818259 689.2760618707671
2494 672 2511.1711786212677 804.3071409359995 2606 792 2588.8288213787323 659.6928590640005
2582 674 2597.3365384105327 792.1708951789441 2668 783 2652.6634615894673 664.8291048210559
2643 664 2658.8041740859185 785.7741154688607 2711 779 2695.1958259140815 657.2258845311393
2675 664 2690.873401497833 786.3075256177433 2778 775 2762.126598502167 652.6924743822567
2758 668 2772.126467455189 776.8470722799742 2848 767 2833.873532544811 658.1529277200258
2822 650 2839.4478924372843 784.4392726121127 2943 771 2925.5521075627157 636.5607273878873
2906 644 2921.4788216572492 763.2672141906625 3016 751 3000.5211783427508 631.7327858093375
2979 636 2994.4905027575514 755.3572192519396 3082 744 3066.5094972424486 624.6427807480604
3056 626 3070.5921889191313 738.4355432129142 3151 728 3136.4078110808687 615.5644567870858
3130 610 3147.5774395621547 745.4374574243575 3228 735 3210.4225604378453 599.5625425756425
3211 622 3226.3501337222788 740.2756495971978 3267 735 3251.6498662777212 616.7243504028022
3243 611 3257.975087659413 726.3858495787179 3338 716 3323.024912340587 600.6141504212821
3310 607 3325.391115489159 725.591421771376 3407 715 3391.608884510841 596.408578228624
3383 602 3397.925394025217 717.002950838436 3475 707 3460.074605974783 591.997049161564
3443 600 3456.2047914161635 701.7453861183947 3539 691 3525.7952085838365 589.2546138816053
3511 590 3525.8143256565213 704.1471482965954 3604 694 3589.1856743434787 579.8528517034046
3576 580 3592.1335507691174 704.3120243804293 3687 692 3670.8664492308826 567.6879756195707
3666 554 3684.7359026718595 698.3636322260687 3780 686 3761.2640973281405 541.6363677739313
3754 564 3768.051497408944 672.2694140601617 3878 658 3863.948502591056 549.7305859398383
1064 959 1080.0838571349213 1082.9291256401475 1172 1071 1155.9161428650787 947.0708743598525
1150 968 1163.1969387387473 1069.6848797710709 1207 1064 1193.8030612612524 962.315120228929
1194 975 1206.2733484882788 1069.5684442525148 1280 1060 1267.7266515117212 965.4315557474853
1256 955 1270.935160914076 1070.0782065427366 1364 1058 1349.064839085924 942.9217934572636
1339 947 1352.9043307177985 1054.135467196293 1431 1044 1417.0956692822015 936.864532803707
1403 930 1419.4550747749004 1056.789426944674 1518 1044 1501.5449252250996 917.2105730553259
1491 932 1505.0124298535072 1039.96839124296 1551 1034 1536.9875701464928 926.0316087570399
1524 934 1537.9589077964247 1041.555993788725 1627 1030 1613.0410922035753 922.444006211275
1603 918 1617.214173623279 1027.5228646992607 1706 1016 1691.785826376721 906.4771353007393
1679 916 1691.2334217429416 1010.2608012165333 1778 999 1765.7665782570584 904.7391987834667
1754 904 1767.6802797689652 1009.4091127556351 1871 996 1857.3197202310348 890.5908872443649
1847 890 1861.5025685395976 1001.745001436651 1952 990 1937.4974314604024 878.254998563349
1932 883 1945.7620474710823 989.0391481845745 2000 982 1986.2379525289177 875.9608518154255
2200 866 2214.0086014306207 973.9388925290067 2306 962 2291.9913985693793 854.0611074709933
2275 854 2288.5018981997982 958.0346494218885 2335 952 2321.4981018002018 847.9653505781115
2323 858 2335.3181586780456 952.9137151406463 2404 944 2391.6818413219544 849.0862848593537
2387 839 2400.443492698286 942.5846241155032 2482 932 2468.556507301714 828.4153758844968
2466 831 2480.5639432740963 943.2179052382099 2567 932 2552.4360567259037 819.7820947617901
2540 822 2556.190042059187 946.7473003298379 2639 936 2622.809957940813 811.2526996701621
2615 836 2627.051211750889 928.8568391688335 2703 919 2690.948788249111 826.1431608311665
2671 811 2685.557145618224 923.1655280290829 2787 910 2772.442854381776 797.8344719709171
2760 812 2773.7962315820896 918.3025431496259 2884 904 2870.2037684179104 797.6974568503741
2864 792 2878.0056321976344 899.9160140338332 2939 892 2924.9943678023656 784.0839859661668
2918 800 2930.4341104911705 895.8071455346371 3006 886 2993.5658895088295 790.1928544653629
2978 787 2993.1904267409304 904.0450774532721 3086 892 3070.8095732590696 774.9549225467279
3068 771 3082.5308141846326 882.9626394113553 3167 872 3152.4691858153674 760.0373605886447
3139 775 3151.178844664316 868.8402746241014 3227 859 3214.821155335684 765.1597253758986
3207 752 3221.0436447315283 860.2089077128379 3292 851 3277.9563552684717 742.7910922871621
3276 751 3290.381733282043 861.81394319051 3366 852 3351.618266717957 741.18605680949
3335 746 3348.675396324535 851.3714849034849 3444 839 3430.324603675465 733.6285150965151
3424 739 3437.5301438448328 843.2522873965929 3478 838 3464.4698561551672 733.7477126034071
3454 735 3467.2379205056277 837.0006519452492 3552 826 3538.7620794943723 723.9993480547508
3534 743 3544.9804548092743 827.6064567864087 3619 818 3608.0195451907257 733.3935432135913
3584 716 3599.6795104054777 836.8135585087663 3683 826 3667.3204895945223 705.1864414912337
3660 712 3675.4505760122147 831.0495762159583 3776 818 3760.5494239877853 698.9504237840417
3742 699 3757.4573736680873 818.1019534250851 3843 807 3827.5426263319127 687.8980465749149
3823 679 3840.9301784459585 817.15537645848 3950 803 3932.0698215540415 664.84462354152
963 1112 978.1806598520712 1228.9698217489718 1055 1219 1039.8193401479289 1102.0301782510282
1030 1114 1044.3018797913692 1224.198657118547 1146 1211 1131.6981202086308 1100.801342881453
1115 1104 1128.3986825085192 1207.2393532273716 1215 1196 1201.6013174914808 1092.7606467726284
1186 1075 1204.4094952216465 1216.8486018096737 1288 1206 1269.5905047783535 1064.1513981903263
1307 1082 1320.9754723411568 1189.6836267021522 1411 1178 1397.0245276588432 1070.3163732978478
1360 1066 1375.767216573568 1187.4893509280528 1472 1175 1456.232783426432 1053.5106490719472
1434 1070 1449.6931057172233 1190.91831292702 1503 1184 1487.3068942827767 1063.08168707298
1468 1059 1485.1760620656974 1191.3447687881498 1588 1178 1570.8239379343026 1045.6552312118502
1555 1047 1571.3147057396275 1172.7078572899322 1623 1166 1606.6852942603725 1040.2921427100678
1594 1059 1608.4976850951682 1170.7073735845008 1691 1160 1676.5023149048318 1048.2926264154992
1656 1042 1672.7668318918243 1171.1915738046184 1759 1160 1742.2331681081757 1030.8084261953816
1719 1022 1736.4098799033902 1156.146378933108 1830 1144 1812.5901200966098 1009.853621066892
1802 1030 1817.029664738039 1145.8063761711499 1908 1134 1892.970335261961 1018.1936238288503
1884 1007 1899.4953862019813 1126.3948471040899 1995 1114 1979.5046137980187 994.6051528959102
1963 990 1983.1681103645935 1145.3990602087197 2071 1134 2050.8318896354062 978.6009397912801
2038 975 2055.4975860714803 1109.8221713523947 2162 1096 2144.5024139285197 961.1778286476055
2198 978 2213.2216416189513 1095.2855939231501 2331 1080 2315.7783583810487 962.7144060768499
2302 978 2316.552262173794 1090.1279001769328 2410 1078 2395.447737826206 965.8720998230672
2368 966 2383.162181095896 1082.8274394785678 2482 1070 2466.837818904104 953.172560521432
2468 970 2479.8456395582302 1061.2728669985795 2559 1051 2547.1543604417698 959.7271330014205
2528 974 2539.867087547392 1065.438127764157 2628 1054 2616.132912452608 962.561872235843
2600 954 2612.632885027956 1051.3387404957643 2700 1040 2687.367114972044 942.6612595042357
2675 948 2688.3373077740202 1050.7664494258127 2779 1039 2765.6626922259798 936.2335505741871
2759 948 2771.261667387976 1042.4784391912378 2852 1032 2839.738332612024 937.5215608087623
2824 927 2838.5853912632583 1039.3831660037872 2934 1027 2919.4146087367417 914.6168339962127
2904 915 2920.433626785739 1041.6241661790966 3010 1030 2993.566373214261 903.3758338209034
2971 912 2986.5898900259444 1032.1230167325032 3080 1020 3064.4101099740556 899.8769832674968
3055 915 3068.3870014082167 1018.1493481660945 3162 1006 3148.6129985917833 902.8506518339055
3123 894 3138.1290520064317 1010.5721736517135 3235 998 3219.8709479935683 881.4278263482865
3200 879 3216.96072298418 1009.6855409135953 3307 998 3290.03927701582 867.3144590864047
3270 883 3284.636999108898 995.7808141010458 3360 986 3345.363000891102 873.2191858989542
3338 878 3353.1572976514663 994.7898116264176 3444 983 3428.8427023485337 866.2101883735824
3418 851 3436.366599243323 992.5180802785189 3502 984 3483.633400756677 842.4819197214811
3475 867 3489.206320945863 976.462358351937 3539 970 3524.793679054137 860.537641648063
3520 862 3533.804943449406 968.3696697157294 3606 959 3592.195056550594 852.6303302842706
3574 852 3589.8188244192074 973.8869990253113 3666 964 3650.1811755807926 842.1130009746887
3640 847 3655.9893533109584 970.2009560117341 3750 958 3734.0106466890416 834.7990439882659
3719 842 3734.868518053404 964.269897765593 3814 954 3798.131481946596 831.730102234407
3784 831 3799.0579103830732 947.0240141458542 3884 936 3868.9420896169268 819.9759858541458
839 1260 854.4486618007713 1379.0348268589814 978 1363 962.5513381992287 1243.9651731410186
955 1262 968.3256266737179 1364.6764443645359 1066 1352 1052.6743733262822 1249.3235556354641
1040 1255 1052.3863310684171 1350.4389961513323 1102 1344 1089.6136689315829 1248.5610038486677
1075 1251 1088.8429559832996 1357.6625633947342 1171 1347 1157.1570440167004 1240.3374366052658
1150 1235 1164.613636908293 1347.6008039784917 1254 1336 1239.386363091707 1223.3991960215083
1223 1234 1237.2872294580802 1344.0857735620968 1315 1334 1300.7127705419198 1223.9142264379032
1304 1228 1319.821793652194 1349.9098775204848 1427 1336 1411.178206347806 1214.0901224795152
1399 1214 1412.7085254139997 1319.6267507303394 1510 1307 1496.2914745860003 1201.3732492696606
1496 1220 1508.022966105854 1312.639201194129 1590 1302 1577.977033894146 1209.360798805871
1564 1192 1578.9487562258216 1307.1829609609902 1642 1299 1627.0512437741784 1183.8170390390098
1618 1196 1631.3693818419413 1299.0135861144704 1670 1294 1656.6306181580587 1190.9864138855296
1660 1186 1675.2518014754294 1303.517981254831 1764 1292 1748.7481985245706 1174.482018745169
1750 1179 1763.8049434494058 1285.3696697157293 1836 1276 1822.1950565505942 1169.6303302842707
1810 1166 1824.42654347181 1277.1592140786415 1895 1268 1880.57345652819 1156.8407859213585
1870 1168 1884.4860039948658 1279.6173685232238 1974 1268 1959.5139960051342 1156.3826314767762
1954 1156 1968.5376118405052 1268.0150166204821 2038 1259 2023.4623881594948 1146.9849833795179
2011 1163 2023.8170092314522 1261.7574519004409 2099 1252 2086.1829907685483 1153.2425480995591
2227 1126 2241.8075280006487 1240.0947710874686 2335 1228 2320.1924719993513 1113.9052289125314
2315 1107 2333.071406671131 1246.2435663320016 2412 1236 2393.928593328869 1096.7564336679984
2391 1108 2405.0056321976344 1215.916014033833 2466 1208 2451.9943678023656 1100.083985966167
2448 1123 2459.651748465875 1212.7788998896026 2535 1203 2523.348251534125 1113.2211001103974
2515 1090 2531.1403484249904 1214.3644015895559 2611 1204 2594.8596515750096 1079.6355984104441
2594 1096 2609.3218880772442 1214.0580116224935 2656 1208 2640.6781119227558 1089.9419883775065
2635 1086 2650.472024001376 1205.2148369815357 2760 1191 2744.527975998624 1071.7851630184643
2747 1090 2759.4604419247617 1186.0100341523648 2852 1174 2839.5395580752383 1077.9899658476352
2827 1068 2842.230353486267 1185.3527204892537 2922 1175 2906.769646513733 1057.6472795107463
2910 1059 2926.5134802764132 1186.2394522510594 2990 1178 2973.4865197235868 1050.7605477489406
3030 1039 3046.497970753224 1166.119948475829 3163 1151 3146.502029246776 1023.880051524171
3154 1046 3166.6893763180246 1143.774016445173 3242 1134 3229.3106236819754 1036.225983554827
3216 1026 3230.2024925229766 1135.4328596379837 3326 1123 3311.7975074770234 1013.5671403620163
3307 1019 3321.8941791471957 1133.7624343685582 3374 1127 3359.1058208528043 1012.2375656314417
815 1403 828.4795910207366 1506.8627684375313 943 1492 929.5204089792634 1388.1372315624687
926 1386 939.7864646932306 1492.2272874453254 1034 1480 1020.2135353067695 1373.7727125546746
1008 1358 1024.5895053442007 1485.8252396090688 1108 1475 1091.4104946557993 1347.1747603909312
1083 1370 1097.1332651110617 1478.899449489101 1158 1471 1143.8667348889383 1362.100550510899
1144 1371 1157.3080071074426 1473.5406823129115 1200 1468 1186.6919928925574 1365.4593176870885
1172 1358 1187.091039472538 1474.2792799727088 1274 1463 1258.908960527462 1346.7207200272912
1250 1344 1265.3082927654984 1461.9532572042397 1342 1452 1326.6917072345016 1334.0467427957603
1316 1355 1328.5451788598652 1451.662948076478 1403 1442 1390.4548211401348 1345.337051923522
1376 1347 1388.4321962797271 1442.7923961776605 1487 1430 1474.5678037202729 1334.2076038223395
1722 1307 1735.970588896727 1414.645998850002 1818 1404 1804.029411103273 1296.354001149998
1799 1298 1813.370052181741 1408.7239381292331 1896 1398 1881.629947818259 1287.2760618707669
1880 1304 1893.1054041477707 1404.979588637831 1970 1395 1956.8945958522293 1294.020411362169
1956 1300 1967.632214688156 1389.6283884810018 2011 1384 1999.367785311844 1294.3716115189982
1986 1276 2001.2800471204637 1393.7356192295354 2084 1383 2068.719952879536 1265.2643807704646
2066 1283 2079.596402023761 1387.762819050302 2124 1382 2110.403597976239 1277.237180949698
2236 1258 2250.141117788478 1366.9599558364248 2350 1354 2335.858882211522 1245.0400441635752
2327 1258 2340.225184383782 1359.9025177457754 2378 1355 2364.774815616218 1253.0974822542246
2366 1266 2376.143515705352 1344.157684548942 2439 1336 2428.856484294648 1257.842315451058
2427 1243 2439.488687569796 1339.2276721270691 2526 1328 2513.511312430204 1231.7723278729309
2506 1239 2519.7153230698727 1344.6791279394663 2602 1334 2588.2846769301273 1228.3208720605337
2583 1232 2595.7108243071866 1329.9392772107503 2680 1319 2667.2891756928134 1221.0607227892497
2764 1212 2778.3252419919745 1322.3786672411013 2866 1311 2851.6747580080255 1200.6213327588987
2855 1211 2868.443492698286 1314.5846241155034 2950 1304 2936.556507301714 1200.4153758844966
2931 1207 2943.1378628974353 1300.5245024499231 2978 1296 2965.8621371025647 1202.4754975500769
2966 1203 2978.2402193988146 1297.3131784256602 3050 1288 3037.7597806011854 1193.6868215743398
3035 1188 3047.6893763180246 1285.774016445173 3123 1276 3110.3106236819754 1178.225983554827
3103 1184 3116.1882268714317 1285.6177532049674 3198 1275 3184.8117731285683 1173.3822467950326
3179 1186 3190.679994110909 1275.996537864307 3260 1267 3248.320005889091 1177.003462135693
3239 1182 3249.9073989744725 1266.0435479235728 3335 1255 3324.0926010255275 1170.9564520764272
3315 1159 3329.549292940808 1271.1050216817594 3392 1263 3377.450707059192 1150.8949783182406
3374 1147 3389.2235558303946 1264.3003432801268 3484 1252 3468.7764441696054 1134.6996567198732
3467 1136 3483.7269051464873 1264.8839307686371 3583 1252 3566.2730948535127 1123.1160692313629
3562 1143 3576.4382245721126 1254.2492191399188 3640 1246 3625.5617754278874 1134.7507808600812
3622 1127 3638.2348522489538 1252.0925712179694 3716 1242 3699.7651477510462 1116.9074287820306
3690 1130 3703.804943449406 1236.3696697157293 3776 1227 3762.195056550594 1120.6303302842707
3759 1127 3772.6987585251404 1232.551495026039 3854 1222 3840.3012414748596 1116.448504973961
736 1530 751.1855432965008 1647.007449601122 836 1636 820.8144567034992 1518.992550398878
802 1534 816.4860039948657 1645.6173685232238 906 1634 891.5139960051343 1522.3826314767762
894 1536 905.4714526852645 1624.3896871988793 947 1619 935.5285473147355 1530.6103128011207
931 1532 942.6848775553387 1622.034165716457 1020 1612 1008.3151224446613 1521.965834283543
995 1514 1009.3466899811359 1624.5439280066787 1106 1612 1091.6533100188642 1501.4560719933213
1086 1503 1100.0534116203876 1611.2841634171382 1187 1600 1172.9465883796124 1491.7158365828618
1162 1500 1175.0722750583066 1600.7243228109767 1250 1591 1236.9277249416934 1490.2756771890233
1227 1492 1240.6373837906417 1597.07859122448 1326 1586 1312.3626162093583 1480.92140877552
1290 1495 1302.0941077292118 1588.1873606999884 1396 1576 1383.9058922707882 1482.8126393000116
1371 1482 1382.5621280863413 1571.0883581133394 1468 1560 1456.4378719136587 1470.9116418866606
1430 1468 1443.7815812488009 1574.1896595931753 1530 1563 1516.2184187511991 1456.8103404068247
1499 1463 1513.9302774696464 1578.0405786905862 1599 1567 1584.0697225303536 1451.9594213094138
1584 1462 1597.2428039500574 1564.0382797973994 1690 1552 1676.7571960499426 1449.9617202026006
1670 1444 1686.4336267857389 1570.6241661790966 1776 1559 1759.5663732142611 1432.3758338209034
1758 1450 1769.726718512119 1540.3565581094153 1811 1535 1799.273281487881 1444.6434418905847
1794 1431 1809.0082167488772 1546.6411154055725 1891 1536 1875.9917832511228 1420.3588845944275
1884 1430 1897.7571640266526 1536.0015203324242 1944 1530 1930.2428359733474 1423.9984796675758
2255 1384 2269.4080647156347 1495.0168318082378 2362 1483 2347.5919352843653 1371.9831681917622
2343 1386 2355.8949485106828 1485.3579886154268 2428 1476 2415.1050514893172 1376.6420113845732
2408 1391 2419.5241155524473 1479.7954644343347 2495 1470 2483.4758844475527 1381.2045355656653
2471 1374 2485.1693634335124 1483.177593811129 2579 1471 2564.8306365664876 1361.822406188871
2706 1358 2718.2402193988146 1452.3131784256602 2790 1443 2777.7597806011854 1348.6868215743398
2770 1338 2786.490118075808 1465.0594421285052 2864 1455 2847.509881924192 1327.9405578714948
2838 1347 2849.696558655641 1437.1241707777342 2920 1428 2908.303441344359 1337.8758292222658
2906 1334 2919.209674860593 1435.7830139705447 3010 1424 2996.790325139407 1322.2169860294553
2991 1323 3005.174246877942 1432.2152216632794 3107 1419 3092.825753122058 1309.7847783367206
3088 1323 3100.8053281311495 1421.6674468391636 3183 1411 3170.1946718688505 1312.3325531608364
3152 1308 3166.1313508996186 1416.8847001321246 3250 1406 3235.8686491003814 1297.1152998678754
3236 1295 3250.268750701905 1404.9433912916927 3350 1392 3335.731249298095 1282.0566087083073
3331 1287 3346.0647080389467 1403.076391354981 3416 1394 3400.9352919610533 1277.923608645019
3392 1282 3405.274878017978 1384.285416486057 3446 1379 3432.725121982022 1276.714583513943
3435 1270 3451.1802751703276 1394.6720446255374 3518 1386 3501.8197248296724 1261.3279553744626
3486 1268 3499.720206514302 1373.7167557916166 3590 1362 3576.279793485698 1256.2832442083834
3570 1256 3583.8964780403826 1363.0749608489693 3623 1358 3609.1035219596174 1250.9250391510307
752 1647 770.1639962836513 1786.9569866034383 870 1774 851.8360037163487 1634.0430133965617
847 1658 859.8422856435002 1756.9522113799717 898 1752 885.1577143564998 1653.0477886200283
886 1654 899.4318115979834 1757.4946190542262 988 1746 974.5681884020166 1642.5053809457738
970 1644 983.0693058253202 1744.701444315803 1027 1739 1013.9306941746798 1638.298555684197
1011 1652 1022.6069382761079 1741.433629001471 1103 1731 1091.393061723892 1641.566370998529
1078 1630 1090.904715399542 1729.4332443197272 1179 1718 1166.095284600458 1618.5667556802728
1154 1628 1166.6660141174198 1725.594006322619 1256 1714 1243.3339858825802 1616.405993677381
1235 1602 1250.6814246169208 1722.828307865743 1311 1715 1295.3185753830792 1594.171692134257
1294 1618 1305.413047183752 1705.939661892494 1382 1696 1370.586952816248 1608.060338107506
1354 1596 1368.9536396702513 1711.2205888131405 1440 1702 1425.0463603297487 1586.7794111868595
1423 1588 1438.424244578623 1706.8466875982306 1522 1696 1506.575755421377 1577.1533124017694
1512 1586 1525.1638096492832 1687.4296139442165 1567 1682 1553.8361903507168 1580.5703860557835
1558 1579 1571.743568714907 1684.8967659141706 1648 1675 1634.256431285093 1569.1032340858294
1642 1583 1654.140832130422 1676.5473809450968 1720 1668 1707.859167869578 1574.4526190549032
1680 1563 1692.9875381232027 1663.0714088868635 1786 1651 1773.0124618767973 1550.9285911131365
1772 1547 1789.4614877490299 1681.5440270303666 1863 1672 1845.5385122509701 1537.4559729696334
1848 1548 1861.5214319775166 1652.1851608304894 1940 1642 1926.4785680224834 1537.8148391695106
1915 1539 1928.9208952625306 1646.2631001097204 2008 1636 1994.0791047374694 1528.7368998902796
2262 1514 2274.604639382921 1611.12110252106 2368 1599 2355.395360617079 1501.87889747894
2344 1510 2356.8150950200093 1608.742702543464 2455 1596 2442.1849049799907 1497.257297456536
2438 1502 2450.3113610221726 1596.8613379315195 2534 1586 2521.6886389778274 1491.1386620684805
2515 1490 2528.1336497928055 1591.1972266125354 2599 1582 2585.8663502071945 1480.8027733874646
2582 1491 2595.3275408851614 1593.6911937215123 2670 1584 2656.6724591148386 1481.3088062784877
2839 1464 2851.809156554036 1562.6969455531173 2888 1558 2875.190843445964 1459.3030544468827
2882 1468 2893.6351839211425 1557.6512669761753 2968 1548 2956.3648160788575 1458.3487330238247
2950 1448 2964.8240925453806 1562.2224040008957 3059 1550 3044.1759074546194 1435.7775959991043
3027 1434 3041.001803774748 1541.88651531988 3148 1528 3133.998196225252 1420.11348468012
3134 1442 3145.446176273216 1530.1949277193485 3224 1520 3212.553823726784 1431.8050722806515
3203 1423 3217.4148623715073 1534.0692090173645 3295 1524 3280.5851376284927 1412.9307909826355
3258 1412 3273.5947734703736 1532.1606445846533 3375 1519 3359.4052265296264 1398.8393554153467
3339 1418 3352.382117963787 1521.1117203139443 3438 1510 3424.617882036213 1406.8882796860557
3418 1410 3431.4687691103336 1513.7793835950342 3476 1508 3462.5312308896664 1404.2206164049658
3451 1410 3463.372735756672 1505.3342417330782 3543 1495 3530.627264243328 1399.6657582669218
3518 1391 3532.941958569949 1506.1305837518632 3611 1496 3596.058041430051 1380.8694162481368
3587 1372 3604.7382015650464 1508.6761587064798 3687 1498 3669.2617984349536 1361.3238412935202
3667 1370 3680.136619025792 1471.2201051077088 3782 1458 3768.863380974208 1356.7798948922912
3752 1355 3767.618135670979 1475.3406547072075 3855 1464 3839.381864329021 1343.6593452927925
755 1798 768.4600572430179 1901.7122570289305 851 1891 837.5399427569821 1787.2877429710695
827 1783 842.2566849198589 1900.5556091069814 939 1888 923.7433150801411 1770.4443908930186
907 1771 925.704687793838 1915.123115756191 996 1906 977.295312206162 1761.876884243809
1006 1766 1020.2638672574755 1875.9057634395424 1112 1864 1097.7361327425247 1754.0942365604576
1094 1755 1109.2537156868725 1872.5327306118077 1175 1864 1159.7462843131275 1746.4672693881923
1160 1756 1173.6295311132255 1861.0180848771565 1220 1855 1206.3704688867745 1749.9819151228435
1202 1742 1217.1192851175722 1858.496917947413 1298 1848 1282.8807148824278 1731.503082052587
1274 1734 1289.3911154891591 1852.591421771376 1371 1842 1355.6088845108409 1723.408578228624
1351 1747 1363.7361007192349 1845.1340366902814 1411 1839 1398.2638992807651 1740.8659633097186
1392 1735 1407.3463052993923 1853.2461508832444 1494 1842 1478.6536947006077 1723.7538491167556
1464 1727 1478.0270801867962 1835.0812747994107 1548 1826 1533.9729198132038 1717.9187252005893
1528 1719 1543.0345481824686 1834.8440040233 1642 1822 1626.9654518175314 1706.1559959767
2276 1640 2290.684778531651 1753.1489634843508 2392 1740 2377.315221468349 1626.8510365156492
2375 1635 2389.1859279782448 1744.3052267245564 2484 1732 2469.8140720217552 1622.6947732754436
2462 1624 2476.0387612870986 1732.1712798606877 2539 1724 2524.9612387129014 1615.8287201393123
2526 1622 2539.2699945735485 1724.2477886339068 2572 1720 2558.7300054264515 1617.7522113660932
2555 1622 2568.38891561966 1725.1640975230712 2639 1716 2625.61108438034 1612.8359024769288
2619 1608 2633.4363103606693 1719.234469782942 2720 1708 2705.5636896393307 1596.765530217058
2703 1610 2717.370052181741 1720.7239381292331 2800 1710 2785.629947818259 1599.2760618707669
2782 1607 2794.88815085481 1706.3056114063 2882 1695 2869.11184914519 1595.6943885937
2856 1582 2871.9182116876 1704.652796505875 2954 1694 2938.0817883124 1571.347203494125
2912 1562 2933.311923141009 1726.2123514539808 3012 1716 2990.688076858991 1551.7876485460192
3162 1528 3183.3216900298685 1692.287607158281 3278 1680 3256.6783099701315 1515.712392841719
3246 1550 3261.7788976738702 1671.57935598933 3351 1660 3335.2211023261298 1538.42064401067
3331 1552 3345.930277469646 1667.0405786905862 3431 1656 3416.069722530354 1540.9594213094138
3380 1527 3396.6489658672563 1655.283394053651 3499 1642 3482.3510341327437 1513.716605946349
3483 1512 3500.23446756721 1644.794794094535 3568 1636 3550.76553243279 1503.205205905465
795 1936 808.7465379478936 2041.919644409344 916 2028 902.2534620521064 1922.080355590656
886 1914 900.9566089032377 2029.243467308314 1003 2016 988.0433910967623 1900.756532691686
994 1915 1006.7605179413829 2013.3221759510322 1094 2002 1081.239482058617 1903.6778240489678
1050 1898 1066.1617964141521 2022.5296623551335 1155 2011 1138.8382035858479 1886.4703376448665
1124 1888 1141.6651457302448 2024.1132498436439 1235 2012 1217.3348542697552 1875.8867501563561
1210 1898 1224.1615107560963 2007.1170874638053 1279 2000 1264.8384892439037 1890.8829125361947
1240 1879 1256.535983287118 2006.4128421548337 1383 1990 1366.464016712882 1862.5871578451663
1350 1871 1365.46905476839 1990.1919584863622 1444 1980 1428.53094523161 1860.8080415136378
1415 1880 1428.0771585027362 1980.7619506631268 1511 1970 1497.9228414972638 1869.2380493368732
1482 1867 1495.9092141622282 1974.1730950484432 1582 1963 1568.0907858377718 1855.8269049515568
1548 1847 1564.4287433413092 1973.5865383269463 1646 1963 1629.5712566586908 1836.4134616730537
1620 1844 1636.4053811407043 1970.4065282043923 1732 1958 1715.5946188592957 1831.5934717956077
1708 1840 1724.2728647828474 1965.385464896974 1812 1954 1795.7271352171526 1828.614535103026
1762 1828 1777.7623331291381 1949.4517230759027 1866 1938 1850.2376668708619 1816.5482769240973
1843 1822 1856.9822699970293 1929.736003911279 1932 1920 1918.0177300029707 1812.263996088721
1918 1814 1933.029664738039 1929.8063761711499 2024 1918 2008.970335261961 1802.1936238288501
2002 1799 2017.42233036718 1917.831938241254 2124 1904 2108.57766963282 1785.168061758746
2284 1786 2298.346689981136 1896.5439280066787 2395 1884 2380.653310018864 1773.4560719933213
2490 1768 2503.9793007640433 1875.7131254161056 2548 1870 2534.0206992359567 1762.2868745838944
2530 1762 2544.318444336101 1872.3262900319744 2647 1859 2632.681555663899 1748.6737099680256
2619 1751 2633.635084897455 1863.7660647440691 2732 1851 2717.364915102545 1738.2339352559309
2708 1740 2722.7977611117894 1854.0195153831683 2800 1844 2785.2022388882106 1729.9804846168317
2771 1738 2785.1693634335124 1847.177593811129 2879 1835 2864.8306365664876 1725.822406188871
2859 1724 2873.7510367105792 1837.6594951380598 2979 1824 2964.2489632894208 1710.3405048619402
2956 1724 2970.025165975353 1832.0665254424339 3063 1820 3048.974834024647 1711.9334745575661
3035 1707 3049.930277469646 1822.0405786905862 3135 1811 3120.069722530354 1695.9594213094138
3112 1702 3125.9092141622286 1809.1730950484432 3212 1798 3198.0907858377714 1690.8269049515568
3202 1703 3213.6770248779226 1792.9736593691334 3252 1788 3240.3229751220774 1698.0263406308666
3234 1690 3247.4717383433203 1793.8022620902075 3323 1784 3309.5282616566797 1680.1977379097925
3300 1690 3313.193110315861 1791.6553810571177 3403 1780 3389.806889684139 1678.3446189428823
3376 1676 3391.740885139977 1797.286462310325 3471 1787 3455.259114860023 1665.713537689675
535 2096 549.025165975353 2204.0665254424343 642 2192 627.974834024647 2083.9334745575657
627 2080 640.6656294356761 2185.296229199185 720 2175 706.3343705643239 2069.703770800815
702 2076 714.628001583526 2173.301112643614 794 2163 781.371998416474 2065.698887356386
768 2046 787.307809060067 2194.770277848699 878 2183 858.692190939933 2034.2297221513008
856 2062 867.4929006744262 2150.554947964457 918 2144 906.5070993255738 2055.445052035543
890 2044 906.6109533333623 2171.990500374646 999 2160 982.3890466666376 2032.0094996253538
970 2048 984.1712776449556 2157.192343168106 1055 2148 1040.8287223550444 2038.8076568318943
1026 2032 1044.2136899178474 2172.33988534372 1147 2159 1128.7863100821526 2018.6601146562798
1091 2016 1110.7404014345452 2168.103482954785 1204 2156 1184.2595985654548 2003.8965170452154
1267 2014 1282.4720240013764 2133.2148369815354 1392 2119 1376.5279759986236 1999.7851630184643
1354 2007 1370.4930873087944 2134.082320623679 1479 2120 1462.5069126912056 1992.9176793763213
1438 1992 1453.1339354508614 2108.6098015038638 1558 2095 1542.8660645491386 1978.3901984961365
1524 1988 1537.8147103382653 2094.44492542003 1626 2083 1612.1852896617347 1976.5550745799703
1594 1980 1609.0598245945166 2096.038763502831 1671 2088 1655.9401754054834 1971.9612364971692
1652 1976 1666.598986575004 2088.487920422041 1732 2080 1717.401013424996 1967.5120795779587
1716 1964 1730.9020318246116 2078.822940715882 1822 2067 1807.0979681753884 1952.177059284118
2308 1915 2322.673097431348 2028.0589584230738 2431 2014 2416.326902568652 1900.9410415769262
2412 1907 2425.765016704069 2013.0620266797482 2511 2002 2497.234983295931 1895.9379733202518
2496 1888 2510.3534876370086 1998.5963052158056 2592 1988 2577.6465123629914 1877.4036947841944
2575 1880 2591.017598955993 2003.4185939864385 2679 1992 2662.982401044007 1868.5814060135615
2652 1875 2668.36736860681 2001.1136345253876 2754 1990 2737.63263139319 1863.8863654746124
2735 1872 2750.185543296501 1989.007449601122 2835 1978 2819.814456703499 1860.992550398878
2810 1855 2827.4848499496347 1989.7240371529208 2887 1982 2869.5151500503653 1847.2759628470792
2859 1858 2873.4363103606693 1969.234469782942 2960 1958 2945.5636896393307 1846.765530217058
2934 1855 2948.7529509220226 1968.6742444950366 3031 1958 3016.2470490779774 1844.3257555049634
3012 1839 3027.356072188252 1957.3214065875447 3130 1944 3114.643927811748 1825.6785934124553
3198 1812 3213.972788766226 1935.073323098307 3307 1923 3291.027211233774 1799.926676901693
3286 1820 3300.308677447242 1930.251034327674 3387 1919 3372.691322552758 1808.748965672326
568 2216 581.1716623266992 2317.4901202915403 662 2307 648.8283376733008 2205.5098797084597
640 2215 652.5715102934568 2311.8658366942054 744 2300 731.4284897065432 2203.1341633057946
696 2188 713.0386622634109 2319.2860776285816 800 2308 782.9613377365891 2176.7139223714184
764 2191 778.4840897834225 2302.602619166247 891 2288 876.5159102165775 2176.397380833753
863 2186 876.8361583274269 2292.6101861856073 974 2280 960.1638416725731 2173.3898138143927
950 2186 963.0771585027362 2286.7619506631268 1046 2276 1032.9228414972638 2175.2380493368732
1016 2166 1031.0627938275031 2282.0616419980042 1124 2270 1108.9372061724969 2153.9383580019958
1098 2158 1113.9611076659235 2280.9833180370297 1214 2268 1198.0388923340765 2145.0166819629703
1179 2156 1192.2661661506622 2258.2182899199533 1271 2248 1257.7338338493378 2145.7817100800467
1242 2135 1258.1919562706298 2259.7620496868144 1318 2252 1301.8080437293702 2127.2379503131856
1288 2139 1301.6987585251404 2244.551495026039 1383 2234 1369.3012414748596 2128.448504973961
1356 2146 1368.533497759563 2242.572943015201 1450 2232 1437.466502240437 2135.427056984799
1410 2143 1424.2619530460322 2252.8910140825656 1539 2238 1524.7380469539678 2128.1089859174344
1508 2115 1523.8217936521937 2236.9098775204848 1631 2223 1615.1782063478063 2101.0901224795152
1614 2127 1625.684877555339 2217.034165716457 1703 2207 1691.315122444661 2116.965834283543
1666 2102 1681.7721000179977 2223.5269787802026 1786 2210 1770.2278999820023 2088.4730212197974
1766 2086 1782.216373492778 2210.9501889475655 1882 2198 1865.783626507222 2073.0498110524345
1860 2084 1874.724705276988 2197.456606520332 1963 2186 1948.275294723012 2072.543393479668
1934 2070 1949.8052291074619 2191.7822446070577 2056 2178 2040.1947708925381 2056.2177553929423
2048 2062 2065.118515754085 2193.901363700544 2126 2186 2108.881484245915 2054.098636299456
2315 2040 2328.547763411108 2144.3880494482173 2424 2132 2410.452236588892 2027.6119505517831
2399 2039 2413.071890376563 2147.4265456875423 2478 2139 2463.928109623437 2030.5734543124577
2451 2031 2464.0225814241103 2131.3414240706948 2536 2122 2522.9774185758897 2021.6585759293052
2516 2022 2530.4148623715073 2133.0692090173648 2608 2123 2593.5851376284927 2011.9307909826355
2588 2012 2603.710725283499 2133.054074978644 2712 2119 2696.289274716501 1997.9459250213558
2680 2008 2695.5060122807404 2127.47672302717 2730 2123 2714.4939877192596 2003.52327697283
2706 2003 2720.9965356485745 2118.5511103442955 2810 2107 2795.0034643514255 1991.4488896557048
2778 1995 2793.3395076435195 2113.1937736741174 2895 2100 2879.6604923564805 1981.8062263258823
2871 1986 2884.556475278424 2090.455176014321 2942 2083 2928.443524721576 1978.5448239856796
2927 1999 2939.323042122475 2093.9513429927965 3016 2084 3003.676957877525 1989.0486570072035
2986 1979 3001.8666038419606 2101.2551484086166 3104 2088 3088.1333961580394 1965.7448515913834
3078 1975 3091.7766978043715 2081.152031741025 3170 2071 3156.2233021956285 1964.847968258975
3147 1972 3160.4356400208694 2075.5241177681796 3203 2070 3189.5643599791306 1966.4758822318206
938 2319 953.0676772719328 2435.0992698501545 1054 2422 1038.9323227280672 2305.9007301498455
1034 2324 1046.4604419247617 2420.010034152365 1139 2408 1126.5395580752383 2311.989965847635
1122 2311 1135.61593580148 2415.9133304589027 1212 2406 1198.38406419852 2301.0866695410973
1190 2308 1203.3538723187523 2410.89408233924 1295 2399 1281.6461276812477 2296.10591766076
1256 2295 1269.0489128577017 2395.5443126884225 1358 2384 1344.9510871422983 2283.4556873115775
1336 2291 1349.4931863324823 2394.967522855785 1434 2384 1420.5068136675177 2280.032477144215
1398 2266 1416.7855963060556 2410.7465309663503 1515 2398 1496.2144036939444 2253.2534690336497
1498 2271 1511.5964020237614 2375.762819050302 1556 2370 1542.4035979762386 2265.237180949698
1535 2266 1549.4928016507386 2377.6697457323507 1624 2368 1609.5071983492614 2256.3302542676493
1595 2260 1608.7766978043715 2366.152031741025 1687 2356 1673.2233021956285 2249.847968258975
1667 2262 1681.323327780531 2372.3639178841245 1792 2358 1777.676672219469 2247.6360821158755
1775 2243 1788.277847250965 2345.3082949812306 1860 2336 1846.722152749035 2233.6917050187694
1851 2240 1863.3434350900936 2335.1084746201773 1895 2331 1882.6565649099064 2235.8915253798227
1882 2219 1897.0598245945166 2335.038763502831 1959 2327 1943.9401754054834 2210.961236497169
1946 2220 1960.8854672798795 2334.6953078024544 2051 2323 2036.1145327201205 2208.3046921975456
2423 2179 2436.0869253915953 2279.8372063674274 2535 2267 2521.9130746084047 2166.1627936325726
2510 2168 2523.828305650011 2274.5496798382837 2582 2267 2568.171694349989 2160.4503201617163
2556 2162 2569.8098268938356 2268.4072975678796 2650 2258 2636.1901731061644 2151.5927024321204
2630 2151 2644.944927802935 2266.1534622470367 2754 2252 2739.055072197065 2136.8465377529633
2739 2150 2751.7721990416853 2248.4121810123092 2832 2238 2819.2278009583147 2139.5878189876908
2808 2138 2822.2405050568705 2247.7257533169886 2928 2234 2913.7594949431295 2124.2742466830114
2910 2135 2922.833573776184 2233.885084813868 2999 2224 2986.166426223816 2125.114915186132
2972 2110 2988.7765987806833 2239.266829508919 3091 2226 3074.2234012193167 2096.733170491081
3047 2102 3066.7140700009536 2253.9005943370566 3143 2244 3123.2859299990464 2092.0994056629434
1338 2407 1352.6350848974548 2519.766064744069 1451 2507 1436.3649151025452 2394.233935255931
1416 2403 1430.0075464090776 2510.93076339081 1468 2506 1453.9924535909224 2398.06923660919
1447 2404 1459.7439533966508 2502.194543037605 1546 2491 1533.2560466033492 2392.805456962395
1518 2394 1532.5055377725841 2505.7678799318246 1654 2490 1639.4944622274159 2378.2321200681754
1626 2382 1639.1483001260942 2483.3101101689863 1734 2471 1720.8516998739058 2369.6898898310137
1720 2364 1733.4356400208699 2467.5241177681796 1776 2462 1762.5643599791301 2358.4758822318204
1760 2367 1773.3937990640895 2470.201725375221 1852 2460 1838.6062009359105 2356.798274624779
1818 2344 1834.2679813384177 2469.3478370448242 1914 2459 1897.7320186615823 2333.6521629551758
1882 2344 1896.8971483801822 2458.7853128637316 1980 2448 1965.1028516198178 2333.2146871362684
1963 2340 1976.859520528032 2446.7901963081617 2060 2436 2046.1404794719683 2329.2098036918383
2024 2322 2040.2611836825447 2447.295459835697 2135 2435 2118.738816317455 2309.704540164303
2083 2306 2102.2961279597644 2454.680272787422 2200 2442 2180.7038720402356 2293.319727212578
2171 2303 2187.2114900483484 2427.912561095415 2279 2416 2262.7885099516516 2291.087438904585
2358 2307 2371.516548533087 2411.1475329783393 2442 2402 2428.483451466913 2297.8524670216607
2411 2324 2421.3042777082437 2403.3963858310644 2486 2395 2475.6957222917563 2315.6036141689356
2466 2290 2480.227768935025 2399.6276191175143 2539 2392 2524.772231064975 2282.3723808824857
2524 2284 2538.164479989083 2393.139965958979 2624 2382 2609.835520010917 2272.860034041021
2604 2275 2618.073804588006 2383.441295044519 2660 2378 2645.926195411994 2269.558704955481
2626 2270 2641.0579103830732 2386.0240141458544 2726 2375 2710.9420896169268 2258.9759858541456
2703 2267 2717.4314269162396 2378.196841930792 2796 2368 2781.5685730837604 2256.803158069208
2775 2254 2790.008216748877 2369.6411154055722 2872 2359 2856.991783251123 2243.3588845944278
2850 2262 2862.7985304752765 2360.615069630037 2960 2348 2947.2014695247235 2249.384930369963
2935 2272 2946.0798420776664 2357.3722542669725 3026 2347 3014.9201579223336 2261.6277457330275
1756 2494 1770.3982978267754 2604.941576103937 1847 2595 1832.6017021732246 2484.058423896063
1810 2480 1824.8406570901127 2594.350036914323 1920 2582 1905.1593429098873 2467.649963085677
1898 2462 1916.059725570829 2601.153561270725 2002 2590 1983.940274429171 2450.846438729275
1978 2459 1991.9043307177985 2566.135467196293 2070 2556 2056.0956692822015 2448.864532803707
2055 2455 2071.911029349984 2585.302642173314 2159 2574 2142.088970650016 2443.697357826686
2363 2431 2377.424629260367 2542.144464721665 2471 2530 2456.575370739633 2418.855535278335
2448 2424 2462.8056137892054 2538.0800217304923 2579 2523 2564.1943862107946 2408.9199782695077
2539 2407 2555.6655304119886 2535.411026967078 2659 2522 2642.3344695880114 2393.588973032922
2635 2408 2646.0222957660544 2492.928849179367 2684 2488 2672.9777042339456 2403.071150820633
2670 2387 2685.8334747524964 2508.999882581762 2786 2496 2770.1665252475036 2374.000117418238
2779 2391 2792.8478394277295 2497.7001912468845 2883 2486 2869.1521605722705 2379.2998087531155
2850 2371 2866.788279880986 2500.3568345701956 2962 2488 2945.211720119014 2358.6431654298044
# Transcript
L*OYBHSA**
**ODISIOYMARA )A*
B******DHS NIKOKRATHSAFRODISIOY***
*IOCOYEYWNY POLYZHLOSAPOLLODWROYACAR
*ALLITE*OYSFHGAI PYQOKRITOSKALLITELOYSFH
*DIONYSIOYEXOI DIONYSODWROSEYTYCIDOYPAL
OSAF*ODISIOYANAFL MHNODOTOSANQESTHRIOYSTE
WNIOSEMPORIKOYPRO AFRODIS*OS)MELI
*WNARISTON****EPEIKI DIONYS**SDIOKLEOYSSYBAL**
YSIOSEYODOYKHFISI EYOD**EYDHMOYPEIRAI
SINIOSPROYNIKOYFLY APOLL**IOSMOYSAIOYFLY
AS)ERIKAIEYS PERIGENHS)FHGAI
****WNLYSIMACOYKYDAQH L**IPPOSMOYNICOY
QEOFILOS)ANAGYRA MHNASARTEM*NO*
OLYMPOSSTRATWNOSMELI ARTEMIDWROSTI**
**SQEODOSIOYPEIRA* *ARAMONOS)
***SIDWNIOYANAFL GORGIASAPO**
**YSFLY ZWSIMOS
# Lines: x1 y1 x2 y2 x3 y3 x4 y4
