# Baseline angle
6.339692819404728
# Boxes: x1 y1 x2 y2 x3 y3 x4 y4
2086 12 2076.841471391614 173.90375656398817 2273 185 2282.158528608386 23.096243436011804
2288 6 2278.764918549433 169.25705175525508 2451 179 2460.235081450567 15.742948244744866
2464 18 2455.493736410945 168.3730662729472 2608 177 2616.506263589055 26.6269337270528
2623 15 2614.002199223007 174.06242245894856 2772 183 2780.997800776993 23.93757754105144
1322 133 1311.1296868599852 325.164550404286 1485 335 1495.8703131400148 142.835449595714
1485 152 1474.5499155714986 336.7357799194999 1656 347 1666.4500844285014 162.26422008050008
1668 164 1657.3573984282873 352.13908300688786 1814 361 1824.6426015717127 172.86091699311214
1829 162 1817.9703094778652 356.9820113720791 1889 361 1900.0296905221348 166.0179886279209
1877 181 1867.812871781554 343.4093382467004 2002 351 2011.187128218446 188.59066175329963
2266 188 2255.963872585254 365.41788001997315 2390 373 2400.036127414746 195.58211998002685
2645 207 2635.2979793493137 378.5115666253624 2750 385 2759.7020206506863 213.48843337463762
2870 176 2857.125261687145 403.59862274392503 3041 414 3053.874738312855 186.401377256075
3050 212 3039.745837827983 393.27228150445 3141 399 3151.254162172017 217.72771849554994
3149 217 3138.159636919319 408.63509558432736 3233 414 3243.840363080681 222.36490441567264
3237 219 3226.2904146913784 408.3232162992464 3362 416 3372.7095853086216 226.67678370075362
3372 227 3361.495798347378 412.69245999930104 3473 419 3483.504201652622 233.30754000069896
3475 234 3465.233050276405 406.6593777273054 3595 414 3604.766949723595 241.3406222726946
3588 251 3578.194773855314 424.3360253229389 3696 431 3705.805226144686 257.6639746770611
3715 243 3705.047939868709 418.9317451202134 3830 426 3839.952060131291 250.06825487978665
3828 246 3817.258517673803 435.8870892956076 3943 443 3953.741482326197 253.1129107043924
3957 243 3945.665937361624 443.3626779747571 4063 450 4074.334062638376 249.6373220252429
1341 356 1329.013672342293 567.8933682657981 1490 577 1501.986327657707 365.1066317342019
1478 375 1465.9211709913238 588.5285999552457 1598 596 1610.0788290086762 382.4714000447544
1601 356 1587.0103822072108 603.3073754962164 1723 611 1736.9896177927892 363.69262450378346
1713 383 1701.6318779742905 583.9647771755467 1826 591 1837.3681220257095 390.0352228244533
1834 383 1821.5508424701738 603.0752387550745 1997 613 2009.4491575298262 392.92476124492555
2016 390 2004.10628139902 600.2562325623377 2141 608 2152.89371860098 397.7437674376623
2366 421 2354.751031977078 619.8583819797896 2481 627 2492.248968022922 428.14161802021044
2501 414 2488.8307243043546 629.1275094542776 2628 637 2640.1692756956454 421.8724905457223
2635 407 2622.8147757955667 622.4094459524582 2757 630 2769.1852242044333 414.59055404754173
2765 411 2752.728546142355 627.9338070566464 2913 637 2925.271453857645 420.06619294335354
2925 431 2913.472285180655 634.7860461713657 3041 642 3052.527714819345 438.2139538286343
3065 431 3052.433958542902 653.1415037323903 3156 659 3168.566041457098 436.8584962676098
3170 421 3157.7317358441123 637.8774197570103 3319 647 3331.2682641558877 430.12258024298967
3326 438 3314.1285016055654 647.8634254788979 3511 659 3522.8714983944346 449.1365745211022
1296 601 1284.658422920351 801.49551768325 1435 810 1446.341577079649 609.50448231675
1449 608 1437.5615968298664 810.2072017815543 1593 819 1604.4384031701336 616.7927982184457
1596 613 1585.2904146913786 802.3232162992463 1721 810 1731.7095853086214 620.6767837007537
1706 615 1695.274466182591 804.605152797427 1826 812 1836.725533817409 622.394847202573
1824 618 1812.5233204087758 820.8838493771877 1956 829 1967.4766795912242 626.1161506228123
1963 613 1951.2616571588983 820.5095119613626 2066 827 2077.7383428411017 619.4904880386374
2071 608 2058.526459893871 828.5062720429427 2191 836 2203.473540106129 615.4937279570573
2186 627 2175.685125788831 809.3455442115493 2311 817 2321.314874211169 634.6544557884507
2318 632 2307.2382444255 822.245478202645 2462 831 2472.7617555745 640.754521797355
2472 635 2460.2254354018073 843.1498373665805 2599 851 2610.7745645981927 642.8501626334195
2618 644 2605.9797206607177 856.4935634525748 2721 863 2733.0202793392823 650.5064365474252
2731 637 2717.856191701753 869.3552210225798 2853 877 2866.143808298247 644.6447789774202
2841 635 2828.4296338033864 857.2179561412471 2966 865 2978.5703661966136 642.7820438587529
2949 637 2935.126454213999 882.2554635860826 3019 887 3032.873545786001 641.7445364139174
3036 663 3024.0339455905964 874.5349793587608 3156 882 3167.9660544094036 670.4650206412392
3156 668 3145.12330745647 860.2773250035583 3317 870 3327.87669254353 677.7226749964417
3302 668 3289.98928976599 880.3244015536665 3408 887 3420.01071023401 674.6755984463335
3410 663 3396.924310476419 894.1510226210006 3518 901 3531.075689523581 669.8489773789994
3521 675 3508.212626378115 901.0541965305162 3631 908 3643.787373621885 681.9458034694838
3626 635 3611.4359127735775 892.4628014727571 3727 899 3741.5640872264225 641.5371985272429
3732 695 3720.988312650653 889.6637526834832 3833 896 3844.011687349347 701.3362473165168
3847 702 3835.1872666864747 910.8245809482011 3909 915 3920.8127333135253 706.1754190517989
3929 709 3917.7170802955025 908.4585771665662 3998 913 4009.2829197044975 713.5414228334338
3996 719 3984.9766888813806 913.8692367728069 4058 918 4069.0233111186194 723.1307632271931
4061 714 4051.0639960832546 889.6479046080199 4128 894 4137.936003916746 718.3520953919801
4142 707 4131.1234151622275 899.2754209895454 4250 906 4260.8765848377725 713.7245790104546
1305 822 1293.1668857324137 1031.1848738692513 1449 1040 1460.8331142675863 830.8151261307487
1466 827 1454.9117598084715 1023.01704787475 1543 1028 1554.0882401915285 831.98295212525
1562 829 1549.9052224825361 1042.8105364534263 1677 1050 1689.0947775174639 836.1894635465737
1677 846 1666.365020575318 1034.004339284382 1737 1038 1747.634979424682 849.995660715618
1749 853 1738.4575219262872 1039.3691075949346 1838 1045 1848.5424780737128 858.6308924050655
1855 848 1843.271226264171 1055.3403500624543 1961 1062 1972.728773735829 854.6596499375457
1994 853 1981.2764204132661 1077.926450537794 2124 1086 2136.723579586734 861.0735494622063
2126 867 2114.2712262641708 1074.3403500624543 2232 1081 2243.7287737358292 873.6596499375457
2220 863 2207.6031204418105 1082.151072837663 2311 1088 2323.3968795581895 868.8489271623371
2314 882 2302.93841246029 1077.5458843684403 2364 1081 2375.06158753971 885.4541156315597
2366 877 2354.2616571588983 1084.5095119613627 2469 1091 2480.7383428411017 883.4904880386374
2465 870 2452.6573453716887 1088.1924887438488 2573 1095 2585.3426546283113 876.8075112561511
2553 896 2541.9159768422287 1091.9424994799062 2649 1098 2660.0840231577713 902.0575005200939
2640 887 2628.0137800480506 1098.8914642517852 2736 1105 2747.9862199519494 893.1085357482148
2726 896 2714.158343959141 1105.335874672952 2885 1115 2896.841656040859 905.664125327048
2880 901 2868.4371984613217 1105.406306467363 2985 1112 2996.5628015386783 907.593693532637
2997 906 2985.190348682474 1114.7700976625779 3113 1122 3124.809651317526 913.2299023374221
3132 908 3120.1329340508382 1117.785069056028 3230 1124 3241.8670659491618 914.2149309439719
3221 894 3208.0169195331464 1123.5138869175403 3305 1129 3317.9830804668536 899.4861130824597
3317 911 3304.7881231437486 1126.8806094587678 3466 1136 3478.2118768562514 920.1193905412321
1277 1043 1264.284962186539 1267.7754497340932 1392 1275 1404.715037813461 1050.2245502659068
1409 1060 1397.0584358726567 1271.1020420568796 1519 1278 1530.9415641273433 1066.8979579431204
1514 1057 1501.1998675710847 1283.2797457290606 1620 1290 1632.8001324289153 1063.7202542709394
1622 1069 1609.632962795386 1287.6235220317174 1687 1292 1699.367037204614 1073.3764779682826
1692 1076 1679.8307243043546 1291.1275094542775 1819 1299 1831.1692756956454 1083.8724905457225
1829 1072 1817.6159294655029 1273.2467136737273 1937 1280 1948.3840705344971 1078.7532863262727
1944 1076 1932.3605379133826 1281.761505672643 2078 1290 2089.639462086617 1084.238494327357
2066 1110 2055.253165602288 1299.9817027996721 2197 1308 2207.746834397712 1118.0182972003279
2204 1114 2192.978851251138 1308.8310105683786 2249 1312 2260.021148748862 1117.1689894316214
2263 1110 2252.380861378348 1297.7243068002144 2381 1305 2391.619138621652 1117.2756931997856
2383 1124 2372.9086203233765 1302.394625208995 2472 1308 2482.0913796766235 1129.605374791005
2457 1128 2446.1692060245914 1319.4659336854188 2544 1325 2554.8307939754086 1133.5340663145812
2559 1131 2547.9510635615616 1326.3222391839088 2666 1333 2677.0489364384384 1137.6777608160912
2661 1148 2650.3713999788333 1335.8915646851096 2723 1340 2733.6286000211667 1152.1084353148904
2725 1150 2714.6681499480437 1332.6456418049377 2827 1339 2837.3318500519563 1156.3543581950623
2804 1142 2793.7203202139226 1323.723379901539 2887 1329 2897.2796797860774 1147.276620098461
2887 1142 2876.674529351559 1324.5328672056655 2991 1331 3001.325470648441 1148.4671327943345
2992 1136 2980.72129732926 1335.3840287717223 3080 1341 3091.27870267074 1141.6159712282777
3087 1138 3074.876515166718 1352.3180221501514 3193 1359 3205.123484833282 1144.6819778498486
3198 1156 3186.4605537056245 1359.9934342747024 3328 1368 3339.5394462943755 1164.0065657252976
3330 1169 3318.853210139078 1366.052084377421 3424 1372 3435.146789860922 1174.947915622579
3431 1166 3419.8276925250175 1363.50318277451 3517 1369 3528.1723074749825 1171.49681722549
3483 1167 3472.302146166409 1356.1158281959094 3594 1363 3604.697853833591 1173.8841718040906
3578 1172 3567.7064263691345 1353.9689942093041 3692 1361 3702.2935736308655 1179.0310057906959
3693 1171 3683.070267781012 1346.5370340227605 3815 1354 3824.929732218988 1178.4629659772395
3810 1188 3799.1957509706517 1378.9966741931223 3923 1386 3933.8042490293483 1195.0033258068777
3933 1195 3922.6778267590744 1377.4745758920164 3985 1381 3995.3221732409256 1198.5254241079836
3990 1195 3979.521315961438 1380.241361602212 4099 1387 4109.478684038561 1201.758638397788
1236 1295 1224.7178922159867 1494.4442240993844 1429 1506 1440.2821077840133 1306.5557759006156
1440 1304 1429.5926244378625 1487.9807759009966 1536 1494 1546.4073755621375 1310.0192240990034
1547 1299 1535.8042295749567 1496.9179589811831 1661 1504 1672.1957704250433 1306.0820410188169
1681 1304 1669.973391473865 1498.927528086456 1795 1506 1806.026608526135 1311.072471913544
1778 1315 1767.0265890717435 1508.9871050878496 1891 1516 1901.9734109282565 1322.0128949121504
1901 1308 1889.623443906776 1509.1138739652345 1976 1514 1987.376556093224 1312.8861260347655
1956 1320 1944.7105931862297 1519.5732557798515 2076 1527 2087.2894068137707 1327.4267442201485
2053 1336 2043.1788253465265 1509.6179618211195 2156 1516 2165.821174653474 1342.3820381788805
2159 1337 2148.554240311014 1521.6593275106432 2296 1530 2306.445759688986 1345.3406724893568
2319 1328 2307.450984600352 1532.1625961736108 2446 1540 2457.549015399648 1335.8374038263892
2418 1332 2408.3298763668895 1502.9476936290012 2533 1510 2542.6701236331105 1339.0523063709988
2527 1348 2516.379834046348 1535.742467895422 2627 1542 2637.620165953652 1354.257532104578
2627 1356 2616.86499183077 1535.1658863086927 2720 1541 2730.13500816923 1361.8341136913073
2713 1351 2701.9989090879253 1545.476429689367 2835 1553 2846.0010909120747 1358.523570310633
2833 1360 2821.914949510229 1555.960660575114 2911 1561 2922.085050489771 1365.039339424886
2923 1332 2909.489160588118 1570.8435685087595 3036 1578 3049.510839411882 1339.1564314912405
3047 1379 3037.1277901184058 1553.5201586152975 3134 1559 3143.8722098815942 1384.4798413847025
3132 1380 3121.2000757101673 1570.9202217842656 3211 1576 3221.7999242898327 1385.0797782157344
3209 1372 3197.6553409243515 1572.550000968873 3294 1578 3305.3446590756485 1377.449999031127
3285 1379 3273.922356245744 1574.8297248806339 3383 1581 3394.077643754256 1385.1702751193661
3371 1374 3360.1915339368948 1565.071222587966 3465 1571 3475.8084660631052 1379.928777412034
3479 1389 3468.3629659113185 1577.0406614747974 3503 1579 3513.6370340886815 1390.9593385252026
3516 1389 3504.8904592281683 1585.393597876995 3604 1591 3615.1095407718317 1394.606402123005
3622 1399 3610.9340877207746 1594.622336777297 3706 1600 3717.0659122792254 1404.377663222703
3718 1394 3706.488233689443 1597.5041096731852 3839 1605 3850.511766310557 1401.4958903268148
3832 1407 3820.85104776932 1604.0903105818493 3943 1611 3954.14895223068 1413.9096894181507
3959 1415 3948.3637778318025 1603.0263084076155 4107 1612 4117.6362221681975 1423.9736915923845
1219 1493 1206.8083963920517 1708.5222205517305 1339 1716 1351.1916036079483 1500.4777794482695
1356 1511 1344.572300972897 1713.0179747734253 1468 1720 1479.427699027103 1517.9820252265747
1471 1513 1459.643609449321 1713.75738907221 1570 1720 1581.356390550679 1519.24261092779
1579 1510 1567.34994147611 1715.948828666759 1692 1723 1703.65005852389 1517.051171333241
1662 1522 1650.0658426081718 1732.9711063623995 1792 1741 1803.9341573918282 1530.0288936376005
1806 1534 1794.114930878051 1744.103327744624 1863 1748 1874.885069121949 1537.896672255376
1864 1538 1852.6254985707753 1739.077551774819 1975 1746 1986.3745014292247 1544.922448225181
1985 1543 1974.2904146913786 1732.3232162992463 2110 1740 2120.7095853086216 1550.6767837007537
2126 1549 2114.8701859798657 1745.7519867840324 2243 1753 2254.1298140201343 1556.2480132159676
2224 1567 2213.733079020953 1748.4978307029944 2311 1754 2321.266920979047 1572.5021692970056
2323 1560 2311.6585306261086 1760.493613669237 2409 1766 2420.3414693738914 1565.506386330763
2424 1564 2412.240464284353 1771.8841579495947 2485 1776 2496.759535715647 1568.1158420504053
2493 1558 2481.229760141323 1766.0733849577239 2586 1772 2597.770239858677 1563.9266150422761
2593 1564 2581.6532862603513 1764.5863231592887 2642 1768 2653.3467137396487 1567.4136768407113
2656 1571 2644.830774521017 1768.4486994888866 2796 1777 2807.169225478983 1579.5513005111134
2809 1584 2798.902240919861 1762.5073998082673 2896 1768 2906.097759080139 1589.4926001917327
2896 1581 2884.7744949271387 1779.4436057731161 2983 1785 2994.2255050728613 1586.5563942268839
2992 1568 2979.1604561122363 1794.9764584339148 3121 1803 3133.8395438877637 1576.0235415660852
3137 1584 3125.5191033750184 1786.9583977720315 3250 1794 3261.4808966249816 1591.0416022279685
3267 1591 3256.347937028773 1779.3063408917833 3357 1785 3367.652062971227 1596.6936591082167
1203 1744 1191.8052569069564 1941.8997978859754 1335 1950 1346.1947430930436 1752.1002021140246
1325 1755 1314.166016322834 1946.522320985055 1411 1952 1421.833983677166 1760.477679014945
1419 1741 1407.4053014437463 1945.9701794637244 1514 1952 1525.5946985562537 1747.0298205362756
1529 1744 1517.1807795772015 1952.939259561486 1642 1960 1653.8192204227985 1751.060740438514
1662 1756 1650.2616571588983 1963.5095119613627 1765 1970 1776.7383428411017 1762.4904880386373
1765 1776 1754.7480001977406 1957.2340553000217 1839 1962 1849.2519998022594 1780.7659446999783
1834 1764 1822.421249952534 1968.6882429655436 1934 1975 1945.578750047466 1770.3117570344564
1942 1786 1930.9564156330773 1981.227625679844 2033 1987 2044.0435843669227 1791.772374320156
2047 1763 2033.861543773268 1995.2606075185154 2153 2002 2166.138456226732 1769.7393924814846
2160 1766 2146.9275001781766 1997.0946353213646 2269 2004 2282.0724998218234 1772.9053646786354
2281 1800 2269.2021878632627 2008.5608055452283 2330 2012 2341.7978121367373 1803.4391944547717
2339 1808 2327.4360634235636 2012.4263715765837 2479 2021 2490.5639365764364 1816.5736284234163
2487 1811 2475.3383177068376 2017.1543127560828 2561 2022 2572.6616822931624 1815.8456872439172
2568 1817 2556.8191507517445 2014.6541835782102 2669 2021 2680.1808492482555 1823.3458164217898
2679 1811 2667.574463342655 2012.979748568997 2774 2019 2785.425536657345 1817.020251431003
2769 1801 2757.34994147611 2006.948828666759 2882 2014 2893.65005852389 1808.051171333241
2872 1779 2858.5838243088447 2016.1701106148837 2997 2024 3010.4161756911553 1786.8298893851163
1229 1962 1216.1679705535093 2188.843618725422 1325 2195 1337.8320294464907 1968.156381274578
1329 1962 1316.8159108333246 2177.3893808432376 1416 2183 1428.1840891666754 1967.6106191567624
1428 1960 1415.6999465322947 2177.439388739359 1514 2183 1526.3000534677053 1965.5606112606413
1517 1950 1503.34654363527 2191.3647399111906 1656 2200 1669.65345636473 1958.63526008881
1670 1988 1657.919116327324 2201.564922145661 1754 2207 1766.080883672676 1993.435077854339
1761 2017 1750.6564184730137 2199.8530299082745 1877 2207 1887.3435815269863 2024.1469700917257
1893 1998 1881.1381784165956 2207.6923595659764 2028 2216 2039.8618215834044 2006.3076404340236
2028 2003 2015.3797336130235 2226.1000878262043 2102 2231 2114.6202663869763 2007.8999121737957
2107 2012 2095.201052825505 2220.5808706544485 2191 2226 2202.798947174495 2017.419129345551
2563 2047 2552.1903988991367 2238.091287697187 2692 2246 2702.8096011008633 2054.908712302813
2705 2045 2693.681885870412 2245.0807414765763 2816 2252 2827.318114129588 2051.9192585234237
2825 2052 2815.261865297981 2224.1499880165675 2901 2229 2910.738134702019 2056.8500119834325
2916 2062 2905.575540891317 2246.282777508398 3042 2254 3052.424459108683 2069.717222491602
3049 2060 3037.444712902595 2264.27346675887 3121 2269 3132.555287097405 2064.72653324113
3123 2078 3112.9426797107094 2255.7925260082056 3205 2261 3215.0573202892906 2083.2074739917944
3202 2052 3189.639342198901 2270.510747432445 3269 2275 3281.360657801099 2056.489252567555
3285 2050 3272.4509343836894 2271.8414061390017 3399 2279 3411.5490656163106 2057.1585938609983
3376 2080 3364.791470767926 2278.143508179728 3486 2285 3497.208529232074 2086.856491820272
3476 2073 3464.0733570494444 2283.8382666539064 3573 2290 3584.9266429505556 2079.1617333460936
3576 2078 3564.0339455905964 2289.5349793587607 3696 2297 3707.9660544094036 2085.4650206412393
3716 2077 3703.5468408479323 2297.1459791218927 3754 2300 3766.4531591520677 2079.8540208781073
3751 2085 3738.6732938804766 2302.9105522456684 3864 2310 3876.3267061195234 2092.0894477543316
3856 2083 3843.681835653749 2300.7595514419677 3954 2307 3966.318164346251 2089.2404485580323
3953 2088 3939.5200302736935 2326.2978566076063 4058 2333 4071.4799697263065 2094.7021433923937
1205 2209 1192.2285748869028 2434.7722600323355 1320 2442 1332.7714251130972 2216.2277399676645
1307 2214 1293.7849909310867 2447.613902709782 1389 2453 1402.2150090689133 2219.386097290218
1389 2228 1377.3808111616856 2433.4031167656053 1494 2440 1505.6191888383144 2234.5968832343947
1511 2228 1499.4563366718671 2432.0679826695464 1622 2439 1633.5436633281329 2234.9320173304536
1637 2228 1625.134069088596 2437.765003946807 1700 2442 1711.865930911404 2232.234996053193
1711 2238 1699.9861502808951 2432.7019788879115 1829 2440 1840.0138497191049 2245.2980211120885
2368 2250 2356.2807953694437 2457.1711881635456 2477 2464 2488.7192046305563 2256.8288118364544
2486 2272 2475.5756485970746 2456.280873494385 2559 2461 2569.4243514029254 2276.719126505615
2537 2280 2527.1202756771327 2454.65299832379 2657 2462 2666.8797243228673 2287.34700167621
2644 2282 2633.5339670627104 2467.0177164176807 2810 2477 2820.4660329372896 2291.9822835823193
2787 2293 2777.289437576041 2464.662567429063 2907 2472 2916.710562423959 2300.337432570937
2892 2290 2880.237166876838 2497.942449263244 3005 2505 3016.762833123162 2297.057550736756
3012 2290 3000.7659531538657 2488.5946065768167 3114 2495 3125.2340468461343 2296.4053934231833
3112 2299 3099.1584014482364 2526.01278062433 3205 2532 3217.8415985517636 2304.98721937567
3210 2302 3198.9159768422287 2497.942499479906 3306 2504 3317.0840231577713 2308.057500520094
3297 2320 3286.3627504998026 2508.0444695028236 3427 2516 3437.6372495001974 2327.9555304971764
3435 2325 3424.0851387411376 2517.952068585179 3531 2524 3541.9148612588624 2331.047931414821
3536 2327 3524.267116936171 2534.4129944432852 3570 2537 3581.732883063829 2329.5870055567148
3588 2325 3576.2329498430804 2533.016997658088 3682 2539 3693.7670501569196 2330.983002341912
3693 2325 3680.637179829144 2543.548973636873 3777 2549 3789.362820170856 2330.451026363127
3769 2327 3757.9467388220464 2522.3986915927653 3910 2531 3921.0532611779536 2335.6013084072347
3902 2345 3891.6478766997407 2528.004030711975 4033 2536 4043.3521233002593 2352.995969288025
4043 2352 4032.430761568711 2538.8421751152573 4212 2549 4222.569238431289 2362.1578248847427
1147 2451 1135.8668885723498 2647.8102780976815 1316 2658 1327.1331114276502 2461.1897219023185
1316 2459 1304.3809188674436 2664.4012127515925 1368 2668 1379.6190811325564 2462.5987872484075
1373 2464 1360.7882308495064 2679.878705444755 1469 2686 1481.2117691504936 2470.121294555245
1465 2462 1454.8808326338003 2640.8858538245254 1616 2650 1626.1191673661997 2471.1141461754746
1608 2458 1595.2998833633267 2682.51167433112 1710 2689 1722.7001166366733 2464.48832566888
1725 2459 1712.647776266416 2677.3616506427575 1830 2684 1842.352223733584 2465.6383493572425
1830 2474 1818.8043372807144 2671.91605496717 1891 2676 1902.1956627192856 2478.08394503283
1899 2477 1887.7255143630175 2676.3094803768786 2006 2683 2017.2744856369825 2483.6905196231214
2007 2485 1995.1744001736865 2694.0520341607585 2118 2701 2129.8255998263135 2491.9479658392415
2122 2484 2111.3063632001663 2673.0412798010657 2252 2681 2262.6936367998337 2491.9587201989343
2239 2484 2227.3776214599284 2689.4595040652416 2343 2696 2354.6223785400716 2490.5404959347584
2333 2484 2319.868950508783 2716.1296718240355 2459 2724 2472.131049491217 2491.8703281759645
2476 2507 2465.3904304836205 2694.555144901306 2597 2702 2607.6095695163795 2514.444855098694
2610 2499 2597.4679102244772 2720.541308545614 2747 2729 2759.5320897755228 2507.458691454386
2714 2546 2704.089405991557 2721.198710224944 2842 2729 2851.910594008443 2553.801289775056
2816 2551 2806.466113916222 2719.539296825843 2903 2725 2912.533886083778 2556.460703174157
2908 2520 2895.936092168112 2733.264824552273 3015 2740 3027.063907831888 2526.735175447727
3031 2524 3018.832886674112 2739.0892832498494 3141 2746 3153.167113325888 2530.9107167501506
3161 2540 3149.879755085138 2736.582824885124 3281 2744 3292.120244914862 2547.417175114876
3297 2482 3282.364604297153 2740.7233871739722 3411 2748 3425.635395702847 2489.2766128260278
3431 2528 3419.010590346293 2739.9478515514215 3526 2746 3537.989409653707 2534.0521484485785
3539 2528 3526.7191924485983 2745.099160927529 3578 2748 3590.2808075514017 2530.900839072471
3595 2528 3581.8370534912074 2760.6935448203967 3711 2768 3724.1629465087926 2535.3064551796033
3703 2528 3690.7670379749616 2744.253351432987 3757 2748 3769.2329620250384 2531.746648567013
3771 2526 3757.849812298238 2758.467995621852 3891 2766 3904.150187701762 2533.532004378148
3872 2541 3858.889223757086 2772.771282916998 3969 2779 3982.110776242914 2547.228717083002
3963 2562 3951.279660331686 2769.1912532727665 4107 2778 4118.720339668314 2570.8087467272335
1111 2668 1099.5434859513211 2870.527364484163 1267 2880 1278.4565140486789 2677.472635515837
1259 2681 1248.1690983188334 2872.4678376994316 1399 2881 1409.8309016811666 2689.5321623005684
1408 2694 1396.6785884628962 2894.1390327902254 1571 2904 1582.3214115371038 2703.8609672097746
1578 2697 1567.5329397307107 2882.0358775128884 1726 2891 1736.4670602692893 2705.9641224871116
1716 2702 1705.4767678425903 2888.028879783105 1758 2891 1768.5232321574097 2704.971120216895
1768 2696 1756.5382415855638 2898.620073974215 1887 2906 1898.4617584144362 2703.379926025785
1887 2694 1874.7073532678098 2911.3084530448787 1993 2918 2005.2926467321902 2700.6915469551213
1992 2707 1979.9297127645966 2920.377599151545 2097 2927 2109.070287235403 2713.622400848455
2079 2709 2067.6957797151995 2908.8351271688116 2159 2914 2170.3042202848005 2714.1648728311884
2151 2722 2139.7839563266534 2920.2763478882207 2294 2929 2305.2160436733466 2730.7236521117793
2301 2717 2288.4541240854473 2938.785018839366 2416 2946 2428.5458759145527 2724.214981160634
2406 2742 2394.522400782534 2944.9001064583827 2467 2949 2478.477599217466 2746.0998935416173
2473 2742 2462.3968098871355 2929.4423703020334 2596 2937 2606.6031901128645 2749.5576296979666
2582 2720 2569.675348544476 2937.8742300552526 2731 2947 2743.324651455524 2729.1257699447474
1124 2898 1111.7094079318094 3115.2721308544633 1266 3124 1278.2905920681906 2906.7278691455367
1284 2899 1273.1616915833185 3090.598773393912 1404 3098 1414.8383084166815 2906.401226606088
1413 2902 1401.9276006115015 3097.737015390582 1548 3106 1559.0723993884985 2910.262984609418
1553 2894 1541.1307716810807 3103.8232952604562 1668 3111 1679.8692283189193 2901.1767047395438
1680 2898 1667.3243736453871 3122.078737029239 1772 3128 1784.6756263546129 2903.921262970761
1781 2898 1768.19040617157 3124.447003613956 1831 3128 1843.80959382843 2901.552996386044
1839 2894 1826.3594603647205 3117.4584767332417 1942 3124 1954.6405396352795 2900.5415232667583
1952 2909 1939.6935671287797 3126.552163338631 2036 3132 2048.3064328712203 2914.447836661369
2038 2901 2024.1486744205436 3145.8626565026425 2168 3154 2181.8513255794564 2909.1373434973575
2179 2930 2166.82023557284 3145.312928434381 2232 3149 2244.17976442716 2933.687071565619
2238 2937 2226.5404039553214 3139.5818477697867 2340 3146 2351.4595960446786 2943.4181522302133
2325 2944 2313.7883887719267 3142.1979914653507 2381 3146 2392.2116112280733 2947.8020085346493
2388 2957 2377.744702790225 3138.2923466136704 2514 3146 2524.255297209775 2964.7076533863296
2521 2955 2510.1712606885912 3146.4296114950034 2644 3154 2654.8287393114088 2962.5703885049966
2659 2950 2646.3148045401144 3174.2478989281476 2748 3180 2760.6851954598856 2955.7521010718524
2749 2948 2736.3583253269626 3171.478541842462 2887 3180 2899.6416746730374 2956.521458157538
1109 3108 1097.0444343221109 3319.3495603786573 1303 3331 1314.9555656778891 3119.6504396213427
1298 3111 1286.5233204087758 3313.8838493771877 1430 3322 1441.4766795912242 3119.1161506228123
1441 3115 1428.9945341317477 3327.2316920636144 1584 3336 1596.0054658682523 3123.7683079363856
1592 3113 1578.789207964844 3346.5393543149385 1693 3353 1706.210792035156 3119.4606456850615
1689 3139 1677.249925683868 3346.716900064699 1806 3354 1817.750074316132 3146.283099935301
1798 3165 1787.8457459144672 3344.5061141205224 1938 3353 1948.1542540855328 3173.4938858794776
1938 3147 1925.8159108333246 3362.3893808432376 2025 3368 2037.1840891666754 3152.6106191567624
2015 3164 2003.5329972198062 3366.7127834642665 2097 3372 2108.4670027801935 3169.2872165357335
2102 3161 2089.100879110843 3389.0296560317934 2230 3397 2242.899120889157 3168.9703439682066
2202 3167 2190.043514695869 3378.3658174598527 2325 3386 2336.956485304131 3174.6341825401473
2340 3149 2326.19127558115 3393.1095564981524 2448 3400 2461.80872441885 3155.8904435018476
2399 3187 2387.7808743306537 3385.3308311738438 2488 3391 2499.2191256693463 3192.6691688261562
2490 3190 2478.380811161686 3395.4031167656053 2595 3402 2606.619188838314 3196.5968832343947
2578 3190 2567.0052884914403 3384.3636550900947 2702 3392 2712.9947115085597 3197.6363449099053
2703 3193 2691.1106061385353 3403.179780153481 2794 3409 2805.8893938614647 3198.820219846519
2790 3205 2777.8456454811426 3419.863734051305 2904 3427 2916.1543545188574 3212.136265948695
2849 3230 2838.876615600043 3408.960402219369 2981 3417 2991.123384399957 3238.039597780631
2979 3233 2967.2244080698074 3441.167998461788 3088 3448 3099.7755919301926 3239.832001538212
3061 3177 3046.2059311297594 3438.5283990885964 3249 3450 3263.7940688702406 3188.4716009114036
1123 3338 1110.8988430790212 3551.9233110526984 1236 3559 1248.1011569209788 3345.0766889473016
1216 3364 1205.7126980668916 3545.858123624045 1385 3556 1395.2873019331084 3374.141876375955
1384 3331 1369.4986794767285 3587.3532165752426 1487 3594 1501.5013205232715 3337.6467834247574
1502 3354 1488.323296096725 3595.7757080898377 1563 3600 1576.676703903275 3358.2242919101623
1581 3385 1571.2415920496776 3557.508376923605 1686 3564 1695.7584079503224 3391.491623076395
1678 3362 1665.6179339128403 3580.8892014487033 1809 3589 1821.3820660871597 3370.1107985512967
1816 3377 1805.0213447059862 3571.0798145779013 1892 3576 1902.9786552940138 3381.9201854220987
1887 3382 1876.0754619301067 3575.1231344981 2033 3584 2043.9245380698933 3390.8768655019
2010 3400 2000.6671728327062 3564.9849929347542 2107 3571 2116.332827167294 3406.0150070652458
2126 3421 2116.5436940904033 3588.167840539368 2255 3596 2264.4563059095967 3428.832159460632
2256 3421 2245.1425533727734 3612.9370971917288 2370 3620 2380.8574466272266 3428.0629028082712
2358 3425 2347.767030702528 3605.8976355162176 2491 3614 2501.232969297472 3433.1023644837824
2483 3411 2471.212676594777 3619.375386565125 2606 3627 2617.787323405223 3418.624613434875
2598 3379 2583.4252086305464 3636.6520284808857 2731 3645 2745.5747913694536 3387.3479715191143
2738 3426 2726.22224570005 3634.2062246662167 2864 3642 2875.77775429995 3433.7937753337833
2864 3446 2853.218998509197 3636.5857060144745 3055 3648 3065.781001490803 3457.4142939855255
3055 3449 3043.694644677442 3648.855192278032 3170 3656 3181.305355322558 3456.144807721968
3168 3454 3154.674270995814 3689.571201115852 3286 3697 3299.325729004186 3461.428798884148
3259 3479 3249.4436782981616 3647.9359119373084 3392 3656 3401.5563217018384 3487.0640880626916
3397 3456 3385.422384990292 3660.668177856323 3462 3665 3473.577615009708 3460.331822143677
3462 3461 3449.3572979949627 3684.49670293767 3582 3692 3594.6427020050373 3468.50329706233
3572 3456 3559.285989518539 3680.7572886388853 3705 3689 3717.714010481461 3464.2427113611147
3690 3469 3679.6445792922254 3652.062322025624 3873 3663 3883.3554207077746 3479.937677974376
3863 3464 3851.2914995124743 3670.9819611554167 3940 3676 3951.7085004875257 3469.0180388445833
3930 3485 3919.612789980408 3668.6242910079723 4050 3676 4060.387210019592 3492.3757089920277
4032 3485 4020.059463204657 3696.0838809616716 4160 3704 4171.940536795344 3492.9161190383284
4137 3512 4127.105462206103 3686.9148697127503 4217 3692 4226.894537793897 3517.0851302872497
4197 3476 4184.378598575266 3699.120152935425 4306 3706 4318.621401424734 3482.879847064575
4334 3471 4321.080713568297 3699.3861409248175 4438 3706 4450.919286431703 3477.6138590751825
1048 3585 1037.9543034799817 3762.5870419188814 1169 3770 1179.0456965200183 3592.4129580811186
1201 3589 1190.0180472984707 3783.1381058915504 1329 3791 1339.9819527015293 3596.8618941084496
1337 3589 1325.5095342697457 3792.12755967094 1447 3799 1458.4904657302543 3595.87244032906
1460 3596 1448.6276609405331 3797.0393255703902 1554 3803 1565.3723390594669 3601.9606744296098
1549 3628 1539.5883499150093 3794.3784183444627 1692 3803 1701.4116500849907 3636.6215816555373
1690 3574 1675.014549024306 3838.911637066764 1818 3847 1832.985450975694 3582.088362933236
1825 3614 1813.8245028232595 3811.5595700741455 1910 3817 1921.1754971767405 3619.4404299258545
1909 3643 1898.8213633381642 3822.9371474083905 2006 3829 2016.1786366618358 3649.0628525916095
2001 3635 1989.5179683372605 3837.978462881252 2149 3847 2160.4820316627392 3644.021537118748
2159 3637 2146.7584962016886 3853.404352236688 2228 3858 2240.2415037983114 3641.595647763312
2240 3630 2227.493535544296 3851.0883061345116 2332 3857 2344.506464455704 3635.9116938654884
2348 3635 2336.1307716810807 3844.8232952604562 2463 3852 2474.8692283189193 3642.1767047395438
2478 3663 2466.8329368907744 3860.410473284458 2601 3868 2612.1670631092256 3670.589526715542
2611 3668 2599.8638065763503 3864.864761383305 2726 3872 2737.1361934236497 3675.135238616695
2728 3674 2716.431846389806 3878.5009199714277 2849 3886 2860.568153610194 3681.4990800285723
2848 3678 2836.2212183680504 3886.224385761425 2956 3893 2967.7787816319496 3684.775614238575
2946 3681 2935.09778984241 3873.728423400647 3099 3883 3109.90221015759 3690.271576599353
3109 3646 3092.6666059045547 3934.740470720518 3221 3942 3237.3333940954453 3653.259529279482
3221 3696 3208.9041951505365 3909.828697548634 3318 3916 3330.0958048494635 3702.171302451366
3321 3711 3307.7849909310867 3944.613902709782 3403 3950 3416.2150090689133 3716.386097290218
3413 3712 3402.059513421319 3905.4050709962808 3554 3914 3564.940486578681 3720.5949290037192
3563 3704 3551.4222772845337 3908.6700818703357 3681 3916 3692.5777227154663 3711.3299181296643
3691 3712 3678.3583253269626 3935.478541842462 3829 3944 3841.6416746730374 3720.521458157538
3804 3725 3793.1637462473186 3916.5624512034965 3960 3926 3970.8362537526814 3734.4375487965035
4155 3678 4142.912629218052 3891.6796007589464 4290 3900 4302.087370781948 3686.3203992410536
4321 3706 4310.321392082712 3894.77560038408 4385 3899 4395.678607917288 3710.22439961592
4405 3719 4395.76399892319 3882.2733088364503 4497 3888 4506.23600107681 3724.7266911635497
4494 3714 4482.847858067562 3911.146697881485 4604 3918 4615.152141932438 3720.853302118515
1281 3788 1267.0550380318168 4034.5179533013106 1417 4043 1430.9449619681832 3796.4820466986894
1432 3828 1420.2286251035648 4036.0934500669446 1560 4044 1571.7713748964352 3835.9065499330554
1550 3855 1540.0552388984659 4030.8027134397466 1738 4042 1747.9447611015341 3866.1972865602534
1720 3851 1708.837153924532 4048.3359248896145 1862 4057 1873.162846075468 3859.6640751103855
1844 3858 1831.5573295794468 4077.9605601417893 1956 4085 1968.4426704205532 3865.0394398582107
1971 3888 1959.437198461322 4092.406306467363 2076 4099 2087.5628015386783 3894.5936935326367
2046 3848 2032.317836319452 4089.8722256079154 2176 4098 2189.682163680548 3856.1277743920846
2163 3911 2152.527587659196 4096.130491016953 2327 4106 2337.472412340804 3920.869508983047
2314 3914 2303.937219933436 4091.889043526283 2465 4101 2475.062780066564 3923.110956473717
2461 3901 2449.729731396775 4100.234931982035 2587 4108 2598.270268603225 3908.7650680179654
2607 3911 2595.325558899807 4117.379861954628 2677 4122 2688.674441100193 3915.620138045373
2668 3911 2656.529699812291 4113.771074777916 2802 4122 2813.470300187709 3919.2289252220844
2800 3928 2788.184996610959 4136.864711166642 2932 4145 2943.815003389041 3936.1352888333577
998 4049 986.7849836586533 4247.258186793013 1159 4257 1170.2150163413469 4058.741813206987
1148 4063 1137.9617102154969 4240.456106224401 1289 4249 1299.0382897845031 4071.5438937755985
1256 4070 1244.8478580675624 4267.146697881485 1366 4274 1377.1521419324376 4076.853302118515
1721 4088 1708.4456900179323 4309.934115629054 1798 4315 1810.5543099820677 4093.065884370947
1795 4108 1781.9690740067829 4338.359696412082 1864 4343 1877.0309259932171 4112.640303587918
1867 4146 1856.194723638652 4337.01483528833 1962 4343 1972.805276361348 4151.98516471167
1971 4116 1958.5796574917497 4335.565849044337 2090 4343 2102.4203425082505 4123.434150955663
2084 4129 2071.9903170979906 4341.306240458458 2208 4349 2220.0096829020094 4136.693759541542
2203 4136 2191.255170049625 4343.624190574647 2357 4353 2368.744829950375 4145.375809425353
2342 4167 2330.7190272537446 4366.424158990164 2500 4376 2511.2809727462554 4176.575841009836
2485 4173 2473.322261492292 4379.438153268276 2607 4387 2618.677738507708 4180.561846731724
2610 4175 2598.2818227014436 4382.153027068338 2737 4390 2748.7181772985564 4182.846972931662
2719 4173 2708.566999118044 4357.433778312098 2860 4366 2870.433000881956 4181.566221687902
2871 4160 2858.468017930235 4381.539404531601 2955 4387 2967.531982069765 4165.460595468399
3583 4226 3569.4561285327845 4465.427506614342 3721 4474 3734.5438714672155 4234.572493385658
3717 4267 3706.6542561032556 4449.891256112704 3850 4458 3860.3457438967444 4275.108743887296
3815 4219 3801.349733337028 4460.308352611554 3955 4469 3968.650266662972 4227.691647388446
4170 4280 4157.702001196295 4497.403066548943 4292 4505 4304.297998803705 4287.596933451057
4459 4267 4443.663466419459 4538.118048054763 4583 4546 4598.336533580541 4274.881951945237
# Transcript
******MMAN******
TWNID**N**L*MARCOSAPOL
LOFANH**YNEFHBWN
APOLLOFANHSEYFHMOYSFHTTIOS
NOYIOSNOYIOYAQMONEYS
YGEINOSPISTOKRATOYSMARAQWNIO*
MENEKRATHSTELESFOROYFILADHS
EYTYCIDHSTROFIMOYFHG******
GLYKEROSTEIMOQEOY
KARPODWRO****PODWROYSOYNIEYS
EYCAR*****PARAMONOYEPEIKIDHS
DIONYSIOSPANNYCOYKHFEISIEYS
LHMNIOSERMEIOY
ZHNOBIOSFILIPPOY
MHNODWROSHRAKLEIDOY
SWFRONISTHSEYFHMOSDIODWROYSFH*
YPOSWFRONISTHSSYMFERWNEYTIOS
FHMOYSFHTTIOS
PA***TRIBOYNTOSAB*****TOY**O*I



# Lines: x1 y1 x2 y2 x3 y3 x4 y4
