# Baseline angle
-0.009280298907262341
# Boxes: x1 y1 x2 y2 x3 y3 x4 y4
1166 270 1161.9588096240736 448.4666098760248 1318 452 1322.0411903759264 273.5333901239752
1314 298 1310.5421259428936 450.70625804372804 1456 454 1459.4578740571064 301.29374195627196
1684 286 1679.9393351543067 465.3266392919028 1798 468 1802.0606648456933 288.6733607080972
1800 314 1796.4907114042367 468.97682130822807 1930 472 1933.5092885957633 317.02317869177193
1924 300 1920.175908405731 468.8791170913794 2058 472 2061.8240915942692 303.1208829086206
2056 312 2052.2756625667653 476.4737846806758 2208 480 2211.7243374332347 315.5262153193242
2196 304 2191.7232613447427 492.8688673704494 2330 496 2334.2767386552573 307.1311326295506
2332 318 2327.812765784847 502.9161820207342 2464 506 2468.187234215153 321.0838179792658
2460 336 2456.3106775519345 498.92745671375724 2592 502 2595.6893224480655 339.07254328624276
1106 434 1101.2366242706782 644.3596809103391 1262 648 1266.7633757293218 437.6403190896609
1260 474 1256.3590171743122 634.7926875675537 1398 638 1401.6409828256878 477.2073124324463
1380 482 1376.3549172859402 642.973746391949 1510 646 1513.6450827140598 485.026253608051
1522 484 1518.0864039656262 656.8318024410945 1658 660 1661.9135960343738 487.16819755890543
1670 480 1665.9073950854167 660.7371731405249 1810 664 1814.0926049145833 483.2628268594752
1816 496 1811.9559006418015 674.5950760347633 1874 676 1878.0440993581985 497.40492396523666
1866 482 1862.0452391478993 656.6497186446062 2010 660 2013.9547608521007 485.35028135539386
2008 494 2004.2643878737424 658.9716964477631 2138 662 2141.7356121262574 497.02830355223693
2142 488 2137.7644261624696 675.0509511669377 2268 678 2272.2355738375304 490.9490488330623
2274 494 2269.776891761592 680.5004467341936 2336 682 2340.223108238408 495.49955326580636
2340 510 2336.0360143990624 685.0571009994958 2466 688 2469.9639856009376 512.9428990005042
2490 514 2485.9815249441267 691.4634583822923 2598 694 2602.0184750558733 516.5365416177077
2594 526 2590.352867341754 687.0642758041467 2720 690 2723.647132658246 528.9357241958533
2720 522 2716.184108182475 690.5169994425886 2870 694 2873.815891817525 525.4830005574114
2858 544 2854.2334727769457 710.3369655902864 3016 714 3019.7665272230543 547.6630344097136
778 636 774.2488473583408 801.6579949988037 966 806 969.7511526416592 640.3420050011963
972 658 967.9176448063469 838.2845260795365 1132 842 1136.082355193653 661.7154739204635
1124 662 1119.897145364487 843.1898202015132 1244 846 1248.102854635513 664.8101797984868
1246 656 1241.560652018021 852.0500027722983 1416 856 1420.439347981979 659.9499972277017
1432 666 1427.6853373773015 856.5436614961064 1492 858 1496.3146626226985 667.4563385038936
1492 680 1487.7253112889284 868.7783379582518 1630 872 1634.2746887110716 683.2216620417482
1648 678 1643.8189156174053 862.6445937841411 1792 866 1796.1810843825947 681.3554062158589
1782 686 1777.7265021950282 874.7257452925949 1834 876 1838.2734978049718 687.2742547074051
1856 704 1851.7859505764225 890.100392338862 2024 894 2028.2140494235775 707.899607661138
2014 714 2010.3106775519343 876.9274567137572 2146 880 2149.6893224480655 717.0725432862428
2148 712 2143.995874553428 888.8297524969086 2284 892 2288.004125446572 715.1702475030914
2316 688 2310.8611819846788 914.93992231288 2446 918 2451.1388180153212 691.06007768712
2434 720 2429.6882463595734 910.415195337368 2588 914 2592.3117536404266 723.584804662632
2558 730 2554.177958349917 898.7885876791817 2696 902 2699.822041650083 733.2114123208183
2686 730 2681.863155351411 912.690883462333 2828 916 2832.136844648589 733.309116537667
2816 732 2811.872380100248 914.2835011074435 2976 918 2980.127619899752 735.7164988925565
962 844 957.5061625630852 1042.4563601550947 1114 1046 1118.4938374369149 847.5436398449053
1098 862 1093.3621686680447 1066.8154028876065 1234 1070 1238.6378313319553 865.1845971123935
1230 860 1225.638881765103 1052.5952291896704 1376 1056 1380.361118234897 863.4047708103298
1382 868 1377.7201864284634 1057.0046614887458 1510 1060 1514.2798135715366 870.9953385112541
1510 848 1505.227399521841 1058.7670632652287 1648 1062 1652.772600478159 851.2329367347713
1628 856 1623.5041126188992 1054.5468895672923 1776 1058 1780.4958873811008 859.4531104327075
1744 872 1739.3560188354868 1077.0869911241996 1868 1080 1872.6439811645132 874.9130088758004
1860 894 1855.86623026769 1076.5550893440363 2008 1080 2012.13376973231 897.4449106559636
2002 872 1997.4094833183296 1074.7258984475018 2142 1078 2146.5905166816706 875.2741015524982
2118 878 2113.223299633469 1088.948122089624 2248 1092 2252.776700366531 881.051877910376
2242 888 2237.1542946352247 1101.9955133173623 2414 1106 2418.8457053647753 892.0044866826377
2414 896 2409.4135832067013 1098.5448396231066 2562 1102 2566.5864167932987 899.4551603768936
2554 930 2549.858030490946 1112.9172069928272 2686 1116 2690.141969509054 933.0827930071729
2694 916 2689.454748024428 1116.7269234195949 2834 1120 2838.545251975572 919.2730765804052
2844 918 2839.362168668045 1122.8154028876065 2980 1126 2984.637831331955 921.1845971123935
1260 1040 1254.2725748713867 1292.933925635229 1478 1298 1483.7274251286133 1045.066074364771
1464 1068 1458.9773356992014 1289.810354604595 1644 1294 1649.0226643007986 1072.189645395405
1610 1092 1605.5791015156951 1287.235238062519 1816 1292 1820.4208984843049 1096.764761937481
350 1232 346.4403218376729 1389.2021198666291 470 1392 473.5596781623271 1234.7978801333709
720 1214 716.3672169510563 1374.430569918763 874 1378 877.6327830489437 1217.569430081237
862 1218 858.2180981955507 1385.015936181769 990 1388 993.7819018044493 1220.984063818231
948 1250 945.1006769974747 1378.0395871173614 1120 1382 1122.8993230025253 1253.9604128826386
1128 1240 1124.701660353336 1385.6609167601757 1228 1388 1231.298339646664 1242.3390832398243
1226 1252 1222.8024394864635 1393.2103196433732 1346 1396 1349.1975605135365 1254.7896803566268
1974 1252 1969.7109616796263 1441.4120438436353 2084 1444 2088.2890383203735 1254.5879561563647
2096 1270 2092.674845144911 1416.8451270783034 2232 1420 2235.325154855089 1273.1548729216966
2254 1232 2249.217149800911 1443.219710326217 2372 1446 2376.782850199089 1234.780289673783
2372 1252 2361.5878293456853 1405.089810128585 2522 1416 2532.4121706543147 1262.910189871415
2540 1260 2525.032989052326 1480.0594804141479 2730 1494 2744.967010947674 1273.9405195858521
342 1368 343.38460117151084 1517.193623611928 472 1516 470.61539882848916 1366.806376388072
458 1376 459.34575967768654 1521.008372776247 568 1520 566.6542403223135 1374.991627223753
586 1370 587.563306775062 1538.4495198960904 636 1538 634.436693224938 1369.5504801039096
634 1360 635.6069710715082 1533.154437632202 760 1532 758.3930289284918 1358.845562367798
762 1354 763.6045596701972 1526.8946041819866 860 1526 858.3954403298028 1353.1053958180134
852 1376 853.5499145314272 1543.0064781037881 962 1542 960.4500854685728 1374.9935218962119
966 1394 967.4583225712915 1551.1372560436498 1090 1550 1088.5416774287085 1392.8627439563502
1092 1394 1093.5323884569736 1559.1180075396885 1214 1558 1212.4676115430264 1392.8819924603115
1198 1394 1199.4770543464006 1553.1556433328574 1324 1552 1322.5229456535994 1392.8443566671426
1304 1384 1305.383739956757 1533.1008259511366 1424 1532 1422.616260043243 1382.8991740488634
1408 1394 1409.346276406539 1539.0640513727217 1524 1538 1522.653723593461 1392.9359486272783
1514 1394 1515.7013189188565 1577.3206122068723 1658 1576 1656.2986810811435 1392.6793877931277
1816 1420 1817.666611255851 1599.580790142989 1988 1598 1986.333388744149 1418.419209857011
1988 1436 1989.7764182622434 1627.4127208958603 2142 1626 2140.223581737757 1434.5872791041397
2130 1434 2131.8130205977077 1629.3566978134838 2278 1628 2276.1869794022923 1432.6433021865162
2266 1448 2267.605765370853 1621.024520907094 2378 1620 2376.394234629147 1446.975479092906
2376 1460 2377.533077428777 1625.1922456683214 2506 1624 2504.466922571223 1458.8077543316786
2502 1458 2503.812503868855 1653.3010192170093 2644 1652 2642.187496131145 1456.6989807829907
2638 1476 2639.6810369571904 1657.1351891282407 2762 1656 2760.3189630428096 1474.8648108717593
2760 1474 2761.7006299470536 1657.2463740782393 2896 1656 2894.2993700529464 1472.7536259217607
352 1590 353.7968724668602 1783.61670350665 528 1782 526.2031275331399 1588.38329649335
522 1602 523.7386102261237 1789.3388272531288 668 1788 666.2613897738763 1600.6611727468712
660 1598 661.7380934972714 1785.283148656654 800 1784 798.2619065027286 1596.716851343346
796 1598 797.7026968624627 1781.4690884641382 956 1780 954.2973031375373 1596.5309115358618
952 1608 953.7585477018882 1797.487131267444 1114 1796 1112.2414522981117 1606.512868732556
1106 1608 1107.6272530331742 1783.3398607108336 1252 1782 1250.3727469668258 1606.6601392891664
1246 1608 1247.6815536860427 1789.1908677247152 1376 1788 1374.3184463139573 1606.8091322752848
1372 1630 1373.4710258431232 1788.5060597073189 1428 1788 1426.5289741568768 1629.4939402926811
1432 1608 1433.7762460192926 1799.3941613637019 1584 1798 1582.2237539807074 1606.6058386362981
1586 1624 1587.7557918146756 1813.1901787529123 1716 1812 1714.2442081853244 1622.8098212470877
1716 1624 1717.6992520034469 1807.0978978209732 1836 1806 1834.3007479965531 1622.9021021790268
1838 1632 1839.7356820959606 1819.0233152064386 1950 1818 1948.2643179040394 1630.9766847935614
1920 1652 1921.4591837860453 1809.2300537044412 2054 1808 2052.5408162139547 1650.7699462955588
2048 1654 2049.4029884607185 1805.1748918368187 2176 1804 2174.5970115392815 1652.8251081631813
2178 1648 2179.571057707847 1817.2846988432111 2318 1816 2316.428942292153 1646.7153011567889
2316 1664 2317.498542008722 1825.4709831365967 2476 1824 2474.501457991278 1662.5290168634033
2492 1640 2493.979195172378 1853.2623499661358 2630 1852 2628.020804827622 1638.7376500338642
2596 1678 2597.5715744366994 1847.340377439686 2742 1846 2740.4284255633006 1676.659622560314
2722 1726 2723.1991780928793 1855.2139055735938 2854 1854 2852.8008219071207 1724.7860944264062
348 1796 349.7795186353575 1987.7467924747084 538 1986 536.2204813646425 1794.2532075252916
522 1806 523.4401075250348 1961.174547350917 650 1960 648.5598924749652 1804.825452649083
654 1810 655.6459848082833 1987.358248000041 802 1986 800.3540151917167 1808.641751999959
802 1808 803.611104902327 1981.5998664039998 976 1980 974.388895097673 1806.4001335960002
946 1826 947.3883905164281 1975.6019333194092 1120 1974 1118.611609483572 1824.3980666805908
1148 1832 1149.60955471577 2005.4328306145756 1304 2004 1302.39044528423 1830.5671693854244
1304 1842 1305.6662667699493 2021.5436710786726 1472 2020 1470.3337332300507 1840.4563289213274
1470 1852 1471.603181726591 2024.7461279247207 1552 2024 1550.396818273409 1851.2538720752793
1554 1868 1555.440624253887 2023.230225947392 1688 2022 1686.559375746113 1866.769774052608
1674 1862 1675.422925936483 2015.323195851134 1818 2014 1816.577074063517 1860.676804148866
1824 1858 1825.6288032197313 2033.5068965002577 1988 2032 1986.3711967802687 1856.4931034997423
1986 1842 1988.2019095582766 2079.2602830507262 2124 2078 2121.798090441723 1840.7397169492738
2122 1890 2123.7014911618076 2073.3391717390305 2268 2072 2266.2985088381924 1888.6608282609695
2256 1896 2257.495269392657 2057.1183520255904 2378 2056 2376.504730607343 1894.88164797441
2366 1868 2367.7769349910955 2059.4683994923353 2526 2058 2524.2230650089045 1866.531600507665
382 1992 384.4816804842566 2259.40617566373 536 2258 533.5183195157435 1990.5938243362696
538 2018 539.9028901283353 2223.04032455204 652 2222 650.0971098716647 2016.95967544796
894 2022 895.8473837748114 2221.05940081305 1010 2220 1008.1526162251886 2020.9405991869494
1002 2040 1003.7021801336105 2223.413409867663 1156 2222 1154.2978198663895 2038.5865901323366
1148 2054 1149.5896172400053 2225.2845266002605 1288 2224 1286.4103827599947 2052.7154733997395
1276 2062 1277.662477425032 2241.1353613711913 1400 2240 1398.337522574968 2060.8646386288087
1398 2080 1399.4413132256902 2235.304464076025 1540 2234 1538.5586867743098 2078.695535923975
1550 2082 1551.3663861252542 2229.230914919195 1684 2228 1682.6336138747458 2080.769085080805
1676 2084 1677.5903062118086 2255.3587647288937 1824 2254 1822.4096937881914 2082.6412352711063
1844 2078 1845.7394714408777 2265.43162491392 2000 2264 1998.2605285591223 2076.56837508608
1978 2100 1979.5512924750335 2267.154954361054 2104 2266 2102.4487075249667 2098.845045638946
2106 2102 2107.3644914527954 2249.0267600654543 2218 2248 2216.6355085472046 2100.9732399345457
352 2242 353.7949777944016 2435.412548652909 506 2434 504.2050222055984 2240.587451347091
506 2256 507.4968195792142 2417.285387815014 646 2416 644.5031804207858 2254.714612184986
646 2244 647.7741791038832 2435.171446977803 774 2434 772.2258208961168 2242.828553022197
772 2264 773.4534997686695 2420.617589143219 840 2420 838.5465002313305 2263.382410856781
832 2268 833.385290143314 2417.2678617405604 970 2416 968.614709856686 2266.7321382594396
974 2264 975.5327329428752 2429.155126604005 1100 2428 1098.4672670571247 2262.844873395995
1092 2284 1093.5538761192954 2451.4333473434276 1248 2450 1246.4461238807046 2282.5666526565724
1248 2286 1249.3258222019222 2428.860068761932 1342 2428 1340.6741777980778 2285.139931238068
1362 2288 1363.479810233613 2447.452595847389 1520 2446 1518.520189766387 2286.547404152611
1512 2278 1513.7568252723804 2467.301535945862 1654 2466 1652.2431747276196 2276.698464054138
1648 2294 1649.700113218201 2477.1906954817646 1778 2476 1776.299886781799 2292.8093045182354
1792 2308 1793.5308382704166 2472.950971750264 1896 2472 1894.4691617295834 2307.049028249736
1900 2320 1901.6456403223817 2497.3211289357246 2044 2496 2042.3543596776183 2318.6788710642754
490 2498 491.346965378342 2643.138289501355 614 2642 612.653034621658 2496.861710498645
614 2494 615.4010937882597 2644.970736983078 720 2644 718.5989062117403 2493.029263016922
720 2506 721.307090426813 2646.8416814727243 812 2646 810.692909573187 2505.1583185272757
812 2490 813.4888964034782 2650.431649335735 860 2650 858.5111035965218 2489.568350664265
872 2492 873.6636831256876 2671.265278096299 1010 2670 1008.3363168743124 2490.734721903701
1004 2502 1005.4016105171121 2653.026415579553 1116 2652 1114.598389482888 2500.973584420447
1118 2494 1119.6409897627104 2670.820021567452 1208 2670 1206.3590102372896 2493.179978432548
1214 2516 1215.6435734069723 2693.0984145498255 1334 2692 1332.3564265930277 2514.9015854501745
1126 2716 1127.7202229369163 2901.357559028238 1274 2900 1272.2797770630837 2714.642440971762
1280 2736 1281.41569173255 2888.5436955004875 1340 2888 1338.58430826745 2735.4563044995125
1334 2726 1335.6045596701972 2898.8946041819863 1432 2898 1430.3954403298028 2725.1053958180137
# Transcript
***
LO**RATOY ST**
*YTANEIAS OI PRYTA
THS OINEIDOS FYLHS *
**NTES EAYTOYS ANEG
UAN
E**NYMOS ****FOROS
KL IEROFANTHS ACARNEYS
OYENT NEIKOKRATHS FYL
OYENT ZOILOS FYLA
FL ENOKLHS ACA*
KLEITOS ) OHQEN
ALLISTRA******
SIO*
**

# Lines: x1 y1 x2 y2 x3 y3 x4 y4
1086 369 2614 399
1064 554 3054 615
755 722 3008 780
905 948 3006 1001
1195 1164 2024 1161
171 1298 2912 1396
225 1460 2945 1546
246 1705 2974 1788
280 1922 2625 1930
320 2129 2305 2169
241 2354 2201 2366
350 2567 1694 2578
940 2823 1958 2790