# Baseline angle
0.07432201025409146
# Boxes: x1 y1 x2 y2 x3 y3 x4 y4
1488 184 1474.9878330066495 358.7557610511626 1626 370 1639.0121669933505 195.24423894883742
1760 220 1747.4589228183347 388.42893949972097 1876 398 1888.5410771816653 229.57106050027906
968 378 954.9106426339497 553.7924417465362 1092 564 1105.0893573660505 388.2075582534639
1202 414 1190.4577782325118 569.0141302543585 1338 580 1349.5422217674882 424.9858697456415
1458 432 1445.3281362754417 602.1854264745775 1604 614 1616.6718637245583 443.81457352542236
1728 460 1715.7503736098306 624.51470254727 1870 636 1882.2496263901694 471.48529745273004
1982 462 1968.1543855339721 647.9491116635816 2130 660 2143.845614466028 474.05088833641844
2378 682 2387.413724396241 555.5719752112229 2232 544 2222.586275603759 670.4280247887771
792 770 802.878925929207 623.894053069768 670 614 659.121074070793 760.105946930232
906 638 895.637812477185 777.1660564785075 1068 790 1078.362187522815 650.8339435214925
1224 646 1211.0524563729425 819.8878575294832 1320 828 1332.9475436270575 654.1121424705168
1410 660 1395.5399421729871 854.201197363574 1554 866 1568.4600578270129 671.798802636426
1708 690 1693.8802454417796 879.6308627869892 1860 892 1874.1197545582204 702.3691372130108
1952 740 1939.5975326747377 906.5673840065192 2120 920 2132.4024673252625 753.4326159934808
2208 752 2195.2950546871416 922.6297182011663 2348 934 2360.7049453128584 763.3702817988337
2438 758 2423.287856472995 955.5867540025893 2590 968 2604.712143527005 770.4132459974107
2736 792 2721.8251094612797 982.3713489979702 2878 994 2892.1748905387203 803.6286510020298
3004 852 2991.5912491715344 1018.6517725933662 3144 1030 3156.4087508284656 863.3482274066338
370 820 358.71614743570774 971.5441850284963 526 984 537.2838525642923 832.4558149715037
638 838 625.1091321637493 1011.126691387004 798 1024 810.8908678362507 850.873308612996
888 868 873.8912726378795 1057.482765544793 1042 1070 1056.1087273621206 880.5172344552071
1108 896 1095.8180765967375 1059.6054391625946 1316 1076 1328.1819234032625 912.3945608374054
1426 932 1412.7720327775464 1109.653997239738 1498 1116 1511.2279672224536 938.3460027602621
1666 946 1653.3013381903454 1116.5453296143191 1834 1130 1846.6986618096546 959.4546703856809
1964 978 1951.7378066034237 1142.6834797209642 2050 1150 2062.2621933965765 985.3165202790358
2178 1008 2164.5498247832643 1188.6382908760154 2344 1202 2357.4501752167357 1021.3617091239845
2450 1030 2436.456863521568 1211.8867774689345 2626 1226 2639.543136478432 1044.1132225310655
2752 1052 2737.8881930172656 1241.524125407789 2798 1246 2812.1118069827344 1056.475874592211
2980 1074 2965.798311376183 1264.7312521377116 3144 1278 3158.201688623817 1087.2687478622884
626 1108 614.1064477676194 1267.7325620731397 752 1278 763.8935522323806 1118.2674379268603
880 1134 868.9351515474003 1282.6029201160698 1022 1294 1033.0648484525996 1145.39707988393
1132 1154 1120.9020699591006 1303.0472118426585 1268 1314 1279.0979300408994 1164.9527881573415
1422 1174 1409.8244843619166 1337.5193817148925 1470 1342 1482.1755156380834 1178.4806182851075
1656 1208 1643.4321247332382 1376.7888426394625 1794 1388 1806.5678752667618 1219.2111573605375
1930 1254 1919.121074070793 1400.1059469302318 2052 1410 2062.878925929207 1263.8940530697682
2164 1256 2151.3990431449383 1425.2331343660512 2296 1436 2308.6009568550617 1266.7668656339488
2434 1294 2422.282882905219 1451.363006198 2592 1464 2603.717117094781 1306.636993802
2702 1310 2687.896016330776 1499.419056889444 2830 1510 2844.103983669224 1320.580943110556
2960 1332 2946.5435412800607 1512.7226794628627 3098 1524 3111.4564587199393 1343.2773205371373
1366 1430 1354.7429455208041 1581.1842818887546 1500 1592 1511.2570544791959 1440.8157181112454
1636 1438 1624.358533467612 1594.3470054341246 1754 1604 1765.641466532388 1447.6529945658754
1880 1464 1866.0503970761756 1651.3456954986968 2036 1664 2049.9496029238244 1476.6543045013032
2158 1498 2145.0366854839463 1672.0996634270286 2278 1682 2290.9633145160537 1507.9003365729714
2684 1568 2672.208896415109 1726.3566581695225 2748 1732 2759.791103584891 1573.6433418304775
2938 1574 2924.006288291776 1761.9380844674815 3086 1774 3099.993711708224 1586.0619155325185
# Transcript
*AR
DOSOGD
DOXENTHIBO*
*DHMWIAIGHIS*
*ALLIADHSEY*
TEYE*IM